Timestamp,GyroX,GyroY,GyroZ,AccX,AccY,AccZ
1764505177.1952796,-2.71628,0.97664,0.56462,-0.85375758,0.490660365,0.080383095
1764505177.1952796,-2.71628,0.97664,0.56462,-0.85375758,0.490660365,0.080383095
1764505177.1952796,-2.71628,0.97664,0.56462,-0.85375758,0.490660365,0.080383095
1764505177.1952796,-2.71628,0.97664,0.56462,-0.85375758,0.490660365,0.080383095
1764505177.1952796,-2.71628,0.97664,0.56462,-0.85375758,0.490660365,0.080383095
1764505177.1952796,-2.71628,0.97664,0.56462,-0.85375758,0.490660365,0.080383095
1764505177.1952796,-2.9757,0.8087799999999999,0.65618,-0.853696545,0.49084347,0.080261025
1764505177.1952796,-2.9757,0.8087799999999999,0.65618,-0.853696545,0.49084347,0.080261025
1764505177.1952796,-2.9757,0.8087799999999999,0.65618,-0.853696545,0.49084347,0.080261025
1764505177.1952796,-2.9757,0.8087799999999999,0.65618,-0.853696545,0.49084347,0.080261025
1764505177.1952796,-2.9757,0.8087799999999999,0.65618,-0.853696545,0.49084347,0.080261025
1764505177.1952796,-2.9757,0.8087799999999999,0.65618,-0.853696545,0.49084347,0.080261025
1764505177.1958334,-2.9757,0.8087799999999999,0.65618,-0.853696545,0.49084347,0.080261025
1764505177.1958334,-2.9757,0.8087799999999999,0.65618,-0.853696545,0.49084347,0.080261025
1764505177.1958334,-2.9757,0.8087799999999999,0.65618,-0.853696545,0.49084347,0.080261025
1764505177.1958334,-2.9757,0.8087799999999999,0.65618,-0.853696545,0.49084347,0.080261025
1764505177.1958334,-2.68576,0.93086,0.3815,-0.85314723,0.490904505,0.080993445
1764505177.1958334,-2.68576,0.93086,0.3815,-0.85314723,0.490904505,0.080993445
1764505177.1958334,-2.68576,0.93086,0.3815,-0.85314723,0.490904505,0.080993445
1764505177.1958334,-2.68576,0.93086,0.3815,-0.85314723,0.490904505,0.080993445
1764505177.1958334,-2.68576,0.93086,0.3815,-0.85314723,0.490904505,0.080993445
1764505177.1958334,-2.68576,0.93086,0.3815,-0.85314723,0.490904505,0.080993445
1764505177.1958334,-2.68576,0.93086,0.3815,-0.85314723,0.490904505,0.080993445
1764505177.1958334,-2.68576,0.93086,0.3815,-0.85314723,0.490904505,0.080993445
1764505177.2396655,-2.68576,0.93086,0.3815,-0.85314723,0.490904505,0.080993445
1764505177.2396655,-2.68576,0.93086,0.3815,-0.85314723,0.490904505,0.080993445
1764505177.2396655,-3.14356,2.56368,0.12208,-0.8540627550000001,0.491392785,0.08154276
1764505177.2396655,-3.14356,2.56368,0.12208,-0.8540627550000001,0.491392785,0.08154276
1764505177.2396655,-3.14356,2.56368,0.12208,-0.8540627550000001,0.491392785,0.08154276
1764505177.2396655,-3.14356,2.56368,0.12208,-0.8540627550000001,0.491392785,0.08154276
1764505177.2396655,-3.14356,2.56368,0.12208,-0.8540627550000001,0.491392785,0.08154276
1764505177.241214,-3.14356,2.56368,0.12208,-0.8540627550000001,0.491392785,0.08154276
1764505177.241214,-3.14356,2.56368,0.12208,-0.8540627550000001,0.491392785,0.08154276
1764505177.241214,-3.14356,2.56368,0.12208,-0.8540627550000001,0.491392785,0.08154276
1764505177.241214,-3.14356,2.56368,0.12208,-0.8540627550000001,0.491392785,0.08154276
1764505177.241214,-3.14356,2.56368,0.12208,-0.8540627550000001,0.491392785,0.08154276
1764505177.241214,-4.1202,1.48022,0.3509799999999999,-0.853818615,0.49267452,0.081115515
1764505177.241214,-4.1202,1.48022,0.3509799999999999,-0.853818615,0.49267452,0.081115515
1764505177.241214,-4.1202,1.48022,0.3509799999999999,-0.853818615,0.49267452,0.081115515
1764505177.241214,-4.1202,1.48022,0.3509799999999999,-0.853818615,0.49267452,0.081115515
1764505177.241214,-4.1202,1.48022,0.3509799999999999,-0.853818615,0.49267452,0.081115515
1764505177.241214,-4.1202,1.48022,0.3509799999999999,-0.853818615,0.49267452,0.081115515
1764505177.241214,-4.1202,1.48022,0.3509799999999999,-0.853818615,0.49267452,0.081115515
1764505177.241214,-4.1202,1.48022,0.3509799999999999,-0.853818615,0.49267452,0.081115515
1764505177.241214,-4.1202,1.48022,0.3509799999999999,-0.853818615,0.49267452,0.081115515
1764505177.241214,-4.1202,1.48022,0.3509799999999999,-0.853818615,0.49267452,0.081115515
1764505177.241214,-4.59326,1.49548,0.41202,-0.853818615,0.49426143,0.079894815
1764505177.241214,-4.59326,1.49548,0.41202,-0.853818615,0.49426143,0.079894815
1764505177.2895913,-4.59326,1.49548,0.41202,-0.853818615,0.49426143,0.079894815
1764505177.2895913,-4.59326,1.49548,0.41202,-0.853818615,0.49426143,0.079894815
1764505177.2895913,-4.59326,1.49548,0.41202,-0.853818615,0.49426143,0.079894815
1764505177.2895913,-4.59326,1.49548,0.41202,-0.853818615,0.49426143,0.079894815
1764505177.2895913,-4.59326,1.49548,0.41202,-0.853818615,0.49426143,0.079894815
1764505177.2895913,-4.59326,1.49548,0.41202,-0.853818615,0.49426143,0.079894815
1764505177.2895913,-4.59326,1.49548,0.41202,-0.853818615,0.49426143,0.079894815
1764505177.2895913,-4.59326,1.49548,0.41202,-0.853818615,0.49426143,0.079894815
1764505177.2895913,-4.15072,1.0682,0.73248,-0.852719985,0.493590045,0.079894815
1764505177.2895913,-4.15072,1.0682,0.73248,-0.852719985,0.493590045,0.079894815
1764505177.2895913,-4.15072,1.0682,0.73248,-0.852719985,0.493590045,0.079894815
1764505177.2895913,-4.15072,1.0682,0.73248,-0.852719985,0.493590045,0.079894815
1764505177.29141,-4.15072,1.0682,0.73248,-0.852719985,0.493590045,0.079894815
1764505177.29141,-4.15072,1.0682,0.73248,-0.852719985,0.493590045,0.079894815
1764505177.29141,-4.15072,1.0682,0.73248,-0.852719985,0.493590045,0.079894815
1764505177.29141,-4.15072,1.0682,0.73248,-0.852719985,0.493590045,0.079894815
1764505177.29141,-4.15072,1.0682,0.73248,-0.852719985,0.493590045,0.079894815
1764505177.29141,-4.15072,1.0682,0.73248,-0.852719985,0.493590045,0.079894815
1764505177.29141,-3.61662,1.63282,0.51884,-0.85265895,0.49182003,0.07946757
1764505177.29141,-3.61662,1.63282,0.51884,-0.85265895,0.49182003,0.07946757
1764505177.29141,-3.61662,1.63282,0.51884,-0.85265895,0.49182003,0.07946757
1764505177.29141,-3.61662,1.63282,0.51884,-0.85265895,0.49182003,0.07946757
1764505177.3365018,-3.61662,1.63282,0.51884,-0.85265895,0.49182003,0.07946757
1764505177.3365018,-3.61662,1.63282,0.51884,-0.85265895,0.49182003,0.07946757
1764505177.3365018,-3.61662,1.63282,0.51884,-0.85265895,0.49182003,0.07946757
1764505177.3365018,-3.61662,1.63282,0.51884,-0.85265895,0.49182003,0.07946757
1764505177.3365018,-3.61662,1.63282,0.51884,-0.85265895,0.49182003,0.07946757
1764505177.3365018,-3.61662,1.63282,0.51884,-0.85265895,0.49182003,0.07946757
1764505177.3365018,-3.41824,1.31236,0.2289,-0.85217067,0.490538295,0.079284465
1764505177.3365018,-3.41824,1.31236,0.2289,-0.85217067,0.490538295,0.079284465
1764505177.3365018,-3.41824,1.31236,0.2289,-0.85217067,0.490538295,0.079284465
1764505177.3365018,-3.41824,1.31236,0.2289,-0.85217067,0.490538295,0.079284465
1764505177.3365018,-3.41824,1.31236,0.2289,-0.85217067,0.490538295,0.079284465
1764505177.3365018,-3.41824,1.31236,0.2289,-0.85217067,0.490538295,0.079284465
1764505177.3365018,-3.41824,1.31236,0.2289,-0.85217067,0.490538295,0.079284465
1764505177.3365018,-3.41824,1.31236,0.2289,-0.85217067,0.490538295,0.079284465
1764505177.3365018,-3.41824,1.31236,0.2289,-0.85217067,0.490538295,0.079284465
1764505177.3365018,-3.41824,1.31236,0.2289,-0.85217067,0.490538295,0.079284465
1764505177.3365018,-3.52506,1.19028,0.48832,-0.85229274,0.4907214,0.079284465
1764505177.3365018,-3.52506,1.19028,0.48832,-0.85229274,0.4907214,0.079284465
1764505177.3365018,-3.52506,1.19028,0.48832,-0.85229274,0.4907214,0.079284465
1764505177.3365018,-3.52506,1.19028,0.48832,-0.85229274,0.4907214,0.079284465
1764505177.3365018,-3.52506,1.19028,0.48832,-0.85229274,0.4907214,0.079284465
1764505177.3365018,-3.52506,1.19028,0.48832,-0.85229274,0.4907214,0.079284465
1764505177.3365018,-3.52506,1.19028,0.48832,-0.85229274,0.4907214,0.079284465
1764505177.3365018,-3.52506,1.19028,0.48832,-0.85229274,0.4907214,0.079284465
1764505177.3822362,-3.52506,1.19028,0.48832,-0.85229274,0.4907214,0.079284465
1764505177.3822362,-3.52506,1.19028,0.48832,-0.85229274,0.4907214,0.079284465
1764505177.3822362,-3.14356,1.25132,0.21364,-0.852597915,0.49120968,0.079528605
1764505177.3822362,-3.14356,1.25132,0.21364,-0.852597915,0.49120968,0.079528605
1764505177.3822362,-3.14356,1.25132,0.21364,-0.852597915,0.49120968,0.079528605
1764505177.3822362,-3.14356,1.25132,0.21364,-0.852597915,0.49120968,0.079528605
1764505177.3822362,-3.14356,1.25132,0.21364,-0.852597915,0.49120968,0.079528605
1764505177.3822362,-3.14356,1.25132,0.21364,-0.852597915,0.49120968,0.079528605
1764505177.3822362,-3.14356,1.25132,0.21364,-0.852597915,0.49120968,0.079528605
1764505177.3822362,-3.14356,1.25132,0.21364,-0.852597915,0.49120968,0.079528605
1764505177.3822362,-3.14356,1.25132,0.21364,-0.852597915,0.49120968,0.079528605
1764505177.383235,-3.14356,1.25132,0.21364,-0.852597915,0.49120968,0.079528605
1764505177.383235,-3.5098,1.2971,-0.21364,-0.853086195,0.491881065,0.07922343
1764505177.383235,-3.5098,1.2971,-0.21364,-0.853086195,0.491881065,0.07922343
1764505177.383235,-3.5098,1.2971,-0.21364,-0.853086195,0.491881065,0.07922343
1764505177.383235,-3.5098,1.2971,-0.21364,-0.853086195,0.491881065,0.07922343
1764505177.383235,-3.5098,1.2971,-0.21364,-0.853086195,0.491881065,0.07922343
1764505177.383235,-3.5098,1.2971,-0.21364,-0.853086195,0.491881065,0.07922343
1764505177.383235,-3.5098,1.2971,-0.21364,-0.853086195,0.491881065,0.07922343
1764505177.383235,-3.5098,1.2971,-0.21364,-0.853086195,0.491881065,0.07922343
1764505177.383235,-3.5098,1.2971,-0.21364,-0.853086195,0.491881065,0.07922343
1764505177.383235,-3.5098,1.2971,-0.21364,-0.853086195,0.491881065,0.07922343
1764505177.4276636,-3.2809,0.94612,0.1525999999999999,-0.852231705,0.49133175,0.07922343
1764505177.4276636,-3.2809,0.94612,0.1525999999999999,-0.852231705,0.49133175,0.07922343
1764505177.4276636,-3.2809,0.94612,0.1525999999999999,-0.852231705,0.49133175,0.07922343
1764505177.4276636,-3.2809,0.94612,0.1525999999999999,-0.852231705,0.49133175,0.07922343
1764505177.4276636,-3.2809,0.94612,0.1525999999999999,-0.852231705,0.49133175,0.07922343
1764505177.4276636,-3.2809,0.94612,0.1525999999999999,-0.852231705,0.49133175,0.07922343
1764505177.4276636,-3.2809,0.94612,0.1525999999999999,-0.852231705,0.49133175,0.07922343
1764505177.4276636,-3.2809,0.94612,0.1525999999999999,-0.852231705,0.49133175,0.07922343
1764505177.4276636,-3.2809,0.94612,0.1525999999999999,-0.852231705,0.49133175,0.07922343
1764505177.4276636,-3.2809,0.94612,0.1525999999999999,-0.852231705,0.49133175,0.07922343
1764505177.4276636,-3.46402,1.15976,0.19838,-0.852109635,0.491026575,0.079528605
1764505177.4276636,-3.46402,1.15976,0.19838,-0.852109635,0.491026575,0.079528605
1764505177.4276636,-3.46402,1.15976,0.19838,-0.852109635,0.491026575,0.079528605
1764505177.4276636,-3.46402,1.15976,0.19838,-0.852109635,0.491026575,0.079528605
1764505177.4276636,-3.46402,1.15976,0.19838,-0.852109635,0.491026575,0.079528605
1764505177.42866,-3.46402,1.15976,0.19838,-0.852109635,0.491026575,0.079528605
1764505177.42866,-3.46402,1.15976,0.19838,-0.852109635,0.491026575,0.079528605
1764505177.42866,-3.46402,1.15976,0.19838,-0.852109635,0.491026575,0.079528605
1764505177.42866,-3.46402,1.15976,0.19838,-0.852109635,0.491026575,0.079528605
1764505177.42866,-3.46402,1.15976,0.19838,-0.852109635,0.491026575,0.079528605
1764505177.42866,-3.38772,1.3734,0.3357199999999999,-0.85265895,0.489927945,0.07897929
1764505177.42866,-3.38772,1.3734,0.3357199999999999,-0.85265895,0.489927945,0.07897929
1764505177.42866,-3.38772,1.3734,0.3357199999999999,-0.85265895,0.489927945,0.07897929
1764505177.42866,-3.38772,1.3734,0.3357199999999999,-0.85265895,0.489927945,0.07897929
1764505177.4762015,-3.38772,1.3734,0.3357199999999999,-0.85265895,0.489927945,0.07897929
1764505177.4762015,-3.38772,1.3734,0.3357199999999999,-0.85265895,0.489927945,0.07897929
1764505177.4762015,-3.38772,1.3734,0.3357199999999999,-0.85265895,0.489927945,0.07897929
1764505177.4762015,-3.38772,1.3734,0.3357199999999999,-0.85265895,0.489927945,0.07897929
1764505177.4762015,-3.38772,1.3734,0.3357199999999999,-0.85265895,0.489927945,0.07897929
1764505177.4762015,-3.38772,1.3734,0.3357199999999999,-0.85265895,0.489927945,0.07897929
1764505177.4762015,-3.17408,1.17502,-0.03052,-0.852964125,0.48937863,0.078796185
1764505177.4762015,-3.17408,1.17502,-0.03052,-0.852964125,0.48937863,0.078796185
1764505177.4762015,-3.17408,1.17502,-0.03052,-0.852964125,0.48937863,0.078796185
1764505177.4762015,-3.17408,1.17502,-0.03052,-0.852964125,0.48937863,0.078796185
1764505177.4762015,-3.17408,1.17502,-0.03052,-0.852964125,0.48937863,0.078796185
1764505177.4762015,-3.17408,1.17502,-0.03052,-0.852964125,0.48937863,0.078796185
1764505177.4772203,-3.17408,1.17502,-0.03052,-0.852964125,0.48937863,0.078796185
1764505177.4772203,-3.17408,1.17502,-0.03052,-0.852964125,0.48937863,0.078796185
1764505177.4772203,-3.17408,1.17502,-0.03052,-0.852964125,0.48937863,0.078796185
1764505177.4772203,-3.17408,1.17502,-0.03052,-0.852964125,0.48937863,0.078796185
1764505177.4772203,-2.86888,0.54936,-0.12208,-0.85180446,0.489195525,0.07922343
1764505177.4772203,-2.86888,0.54936,-0.12208,-0.85180446,0.489195525,0.07922343
1764505177.4772203,-2.86888,0.54936,-0.12208,-0.85180446,0.489195525,0.07922343
1764505177.4772203,-2.86888,0.54936,-0.12208,-0.85180446,0.489195525,0.07922343
1764505177.4772203,-2.86888,0.54936,-0.12208,-0.85180446,0.489195525,0.07922343
1764505177.4772203,-2.86888,0.54936,-0.12208,-0.85180446,0.489195525,0.07922343
1764505177.4772203,-2.86888,0.54936,-0.12208,-0.85180446,0.489195525,0.07922343
1764505177.4772203,-2.86888,0.54936,-0.12208,-0.85180446,0.489195525,0.07922343
1764505177.5203974,-2.86888,0.54936,-0.12208,-0.85180446,0.489195525,0.07922343
1764505177.5203974,-2.86888,0.54936,-0.12208,-0.85180446,0.489195525,0.07922343
1764505177.5203974,-2.91466,1.9075,0.03052,-0.8508889350000001,0.488951385,0.07922343
1764505177.5203974,-2.91466,1.9075,0.03052,-0.8508889350000001,0.488951385,0.07922343
1764505177.5203974,-2.91466,1.9075,0.03052,-0.8508889350000001,0.488951385,0.07922343
1764505177.5209055,-2.91466,1.9075,0.03052,-0.8508889350000001,0.488951385,0.07922343
1764505177.5209055,-2.91466,1.9075,0.03052,-0.8508889350000001,0.488951385,0.07922343
1764505177.5209055,-2.91466,1.9075,0.03052,-0.8508889350000001,0.488951385,0.07922343
1764505177.5209055,-2.91466,1.9075,0.03052,-0.8508889350000001,0.488951385,0.07922343
1764505177.5209055,-2.91466,1.9075,0.03052,-0.8508889350000001,0.488951385,0.07922343
1764505177.5209055,-2.91466,1.9075,0.03052,-0.8508889350000001,0.488951385,0.07922343
1764505177.5209055,-2.91466,1.9075,0.03052,-0.8508889350000001,0.488951385,0.07922343
1764505177.5209055,-4.08968,1.64808,0.93086,-0.8532693,0.49059933,0.07788066
1764505177.5209055,-4.08968,1.64808,0.93086,-0.8532693,0.49059933,0.07788066
1764505177.5209055,-4.08968,1.64808,0.93086,-0.8532693,0.49059933,0.07788066
1764505177.5209055,-4.08968,1.64808,0.93086,-0.8532693,0.49059933,0.07788066
1764505177.5234747,-4.08968,1.64808,0.93086,-0.8532693,0.49059933,0.07788066
1764505177.5234747,-4.08968,1.64808,0.93086,-0.8532693,0.49059933,0.07788066
1764505177.5234747,-4.08968,1.64808,0.93086,-0.8532693,0.49059933,0.07788066
1764505177.5234747,-4.08968,1.64808,0.93086,-0.8532693,0.49059933,0.07788066
1764505177.5234747,-4.08968,1.64808,0.93086,-0.8532693,0.49059933,0.07788066
1764505177.5234747,-4.08968,1.64808,0.93086,-0.8532693,0.49059933,0.07788066
1764505177.5234747,-4.53222,0.28994,0.96138,-0.855893805,0.492979695,0.078185835
1764505177.5234747,-4.53222,0.28994,0.96138,-0.855893805,0.492979695,0.078185835
1764505177.5692806,-4.53222,0.28994,0.96138,-0.855893805,0.492979695,0.078185835
1764505177.5692806,-4.53222,0.28994,0.96138,-0.855893805,0.492979695,0.078185835
1764505177.5692806,-4.53222,0.28994,0.96138,-0.855893805,0.492979695,0.078185835
1764505177.5692806,-4.53222,0.28994,0.96138,-0.855893805,0.492979695,0.078185835
1764505177.5692806,-4.53222,0.28994,0.96138,-0.855893805,0.492979695,0.078185835
1764505177.5692806,-4.53222,0.28994,0.96138,-0.855893805,0.492979695,0.078185835
1764505177.570401,-4.53222,0.28994,0.96138,-0.855893805,0.492979695,0.078185835
1764505177.570401,-4.53222,0.28994,0.96138,-0.855893805,0.492979695,0.078185835
1764505177.570401,-5.0358,0.36624,-0.6714399999999999,-0.85522242,0.493345905,0.07885722
1764505177.570401,-5.0358,0.36624,-0.6714399999999999,-0.85522242,0.493345905,0.07885722
1764505177.570401,-5.0358,0.36624,-0.6714399999999999,-0.85522242,0.493345905,0.07885722
1764505177.570401,-5.0358,0.36624,-0.6714399999999999,-0.85522242,0.493345905,0.07885722
1764505177.570401,-5.0358,0.36624,-0.6714399999999999,-0.85522242,0.493345905,0.07885722
1764505177.570401,-5.0358,0.36624,-0.6714399999999999,-0.85522242,0.493345905,0.07885722
1764505177.570401,-5.0358,0.36624,-0.6714399999999999,-0.85522242,0.493345905,0.07885722
1764505177.570401,-5.0358,0.36624,-0.6714399999999999,-0.85522242,0.493345905,0.07885722
1764505177.570401,-5.0358,0.36624,-0.6714399999999999,-0.85522242,0.493345905,0.07885722
1764505177.570401,-5.0358,0.36624,-0.6714399999999999,-0.85522242,0.493345905,0.07885722
1764505177.570401,-4.92898,1.38866,-0.18312,-0.852964125,0.49035519,0.08019999
1764505177.570401,-4.92898,1.38866,-0.18312,-0.852964125,0.49035519,0.08019999
1764505177.570401,-4.92898,1.38866,-0.18312,-0.852964125,0.49035519,0.08019999
1764505177.570401,-4.92898,1.38866,-0.18312,-0.852964125,0.49035519,0.08019999
1764505177.6153662,-4.92898,1.38866,-0.18312,-0.852964125,0.49035519,0.08019999
1764505177.6153662,-4.92898,1.38866,-0.18312,-0.852964125,0.49035519,0.08019999
1764505177.6153662,-4.92898,1.38866,-0.18312,-0.852964125,0.49035519,0.08019999
1764505177.6153662,-4.92898,1.38866,-0.18312,-0.852964125,0.49035519,0.08019999
1764505177.6153662,-4.92898,1.38866,-0.18312,-0.852964125,0.49035519,0.08019999
1764505177.6153662,-4.92898,1.38866,-0.18312,-0.852964125,0.49035519,0.08019999
1764505177.6153662,-4.68482,1.6786,0.7019599999999999,-0.851621355,0.488829315,0.08019999
1764505177.6153662,-4.68482,1.6786,0.7019599999999999,-0.851621355,0.488829315,0.08019999
1764505177.6153662,-4.68482,1.6786,0.7019599999999999,-0.851621355,0.488829315,0.08019999
1764505177.6153662,-4.68482,1.6786,0.7019599999999999,-0.851621355,0.488829315,0.08019999
1764505177.6153662,-4.68482,1.6786,0.7019599999999999,-0.851621355,0.488829315,0.08019999
1764505177.6153662,-4.68482,1.6786,0.7019599999999999,-0.851621355,0.488829315,0.08019999
1764505177.6153662,-4.68482,1.6786,0.7019599999999999,-0.851621355,0.488829315,0.08019999
1764505177.6153662,-4.68482,1.6786,0.7019599999999999,-0.851621355,0.488829315,0.08019999
1764505177.6153662,-4.68482,1.6786,0.7019599999999999,-0.851621355,0.488829315,0.08019999
1764505177.6153662,-4.68482,1.6786,0.7019599999999999,-0.851621355,0.488829315,0.08019999
1764505177.6153662,-5.234179999999999,1.57178,1.11398,-0.85119411,0.48901242,0.079894815
1764505177.6153662,-5.234179999999999,1.57178,1.11398,-0.85119411,0.48901242,0.079894815
1764505177.6153662,-5.234179999999999,1.57178,1.11398,-0.85119411,0.48901242,0.079894815
1764505177.6153662,-5.234179999999999,1.57178,1.11398,-0.85119411,0.48901242,0.079894815
1764505177.6153662,-5.234179999999999,1.57178,1.11398,-0.85119411,0.48901242,0.079894815
1764505177.6153662,-5.234179999999999,1.57178,1.11398,-0.85119411,0.48901242,0.079894815
1764505177.6153662,-5.234179999999999,1.57178,1.11398,-0.85119411,0.48901242,0.079894815
1764505177.6153662,-5.234179999999999,1.57178,1.11398,-0.85119411,0.48901242,0.079894815
1764505177.6638727,-5.234179999999999,1.57178,1.11398,-0.85119411,0.48901242,0.079894815
1764505177.6638727,-5.234179999999999,1.57178,1.11398,-0.85119411,0.48901242,0.079894815
1764505177.6638727,-5.66146,1.2208,0.50358,-0.853330335,0.48925656,0.079528605
1764505177.6638727,-5.66146,1.2208,0.50358,-0.853330335,0.48925656,0.079528605
1764505177.6638727,-5.66146,1.2208,0.50358,-0.853330335,0.48925656,0.079528605
1764505177.6638727,-5.66146,1.2208,0.50358,-0.853330335,0.48925656,0.079528605
1764505177.6638727,-5.66146,1.2208,0.50358,-0.853330335,0.48925656,0.079528605
1764505177.6638727,-5.66146,1.2208,0.50358,-0.853330335,0.48925656,0.079528605
1764505177.6638727,-5.66146,1.2208,0.50358,-0.853330335,0.48925656,0.079528605
1764505177.6638727,-5.66146,1.2208,0.50358,-0.853330335,0.48925656,0.079528605
1764505177.6638727,-5.66146,1.2208,0.50358,-0.853330335,0.48925656,0.079528605
1764505177.6638727,-5.66146,1.2208,0.50358,-0.853330335,0.48925656,0.079528605
1764505177.6638727,-5.90562,0.97664,0.28994,-0.855039315,0.48913449,0.07983378
1764505177.6638727,-5.90562,0.97664,0.28994,-0.855039315,0.48913449,0.07983378
1764505177.6638727,-5.90562,0.97664,0.28994,-0.855039315,0.48913449,0.07983378
1764505177.6638727,-5.90562,0.97664,0.28994,-0.855039315,0.48913449,0.07983378
1764505177.6638727,-5.90562,0.97664,0.28994,-0.855039315,0.48913449,0.07983378
1764505177.6638727,-5.90562,0.97664,0.28994,-0.855039315,0.48913449,0.07983378
1764505177.6638727,-5.90562,0.97664,0.28994,-0.855039315,0.48913449,0.07983378
1764505177.6638727,-5.90562,0.97664,0.28994,-0.855039315,0.48913449,0.07983378
1764505177.6638727,-5.90562,0.97664,0.28994,-0.855039315,0.48913449,0.07983378
1764505177.6638727,-5.90562,0.97664,0.28994,-0.855039315,0.48913449,0.07983378
1764505177.6638727,-5.06632,-0.04578,0.39676,-0.854795175,0.48840207,0.08068827
1764505177.6638727,-5.06632,-0.04578,0.39676,-0.854795175,0.48840207,0.08068827
1764505177.7073238,-5.06632,-0.04578,0.39676,-0.854795175,0.48840207,0.08068827
1764505177.7073238,-5.06632,-0.04578,0.39676,-0.854795175,0.48840207,0.08068827
1764505177.7073238,-5.06632,-0.04578,0.39676,-0.854795175,0.48840207,0.08068827
1764505177.7073238,-5.06632,-0.04578,0.39676,-0.854795175,0.48840207,0.08068827
1764505177.7073238,-5.06632,-0.04578,0.39676,-0.854795175,0.48840207,0.08068827
1764505177.7073238,-5.06632,-0.04578,0.39676,-0.854795175,0.48840207,0.08068827
1764505177.7073238,-5.06632,-0.04578,0.39676,-0.854795175,0.48840207,0.08068827
1764505177.7073238,-5.06632,-0.04578,0.39676,-0.854795175,0.48840207,0.08068827
1764505177.7073238,-3.76922,0.6103999999999999,0.5341,-0.853208265,0.48803586,0.08019999
1764505177.7073238,-3.76922,0.6103999999999999,0.5341,-0.853208265,0.48803586,0.08019999
1764505177.7073238,-3.76922,0.6103999999999999,0.5341,-0.853208265,0.48803586,0.08019999
1764505177.7073238,-3.76922,0.6103999999999999,0.5341,-0.853208265,0.48803586,0.08019999
1764505177.7073238,-3.76922,0.6103999999999999,0.5341,-0.853208265,0.48803586,0.08019999
1764505177.7073238,-3.76922,0.6103999999999999,0.5341,-0.853208265,0.48803586,0.08019999
1764505177.7073238,-3.76922,0.6103999999999999,0.5341,-0.853208265,0.48803586,0.08019999
1764505177.7073238,-3.76922,0.6103999999999999,0.5341,-0.853208265,0.48803586,0.08019999
1764505177.7073238,-3.76922,0.6103999999999999,0.5341,-0.853208265,0.48803586,0.08019999
1764505177.7073238,-3.76922,0.6103999999999999,0.5341,-0.853208265,0.48803586,0.08019999
1764505177.7073238,-3.18934,1.34288,0.42728,-0.85180446,0.489439665,0.0793455
1764505177.7073238,-3.18934,1.34288,0.42728,-0.85180446,0.489439665,0.0793455
1764505177.7073238,-3.18934,1.34288,0.42728,-0.85180446,0.489439665,0.0793455
1764505177.7073238,-3.18934,1.34288,0.42728,-0.85180446,0.489439665,0.0793455
1764505177.7547684,-3.18934,1.34288,0.42728,-0.85180446,0.489439665,0.0793455
1764505177.7547684,-3.18934,1.34288,0.42728,-0.85180446,0.489439665,0.0793455
1764505177.7547684,-3.18934,1.34288,0.42728,-0.85180446,0.489439665,0.0793455
1764505177.7552755,-3.18934,1.34288,0.42728,-0.85180446,0.489439665,0.0793455
1764505177.7552755,-3.18934,1.34288,0.42728,-0.85180446,0.489439665,0.0793455
1764505177.7552755,-3.18934,1.34288,0.42728,-0.85180446,0.489439665,0.0793455
1764505177.7552755,-4.1965,1.03768,0.3509799999999999,-0.851011005,0.49157589,0.079406535
1764505177.7552755,-4.1965,1.03768,0.3509799999999999,-0.851011005,0.49157589,0.079406535
1764505177.7552755,-4.1965,1.03768,0.3509799999999999,-0.851011005,0.49157589,0.079406535
1764505177.7552755,-4.1965,1.03768,0.3509799999999999,-0.851011005,0.49157589,0.079406535
1764505177.7552755,-4.1965,1.03768,0.3509799999999999,-0.851011005,0.49157589,0.079406535
1764505177.7552755,-4.1965,1.03768,0.3509799999999999,-0.851011005,0.49157589,0.079406535
1764505177.7552755,-4.1965,1.03768,0.3509799999999999,-0.851011005,0.49157589,0.079406535
1764505177.7552755,-4.1965,1.03768,0.3509799999999999,-0.851011005,0.49157589,0.079406535
1764505177.7552755,-4.1965,1.03768,0.3509799999999999,-0.851011005,0.49157589,0.079406535
1764505177.7552755,-4.1965,1.03768,0.3509799999999999,-0.851011005,0.49157589,0.079406535
1764505177.7552755,-5.00528,1.73964,0.3815,-0.850278585,0.491881065,0.08007792
1764505177.7552755,-5.00528,1.73964,0.3815,-0.850278585,0.491881065,0.08007792
1764505177.7552755,-5.00528,1.73964,0.3815,-0.850278585,0.491881065,0.08007792
1764505177.7552755,-5.00528,1.73964,0.3815,-0.850278585,0.491881065,0.08007792
1764505177.7552755,-5.00528,1.73964,0.3815,-0.850278585,0.491881065,0.08007792
1764505177.7552755,-5.00528,1.73964,0.3815,-0.850278585,0.491881065,0.08007792
1764505177.7552755,-5.00528,1.73964,0.3815,-0.850278585,0.491881065,0.08007792
1764505177.7552755,-5.00528,1.73964,0.3815,-0.850278585,0.491881065,0.08007792
1764505177.803809,-5.00528,1.73964,0.3815,-0.850278585,0.491881065,0.08007792
1764505177.803809,-5.00528,1.73964,0.3815,-0.850278585,0.491881065,0.08007792
1764505177.803809,-5.31048,1.6633399999999998,1.09872,-0.85156032,0.4907214,0.080016885
1764505177.803809,-5.31048,1.6633399999999998,1.09872,-0.85156032,0.4907214,0.080016885
1764505177.803809,-5.31048,1.6633399999999998,1.09872,-0.85156032,0.4907214,0.080016885
1764505177.803809,-5.31048,1.6633399999999998,1.09872,-0.85156032,0.4907214,0.080016885
1764505177.803809,-5.31048,1.6633399999999998,1.09872,-0.85156032,0.4907214,0.080016885
1764505177.8048038,-5.31048,1.6633399999999998,1.09872,-0.85156032,0.4907214,0.080016885
1764505177.8048038,-5.31048,1.6633399999999998,1.09872,-0.85156032,0.4907214,0.080016885
1764505177.8048038,-5.31048,1.6633399999999998,1.09872,-0.85156032,0.4907214,0.080016885
1764505177.8048038,-5.31048,1.6633399999999998,1.09872,-0.85156032,0.4907214,0.080016885
1764505177.8048038,-5.31048,1.6633399999999998,1.09872,-0.85156032,0.4907214,0.080016885
1764505177.8048038,-4.852679999999999,0.9003399999999999,0.71722,-0.854184825,0.49047726,0.080138955
1764505177.8048038,-4.852679999999999,0.9003399999999999,0.71722,-0.854184825,0.49047726,0.080138955
1764505177.8048038,-4.852679999999999,0.9003399999999999,0.71722,-0.854184825,0.49047726,0.080138955
1764505177.8048038,-4.852679999999999,0.9003399999999999,0.71722,-0.854184825,0.49047726,0.080138955
1764505177.8048038,-4.852679999999999,0.9003399999999999,0.71722,-0.854184825,0.49047726,0.080138955
1764505177.8048038,-4.852679999999999,0.9003399999999999,0.71722,-0.854184825,0.49047726,0.080138955
1764505177.8048038,-4.852679999999999,0.9003399999999999,0.71722,-0.854184825,0.49047726,0.080138955
1764505177.8048038,-4.852679999999999,0.9003399999999999,0.71722,-0.854184825,0.49047726,0.080138955
1764505177.8048038,-4.852679999999999,0.9003399999999999,0.71722,-0.854184825,0.49047726,0.080138955
1764505177.8048038,-4.852679999999999,0.9003399999999999,0.71722,-0.854184825,0.49047726,0.080138955
1764505177.8048038,-5.06632,-0.18312,0.21364,-0.85522242,0.4907214,0.08068827
1764505177.8048038,-5.06632,-0.18312,0.21364,-0.85522242,0.4907214,0.08068827
1764505177.8480985,-5.06632,-0.18312,0.21364,-0.85522242,0.4907214,0.08068827
1764505177.8480985,-5.06632,-0.18312,0.21364,-0.85522242,0.4907214,0.08068827
1764505177.8480985,-5.06632,-0.18312,0.21364,-0.85522242,0.4907214,0.08068827
1764505177.8499625,-5.06632,-0.18312,0.21364,-0.85522242,0.4907214,0.08068827
1764505177.8499625,-5.06632,-0.18312,0.21364,-0.85522242,0.4907214,0.08068827
1764505177.8499625,-5.06632,-0.18312,0.21364,-0.85522242,0.4907214,0.08068827
1764505177.8499625,-5.06632,-0.18312,0.21364,-0.85522242,0.4907214,0.08068827
1764505177.8499625,-5.06632,-0.18312,0.21364,-0.85522242,0.4907214,0.08068827
1764505177.8499625,-5.40204,0.1678599999999999,-1.05294,-0.85449,0.49206417,0.081481725
1764505177.8499625,-5.40204,0.1678599999999999,-1.05294,-0.85449,0.49206417,0.081481725
1764505177.8499625,-5.40204,0.1678599999999999,-1.05294,-0.85449,0.49206417,0.081481725
1764505177.8499625,-5.40204,0.1678599999999999,-1.05294,-0.85449,0.49206417,0.081481725
1764505177.8499625,-5.40204,0.1678599999999999,-1.05294,-0.85449,0.49206417,0.081481725
1764505177.8499625,-5.40204,0.1678599999999999,-1.05294,-0.85449,0.49206417,0.081481725
1764505177.8499625,-5.40204,0.1678599999999999,-1.05294,-0.85449,0.49206417,0.081481725
1764505177.8499625,-5.40204,0.1678599999999999,-1.05294,-0.85449,0.49206417,0.081481725
1764505177.8499625,-5.40204,0.1678599999999999,-1.05294,-0.85449,0.49206417,0.081481725
1764505177.8499625,-5.40204,0.1678599999999999,-1.05294,-0.85449,0.49206417,0.081481725
1764505177.8499625,-4.97476,1.02242,-0.56462,-0.85265895,0.493223835,0.081847935
1764505177.8499625,-4.97476,1.02242,-0.56462,-0.85265895,0.493223835,0.081847935
1764505177.8499625,-4.97476,1.02242,-0.56462,-0.85265895,0.493223835,0.081847935
1764505177.850975,-4.97476,1.02242,-0.56462,-0.85265895,0.493223835,0.081847935
1764505177.8979003,-4.97476,1.02242,-0.56462,-0.85265895,0.493223835,0.081847935
1764505177.8979003,-4.97476,1.02242,-0.56462,-0.85265895,0.493223835,0.081847935
1764505177.8979003,-4.97476,1.02242,-0.56462,-0.85265895,0.493223835,0.081847935
1764505177.8979003,-4.97476,1.02242,-0.56462,-0.85265895,0.493223835,0.081847935
1764505177.898445,-4.97476,1.02242,-0.56462,-0.85265895,0.493223835,0.081847935
1764505177.898445,-4.97476,1.02242,-0.56462,-0.85265895,0.493223835,0.081847935
1764505177.898445,-5.14262,0.77826,-0.3815,-0.851377215,0.49426143,0.080749305
1764505177.898445,-5.14262,0.77826,-0.3815,-0.851377215,0.49426143,0.080749305
1764505177.898445,-5.14262,0.77826,-0.3815,-0.851377215,0.49426143,0.080749305
1764505177.898445,-5.14262,0.77826,-0.3815,-0.851377215,0.49426143,0.080749305
1764505177.898445,-5.14262,0.77826,-0.3815,-0.851377215,0.49426143,0.080749305
1764505177.898445,-5.14262,0.77826,-0.3815,-0.851377215,0.49426143,0.080749305
1764505177.898445,-5.14262,0.77826,-0.3815,-0.851377215,0.49426143,0.080749305
1764505177.898445,-5.14262,0.77826,-0.3815,-0.851377215,0.49426143,0.080749305
1764505177.898445,-5.14262,0.77826,-0.3815,-0.851377215,0.49426143,0.080749305
1764505177.898445,-5.14262,0.77826,-0.3815,-0.851377215,0.49426143,0.080749305
1764505177.898445,-5.52412,0.94612,-0.71722,-0.849912375,0.49474971,0.078552045
1764505177.898445,-5.52412,0.94612,-0.71722,-0.849912375,0.49474971,0.078552045
1764505177.898445,-5.52412,0.94612,-0.71722,-0.849912375,0.49474971,0.078552045
1764505177.898445,-5.52412,0.94612,-0.71722,-0.849912375,0.49474971,0.078552045
1764505177.898445,-5.52412,0.94612,-0.71722,-0.849912375,0.49474971,0.078552045
1764505177.898445,-5.52412,0.94612,-0.71722,-0.849912375,0.49474971,0.078552045
1764505177.898445,-5.52412,0.94612,-0.71722,-0.849912375,0.49474971,0.078552045
1764505177.898445,-5.52412,0.94612,-0.71722,-0.849912375,0.49474971,0.078552045
1764505177.9437091,-5.52412,0.94612,-0.71722,-0.849912375,0.49474971,0.078552045
1764505177.9437091,-5.52412,0.94612,-0.71722,-0.849912375,0.49474971,0.078552045
1764505177.9437091,-6.60758,1.19028,-0.51884,-0.84899685,0.49413936,0.077819625
1764505177.9437091,-6.60758,1.19028,-0.51884,-0.84899685,0.49413936,0.077819625
1764505177.9437091,-6.60758,1.19028,-0.51884,-0.84899685,0.49413936,0.077819625
1764505177.9437091,-6.60758,1.19028,-0.51884,-0.84899685,0.49413936,0.077819625
1764505177.9437091,-6.60758,1.19028,-0.51884,-0.84899685,0.49413936,0.077819625
1764505177.9437091,-6.60758,1.19028,-0.51884,-0.84899685,0.49413936,0.077819625
1764505177.9437091,-6.60758,1.19028,-0.51884,-0.84899685,0.49413936,0.077819625
1764505177.9437091,-6.60758,1.19028,-0.51884,-0.84899685,0.49413936,0.077819625
1764505177.9437091,-6.60758,1.19028,-0.51884,-0.84899685,0.49413936,0.077819625
1764505177.9437091,-6.60758,1.19028,-0.51884,-0.84899685,0.49413936,0.077819625
1764505177.9457235,-6.69914,1.00716,-0.13734,-0.85058376,0.49304073,0.078063765
1764505177.9457235,-6.69914,1.00716,-0.13734,-0.85058376,0.49304073,0.078063765
1764505177.9457235,-6.69914,1.00716,-0.13734,-0.85058376,0.49304073,0.078063765
1764505177.9457235,-6.69914,1.00716,-0.13734,-0.85058376,0.49304073,0.078063765
1764505177.9457235,-6.69914,1.00716,-0.13734,-0.85058376,0.49304073,0.078063765
1764505177.9457235,-6.69914,1.00716,-0.13734,-0.85058376,0.49304073,0.078063765
1764505177.9467227,-6.69914,1.00716,-0.13734,-0.85058376,0.49304073,0.078063765
1764505177.9467227,-6.69914,1.00716,-0.13734,-0.85058376,0.49304073,0.078063765
1764505177.9467227,-6.69914,1.00716,-0.13734,-0.85058376,0.49304073,0.078063765
1764505177.9467227,-6.69914,1.00716,-0.13734,-0.85058376,0.49304073,0.078063765
1764505177.9467227,-5.31048,0.13734,0.51884,-0.851621355,0.48986691,0.079894815
1764505177.9467227,-5.31048,0.13734,0.51884,-0.851621355,0.48986691,0.079894815
1764505177.9918935,-5.31048,0.13734,0.51884,-0.851621355,0.48986691,0.079894815
1764505177.9918935,-5.31048,0.13734,0.51884,-0.851621355,0.48986691,0.079894815
1764505177.9918935,-5.31048,0.13734,0.51884,-0.851621355,0.48986691,0.079894815
1764505177.9918935,-5.31048,0.13734,0.51884,-0.851621355,0.48986691,0.079894815
1764505177.9918935,-5.31048,0.13734,0.51884,-0.851621355,0.48986691,0.079894815
1764505177.9918935,-5.31048,0.13734,0.51884,-0.851621355,0.48986691,0.079894815
1764505177.9918935,-5.31048,0.13734,0.51884,-0.851621355,0.48986691,0.079894815
1764505177.9918935,-5.31048,0.13734,0.51884,-0.851621355,0.48986691,0.079894815
1764505177.9918935,-4.1965,1.1445,0.36624,-0.85363551,0.48779172,0.08093241
1764505177.9918935,-4.1965,1.1445,0.36624,-0.85363551,0.48779172,0.08093241
1764505177.9918935,-4.1965,1.1445,0.36624,-0.85363551,0.48779172,0.08093241
1764505177.9918935,-4.1965,1.1445,0.36624,-0.85363551,0.48779172,0.08093241
1764505177.9918935,-4.1965,1.1445,0.36624,-0.85363551,0.48779172,0.08093241
1764505177.9918935,-4.1965,1.1445,0.36624,-0.85363551,0.48779172,0.08093241
1764505177.9918935,-4.1965,1.1445,0.36624,-0.85363551,0.48779172,0.08093241
1764505177.9918935,-4.1965,1.1445,0.36624,-0.85363551,0.48779172,0.08093241
1764505177.9918935,-4.1965,1.1445,0.36624,-0.85363551,0.48779172,0.08093241
1764505177.9918935,-4.1965,1.1445,0.36624,-0.85363551,0.48779172,0.08093241
1764505177.9918935,-3.25038,0.93086,0.42728,-0.854673105,0.48644895,0.081481725
1764505177.9918935,-3.25038,0.93086,0.42728,-0.854673105,0.48644895,0.081481725
1764505177.992909,-3.25038,0.93086,0.42728,-0.854673105,0.48644895,0.081481725
1764505177.992909,-3.25038,0.93086,0.42728,-0.854673105,0.48644895,0.081481725
1764505177.992909,-3.25038,0.93086,0.42728,-0.854673105,0.48644895,0.081481725
1764505177.992909,-3.25038,0.93086,0.42728,-0.854673105,0.48644895,0.081481725
1764505178.036929,-3.25038,0.93086,0.42728,-0.854673105,0.48644895,0.081481725
1764505178.036929,-3.25038,0.93086,0.42728,-0.854673105,0.48644895,0.081481725
1764505178.036929,-3.25038,0.93086,0.42728,-0.854673105,0.48644895,0.081481725
1764505178.036929,-3.25038,0.93086,0.42728,-0.854673105,0.48644895,0.081481725
1764505178.036929,-3.44876,1.25132,0.51884,-0.854917245,0.48571653,0.081847935
1764505178.036929,-3.44876,1.25132,0.51884,-0.854917245,0.48571653,0.081847935
1764505178.036929,-3.44876,1.25132,0.51884,-0.854917245,0.48571653,0.081847935
1764505178.036929,-3.44876,1.25132,0.51884,-0.854917245,0.48571653,0.081847935
1764505178.036929,-3.44876,1.25132,0.51884,-0.854917245,0.48571653,0.081847935
1764505178.036929,-3.44876,1.25132,0.51884,-0.854917245,0.48571653,0.081847935
1764505178.036929,-3.44876,1.25132,0.51884,-0.854917245,0.48571653,0.081847935
1764505178.036929,-3.44876,1.25132,0.51884,-0.854917245,0.48571653,0.081847935
1764505178.036929,-3.44876,1.25132,0.51884,-0.854917245,0.48571653,0.081847935
1764505178.036929,-3.44876,1.25132,0.51884,-0.854917245,0.48571653,0.081847935
1764505178.036929,-3.32668,0.88508,1.64808,-0.85375758,0.484923075,0.08215311
1764505178.036929,-3.32668,0.88508,1.64808,-0.85375758,0.484923075,0.08215311
1764505178.036929,-3.32668,0.88508,1.64808,-0.85375758,0.484923075,0.08215311
1764505178.036929,-3.32668,0.88508,1.64808,-0.85375758,0.484923075,0.08215311
1764505178.037928,-3.32668,0.88508,1.64808,-0.85375758,0.484923075,0.08215311
1764505178.037928,-3.32668,0.88508,1.64808,-0.85375758,0.484923075,0.08215311
1764505178.037928,-3.32668,0.88508,1.64808,-0.85375758,0.484923075,0.08215311
1764505178.037928,-3.32668,0.88508,1.64808,-0.85375758,0.484923075,0.08215311
1764505178.0858188,-3.32668,0.88508,1.64808,-0.85375758,0.484923075,0.08215311
1764505178.0858188,-3.32668,0.88508,1.64808,-0.85375758,0.484923075,0.08215311
1764505178.0858188,-2.53316,1.19028,2.3653,-0.853330335,0.48412962,0.08251932
1764505178.0858188,-2.53316,1.19028,2.3653,-0.853330335,0.48412962,0.08251932
1764505178.0858188,-2.53316,1.19028,2.3653,-0.853330335,0.48412962,0.08251932
1764505178.0858188,-2.53316,1.19028,2.3653,-0.853330335,0.48412962,0.08251932
1764505178.0858188,-2.53316,1.19028,2.3653,-0.853330335,0.48412962,0.08251932
1764505178.0858188,-2.53316,1.19028,2.3653,-0.853330335,0.48412962,0.08251932
1764505178.0858188,-2.53316,1.19028,2.3653,-0.853330335,0.48412962,0.08251932
1764505178.0858188,-2.53316,1.19028,2.3653,-0.853330335,0.48412962,0.08251932
1764505178.0858188,-2.53316,1.19028,2.3653,-0.853330335,0.48412962,0.08251932
1764505178.0858188,-2.53316,1.19028,2.3653,-0.853330335,0.48412962,0.08251932
1764505178.0858188,-1.70912,1.84646,2.24322,-0.854184825,0.483092025,0.08166483
1764505178.0868216,-1.70912,1.84646,2.24322,-0.854184825,0.483092025,0.08166483
1764505178.0868216,-1.70912,1.84646,2.24322,-0.854184825,0.483092025,0.08166483
1764505178.0868216,-1.70912,1.84646,2.24322,-0.854184825,0.483092025,0.08166483
1764505178.0868216,-1.70912,1.84646,2.24322,-0.854184825,0.483092025,0.08166483
1764505178.0868216,-1.70912,1.84646,2.24322,-0.854184825,0.483092025,0.08166483
1764505178.0868216,-1.70912,1.84646,2.24322,-0.854184825,0.483092025,0.08166483
1764505178.0868216,-1.70912,1.84646,2.24322,-0.854184825,0.483092025,0.08166483
1764505178.0868216,-1.70912,1.84646,2.24322,-0.854184825,0.483092025,0.08166483
1764505178.0868216,-1.70912,1.84646,2.24322,-0.854184825,0.483092025,0.08166483
1764505178.0868216,-1.54126,1.2055399999999998,2.56368,-0.855283455,0.48449583,0.081603795
1764505178.0868216,-1.54126,1.2055399999999998,2.56368,-0.855283455,0.48449583,0.081603795
1764505178.1310418,-1.54126,1.2055399999999998,2.56368,-0.855283455,0.48449583,0.081603795
1764505178.1310418,-1.54126,1.2055399999999998,2.56368,-0.855283455,0.48449583,0.081603795
1764505178.1310418,-1.54126,1.2055399999999998,2.56368,-0.855283455,0.48449583,0.081603795
1764505178.1310418,-1.54126,1.2055399999999998,2.56368,-0.855283455,0.48449583,0.081603795
1764505178.1310418,-1.54126,1.2055399999999998,2.56368,-0.855283455,0.48449583,0.081603795
1764505178.1310418,-1.54126,1.2055399999999998,2.56368,-0.855283455,0.48449583,0.081603795
1764505178.1310418,-1.54126,1.2055399999999998,2.56368,-0.855283455,0.48449583,0.081603795
1764505178.1310418,-1.54126,1.2055399999999998,2.56368,-0.855283455,0.48449583,0.081603795
1764505178.1310418,-1.84646,0.01526,1.8006799999999998,-0.8556496650000001,0.487730685,0.083068635
1764505178.1310418,-1.84646,0.01526,1.8006799999999998,-0.8556496650000001,0.487730685,0.083068635
1764505178.1310418,-1.84646,0.01526,1.8006799999999998,-0.8556496650000001,0.487730685,0.083068635
1764505178.1310418,-1.84646,0.01526,1.8006799999999998,-0.8556496650000001,0.487730685,0.083068635
1764505178.1310418,-1.84646,0.01526,1.8006799999999998,-0.8556496650000001,0.487730685,0.083068635
1764505178.1310418,-1.84646,0.01526,1.8006799999999998,-0.8556496650000001,0.487730685,0.083068635
1764505178.1310418,-1.84646,0.01526,1.8006799999999998,-0.8556496650000001,0.487730685,0.083068635
1764505178.1310418,-1.84646,0.01526,1.8006799999999998,-0.8556496650000001,0.487730685,0.083068635
1764505178.1310418,-1.84646,0.01526,1.8006799999999998,-0.8556496650000001,0.487730685,0.083068635
1764505178.1310418,-1.84646,0.01526,1.8006799999999998,-0.8556496650000001,0.487730685,0.083068635
1764505178.1310418,-1.99906,0.6103999999999999,1.4039199999999998,-0.85534449,0.491148645,0.08264139
1764505178.132059,-1.99906,0.6103999999999999,1.4039199999999998,-0.85534449,0.491148645,0.08264139
1764505178.132059,-1.99906,0.6103999999999999,1.4039199999999998,-0.85534449,0.491148645,0.08264139
1764505178.132059,-1.99906,0.6103999999999999,1.4039199999999998,-0.85534449,0.491148645,0.08264139
1764505178.132059,-1.99906,0.6103999999999999,1.4039199999999998,-0.85534449,0.491148645,0.08264139
1764505178.132059,-1.99906,0.6103999999999999,1.4039199999999998,-0.85534449,0.491148645,0.08264139
1764505178.1765015,-1.99906,0.6103999999999999,1.4039199999999998,-0.85534449,0.491148645,0.08264139
1764505178.1765015,-1.99906,0.6103999999999999,1.4039199999999998,-0.85534449,0.491148645,0.08264139
1764505178.1765015,-1.99906,0.6103999999999999,1.4039199999999998,-0.85534449,0.491148645,0.08264139
1764505178.1765015,-1.99906,0.6103999999999999,1.4039199999999998,-0.85534449,0.491148645,0.08264139
1764505178.1765015,-2.5179,0.4578,0.96138,-0.853818615,0.494810745,0.08251932
1764505178.1765015,-2.5179,0.4578,0.96138,-0.853818615,0.494810745,0.08251932
1764505178.1765015,-2.5179,0.4578,0.96138,-0.853818615,0.494810745,0.08251932
1764505178.1765015,-2.5179,0.4578,0.96138,-0.853818615,0.494810745,0.08251932
1764505178.1765015,-2.5179,0.4578,0.96138,-0.853818615,0.494810745,0.08251932
1764505178.1765015,-2.5179,0.4578,0.96138,-0.853818615,0.494810745,0.08251932
1764505178.1765015,-2.5179,0.4578,0.96138,-0.853818615,0.494810745,0.08251932
1764505178.1765015,-2.5179,0.4578,0.96138,-0.853818615,0.494810745,0.08251932
1764505178.1765015,-2.5179,0.4578,0.96138,-0.853818615,0.494810745,0.08251932
1764505178.1765015,-2.5179,0.4578,0.96138,-0.853818615,0.494810745,0.08251932
1764505178.1765015,-3.61662,0.85456,0.93086,-0.852109635,0.4980456,0.082214145
1764505178.1765015,-3.61662,0.85456,0.93086,-0.852109635,0.4980456,0.082214145
1764505178.1765015,-3.61662,0.85456,0.93086,-0.852109635,0.4980456,0.082214145
1764505178.1765015,-3.61662,0.85456,0.93086,-0.852109635,0.4980456,0.082214145
1764505178.1765015,-3.61662,0.85456,0.93086,-0.852109635,0.4980456,0.082214145
1764505178.178043,-3.61662,0.85456,0.93086,-0.852109635,0.4980456,0.082214145
1764505178.178043,-3.61662,0.85456,0.93086,-0.852109635,0.4980456,0.082214145
1764505178.178043,-3.61662,0.85456,0.93086,-0.852109635,0.4980456,0.082214145
1764505178.2247474,-3.61662,0.85456,0.93086,-0.852109635,0.4980456,0.082214145
1764505178.2247474,-3.61662,0.85456,0.93086,-0.852109635,0.4980456,0.082214145
1764505178.2247474,-4.303319999999999,1.4039199999999998,0.48832,-0.8504006550000001,0.49975458,0.081725865
1764505178.2247474,-4.303319999999999,1.4039199999999998,0.48832,-0.8504006550000001,0.49975458,0.081725865
1764505178.2247474,-4.303319999999999,1.4039199999999998,0.48832,-0.8504006550000001,0.49975458,0.081725865
1764505178.2247474,-4.303319999999999,1.4039199999999998,0.48832,-0.8504006550000001,0.49975458,0.081725865
1764505178.2247474,-4.303319999999999,1.4039199999999998,0.48832,-0.8504006550000001,0.49975458,0.081725865
1764505178.2247474,-4.303319999999999,1.4039199999999998,0.48832,-0.8504006550000001,0.49975458,0.081725865
1764505178.2247474,-4.303319999999999,1.4039199999999998,0.48832,-0.8504006550000001,0.49975458,0.081725865
1764505178.2247474,-4.303319999999999,1.4039199999999998,0.48832,-0.8504006550000001,0.49975458,0.081725865
1764505178.2247474,-4.303319999999999,1.4039199999999998,0.48832,-0.8504006550000001,0.49975458,0.081725865
1764505178.2247474,-4.303319999999999,1.4039199999999998,0.48832,-0.8504006550000001,0.49975458,0.081725865
1764505178.2247474,-5.67672,1.81594,-0.19838,-0.849424095,0.50060907,0.081847935
1764505178.2247474,-5.67672,1.81594,-0.19838,-0.849424095,0.50060907,0.081847935
1764505178.2247474,-5.67672,1.81594,-0.19838,-0.849424095,0.50060907,0.081847935
1764505178.2247474,-5.67672,1.81594,-0.19838,-0.849424095,0.50060907,0.081847935
1764505178.2247474,-5.67672,1.81594,-0.19838,-0.849424095,0.50060907,0.081847935
1764505178.2247474,-5.67672,1.81594,-0.19838,-0.849424095,0.50060907,0.081847935
1764505178.2262554,-5.67672,1.81594,-0.19838,-0.849424095,0.50060907,0.081847935
1764505178.2262554,-5.67672,1.81594,-0.19838,-0.849424095,0.50060907,0.081847935
1764505178.2262554,-5.67672,1.81594,-0.19838,-0.849424095,0.50060907,0.081847935
1764505178.2262554,-5.67672,1.81594,-0.19838,-0.849424095,0.50060907,0.081847935
1764505178.22727,-6.85174,1.526,0.2289,-0.84826443,0.50012079,0.081970005
1764505178.22727,-6.85174,1.526,0.2289,-0.84826443,0.50012079,0.081970005
1764505178.273249,-6.85174,1.526,0.2289,-0.84826443,0.50012079,0.081970005
1764505178.273249,-6.85174,1.526,0.2289,-0.84826443,0.50012079,0.081970005
1764505178.273249,-6.85174,1.526,0.2289,-0.84826443,0.50012079,0.081970005
1764505178.273249,-6.85174,1.526,0.2289,-0.84826443,0.50012079,0.081970005
1764505178.273249,-6.85174,1.526,0.2289,-0.84826443,0.50012079,0.081970005
1764505178.273249,-6.85174,1.526,0.2289,-0.84826443,0.50012079,0.081970005
1764505178.273249,-6.85174,1.526,0.2289,-0.84826443,0.50012079,0.081970005
1764505178.273249,-6.85174,1.526,0.2289,-0.84826443,0.50012079,0.081970005
1764505178.273249,-7.35532,2.35004,0.24416,-0.850278585,0.498716985,0.07983378
1764505178.273249,-7.35532,2.35004,0.24416,-0.850278585,0.498716985,0.07983378
1764505178.273249,-7.35532,2.35004,0.24416,-0.850278585,0.498716985,0.07983378
1764505178.273249,-7.35532,2.35004,0.24416,-0.850278585,0.498716985,0.07983378
1764505178.273249,-7.35532,2.35004,0.24416,-0.850278585,0.498716985,0.07983378
1764505178.273249,-7.35532,2.35004,0.24416,-0.850278585,0.498716985,0.07983378
1764505178.2743037,-7.35532,2.35004,0.24416,-0.850278585,0.498716985,0.07983378
1764505178.2743037,-7.35532,2.35004,0.24416,-0.850278585,0.498716985,0.07983378
1764505178.2743037,-7.35532,2.35004,0.24416,-0.850278585,0.498716985,0.07983378
1764505178.2743037,-7.35532,2.35004,0.24416,-0.850278585,0.498716985,0.07983378
1764505178.2743037,-6.91278,0.54936,0.39676,-0.853330335,0.49706904,0.079772745
1764505178.2743037,-6.91278,0.54936,0.39676,-0.853330335,0.49706904,0.079772745
1764505178.2743037,-6.91278,0.54936,0.39676,-0.853330335,0.49706904,0.079772745
1764505178.2743037,-6.91278,0.54936,0.39676,-0.853330335,0.49706904,0.079772745
1764505178.2743037,-6.91278,0.54936,0.39676,-0.853330335,0.49706904,0.079772745
1764505178.2743037,-6.91278,0.54936,0.39676,-0.853330335,0.49706904,0.079772745
1764505178.3210704,-6.91278,0.54936,0.39676,-0.853330335,0.49706904,0.079772745
1764505178.3210704,-6.91278,0.54936,0.39676,-0.853330335,0.49706904,0.079772745
1764505178.3210704,-6.91278,0.54936,0.39676,-0.853330335,0.49706904,0.079772745
1764505178.3210704,-6.91278,0.54936,0.39676,-0.853330335,0.49706904,0.079772745
1764505178.3210704,-6.91278,0.0,-0.19838,-0.853696545,0.49523799,0.07958964
1764505178.3210704,-6.91278,0.0,-0.19838,-0.853696545,0.49523799,0.07958964
1764505178.3210704,-6.91278,0.0,-0.19838,-0.853696545,0.49523799,0.07958964
1764505178.3210704,-6.91278,0.0,-0.19838,-0.853696545,0.49523799,0.07958964
1764505178.3210704,-6.91278,0.0,-0.19838,-0.853696545,0.49523799,0.07958964
1764505178.3210704,-6.91278,0.0,-0.19838,-0.853696545,0.49523799,0.07958964
1764505178.3210704,-6.91278,0.0,-0.19838,-0.853696545,0.49523799,0.07958964
1764505178.3210704,-6.91278,0.0,-0.19838,-0.853696545,0.49523799,0.07958964
1764505178.3210704,-6.91278,0.0,-0.19838,-0.853696545,0.49523799,0.07958964
1764505178.3210704,-6.91278,0.0,-0.19838,-0.853696545,0.49523799,0.07958964
1764505178.3210704,-6.47024,1.17502,-0.10682,-0.8524758450000001,0.492613485,0.080383095
1764505178.3210704,-6.47024,1.17502,-0.10682,-0.8524758450000001,0.492613485,0.080383095
1764505178.3210704,-6.47024,1.17502,-0.10682,-0.8524758450000001,0.492613485,0.080383095
1764505178.3210704,-6.47024,1.17502,-0.10682,-0.8524758450000001,0.492613485,0.080383095
1764505178.3210704,-6.47024,1.17502,-0.10682,-0.8524758450000001,0.492613485,0.080383095
1764505178.3210704,-6.47024,1.17502,-0.10682,-0.8524758450000001,0.492613485,0.080383095
1764505178.3210704,-6.47024,1.17502,-0.10682,-0.8524758450000001,0.492613485,0.080383095
1764505178.3210704,-6.47024,1.17502,-0.10682,-0.8524758450000001,0.492613485,0.080383095
1764505178.3210704,-6.47024,1.17502,-0.10682,-0.8524758450000001,0.492613485,0.080383095
1764505178.3210704,-6.47024,1.17502,-0.10682,-0.8524758450000001,0.492613485,0.080383095
1764505178.3663638,-5.27996,1.84646,0.73248,-0.85192653,0.489561735,0.0805662
1764505178.3663638,-5.27996,1.84646,0.73248,-0.85192653,0.489561735,0.0805662
1764505178.3663638,-5.27996,1.84646,0.73248,-0.85192653,0.489561735,0.0805662
1764505178.3663638,-5.27996,1.84646,0.73248,-0.85192653,0.489561735,0.0805662
1764505178.3663638,-5.27996,1.84646,0.73248,-0.85192653,0.489561735,0.0805662
1764505178.3663638,-5.27996,1.84646,0.73248,-0.85192653,0.489561735,0.0805662
1764505178.3663638,-5.27996,1.84646,0.73248,-0.85192653,0.489561735,0.0805662
1764505178.3663638,-5.27996,1.84646,0.73248,-0.85192653,0.489561735,0.0805662
1764505178.3668747,-5.27996,1.84646,0.73248,-0.85192653,0.489561735,0.0805662
1764505178.3668747,-5.27996,1.84646,0.73248,-0.85192653,0.489561735,0.0805662
1764505178.3668747,-4.577999999999999,0.94612,1.1445,-0.852353775,0.48766965,0.080383095
1764505178.3668747,-4.577999999999999,0.94612,1.1445,-0.852353775,0.48766965,0.080383095
1764505178.3668747,-4.577999999999999,0.94612,1.1445,-0.852353775,0.48766965,0.080383095
1764505178.3668747,-4.577999999999999,0.94612,1.1445,-0.852353775,0.48766965,0.080383095
1764505178.3668747,-4.577999999999999,0.94612,1.1445,-0.852353775,0.48766965,0.080383095
1764505178.3668747,-4.577999999999999,0.94612,1.1445,-0.852353775,0.48766965,0.080383095
1764505178.3668747,-4.577999999999999,0.94612,1.1445,-0.852353775,0.48766965,0.080383095
1764505178.3668747,-4.577999999999999,0.94612,1.1445,-0.852353775,0.48766965,0.080383095
1764505178.3668747,-4.577999999999999,0.94612,1.1445,-0.852353775,0.48766965,0.080383095
1764505178.3668747,-4.577999999999999,0.94612,1.1445,-0.852353775,0.48766965,0.080383095
1764505178.3668747,-4.41014,1.26658,0.8698199999999999,-0.85290309,0.48754758,0.08068827
1764505178.3668747,-4.41014,1.26658,0.8698199999999999,-0.85290309,0.48754758,0.08068827
1764505178.4130406,-4.41014,1.26658,0.8698199999999999,-0.85290309,0.48754758,0.08068827
1764505178.4130406,-4.41014,1.26658,0.8698199999999999,-0.85290309,0.48754758,0.08068827
1764505178.4130406,-4.41014,1.26658,0.8698199999999999,-0.85290309,0.48754758,0.08068827
1764505178.4130406,-4.41014,1.26658,0.8698199999999999,-0.85290309,0.48754758,0.08068827
1764505178.4130406,-4.41014,1.26658,0.8698199999999999,-0.85290309,0.48754758,0.08068827
1764505178.4130406,-4.41014,1.26658,0.8698199999999999,-0.85290309,0.48754758,0.08068827
1764505178.4130406,-4.41014,1.26658,0.8698199999999999,-0.85290309,0.48754758,0.08068827
1764505178.4130406,-4.41014,1.26658,0.8698199999999999,-0.85290309,0.48754758,0.08068827
1764505178.4130406,-4.577999999999999,0.54936,0.8392999999999999,-0.85473414,0.488707245,0.081237585
1764505178.4130406,-4.577999999999999,0.54936,0.8392999999999999,-0.85473414,0.488707245,0.081237585
1764505178.4130406,-4.577999999999999,0.54936,0.8392999999999999,-0.85473414,0.488707245,0.081237585
1764505178.4130406,-4.577999999999999,0.54936,0.8392999999999999,-0.85473414,0.488707245,0.081237585
1764505178.4130406,-4.577999999999999,0.54936,0.8392999999999999,-0.85473414,0.488707245,0.081237585
1764505178.4130406,-4.577999999999999,0.54936,0.8392999999999999,-0.85473414,0.488707245,0.081237585
1764505178.4130406,-4.577999999999999,0.54936,0.8392999999999999,-0.85473414,0.488707245,0.081237585
1764505178.4130406,-4.577999999999999,0.54936,0.8392999999999999,-0.85473414,0.488707245,0.081237585
1764505178.4130406,-4.577999999999999,0.54936,0.8392999999999999,-0.85473414,0.488707245,0.081237585
1764505178.4130406,-4.577999999999999,0.54936,0.8392999999999999,-0.85473414,0.488707245,0.081237585
1764505178.4130406,-4.07442,-0.48832,0.85456,-0.854917245,0.48998898,0.08117655
1764505178.4140513,-4.07442,-0.48832,0.85456,-0.854917245,0.48998898,0.08117655
1764505178.415038,-4.07442,-0.48832,0.85456,-0.854917245,0.48998898,0.08117655
1764505178.415038,-4.07442,-0.48832,0.85456,-0.854917245,0.48998898,0.08117655
1764505178.415038,-4.07442,-0.48832,0.85456,-0.854917245,0.48998898,0.08117655
1764505178.415038,-4.07442,-0.48832,0.85456,-0.854917245,0.48998898,0.08117655
1764505178.4598277,-4.07442,-0.48832,0.85456,-0.854917245,0.48998898,0.08117655
1764505178.4598277,-4.07442,-0.48832,0.85456,-0.854917245,0.48998898,0.08117655
1764505178.4598277,-4.07442,-0.48832,0.85456,-0.854917245,0.48998898,0.08117655
1764505178.4598277,-4.07442,-0.48832,0.85456,-0.854917245,0.48998898,0.08117655
1764505178.4598277,-3.11304,-0.09156,1.00716,-0.853818615,0.4907214,0.08203104
1764505178.4598277,-3.11304,-0.09156,1.00716,-0.853818615,0.4907214,0.08203104
1764505178.4598277,-3.11304,-0.09156,1.00716,-0.853818615,0.4907214,0.08203104
1764505178.4598277,-3.11304,-0.09156,1.00716,-0.853818615,0.4907214,0.08203104
1764505178.4598277,-3.11304,-0.09156,1.00716,-0.853818615,0.4907214,0.08203104
1764505178.4598277,-3.11304,-0.09156,1.00716,-0.853818615,0.4907214,0.08203104
1764505178.4598277,-3.11304,-0.09156,1.00716,-0.853818615,0.4907214,0.08203104
1764505178.4598277,-3.11304,-0.09156,1.00716,-0.853818615,0.4907214,0.08203104
1764505178.4598277,-3.11304,-0.09156,1.00716,-0.853818615,0.4907214,0.08203104
1764505178.4598277,-3.11304,-0.09156,1.00716,-0.853818615,0.4907214,0.08203104
1764505178.4598277,-2.56368,0.9003399999999999,1.03768,-0.8532693,0.490782435,0.080871375
1764505178.4598277,-2.56368,0.9003399999999999,1.03768,-0.8532693,0.490782435,0.080871375
1764505178.4598277,-2.56368,0.9003399999999999,1.03768,-0.8532693,0.490782435,0.080871375
1764505178.4598277,-2.56368,0.9003399999999999,1.03768,-0.8532693,0.490782435,0.080871375
1764505178.4598277,-2.56368,0.9003399999999999,1.03768,-0.8532693,0.490782435,0.080871375
1764505178.4598277,-2.56368,0.9003399999999999,1.03768,-0.8532693,0.490782435,0.080871375
1764505178.4598277,-2.56368,0.9003399999999999,1.03768,-0.8532693,0.490782435,0.080871375
1764505178.4598277,-2.56368,0.9003399999999999,1.03768,-0.8532693,0.490782435,0.080871375
1764505178.4598277,-2.56368,0.9003399999999999,1.03768,-0.8532693,0.490782435,0.080871375
1764505178.4598277,-2.56368,0.9003399999999999,1.03768,-0.8532693,0.490782435,0.080871375
1764505178.504687,-3.09778,0.6103999999999999,0.3815,-0.852109635,0.49206417,0.081359655
1764505178.504687,-3.09778,0.6103999999999999,0.3815,-0.852109635,0.49206417,0.081359655
1764505178.504687,-3.09778,0.6103999999999999,0.3815,-0.852109635,0.49206417,0.081359655
1764505178.504687,-3.09778,0.6103999999999999,0.3815,-0.852109635,0.49206417,0.081359655
1764505178.504687,-3.09778,0.6103999999999999,0.3815,-0.852109635,0.49206417,0.081359655
1764505178.504687,-3.09778,0.6103999999999999,0.3815,-0.852109635,0.49206417,0.081359655
1764505178.504687,-3.09778,0.6103999999999999,0.3815,-0.852109635,0.49206417,0.081359655
1764505178.504687,-3.09778,0.6103999999999999,0.3815,-0.852109635,0.49206417,0.081359655
1764505178.504687,-3.09778,0.6103999999999999,0.3815,-0.852109635,0.49206417,0.081359655
1764505178.504687,-3.09778,0.6103999999999999,0.3815,-0.852109635,0.49206417,0.081359655
1764505178.504687,-3.8913,1.35814,0.09156,-0.8508279,0.493956255,0.08203104
1764505178.504687,-3.8913,1.35814,0.09156,-0.8508279,0.493956255,0.08203104
1764505178.505714,-3.8913,1.35814,0.09156,-0.8508279,0.493956255,0.08203104
1764505178.505714,-3.8913,1.35814,0.09156,-0.8508279,0.493956255,0.08203104
1764505178.505714,-3.8913,1.35814,0.09156,-0.8508279,0.493956255,0.08203104
1764505178.505714,-3.8913,1.35814,0.09156,-0.8508279,0.493956255,0.08203104
1764505178.505714,-3.8913,1.35814,0.09156,-0.8508279,0.493956255,0.08203104
1764505178.505714,-3.8913,1.35814,0.09156,-0.8508279,0.493956255,0.08203104
1764505178.5067534,-3.8913,1.35814,0.09156,-0.8508279,0.493956255,0.08203104
1764505178.5067534,-3.8913,1.35814,0.09156,-0.8508279,0.493956255,0.08203104
1764505178.5067534,-4.54748,0.8698199999999999,0.56462,-0.851011005,0.49621455,0.08190897
1764505178.5067534,-4.54748,0.8698199999999999,0.56462,-0.851011005,0.49621455,0.08190897
1764505178.5515106,-4.54748,0.8698199999999999,0.56462,-0.851011005,0.49621455,0.08190897
1764505178.5515106,-4.54748,0.8698199999999999,0.56462,-0.851011005,0.49621455,0.08190897
1764505178.5515106,-4.54748,0.8698199999999999,0.56462,-0.851011005,0.49621455,0.08190897
1764505178.5515106,-4.54748,0.8698199999999999,0.56462,-0.851011005,0.49621455,0.08190897
1764505178.5515106,-4.54748,0.8698199999999999,0.56462,-0.851011005,0.49621455,0.08190897
1764505178.5515106,-4.54748,0.8698199999999999,0.56462,-0.851011005,0.49621455,0.08190897
1764505178.5515106,-4.54748,0.8698199999999999,0.56462,-0.851011005,0.49621455,0.08190897
1764505178.5515106,-4.54748,0.8698199999999999,0.56462,-0.851011005,0.49621455,0.08190897
1764505178.5525262,-5.38678,-0.03052,0.44254,-0.85278102,0.49767939,0.082336215
1764505178.5525262,-5.38678,-0.03052,0.44254,-0.85278102,0.49767939,0.082336215
1764505178.5535278,-5.38678,-0.03052,0.44254,-0.85278102,0.49767939,0.082336215
1764505178.5535278,-5.38678,-0.03052,0.44254,-0.85278102,0.49767939,0.082336215
1764505178.5535278,-5.38678,-0.03052,0.44254,-0.85278102,0.49767939,0.082336215
1764505178.5535278,-5.38678,-0.03052,0.44254,-0.85278102,0.49767939,0.082336215
1764505178.554524,-5.38678,-0.03052,0.44254,-0.85278102,0.49767939,0.082336215
1764505178.554524,-5.38678,-0.03052,0.44254,-0.85278102,0.49767939,0.082336215
1764505178.554524,-5.38678,-0.03052,0.44254,-0.85278102,0.49767939,0.082336215
1764505178.554524,-5.38678,-0.03052,0.44254,-0.85278102,0.49767939,0.082336215
1764505178.5555203,-6.165039999999999,0.18312,-0.21364,-0.851377215,0.49792353,0.08349588
1764505178.5555203,-6.165039999999999,0.18312,-0.21364,-0.851377215,0.49792353,0.08349588
1764505178.5555203,-6.165039999999999,0.18312,-0.21364,-0.851377215,0.49792353,0.08349588
1764505178.5555203,-6.165039999999999,0.18312,-0.21364,-0.851377215,0.49792353,0.08349588
1764505178.5565195,-6.165039999999999,0.18312,-0.21364,-0.851377215,0.49792353,0.08349588
1764505178.5565195,-6.165039999999999,0.18312,-0.21364,-0.851377215,0.49792353,0.08349588
1764505178.5979671,-6.165039999999999,0.18312,-0.21364,-0.851377215,0.49792353,0.08349588
1764505178.5979671,-6.165039999999999,0.18312,-0.21364,-0.851377215,0.49792353,0.08349588
1764505178.598981,-6.165039999999999,0.18312,-0.21364,-0.851377215,0.49792353,0.08349588
1764505178.598981,-6.165039999999999,0.18312,-0.21364,-0.851377215,0.49792353,0.08349588
1764505178.598981,-6.2566,1.32762,-0.19838,-0.84972927,0.495421095,0.08410623
1764505178.598981,-6.2566,1.32762,-0.19838,-0.84972927,0.495421095,0.08410623
1764505178.598981,-6.2566,1.32762,-0.19838,-0.84972927,0.495421095,0.08410623
1764505178.5999846,-6.2566,1.32762,-0.19838,-0.84972927,0.495421095,0.08410623
1764505178.5999846,-6.2566,1.32762,-0.19838,-0.84972927,0.495421095,0.08410623
1764505178.5999846,-6.2566,1.32762,-0.19838,-0.84972927,0.495421095,0.08410623
1764505178.6009817,-6.2566,1.32762,-0.19838,-0.84972927,0.495421095,0.08410623
1764505178.6009817,-6.2566,1.32762,-0.19838,-0.84972927,0.495421095,0.08410623
1764505178.6009817,-6.2566,1.32762,-0.19838,-0.84972927,0.495421095,0.08410623
1764505178.602023,-6.2566,1.32762,-0.19838,-0.84972927,0.495421095,0.08410623
1764505178.6030295,-5.43256,2.02958,0.3204599999999999,-0.8496072,0.492735555,0.083801055
1764505178.6030295,-5.43256,2.02958,0.3204599999999999,-0.8496072,0.492735555,0.083801055
1764505178.6030295,-5.43256,2.02958,0.3204599999999999,-0.8496072,0.492735555,0.083801055
1764505178.6030295,-5.43256,2.02958,0.3204599999999999,-0.8496072,0.492735555,0.083801055
1764505178.6030295,-5.43256,2.02958,0.3204599999999999,-0.8496072,0.492735555,0.083801055
1764505178.6030295,-5.43256,2.02958,0.3204599999999999,-0.8496072,0.492735555,0.083801055
1764505178.6030295,-5.43256,2.02958,0.3204599999999999,-0.8496072,0.492735555,0.083801055
1764505178.6030295,-5.43256,2.02958,0.3204599999999999,-0.8496072,0.492735555,0.083801055
1764505178.6030295,-5.43256,2.02958,0.3204599999999999,-0.8496072,0.492735555,0.083801055
1764505178.6030295,-5.43256,2.02958,0.3204599999999999,-0.8496072,0.492735555,0.083801055
1764505178.6480603,-4.97476,1.05294,0.44254,-0.85046169,0.491026575,0.082946565
1764505178.6480603,-4.97476,1.05294,0.44254,-0.85046169,0.491026575,0.082946565
1764505178.6480603,-4.97476,1.05294,0.44254,-0.85046169,0.491026575,0.082946565
1764505178.6480603,-4.97476,1.05294,0.44254,-0.85046169,0.491026575,0.082946565
1764505178.6480603,-4.97476,1.05294,0.44254,-0.85046169,0.491026575,0.082946565
1764505178.6480603,-4.97476,1.05294,0.44254,-0.85046169,0.491026575,0.082946565
1764505178.6480603,-4.97476,1.05294,0.44254,-0.85046169,0.491026575,0.082946565
1764505178.6480603,-4.97476,1.05294,0.44254,-0.85046169,0.491026575,0.082946565
1764505178.6480603,-4.97476,1.05294,0.44254,-0.85046169,0.491026575,0.082946565
1764505178.6480603,-4.97476,1.05294,0.44254,-0.85046169,0.491026575,0.082946565
1764505178.6480603,-4.92898,0.9919,0.3509799999999999,-0.85107204,0.4907214,0.08239725
1764505178.6480603,-4.92898,0.9919,0.3509799999999999,-0.85107204,0.4907214,0.08239725
1764505178.6480603,-4.92898,0.9919,0.3509799999999999,-0.85107204,0.4907214,0.08239725
1764505178.6480603,-4.92898,0.9919,0.3509799999999999,-0.85107204,0.4907214,0.08239725
1764505178.6480603,-4.92898,0.9919,0.3509799999999999,-0.85107204,0.4907214,0.08239725
1764505178.6480603,-4.92898,0.9919,0.3509799999999999,-0.85107204,0.4907214,0.08239725
1764505178.6480603,-4.92898,0.9919,0.3509799999999999,-0.85107204,0.4907214,0.08239725
1764505178.6480603,-4.92898,0.9919,0.3509799999999999,-0.85107204,0.4907214,0.08239725
1764505178.6480603,-4.92898,0.9919,0.3509799999999999,-0.85107204,0.4907214,0.08239725
1764505178.6480603,-4.92898,0.9919,0.3509799999999999,-0.85107204,0.4907214,0.08239725
1764505178.6480603,-4.53222,0.65618,0.3051999999999999,-0.85241481,0.491758995,0.08251932
1764505178.6490686,-4.53222,0.65618,0.3051999999999999,-0.85241481,0.491758995,0.08251932
1764505178.6927283,-4.53222,0.65618,0.3051999999999999,-0.85241481,0.491758995,0.08251932
1764505178.6927283,-4.53222,0.65618,0.3051999999999999,-0.85241481,0.491758995,0.08251932
1764505178.6927283,-4.53222,0.65618,0.3051999999999999,-0.85241481,0.491758995,0.08251932
1764505178.6927283,-4.53222,0.65618,0.3051999999999999,-0.85241481,0.491758995,0.08251932
1764505178.6927283,-4.53222,0.65618,0.3051999999999999,-0.85241481,0.491758995,0.08251932
1764505178.6927283,-4.53222,0.65618,0.3051999999999999,-0.85241481,0.491758995,0.08251932
1764505178.6927283,-4.53222,0.65618,0.3051999999999999,-0.85241481,0.491758995,0.08251932
1764505178.6927283,-4.53222,0.65618,0.3051999999999999,-0.85241481,0.491758995,0.08251932
1764505178.6927283,-3.75396,0.36624,0.42728,-0.8524758450000001,0.491026575,0.083068635
1764505178.6927283,-3.75396,0.36624,0.42728,-0.8524758450000001,0.491026575,0.083068635
1764505178.6927283,-3.75396,0.36624,0.42728,-0.8524758450000001,0.491026575,0.083068635
1764505178.6927283,-3.75396,0.36624,0.42728,-0.8524758450000001,0.491026575,0.083068635
1764505178.6927283,-3.75396,0.36624,0.42728,-0.8524758450000001,0.491026575,0.083068635
1764505178.6927283,-3.75396,0.36624,0.42728,-0.8524758450000001,0.491026575,0.083068635
1764505178.6927283,-3.75396,0.36624,0.42728,-0.8524758450000001,0.491026575,0.083068635
1764505178.6927283,-3.75396,0.36624,0.42728,-0.8524758450000001,0.491026575,0.083068635
1764505178.6927283,-3.75396,0.36624,0.42728,-0.8524758450000001,0.491026575,0.083068635
1764505178.6927283,-3.75396,0.36624,0.42728,-0.8524758450000001,0.491026575,0.083068635
1764505178.6927283,-3.72344,0.59514,0.65618,-0.852109635,0.49182003,0.083678985
1764505178.6927283,-3.72344,0.59514,0.65618,-0.852109635,0.49182003,0.083678985
1764505178.6937492,-3.72344,0.59514,0.65618,-0.852109635,0.49182003,0.083678985
1764505178.6937492,-3.72344,0.59514,0.65618,-0.852109635,0.49182003,0.083678985
1764505178.6953,-3.72344,0.59514,0.65618,-0.852109635,0.49182003,0.083678985
1764505178.6953,-3.72344,0.59514,0.65618,-0.852109635,0.49182003,0.083678985
1764505178.737543,-3.72344,0.59514,0.65618,-0.852109635,0.49182003,0.083678985
1764505178.737543,-3.72344,0.59514,0.65618,-0.852109635,0.49182003,0.083678985
1764505178.737543,-3.72344,0.59514,0.65618,-0.852109635,0.49182003,0.083678985
1764505178.737543,-3.72344,0.59514,0.65618,-0.852109635,0.49182003,0.083678985
1764505178.737543,-4.13546,1.34288,0.50358,-0.85217067,0.492613485,0.083068635
1764505178.737543,-4.13546,1.34288,0.50358,-0.85217067,0.492613485,0.083068635
1764505178.737543,-4.13546,1.34288,0.50358,-0.85217067,0.492613485,0.083068635
1764505178.737543,-4.13546,1.34288,0.50358,-0.85217067,0.492613485,0.083068635
1764505178.737543,-4.13546,1.34288,0.50358,-0.85217067,0.492613485,0.083068635
1764505178.737543,-4.13546,1.34288,0.50358,-0.85217067,0.492613485,0.083068635
1764505178.737543,-4.13546,1.34288,0.50358,-0.85217067,0.492613485,0.083068635
1764505178.737543,-4.13546,1.34288,0.50358,-0.85217067,0.492613485,0.083068635
1764505178.737543,-4.13546,1.34288,0.50358,-0.85217067,0.492613485,0.083068635
1764505178.737543,-4.13546,1.34288,0.50358,-0.85217067,0.492613485,0.083068635
1764505178.7385845,-4.99002,1.00716,0.54936,-0.85241481,0.49377315,0.08325174
1764505178.7385845,-4.99002,1.00716,0.54936,-0.85241481,0.49377315,0.08325174
1764505178.7385845,-4.99002,1.00716,0.54936,-0.85241481,0.49377315,0.08325174
1764505178.7385845,-4.99002,1.00716,0.54936,-0.85241481,0.49377315,0.08325174
1764505178.7385845,-4.99002,1.00716,0.54936,-0.85241481,0.49377315,0.08325174
1764505178.7395842,-4.99002,1.00716,0.54936,-0.85241481,0.49377315,0.08325174
1764505178.7395842,-4.99002,1.00716,0.54936,-0.85241481,0.49377315,0.08325174
1764505178.7395842,-4.99002,1.00716,0.54936,-0.85241481,0.49377315,0.08325174
1764505178.7395842,-4.99002,1.00716,0.54936,-0.85241481,0.49377315,0.08325174
1764505178.7395842,-4.99002,1.00716,0.54936,-0.85241481,0.49377315,0.08325174
1764505178.787233,-5.21892,1.69386,0.19838,-0.85217067,0.49462764,0.08398416
1764505178.787233,-5.21892,1.69386,0.19838,-0.85217067,0.49462764,0.08398416
1764505178.787233,-5.21892,1.69386,0.19838,-0.85217067,0.49462764,0.08398416
1764505178.787233,-5.21892,1.69386,0.19838,-0.85217067,0.49462764,0.08398416
1764505178.7882698,-5.21892,1.69386,0.19838,-0.85217067,0.49462764,0.08398416
1764505178.7882698,-5.21892,1.69386,0.19838,-0.85217067,0.49462764,0.08398416
1764505178.7882698,-5.21892,1.69386,0.19838,-0.85217067,0.49462764,0.08398416
1764505178.7882698,-5.21892,1.69386,0.19838,-0.85217067,0.49462764,0.08398416
1764505178.7882698,-5.21892,1.69386,0.19838,-0.85217067,0.49462764,0.08398416
1764505178.7882698,-5.21892,1.69386,0.19838,-0.85217067,0.49462764,0.08398416
1764505178.7882698,-5.38678,1.99906,0.1678599999999999,-0.851621355,0.49401729,0.08374002
1764505178.789264,-5.38678,1.99906,0.1678599999999999,-0.851621355,0.49401729,0.08374002
1764505178.789264,-5.38678,1.99906,0.1678599999999999,-0.851621355,0.49401729,0.08374002
1764505178.789264,-5.38678,1.99906,0.1678599999999999,-0.851621355,0.49401729,0.08374002
1764505178.7897775,-5.38678,1.99906,0.1678599999999999,-0.851621355,0.49401729,0.08374002
1764505178.7897775,-5.38678,1.99906,0.1678599999999999,-0.851621355,0.49401729,0.08374002
1764505178.7897775,-5.38678,1.99906,0.1678599999999999,-0.851621355,0.49401729,0.08374002
1764505178.7897775,-5.38678,1.99906,0.1678599999999999,-0.851621355,0.49401729,0.08374002
1764505178.7897775,-5.38678,1.99906,0.1678599999999999,-0.851621355,0.49401729,0.08374002
1764505178.7897775,-5.38678,1.99906,0.1678599999999999,-0.851621355,0.49401729,0.08374002
1764505178.7897775,-5.1884,1.48022,0.39676,-0.85119411,0.492247275,0.082946565
1764505178.7897775,-5.1884,1.48022,0.39676,-0.85119411,0.492247275,0.082946565
1764505178.8312876,-5.1884,1.48022,0.39676,-0.85119411,0.492247275,0.082946565
1764505178.8312876,-5.1884,1.48022,0.39676,-0.85119411,0.492247275,0.082946565
1764505178.8312876,-5.1884,1.48022,0.39676,-0.85119411,0.492247275,0.082946565
1764505178.8312876,-5.1884,1.48022,0.39676,-0.85119411,0.492247275,0.082946565
1764505178.832301,-5.1884,1.48022,0.39676,-0.85119411,0.492247275,0.082946565
1764505178.832301,-5.1884,1.48022,0.39676,-0.85119411,0.492247275,0.082946565
1764505178.832301,-5.1884,1.48022,0.39676,-0.85119411,0.492247275,0.082946565
1764505178.832301,-5.1884,1.48022,0.39676,-0.85119411,0.492247275,0.082946565
1764505178.8326013,-5.00528,1.3734,0.57988,-0.851499285,0.490782435,0.082580355
1764505178.8326013,-5.00528,1.3734,0.57988,-0.851499285,0.490782435,0.082580355
1764505178.8326013,-5.00528,1.3734,0.57988,-0.851499285,0.490782435,0.082580355
1764505178.8335042,-5.00528,1.3734,0.57988,-0.851499285,0.490782435,0.082580355
1764505178.8335042,-5.00528,1.3734,0.57988,-0.851499285,0.490782435,0.082580355
1764505178.8335042,-5.00528,1.3734,0.57988,-0.851499285,0.490782435,0.082580355
1764505178.8335042,-5.00528,1.3734,0.57988,-0.851499285,0.490782435,0.082580355
1764505178.8335042,-5.00528,1.3734,0.57988,-0.851499285,0.490782435,0.082580355
1764505178.8335042,-5.00528,1.3734,0.57988,-0.851499285,0.490782435,0.082580355
1764505178.8350143,-5.00528,1.3734,0.57988,-0.851499285,0.490782435,0.082580355
1764505178.8350143,-4.31858,1.28184,0.39676,-0.85192653,0.490538295,0.08264139
1764505178.8350143,-4.31858,1.28184,0.39676,-0.85192653,0.490538295,0.08264139
1764505178.8350143,-4.31858,1.28184,0.39676,-0.85192653,0.490538295,0.08264139
1764505178.8350143,-4.31858,1.28184,0.39676,-0.85192653,0.490538295,0.08264139
1764505178.8360295,-4.31858,1.28184,0.39676,-0.85192653,0.490538295,0.08264139
1764505178.8360295,-4.31858,1.28184,0.39676,-0.85192653,0.490538295,0.08264139
1764505178.8775167,-4.31858,1.28184,0.39676,-0.85192653,0.490538295,0.08264139
1764505178.8775167,-4.31858,1.28184,0.39676,-0.85192653,0.490538295,0.08264139
1764505178.8775167,-4.31858,1.28184,0.39676,-0.85192653,0.490538295,0.08264139
1764505178.8775167,-4.31858,1.28184,0.39676,-0.85192653,0.490538295,0.08264139
1764505178.8775167,-4.059159999999999,1.48022,0.3509799999999999,-0.853574475,0.49096554,0.083068635
1764505178.8775167,-4.059159999999999,1.48022,0.3509799999999999,-0.853574475,0.49096554,0.083068635
1764505178.878515,-4.059159999999999,1.48022,0.3509799999999999,-0.853574475,0.49096554,0.083068635
1764505178.878515,-4.059159999999999,1.48022,0.3509799999999999,-0.853574475,0.49096554,0.083068635
1764505178.878515,-4.059159999999999,1.48022,0.3509799999999999,-0.853574475,0.49096554,0.083068635
1764505178.878515,-4.059159999999999,1.48022,0.3509799999999999,-0.853574475,0.49096554,0.083068635
1764505178.878515,-4.059159999999999,1.48022,0.3509799999999999,-0.853574475,0.49096554,0.083068635
1764505178.878515,-4.059159999999999,1.48022,0.3509799999999999,-0.853574475,0.49096554,0.083068635
1764505178.878515,-4.059159999999999,1.48022,0.3509799999999999,-0.853574475,0.49096554,0.083068635
1764505178.878515,-4.059159999999999,1.48022,0.3509799999999999,-0.853574475,0.49096554,0.083068635
1764505178.878515,-4.51696,0.8392999999999999,0.41202,-0.853574475,0.49182003,0.083190705
1764505178.878515,-4.51696,0.8392999999999999,0.41202,-0.853574475,0.49182003,0.083190705
1764505178.878515,-4.51696,0.8392999999999999,0.41202,-0.853574475,0.49182003,0.083190705
1764505178.878515,-4.51696,0.8392999999999999,0.41202,-0.853574475,0.49182003,0.083190705
1764505178.878515,-4.51696,0.8392999999999999,0.41202,-0.853574475,0.49182003,0.083190705
1764505178.878515,-4.51696,0.8392999999999999,0.41202,-0.853574475,0.49182003,0.083190705
1764505178.878515,-4.51696,0.8392999999999999,0.41202,-0.853574475,0.49182003,0.083190705
1764505178.878515,-4.51696,0.8392999999999999,0.41202,-0.853574475,0.49182003,0.083190705
1764505178.924796,-4.51696,0.8392999999999999,0.41202,-0.853574475,0.49182003,0.083190705
1764505178.924796,-4.51696,0.8392999999999999,0.41202,-0.853574475,0.49182003,0.083190705
1764505178.924796,-4.66956,1.46496,0.54936,-0.851865495,0.491881065,0.08276346
1764505178.9257915,-4.66956,1.46496,0.54936,-0.851865495,0.491881065,0.08276346
1764505178.9261584,-4.66956,1.46496,0.54936,-0.851865495,0.491881065,0.08276346
1764505178.9261584,-4.66956,1.46496,0.54936,-0.851865495,0.491881065,0.08276346
1764505178.9261584,-4.66956,1.46496,0.54936,-0.851865495,0.491881065,0.08276346
1764505178.9261584,-4.66956,1.46496,0.54936,-0.851865495,0.491881065,0.08276346
1764505178.9267888,-4.66956,1.46496,0.54936,-0.851865495,0.491881065,0.08276346
1764505178.9267888,-4.66956,1.46496,0.54936,-0.851865495,0.491881065,0.08276346
1764505178.9267888,-4.66956,1.46496,0.54936,-0.851865495,0.491881065,0.08276346
1764505178.9267888,-4.66956,1.46496,0.54936,-0.851865495,0.491881065,0.08276346
1764505178.9267888,-4.21176,1.4497,0.79352,-0.851743425,0.493101765,0.08361795
1764505178.9267888,-4.21176,1.4497,0.79352,-0.851743425,0.493101765,0.08361795
1764505178.9267888,-4.21176,1.4497,0.79352,-0.851743425,0.493101765,0.08361795
1764505178.9267888,-4.21176,1.4497,0.79352,-0.851743425,0.493101765,0.08361795
1764505178.9267888,-4.21176,1.4497,0.79352,-0.851743425,0.493101765,0.08361795
1764505178.9267888,-4.21176,1.4497,0.79352,-0.851743425,0.493101765,0.08361795
1764505178.9267888,-4.21176,1.4497,0.79352,-0.851743425,0.493101765,0.08361795
1764505178.9267888,-4.21176,1.4497,0.79352,-0.851743425,0.493101765,0.08361795
1764505178.9267888,-4.21176,1.4497,0.79352,-0.851743425,0.493101765,0.08361795
1764505178.9267888,-4.21176,1.4497,0.79352,-0.851743425,0.493101765,0.08361795
1764505178.9267888,-3.37246,0.44254,0.50358,-0.85168239,0.492979695,0.08447244
1764505178.9267888,-3.37246,0.44254,0.50358,-0.85168239,0.492979695,0.08447244
1764505178.9722035,-3.37246,0.44254,0.50358,-0.85168239,0.492979695,0.08447244
1764505178.9722035,-3.37246,0.44254,0.50358,-0.85168239,0.492979695,0.08447244
1764505178.9722035,-3.37246,0.44254,0.50358,-0.85168239,0.492979695,0.08447244
1764505178.9722035,-3.37246,0.44254,0.50358,-0.85168239,0.492979695,0.08447244
1764505178.9722035,-3.37246,0.44254,0.50358,-0.85168239,0.492979695,0.08447244
1764505178.9722035,-3.37246,0.44254,0.50358,-0.85168239,0.492979695,0.08447244
1764505178.9722035,-3.37246,0.44254,0.50358,-0.85168239,0.492979695,0.08447244
1764505178.9722035,-3.37246,0.44254,0.50358,-0.85168239,0.492979695,0.08447244
1764505178.9722035,-3.64714,0.9156,-0.01526,-0.85070583,0.49243038,0.084289335
1764505178.9722035,-3.64714,0.9156,-0.01526,-0.85070583,0.49243038,0.084289335
1764505178.9722035,-3.64714,0.9156,-0.01526,-0.85070583,0.49243038,0.084289335
1764505178.9722035,-3.64714,0.9156,-0.01526,-0.85070583,0.49243038,0.084289335
1764505178.9722035,-3.64714,0.9156,-0.01526,-0.85070583,0.49243038,0.084289335
1764505178.9722035,-3.64714,0.9156,-0.01526,-0.85070583,0.49243038,0.084289335
1764505178.9722035,-3.64714,0.9156,-0.01526,-0.85070583,0.49243038,0.084289335
1764505178.973223,-3.64714,0.9156,-0.01526,-0.85070583,0.49243038,0.084289335
1764505178.973223,-3.64714,0.9156,-0.01526,-0.85070583,0.49243038,0.084289335
1764505178.973223,-3.64714,0.9156,-0.01526,-0.85070583,0.49243038,0.084289335
1764505178.973223,-5.08158,1.81594,0.57988,-0.85107204,0.492979695,0.081725865
1764505178.973223,-5.08158,1.81594,0.57988,-0.85107204,0.492979695,0.081725865
1764505178.973223,-5.08158,1.81594,0.57988,-0.85107204,0.492979695,0.081725865
1764505178.97422,-5.08158,1.81594,0.57988,-0.85107204,0.492979695,0.081725865
1764505179.0146272,-5.08158,1.81594,0.57988,-0.85107204,0.492979695,0.081725865
1764505179.0146272,-5.08158,1.81594,0.57988,-0.85107204,0.492979695,0.081725865
1764505179.0146272,-5.08158,1.81594,0.57988,-0.85107204,0.492979695,0.081725865
1764505179.0146272,-5.08158,1.81594,0.57988,-0.85107204,0.492979695,0.081725865
1764505179.0146272,-5.08158,1.81594,0.57988,-0.85107204,0.492979695,0.081725865
1764505179.0146272,-5.08158,1.81594,0.57988,-0.85107204,0.492979695,0.081725865
1764505179.0146272,-4.86794,1.05294,0.763,-0.8524758450000001,0.49462764,0.080261025
1764505179.0146272,-4.86794,1.05294,0.763,-0.8524758450000001,0.49462764,0.080261025
1764505179.0146272,-4.86794,1.05294,0.763,-0.8524758450000001,0.49462764,0.080261025
1764505179.0146272,-4.86794,1.05294,0.763,-0.8524758450000001,0.49462764,0.080261025
1764505179.0146272,-4.86794,1.05294,0.763,-0.8524758450000001,0.49462764,0.080261025
1764505179.0146272,-4.86794,1.05294,0.763,-0.8524758450000001,0.49462764,0.080261025
1764505179.0146272,-4.86794,1.05294,0.763,-0.8524758450000001,0.49462764,0.080261025
1764505179.0156484,-4.86794,1.05294,0.763,-0.8524758450000001,0.49462764,0.080261025
1764505179.0156484,-4.86794,1.05294,0.763,-0.8524758450000001,0.49462764,0.080261025
1764505179.0156484,-4.86794,1.05294,0.763,-0.8524758450000001,0.49462764,0.080261025
1764505179.0156484,-4.1965,-0.4578,0.6409199999999999,-0.853208265,0.496275585,0.08154276
1764505179.0156484,-4.1965,-0.4578,0.6409199999999999,-0.853208265,0.496275585,0.08154276
1764505179.0156484,-4.1965,-0.4578,0.6409199999999999,-0.853208265,0.496275585,0.08154276
1764505179.0156484,-4.1965,-0.4578,0.6409199999999999,-0.853208265,0.496275585,0.08154276
1764505179.0156484,-4.1965,-0.4578,0.6409199999999999,-0.853208265,0.496275585,0.08154276
1764505179.016646,-4.1965,-0.4578,0.6409199999999999,-0.853208265,0.496275585,0.08154276
1764505179.016646,-4.1965,-0.4578,0.6409199999999999,-0.853208265,0.496275585,0.08154276
1764505179.016646,-4.1965,-0.4578,0.6409199999999999,-0.853208265,0.496275585,0.08154276
1764505179.0668333,-4.1965,-0.4578,0.6409199999999999,-0.853208265,0.496275585,0.08154276
1764505179.0668333,-4.1965,-0.4578,0.6409199999999999,-0.853208265,0.496275585,0.08154276
1764505179.0668333,-4.97476,0.24416,-0.12208,-0.85119411,0.49584834,0.084045195
1764505179.0668333,-4.97476,0.24416,-0.12208,-0.85119411,0.49584834,0.084045195
1764505179.0668333,-4.97476,0.24416,-0.12208,-0.85119411,0.49584834,0.084045195
1764505179.0668333,-4.97476,0.24416,-0.12208,-0.85119411,0.49584834,0.084045195
1764505179.0668333,-4.97476,0.24416,-0.12208,-0.85119411,0.49584834,0.084045195
1764505179.0668333,-4.97476,0.24416,-0.12208,-0.85119411,0.49584834,0.084045195
1764505179.0668333,-4.97476,0.24416,-0.12208,-0.85119411,0.49584834,0.084045195
1764505179.0668333,-4.97476,0.24416,-0.12208,-0.85119411,0.49584834,0.084045195
1764505179.0668333,-4.97476,0.24416,-0.12208,-0.85119411,0.49584834,0.084045195
1764505179.0668333,-4.97476,0.24416,-0.12208,-0.85119411,0.49584834,0.084045195
1764505179.0668333,-5.31048,1.9075,0.01526,-0.84972927,0.49279659,0.08447244
1764505179.0668333,-5.31048,1.9075,0.01526,-0.84972927,0.49279659,0.08447244
1764505179.0668333,-5.31048,1.9075,0.01526,-0.84972927,0.49279659,0.08447244
1764505179.067849,-5.31048,1.9075,0.01526,-0.84972927,0.49279659,0.08447244
1764505179.067849,-5.31048,1.9075,0.01526,-0.84972927,0.49279659,0.08447244
1764505179.067849,-5.31048,1.9075,0.01526,-0.84972927,0.49279659,0.08447244
1764505179.067849,-5.31048,1.9075,0.01526,-0.84972927,0.49279659,0.08447244
1764505179.067849,-5.31048,1.9075,0.01526,-0.84972927,0.49279659,0.08447244
1764505179.067849,-5.31048,1.9075,0.01526,-0.84972927,0.49279659,0.08447244
1764505179.067849,-5.31048,1.9075,0.01526,-0.84972927,0.49279659,0.08447244
1764505179.067849,-4.91372,2.35004,1.05294,-0.8496072,0.49059933,0.084045195
1764505179.067849,-4.91372,2.35004,1.05294,-0.8496072,0.49059933,0.084045195
1764505179.1117775,-4.91372,2.35004,1.05294,-0.8496072,0.49059933,0.084045195
1764505179.1117775,-4.91372,2.35004,1.05294,-0.8496072,0.49059933,0.084045195
1764505179.1117775,-4.91372,2.35004,1.05294,-0.8496072,0.49059933,0.084045195
1764505179.1117775,-4.91372,2.35004,1.05294,-0.8496072,0.49059933,0.084045195
1764505179.1117775,-4.91372,2.35004,1.05294,-0.8496072,0.49059933,0.084045195
1764505179.1117775,-4.91372,2.35004,1.05294,-0.8496072,0.49059933,0.084045195
1764505179.1117775,-4.91372,2.35004,1.05294,-0.8496072,0.49059933,0.084045195
1764505179.1117775,-4.91372,2.35004,1.05294,-0.8496072,0.49059933,0.084045195
1764505179.1117775,-5.2647,1.72438,1.26658,-0.850766865,0.489683805,0.083556915
1764505179.1117775,-5.2647,1.72438,1.26658,-0.850766865,0.489683805,0.083556915
1764505179.1117775,-5.2647,1.72438,1.26658,-0.850766865,0.489683805,0.083556915
1764505179.1117775,-5.2647,1.72438,1.26658,-0.850766865,0.489683805,0.083556915
1764505179.1117775,-5.2647,1.72438,1.26658,-0.850766865,0.489683805,0.083556915
1764505179.1117775,-5.2647,1.72438,1.26658,-0.850766865,0.489683805,0.083556915
1764505179.1117775,-5.2647,1.72438,1.26658,-0.850766865,0.489683805,0.083556915
1764505179.1117775,-5.2647,1.72438,1.26658,-0.850766865,0.489683805,0.083556915
1764505179.1117775,-5.2647,1.72438,1.26658,-0.850766865,0.489683805,0.083556915
1764505179.1117775,-5.2647,1.72438,1.26658,-0.850766865,0.489683805,0.083556915
1764505179.1117775,-5.06632,0.8392999999999999,0.9003399999999999,-0.85131618,0.48998898,0.083801055
1764505179.1117775,-5.06632,0.8392999999999999,0.9003399999999999,-0.85131618,0.48998898,0.083801055
1764505179.1117775,-5.06632,0.8392999999999999,0.9003399999999999,-0.85131618,0.48998898,0.083801055
1764505179.1117775,-5.06632,0.8392999999999999,0.9003399999999999,-0.85131618,0.48998898,0.083801055
1764505179.1117775,-5.06632,0.8392999999999999,0.9003399999999999,-0.85131618,0.48998898,0.083801055
1764505179.1133091,-5.06632,0.8392999999999999,0.9003399999999999,-0.85131618,0.48998898,0.083801055
1764505179.1601586,-5.06632,0.8392999999999999,0.9003399999999999,-0.85131618,0.48998898,0.083801055
1764505179.1601586,-5.06632,0.8392999999999999,0.9003399999999999,-0.85131618,0.48998898,0.083801055
1764505179.1601586,-5.06632,0.8392999999999999,0.9003399999999999,-0.85131618,0.48998898,0.083801055
1764505179.1601586,-5.06632,0.8392999999999999,0.9003399999999999,-0.85131618,0.48998898,0.083801055
1764505179.1611693,-4.959499999999999,1.09872,0.8392999999999999,-0.8519875650000001,0.491026575,0.084289335
1764505179.1611693,-4.959499999999999,1.09872,0.8392999999999999,-0.8519875650000001,0.491026575,0.084289335
1764505179.1616778,-4.959499999999999,1.09872,0.8392999999999999,-0.8519875650000001,0.491026575,0.084289335
1764505179.1616778,-4.959499999999999,1.09872,0.8392999999999999,-0.8519875650000001,0.491026575,0.084289335
1764505179.1616778,-4.959499999999999,1.09872,0.8392999999999999,-0.8519875650000001,0.491026575,0.084289335
1764505179.1616778,-4.959499999999999,1.09872,0.8392999999999999,-0.8519875650000001,0.491026575,0.084289335
1764505179.1616778,-4.959499999999999,1.09872,0.8392999999999999,-0.8519875650000001,0.491026575,0.084289335
1764505179.1616778,-4.959499999999999,1.09872,0.8392999999999999,-0.8519875650000001,0.491026575,0.084289335
1764505179.1626933,-4.959499999999999,1.09872,0.8392999999999999,-0.8519875650000001,0.491026575,0.084289335
1764505179.1626933,-4.959499999999999,1.09872,0.8392999999999999,-0.8519875650000001,0.491026575,0.084289335
1764505179.1626933,-4.059159999999999,0.3509799999999999,1.11398,-0.852231705,0.490538295,0.084167265
1764505179.1626933,-4.059159999999999,0.3509799999999999,1.11398,-0.852231705,0.490538295,0.084167265
1764505179.1626933,-4.059159999999999,0.3509799999999999,1.11398,-0.852231705,0.490538295,0.084167265
1764505179.1637087,-4.059159999999999,0.3509799999999999,1.11398,-0.852231705,0.490538295,0.084167265
1764505179.1637087,-4.059159999999999,0.3509799999999999,1.11398,-0.852231705,0.490538295,0.084167265
1764505179.1637087,-4.059159999999999,0.3509799999999999,1.11398,-0.852231705,0.490538295,0.084167265
1764505179.1637087,-4.059159999999999,0.3509799999999999,1.11398,-0.852231705,0.490538295,0.084167265
1764505179.1637087,-4.059159999999999,0.3509799999999999,1.11398,-0.852231705,0.490538295,0.084167265
1764505179.1637087,-4.059159999999999,0.3509799999999999,1.11398,-0.852231705,0.490538295,0.084167265
1764505179.1637087,-4.059159999999999,0.3509799999999999,1.11398,-0.852231705,0.490538295,0.084167265
1764505179.2043197,-2.88414,0.62566,1.05294,-0.8514382500000001,0.491392785,0.08386209
1764505179.2043197,-2.88414,0.62566,1.05294,-0.8514382500000001,0.491392785,0.08386209
1764505179.2043197,-2.88414,0.62566,1.05294,-0.8514382500000001,0.491392785,0.08386209
1764505179.2043197,-2.88414,0.62566,1.05294,-0.8514382500000001,0.491392785,0.08386209
1764505179.2043197,-2.88414,0.62566,1.05294,-0.8514382500000001,0.491392785,0.08386209
1764505179.2043197,-2.88414,0.62566,1.05294,-0.8514382500000001,0.491392785,0.08386209
1764505179.2043197,-2.88414,0.62566,1.05294,-0.8514382500000001,0.491392785,0.08386209
1764505179.2043197,-2.88414,0.62566,1.05294,-0.8514382500000001,0.491392785,0.08386209
1764505179.2043197,-2.88414,0.62566,1.05294,-0.8514382500000001,0.491392785,0.08386209
1764505179.2043197,-2.88414,0.62566,1.05294,-0.8514382500000001,0.491392785,0.08386209
1764505179.2053468,-2.79258,1.28184,0.54936,-0.851499285,0.49328487,0.08227518
1764505179.2053468,-2.79258,1.28184,0.54936,-0.851499285,0.49328487,0.08227518
1764505179.2053468,-2.79258,1.28184,0.54936,-0.851499285,0.49328487,0.08227518
1764505179.2063894,-2.79258,1.28184,0.54936,-0.851499285,0.49328487,0.08227518
1764505179.2063894,-2.79258,1.28184,0.54936,-0.851499285,0.49328487,0.08227518
1764505179.2063894,-2.79258,1.28184,0.54936,-0.851499285,0.49328487,0.08227518
1764505179.2063894,-2.79258,1.28184,0.54936,-0.851499285,0.49328487,0.08227518
1764505179.2063894,-2.79258,1.28184,0.54936,-0.851499285,0.49328487,0.08227518
1764505179.2063894,-2.79258,1.28184,0.54936,-0.851499285,0.49328487,0.08227518
1764505179.2063894,-2.79258,1.28184,0.54936,-0.851499285,0.49328487,0.08227518
1764505179.2063894,-3.93708,0.85456,-0.0762999999999999,-0.8498513400000001,0.49511592,0.081970005
1764505179.2063894,-3.93708,0.85456,-0.0762999999999999,-0.8498513400000001,0.49511592,0.081970005
1764505179.2513,-3.93708,0.85456,-0.0762999999999999,-0.8498513400000001,0.49511592,0.081970005
1764505179.2513,-3.93708,0.85456,-0.0762999999999999,-0.8498513400000001,0.49511592,0.081970005
1764505179.2513,-3.93708,0.85456,-0.0762999999999999,-0.8498513400000001,0.49511592,0.081970005
1764505179.2513,-3.93708,0.85456,-0.0762999999999999,-0.8498513400000001,0.49511592,0.081970005
1764505179.2513,-3.93708,0.85456,-0.0762999999999999,-0.8498513400000001,0.49511592,0.081970005
1764505179.2513,-3.93708,0.85456,-0.0762999999999999,-0.8498513400000001,0.49511592,0.081970005
1764505179.2513,-3.93708,0.85456,-0.0762999999999999,-0.8498513400000001,0.49511592,0.081970005
1764505179.2513,-3.93708,0.85456,-0.0762999999999999,-0.8498513400000001,0.49511592,0.081970005
1764505179.2513,-4.852679999999999,1.49548,-0.03052,-0.849179955,0.49523799,0.082458285
1764505179.2513,-4.852679999999999,1.49548,-0.03052,-0.849179955,0.49523799,0.082458285
1764505179.2513,-4.852679999999999,1.49548,-0.03052,-0.849179955,0.49523799,0.082458285
1764505179.2513,-4.852679999999999,1.49548,-0.03052,-0.849179955,0.49523799,0.082458285
1764505179.2518346,-4.852679999999999,1.49548,-0.03052,-0.849179955,0.49523799,0.082458285
1764505179.2518346,-4.852679999999999,1.49548,-0.03052,-0.849179955,0.49523799,0.082458285
1764505179.2518346,-4.852679999999999,1.49548,-0.03052,-0.849179955,0.49523799,0.082458285
1764505179.2518346,-4.852679999999999,1.49548,-0.03052,-0.849179955,0.49523799,0.082458285
1764505179.252857,-4.852679999999999,1.49548,-0.03052,-0.849179955,0.49523799,0.082458285
1764505179.252857,-4.852679999999999,1.49548,-0.03052,-0.849179955,0.49523799,0.082458285
1764505179.252857,-4.10494,0.8392999999999999,0.6103999999999999,-0.850034445,0.495543165,0.082702425
1764505179.252857,-4.10494,0.8392999999999999,0.6103999999999999,-0.850034445,0.495543165,0.082702425
1764505179.252857,-4.10494,0.8392999999999999,0.6103999999999999,-0.850034445,0.495543165,0.082702425
1764505179.252857,-4.10494,0.8392999999999999,0.6103999999999999,-0.850034445,0.495543165,0.082702425
1764505179.252857,-4.10494,0.8392999999999999,0.6103999999999999,-0.850034445,0.495543165,0.082702425
1764505179.252857,-4.10494,0.8392999999999999,0.6103999999999999,-0.850034445,0.495543165,0.082702425
1764505179.2958128,-4.10494,0.8392999999999999,0.6103999999999999,-0.850034445,0.495543165,0.082702425
1764505179.2958128,-4.10494,0.8392999999999999,0.6103999999999999,-0.850034445,0.495543165,0.082702425
1764505179.2968416,-4.10494,0.8392999999999999,0.6103999999999999,-0.850034445,0.495543165,0.082702425
1764505179.2968416,-4.10494,0.8392999999999999,0.6103999999999999,-0.850034445,0.495543165,0.082702425
1764505179.2968416,-5.08158,0.88508,0.57988,-0.851621355,0.49597041,0.083312775
1764505179.2968416,-5.08158,0.88508,0.57988,-0.851621355,0.49597041,0.083312775
1764505179.2968416,-5.08158,0.88508,0.57988,-0.851621355,0.49597041,0.083312775
1764505179.2968416,-5.08158,0.88508,0.57988,-0.851621355,0.49597041,0.083312775
1764505179.2968416,-5.08158,0.88508,0.57988,-0.851621355,0.49597041,0.083312775
1764505179.2968416,-5.08158,0.88508,0.57988,-0.851621355,0.49597041,0.083312775
1764505179.2968416,-5.08158,0.88508,0.57988,-0.851621355,0.49597041,0.083312775
1764505179.2968416,-5.08158,0.88508,0.57988,-0.851621355,0.49597041,0.083312775
1764505179.2968416,-5.08158,0.88508,0.57988,-0.851621355,0.49597041,0.083312775
1764505179.2968416,-5.08158,0.88508,0.57988,-0.851621355,0.49597041,0.083312775
1764505179.2968416,-5.0358,1.05294,0.10682,-0.85094997,0.49511592,0.084289335
1764505179.2968416,-5.0358,1.05294,0.10682,-0.85094997,0.49511592,0.084289335
1764505179.2968416,-5.0358,1.05294,0.10682,-0.85094997,0.49511592,0.084289335
1764505179.2968416,-5.0358,1.05294,0.10682,-0.85094997,0.49511592,0.084289335
1764505179.2968416,-5.0358,1.05294,0.10682,-0.85094997,0.49511592,0.084289335
1764505179.2968416,-5.0358,1.05294,0.10682,-0.85094997,0.49511592,0.084289335
1764505179.297853,-5.0358,1.05294,0.10682,-0.85094997,0.49511592,0.084289335
1764505179.297853,-5.0358,1.05294,0.10682,-0.85094997,0.49511592,0.084289335
1764505179.3447828,-5.0358,1.05294,0.10682,-0.85094997,0.49511592,0.084289335
1764505179.3447828,-5.0358,1.05294,0.10682,-0.85094997,0.49511592,0.084289335
1764505179.3447828,-4.059159999999999,1.6633399999999998,0.03052,-0.851255145,0.49279659,0.08508279
1764505179.3447828,-4.059159999999999,1.6633399999999998,0.03052,-0.851255145,0.49279659,0.08508279
1764505179.3468585,-4.059159999999999,1.6633399999999998,0.03052,-0.851255145,0.49279659,0.08508279
1764505179.3468585,-4.059159999999999,1.6633399999999998,0.03052,-0.851255145,0.49279659,0.08508279
1764505179.3468585,-4.059159999999999,1.6633399999999998,0.03052,-0.851255145,0.49279659,0.08508279
1764505179.3468585,-4.059159999999999,1.6633399999999998,0.03052,-0.851255145,0.49279659,0.08508279
1764505179.3468585,-4.059159999999999,1.6633399999999998,0.03052,-0.851255145,0.49279659,0.08508279
1764505179.3468585,-4.059159999999999,1.6633399999999998,0.03052,-0.851255145,0.49279659,0.08508279
1764505179.3468585,-4.059159999999999,1.6633399999999998,0.03052,-0.851255145,0.49279659,0.08508279
1764505179.3468585,-4.059159999999999,1.6633399999999998,0.03052,-0.851255145,0.49279659,0.08508279
1764505179.3468585,-3.3572,1.9075,0.73248,-0.85131618,0.49084347,0.084533475
1764505179.3468585,-3.3572,1.9075,0.73248,-0.85131618,0.49084347,0.084533475
1764505179.3468585,-3.3572,1.9075,0.73248,-0.85131618,0.49084347,0.084533475
1764505179.3468585,-3.3572,1.9075,0.73248,-0.85131618,0.49084347,0.084533475
1764505179.3468585,-3.3572,1.9075,0.73248,-0.85131618,0.49084347,0.084533475
1764505179.3468585,-3.3572,1.9075,0.73248,-0.85131618,0.49084347,0.084533475
1764505179.3468585,-3.3572,1.9075,0.73248,-0.85131618,0.49084347,0.084533475
1764505179.3468585,-3.3572,1.9075,0.73248,-0.85131618,0.49084347,0.084533475
1764505179.3468585,-3.3572,1.9075,0.73248,-0.85131618,0.49084347,0.084533475
1764505179.3468585,-3.3572,1.9075,0.73248,-0.85131618,0.49084347,0.084533475
1764505179.3468585,-2.56368,1.02242,0.62566,-0.851133075,0.490294155,0.083190705
1764505179.3468585,-2.56368,1.02242,0.62566,-0.851133075,0.490294155,0.083190705
1764505179.3959436,-2.56368,1.02242,0.62566,-0.851133075,0.490294155,0.083190705
1764505179.3959436,-2.56368,1.02242,0.62566,-0.851133075,0.490294155,0.083190705
1764505179.3959436,-2.56368,1.02242,0.62566,-0.851133075,0.490294155,0.083190705
1764505179.3959436,-2.56368,1.02242,0.62566,-0.851133075,0.490294155,0.083190705
1764505179.3959436,-2.56368,1.02242,0.62566,-0.851133075,0.490294155,0.083190705
1764505179.3959436,-2.56368,1.02242,0.62566,-0.851133075,0.490294155,0.083190705
1764505179.3959436,-2.56368,1.02242,0.62566,-0.851133075,0.490294155,0.083190705
1764505179.3959436,-2.56368,1.02242,0.62566,-0.851133075,0.490294155,0.083190705
1764505179.3959436,-2.1364,0.7019599999999999,0.3509799999999999,-0.85168239,0.49084347,0.083312775
1764505179.3959436,-2.1364,0.7019599999999999,0.3509799999999999,-0.85168239,0.49084347,0.083312775
1764505179.3959436,-2.1364,0.7019599999999999,0.3509799999999999,-0.85168239,0.49084347,0.083312775
1764505179.3959436,-2.1364,0.7019599999999999,0.3509799999999999,-0.85168239,0.49084347,0.083312775
1764505179.3959436,-2.1364,0.7019599999999999,0.3509799999999999,-0.85168239,0.49084347,0.083312775
1764505179.3959436,-2.1364,0.7019599999999999,0.3509799999999999,-0.85168239,0.49084347,0.083312775
1764505179.3959436,-2.1364,0.7019599999999999,0.3509799999999999,-0.85168239,0.49084347,0.083312775
1764505179.3959436,-2.1364,0.7019599999999999,0.3509799999999999,-0.85168239,0.49084347,0.083312775
1764505179.3959436,-2.1364,0.7019599999999999,0.3509799999999999,-0.85168239,0.49084347,0.083312775
1764505179.3959436,-2.1364,0.7019599999999999,0.3509799999999999,-0.85168239,0.49084347,0.083312775
1764505179.3959436,-1.95328,0.41202,0.41202,-0.8524758450000001,0.49169796,0.08459451
1764505179.3959436,-1.95328,0.41202,0.41202,-0.8524758450000001,0.49169796,0.08459451
1764505179.3959436,-1.95328,0.41202,0.41202,-0.8524758450000001,0.49169796,0.08459451
1764505179.396933,-1.95328,0.41202,0.41202,-0.8524758450000001,0.49169796,0.08459451
1764505179.396933,-1.95328,0.41202,0.41202,-0.8524758450000001,0.49169796,0.08459451
1764505179.396933,-1.95328,0.41202,0.41202,-0.8524758450000001,0.49169796,0.08459451
1764505179.4364345,-1.95328,0.41202,0.41202,-0.8524758450000001,0.49169796,0.08459451
1764505179.4364345,-1.95328,0.41202,0.41202,-0.8524758450000001,0.49169796,0.08459451
1764505179.4364345,-1.95328,0.41202,0.41202,-0.8524758450000001,0.49169796,0.08459451
1764505179.4364345,-1.95328,0.41202,0.41202,-0.8524758450000001,0.49169796,0.08459451
1764505179.4364345,-2.39582,0.62566,0.50358,-0.852719985,0.493834185,0.08496072
1764505179.4364345,-2.39582,0.62566,0.50358,-0.852719985,0.493834185,0.08496072
1764505179.4364345,-2.39582,0.62566,0.50358,-0.852719985,0.493834185,0.08496072
1764505179.4364345,-2.39582,0.62566,0.50358,-0.852719985,0.493834185,0.08496072
1764505179.4364345,-2.39582,0.62566,0.50358,-0.852719985,0.493834185,0.08496072
1764505179.4364345,-2.39582,0.62566,0.50358,-0.852719985,0.493834185,0.08496072
1764505179.4364345,-2.39582,0.62566,0.50358,-0.852719985,0.493834185,0.08496072
1764505179.4364345,-2.39582,0.62566,0.50358,-0.852719985,0.493834185,0.08496072
1764505179.4364345,-2.39582,0.62566,0.50358,-0.852719985,0.493834185,0.08496072
1764505179.4364345,-2.39582,0.62566,0.50358,-0.852719985,0.493834185,0.08496072
1764505179.4364345,-3.87604,1.32762,-0.13734,-0.851255145,0.4968249,0.084167265
1764505179.4364345,-3.87604,1.32762,-0.13734,-0.851255145,0.4968249,0.084167265
1764505179.4364345,-3.87604,1.32762,-0.13734,-0.851255145,0.4968249,0.084167265
1764505179.4364345,-3.87604,1.32762,-0.13734,-0.851255145,0.4968249,0.084167265
1764505179.4374666,-3.87604,1.32762,-0.13734,-0.851255145,0.4968249,0.084167265
1764505179.4374666,-3.87604,1.32762,-0.13734,-0.851255145,0.4968249,0.084167265
1764505179.4374666,-3.87604,1.32762,-0.13734,-0.851255145,0.4968249,0.084167265
1764505179.4374666,-3.87604,1.32762,-0.13734,-0.851255145,0.4968249,0.084167265
1764505179.4860756,-3.87604,1.32762,-0.13734,-0.851255145,0.4968249,0.084167265
1764505179.4860756,-3.87604,1.32762,-0.13734,-0.851255145,0.4968249,0.084167265
1764505179.4860756,-4.852679999999999,1.41918,-0.1525999999999999,-0.850766865,0.49743525,0.08471658
1764505179.4860756,-4.852679999999999,1.41918,-0.1525999999999999,-0.850766865,0.49743525,0.08471658
1764505179.4860756,-4.852679999999999,1.41918,-0.1525999999999999,-0.850766865,0.49743525,0.08471658
1764505179.4860756,-4.852679999999999,1.41918,-0.1525999999999999,-0.850766865,0.49743525,0.08471658
1764505179.4860756,-4.852679999999999,1.41918,-0.1525999999999999,-0.850766865,0.49743525,0.08471658
1764505179.4860756,-4.852679999999999,1.41918,-0.1525999999999999,-0.850766865,0.49743525,0.08471658
1764505179.4860756,-4.852679999999999,1.41918,-0.1525999999999999,-0.850766865,0.49743525,0.08471658
1764505179.4860756,-4.852679999999999,1.41918,-0.1525999999999999,-0.850766865,0.49743525,0.08471658
1764505179.4860756,-4.852679999999999,1.41918,-0.1525999999999999,-0.850766865,0.49743525,0.08471658
1764505179.4860756,-4.852679999999999,1.41918,-0.1525999999999999,-0.850766865,0.49743525,0.08471658
1764505179.487075,-4.89846,1.57178,-0.12208,-0.85119411,0.49584834,0.08581521
1764505179.487075,-4.89846,1.57178,-0.12208,-0.85119411,0.49584834,0.08581521
1764505179.487075,-4.89846,1.57178,-0.12208,-0.85119411,0.49584834,0.08581521
1764505179.487075,-4.89846,1.57178,-0.12208,-0.85119411,0.49584834,0.08581521
1764505179.487075,-4.89846,1.57178,-0.12208,-0.85119411,0.49584834,0.08581521
1764505179.487075,-4.89846,1.57178,-0.12208,-0.85119411,0.49584834,0.08581521
1764505179.487075,-4.89846,1.57178,-0.12208,-0.85119411,0.49584834,0.08581521
1764505179.487075,-4.89846,1.57178,-0.12208,-0.85119411,0.49584834,0.08581521
1764505179.487075,-4.89846,1.57178,-0.12208,-0.85119411,0.49584834,0.08581521
1764505179.487075,-4.89846,1.57178,-0.12208,-0.85119411,0.49584834,0.08581521
1764505179.487075,-4.76112,1.48022,-0.18312,-0.851865495,0.49413936,0.08557107
1764505179.487075,-4.76112,1.48022,-0.18312,-0.851865495,0.49413936,0.08557107
1764505179.534719,-4.76112,1.48022,-0.18312,-0.851865495,0.49413936,0.08557107
1764505179.534719,-4.76112,1.48022,-0.18312,-0.851865495,0.49413936,0.08557107
1764505179.534719,-4.76112,1.48022,-0.18312,-0.851865495,0.49413936,0.08557107
1764505179.534719,-4.76112,1.48022,-0.18312,-0.851865495,0.49413936,0.08557107
1764505179.534719,-4.76112,1.48022,-0.18312,-0.851865495,0.49413936,0.08557107
1764505179.534719,-4.76112,1.48022,-0.18312,-0.851865495,0.49413936,0.08557107
1764505179.534719,-4.76112,1.48022,-0.18312,-0.851865495,0.49413936,0.08557107
1764505179.534719,-4.76112,1.48022,-0.18312,-0.851865495,0.49413936,0.08557107
1764505179.534719,-4.15072,0.9919,0.24416,-0.8514382500000001,0.492003135,0.084533475
1764505179.5352378,-4.15072,0.9919,0.24416,-0.8514382500000001,0.492003135,0.084533475
1764505179.5352378,-4.15072,0.9919,0.24416,-0.8514382500000001,0.492003135,0.084533475
1764505179.5352378,-4.15072,0.9919,0.24416,-0.8514382500000001,0.492003135,0.084533475
1764505179.5352378,-4.15072,0.9919,0.24416,-0.8514382500000001,0.492003135,0.084533475
1764505179.5352378,-4.15072,0.9919,0.24416,-0.8514382500000001,0.492003135,0.084533475
1764505179.5352378,-4.15072,0.9919,0.24416,-0.8514382500000001,0.492003135,0.084533475
1764505179.5352378,-4.15072,0.9919,0.24416,-0.8514382500000001,0.492003135,0.084533475
1764505179.5352378,-4.15072,0.9919,0.24416,-0.8514382500000001,0.492003135,0.084533475
1764505179.5352378,-4.15072,0.9919,0.24416,-0.8514382500000001,0.492003135,0.084533475
1764505179.5352378,-3.63188,0.97664,-0.04578,-0.85168239,0.49084347,0.08203104
1764505179.5352378,-3.63188,0.97664,-0.04578,-0.85168239,0.49084347,0.08203104
1764505179.5352378,-3.63188,0.97664,-0.04578,-0.85168239,0.49084347,0.08203104
1764505179.5352378,-3.63188,0.97664,-0.04578,-0.85168239,0.49084347,0.08203104
1764505179.5805306,-3.63188,0.97664,-0.04578,-0.85168239,0.49084347,0.08203104
1764505179.5805306,-3.63188,0.97664,-0.04578,-0.85168239,0.49084347,0.08203104
1764505179.5805306,-3.63188,0.97664,-0.04578,-0.85168239,0.49084347,0.08203104
1764505179.5805306,-3.63188,0.97664,-0.04578,-0.85168239,0.49084347,0.08203104
1764505179.5805306,-3.63188,0.97664,-0.04578,-0.85168239,0.49084347,0.08203104
1764505179.5805306,-3.63188,0.97664,-0.04578,-0.85168239,0.49084347,0.08203104
1764505179.5813851,-2.9757,0.8392999999999999,0.13734,-0.851133075,0.491148645,0.08129862
1764505179.5813851,-2.9757,0.8392999999999999,0.13734,-0.851133075,0.491148645,0.08129862
1764505179.5813851,-2.9757,0.8392999999999999,0.13734,-0.851133075,0.491148645,0.08129862
1764505179.5813851,-2.9757,0.8392999999999999,0.13734,-0.851133075,0.491148645,0.08129862
1764505179.5813851,-2.9757,0.8392999999999999,0.13734,-0.851133075,0.491148645,0.08129862
1764505179.5813851,-2.9757,0.8392999999999999,0.13734,-0.851133075,0.491148645,0.08129862
1764505179.5813851,-2.9757,0.8392999999999999,0.13734,-0.851133075,0.491148645,0.08129862
1764505179.5813851,-2.9757,0.8392999999999999,0.13734,-0.851133075,0.491148645,0.08129862
1764505179.5813851,-2.9757,0.8392999999999999,0.13734,-0.851133075,0.491148645,0.08129862
1764505179.5813851,-2.9757,0.8392999999999999,0.13734,-0.851133075,0.491148645,0.08129862
1764505179.5813851,-2.289,1.09872,0.3204599999999999,-0.851377215,0.49218624,0.08154276
1764505179.5813851,-2.289,1.09872,0.3204599999999999,-0.851377215,0.49218624,0.08154276
1764505179.5813851,-2.289,1.09872,0.3204599999999999,-0.851377215,0.49218624,0.08154276
1764505179.5813851,-2.289,1.09872,0.3204599999999999,-0.851377215,0.49218624,0.08154276
1764505179.5813851,-2.289,1.09872,0.3204599999999999,-0.851377215,0.49218624,0.08154276
1764505179.5813851,-2.289,1.09872,0.3204599999999999,-0.851377215,0.49218624,0.08154276
1764505179.5813851,-2.289,1.09872,0.3204599999999999,-0.851377215,0.49218624,0.08154276
1764505179.5819025,-2.289,1.09872,0.3204599999999999,-0.851377215,0.49218624,0.08154276
1764505179.626791,-2.289,1.09872,0.3204599999999999,-0.851377215,0.49218624,0.08154276
1764505179.626791,-2.289,1.09872,0.3204599999999999,-0.851377215,0.49218624,0.08154276
1764505179.626791,-2.41108,1.19028,0.6714399999999999,-0.852231705,0.492857625,0.081725865
1764505179.626791,-2.41108,1.19028,0.6714399999999999,-0.852231705,0.492857625,0.081725865
1764505179.626791,-2.41108,1.19028,0.6714399999999999,-0.852231705,0.492857625,0.081725865
1764505179.626791,-2.41108,1.19028,0.6714399999999999,-0.852231705,0.492857625,0.081725865
1764505179.626791,-2.41108,1.19028,0.6714399999999999,-0.852231705,0.492857625,0.081725865
1764505179.626791,-2.41108,1.19028,0.6714399999999999,-0.852231705,0.492857625,0.081725865
1764505179.626791,-2.41108,1.19028,0.6714399999999999,-0.852231705,0.492857625,0.081725865
1764505179.626791,-2.41108,1.19028,0.6714399999999999,-0.852231705,0.492857625,0.081725865
1764505179.626791,-2.41108,1.19028,0.6714399999999999,-0.852231705,0.492857625,0.081725865
1764505179.626791,-2.41108,1.19028,0.6714399999999999,-0.852231705,0.492857625,0.081725865
1764505179.626791,-2.50264,0.7019599999999999,0.01526,-0.85241481,0.49389522,0.082580355
1764505179.626791,-2.50264,0.7019599999999999,0.01526,-0.85241481,0.49389522,0.082580355
1764505179.626791,-2.50264,0.7019599999999999,0.01526,-0.85241481,0.49389522,0.082580355
1764505179.626791,-2.50264,0.7019599999999999,0.01526,-0.85241481,0.49389522,0.082580355
1764505179.626791,-2.50264,0.7019599999999999,0.01526,-0.85241481,0.49389522,0.082580355
1764505179.626791,-2.50264,0.7019599999999999,0.01526,-0.85241481,0.49389522,0.082580355
1764505179.626791,-2.50264,0.7019599999999999,0.01526,-0.85241481,0.49389522,0.082580355
1764505179.626791,-2.50264,0.7019599999999999,0.01526,-0.85241481,0.49389522,0.082580355
1764505179.626791,-2.50264,0.7019599999999999,0.01526,-0.85241481,0.49389522,0.082580355
1764505179.626791,-2.50264,0.7019599999999999,0.01526,-0.85241481,0.49389522,0.082580355
1764505179.626791,-2.92992,1.38866,-0.10682,-0.85229274,0.493834185,0.082092075
1764505179.626791,-2.92992,1.38866,-0.10682,-0.85229274,0.493834185,0.082092075
1764505179.6726785,-2.92992,1.38866,-0.10682,-0.85229274,0.493834185,0.082092075
1764505179.6726785,-2.92992,1.38866,-0.10682,-0.85229274,0.493834185,0.082092075
1764505179.6726785,-2.92992,1.38866,-0.10682,-0.85229274,0.493834185,0.082092075
1764505179.6726785,-2.92992,1.38866,-0.10682,-0.85229274,0.493834185,0.082092075
1764505179.6726785,-2.92992,1.38866,-0.10682,-0.85229274,0.493834185,0.082092075
1764505179.6726785,-2.92992,1.38866,-0.10682,-0.85229274,0.493834185,0.082092075
1764505179.6726785,-2.92992,1.38866,-0.10682,-0.85229274,0.493834185,0.082092075
1764505179.6726785,-2.92992,1.38866,-0.10682,-0.85229274,0.493834185,0.082092075
1764505179.6726785,-3.40298,1.526,0.74774,-0.85180446,0.493345905,0.08105448
1764505179.6726785,-3.40298,1.526,0.74774,-0.85180446,0.493345905,0.08105448
1764505179.6726785,-3.40298,1.526,0.74774,-0.85180446,0.493345905,0.08105448
1764505179.6726785,-3.40298,1.526,0.74774,-0.85180446,0.493345905,0.08105448
1764505179.6726785,-3.40298,1.526,0.74774,-0.85180446,0.493345905,0.08105448
1764505179.6736972,-3.40298,1.526,0.74774,-0.85180446,0.493345905,0.08105448
1764505179.6736972,-3.40298,1.526,0.74774,-0.85180446,0.493345905,0.08105448
1764505179.6736972,-3.40298,1.526,0.74774,-0.85180446,0.493345905,0.08105448
1764505179.6736972,-3.40298,1.526,0.74774,-0.85180446,0.493345905,0.08105448
1764505179.6736972,-3.40298,1.526,0.74774,-0.85180446,0.493345905,0.08105448
1764505179.6736972,-3.00622,0.57988,0.25942,-0.85107204,0.493590045,0.08166483
1764505179.6736972,-3.00622,0.57988,0.25942,-0.85107204,0.493590045,0.08166483
1764505179.6736972,-3.00622,0.57988,0.25942,-0.85107204,0.493590045,0.08166483
1764505179.6736972,-3.00622,0.57988,0.25942,-0.85107204,0.493590045,0.08166483
1764505179.6736972,-3.00622,0.57988,0.25942,-0.85107204,0.493590045,0.08166483
1764505179.6736972,-3.00622,0.57988,0.25942,-0.85107204,0.493590045,0.08166483
1764505179.7191336,-3.00622,0.57988,0.25942,-0.85107204,0.493590045,0.08166483
1764505179.7191336,-3.00622,0.57988,0.25942,-0.85107204,0.493590045,0.08166483
1764505179.7191336,-3.00622,0.57988,0.25942,-0.85107204,0.493590045,0.08166483
1764505179.7191336,-3.00622,0.57988,0.25942,-0.85107204,0.493590045,0.08166483
1764505179.7191336,-2.18218,1.1445,0.09156,-0.8498513400000001,0.49255245,0.08276346
1764505179.7191336,-2.18218,1.1445,0.09156,-0.8498513400000001,0.49255245,0.08276346
1764505179.7191336,-2.18218,1.1445,0.09156,-0.8498513400000001,0.49255245,0.08276346
1764505179.7191336,-2.18218,1.1445,0.09156,-0.8498513400000001,0.49255245,0.08276346
1764505179.7191336,-2.18218,1.1445,0.09156,-0.8498513400000001,0.49255245,0.08276346
1764505179.7191336,-2.18218,1.1445,0.09156,-0.8498513400000001,0.49255245,0.08276346
1764505179.7191336,-2.18218,1.1445,0.09156,-0.8498513400000001,0.49255245,0.08276346
1764505179.7191336,-2.18218,1.1445,0.09156,-0.8498513400000001,0.49255245,0.08276346
1764505179.7191336,-2.18218,1.1445,0.09156,-0.8498513400000001,0.49255245,0.08276346
1764505179.7191336,-2.18218,1.1445,0.09156,-0.8498513400000001,0.49255245,0.08276346
1764505179.7191336,-2.9757,1.87698,-0.28994,-0.849546165,0.49218624,0.08251932
1764505179.7191336,-2.9757,1.87698,-0.28994,-0.849546165,0.49218624,0.08251932
1764505179.7191336,-2.9757,1.87698,-0.28994,-0.849546165,0.49218624,0.08251932
1764505179.7191336,-2.9757,1.87698,-0.28994,-0.849546165,0.49218624,0.08251932
1764505179.7191336,-2.9757,1.87698,-0.28994,-0.849546165,0.49218624,0.08251932
1764505179.7191336,-2.9757,1.87698,-0.28994,-0.849546165,0.49218624,0.08251932
1764505179.7191336,-2.9757,1.87698,-0.28994,-0.849546165,0.49218624,0.08251932
1764505179.7191336,-2.9757,1.87698,-0.28994,-0.849546165,0.49218624,0.08251932
1764505179.7675402,-2.9757,1.87698,-0.28994,-0.849546165,0.49218624,0.08251932
1764505179.7675402,-2.9757,1.87698,-0.28994,-0.849546165,0.49218624,0.08251932
1764505179.7675402,-3.55558,2.0601,1.0682,-0.85229274,0.49462764,0.08142069
1764505179.7675402,-3.55558,2.0601,1.0682,-0.85229274,0.49462764,0.08142069
1764505179.7675402,-3.55558,2.0601,1.0682,-0.85229274,0.49462764,0.08142069
1764505179.7675402,-3.55558,2.0601,1.0682,-0.85229274,0.49462764,0.08142069
1764505179.7675402,-3.55558,2.0601,1.0682,-0.85229274,0.49462764,0.08142069
1764505179.7685485,-3.55558,2.0601,1.0682,-0.85229274,0.49462764,0.08142069
1764505179.7685485,-3.55558,2.0601,1.0682,-0.85229274,0.49462764,0.08142069
1764505179.7685485,-3.55558,2.0601,1.0682,-0.85229274,0.49462764,0.08142069
1764505179.7685485,-3.55558,2.0601,1.0682,-0.85229274,0.49462764,0.08142069
1764505179.7685485,-3.55558,2.0601,1.0682,-0.85229274,0.49462764,0.08142069
1764505179.7685485,-3.86078,-0.10682,0.47306,-0.854306895,0.49670283,0.080383095
1764505179.7685485,-3.86078,-0.10682,0.47306,-0.854306895,0.49670283,0.080383095
1764505179.7685485,-3.86078,-0.10682,0.47306,-0.854306895,0.49670283,0.080383095
1764505179.7685485,-3.86078,-0.10682,0.47306,-0.854306895,0.49670283,0.080383095
1764505179.7685485,-3.86078,-0.10682,0.47306,-0.854306895,0.49670283,0.080383095
1764505179.7685485,-3.86078,-0.10682,0.47306,-0.854306895,0.49670283,0.080383095
1764505179.7685485,-3.86078,-0.10682,0.47306,-0.854306895,0.49670283,0.080383095
1764505179.7685485,-3.86078,-0.10682,0.47306,-0.854306895,0.49670283,0.080383095
1764505179.7685485,-3.86078,-0.10682,0.47306,-0.854306895,0.49670283,0.080383095
1764505179.7685485,-3.86078,-0.10682,0.47306,-0.854306895,0.49670283,0.080383095
1764505179.7685485,-3.87604,-0.47306,-0.19838,-0.853208265,0.497496285,0.08239725
1764505179.7685485,-3.87604,-0.47306,-0.19838,-0.853208265,0.497496285,0.08239725
1764505179.8138118,-3.87604,-0.47306,-0.19838,-0.853208265,0.497496285,0.08239725
1764505179.8138118,-3.87604,-0.47306,-0.19838,-0.853208265,0.497496285,0.08239725
1764505179.8138118,-3.87604,-0.47306,-0.19838,-0.853208265,0.497496285,0.08239725
1764505179.8138118,-3.87604,-0.47306,-0.19838,-0.853208265,0.497496285,0.08239725
1764505179.8138118,-3.87604,-0.47306,-0.19838,-0.853208265,0.497496285,0.08239725
1764505179.8138118,-3.87604,-0.47306,-0.19838,-0.853208265,0.497496285,0.08239725
1764505179.8138118,-3.87604,-0.47306,-0.19838,-0.853208265,0.497496285,0.08239725
1764505179.8138118,-3.87604,-0.47306,-0.19838,-0.853208265,0.497496285,0.08239725
1764505179.8138118,-4.5017,1.96854,-0.06104,-0.8514382500000001,0.49523799,0.08361795
1764505179.8138118,-4.5017,1.96854,-0.06104,-0.8514382500000001,0.49523799,0.08361795
1764505179.8138118,-4.5017,1.96854,-0.06104,-0.8514382500000001,0.49523799,0.08361795
1764505179.8138118,-4.5017,1.96854,-0.06104,-0.8514382500000001,0.49523799,0.08361795
1764505179.8138118,-4.5017,1.96854,-0.06104,-0.8514382500000001,0.49523799,0.08361795
1764505179.8138118,-4.5017,1.96854,-0.06104,-0.8514382500000001,0.49523799,0.08361795
1764505179.8138118,-4.5017,1.96854,-0.06104,-0.8514382500000001,0.49523799,0.08361795
1764505179.8138118,-4.5017,1.96854,-0.06104,-0.8514382500000001,0.49523799,0.08361795
1764505179.8138118,-4.5017,1.96854,-0.06104,-0.8514382500000001,0.49523799,0.08361795
1764505179.8138118,-4.5017,1.96854,-0.06104,-0.8514382500000001,0.49523799,0.08361795
1764505179.8138118,-4.79164,1.48022,0.6409199999999999,-0.8498513400000001,0.49389522,0.08325174
1764505179.8138118,-4.79164,1.48022,0.6409199999999999,-0.8498513400000001,0.49389522,0.08325174
1764505179.8138118,-4.79164,1.48022,0.6409199999999999,-0.8498513400000001,0.49389522,0.08325174
1764505179.8138118,-4.79164,1.48022,0.6409199999999999,-0.8498513400000001,0.49389522,0.08325174
1764505179.8138118,-4.79164,1.48022,0.6409199999999999,-0.8498513400000001,0.49389522,0.08325174
1764505179.8138118,-4.79164,1.48022,0.6409199999999999,-0.8498513400000001,0.49389522,0.08325174
1764505179.8575754,-4.79164,1.48022,0.6409199999999999,-0.8498513400000001,0.49389522,0.08325174
1764505179.8580887,-4.79164,1.48022,0.6409199999999999,-0.8498513400000001,0.49389522,0.08325174
1764505179.8580887,-4.79164,1.48022,0.6409199999999999,-0.8498513400000001,0.49389522,0.08325174
1764505179.8580887,-4.79164,1.48022,0.6409199999999999,-0.8498513400000001,0.49389522,0.08325174
1764505179.8580887,-4.97476,1.72438,0.74774,-0.850644795,0.49279659,0.08386209
1764505179.8580887,-4.97476,1.72438,0.74774,-0.850644795,0.49279659,0.08386209
1764505179.8580887,-4.97476,1.72438,0.74774,-0.850644795,0.49279659,0.08386209
1764505179.8580887,-4.97476,1.72438,0.74774,-0.850644795,0.49279659,0.08386209
1764505179.8580887,-4.97476,1.72438,0.74774,-0.850644795,0.49279659,0.08386209
1764505179.8580887,-4.97476,1.72438,0.74774,-0.850644795,0.49279659,0.08386209
1764505179.8580887,-4.97476,1.72438,0.74774,-0.850644795,0.49279659,0.08386209
1764505179.8580887,-4.97476,1.72438,0.74774,-0.850644795,0.49279659,0.08386209
1764505179.8580887,-4.97476,1.72438,0.74774,-0.850644795,0.49279659,0.08386209
1764505179.8580887,-4.97476,1.72438,0.74774,-0.850644795,0.49279659,0.08386209
1764505179.8580887,-5.8751,1.99906,0.1525999999999999,-0.8520486,0.4919421,0.08325174
1764505179.8580887,-5.8751,1.99906,0.1525999999999999,-0.8520486,0.4919421,0.08325174
1764505179.8580887,-5.8751,1.99906,0.1525999999999999,-0.8520486,0.4919421,0.08325174
1764505179.8580887,-5.8751,1.99906,0.1525999999999999,-0.8520486,0.4919421,0.08325174
1764505179.859089,-5.8751,1.99906,0.1525999999999999,-0.8520486,0.4919421,0.08325174
1764505179.859089,-5.8751,1.99906,0.1525999999999999,-0.8520486,0.4919421,0.08325174
1764505179.859089,-5.8751,1.99906,0.1525999999999999,-0.8520486,0.4919421,0.08325174
1764505179.859089,-5.8751,1.99906,0.1525999999999999,-0.8520486,0.4919421,0.08325174
1764505179.906135,-5.8751,1.99906,0.1525999999999999,-0.8520486,0.4919421,0.08325174
1764505179.906135,-5.8751,1.99906,0.1525999999999999,-0.8520486,0.4919421,0.08325174
1764505179.907147,-5.17314,1.2971,0.41202,-0.853208265,0.491026575,0.082458285
1764505179.907147,-5.17314,1.2971,0.41202,-0.853208265,0.491026575,0.082458285
1764505179.907147,-5.17314,1.2971,0.41202,-0.853208265,0.491026575,0.082458285
1764505179.907147,-5.17314,1.2971,0.41202,-0.853208265,0.491026575,0.082458285
1764505179.907147,-5.17314,1.2971,0.41202,-0.853208265,0.491026575,0.082458285
1764505179.907147,-5.17314,1.2971,0.41202,-0.853208265,0.491026575,0.082458285
1764505179.907147,-5.17314,1.2971,0.41202,-0.853208265,0.491026575,0.082458285
1764505179.907147,-5.17314,1.2971,0.41202,-0.853208265,0.491026575,0.082458285
1764505179.907147,-5.17314,1.2971,0.41202,-0.853208265,0.491026575,0.082458285
1764505179.907147,-5.17314,1.2971,0.41202,-0.853208265,0.491026575,0.082458285
1764505179.907147,-3.7387,0.54936,0.3204599999999999,-0.85436793,0.49023312,0.08129862
1764505179.907147,-3.7387,0.54936,0.3204599999999999,-0.85436793,0.49023312,0.08129862
1764505179.907147,-3.7387,0.54936,0.3204599999999999,-0.85436793,0.49023312,0.08129862
1764505179.907147,-3.7387,0.54936,0.3204599999999999,-0.85436793,0.49023312,0.08129862
1764505179.907147,-3.7387,0.54936,0.3204599999999999,-0.85436793,0.49023312,0.08129862
1764505179.907147,-3.7387,0.54936,0.3204599999999999,-0.85436793,0.49023312,0.08129862
1764505179.907147,-3.7387,0.54936,0.3204599999999999,-0.85436793,0.49023312,0.08129862
1764505179.907147,-3.7387,0.54936,0.3204599999999999,-0.85436793,0.49023312,0.08129862
1764505179.907147,-3.7387,0.54936,0.3204599999999999,-0.85436793,0.49023312,0.08129862
1764505179.907147,-3.7387,0.54936,0.3204599999999999,-0.85436793,0.49023312,0.08129862
1764505179.907147,-2.62472,0.7019599999999999,0.8392999999999999,-0.853940685,0.49023312,0.080016885
1764505179.907147,-2.62472,0.7019599999999999,0.8392999999999999,-0.853940685,0.49023312,0.080016885
1764505179.9516015,-2.62472,0.7019599999999999,0.8392999999999999,-0.853940685,0.49023312,0.080016885
1764505179.9521132,-2.62472,0.7019599999999999,0.8392999999999999,-0.853940685,0.49023312,0.080016885
1764505179.9521132,-2.62472,0.7019599999999999,0.8392999999999999,-0.853940685,0.49023312,0.080016885
1764505179.9521132,-2.62472,0.7019599999999999,0.8392999999999999,-0.853940685,0.49023312,0.080016885
1764505179.9521132,-2.62472,0.7019599999999999,0.8392999999999999,-0.853940685,0.49023312,0.080016885
1764505179.9521132,-2.62472,0.7019599999999999,0.8392999999999999,-0.853940685,0.49023312,0.080016885
1764505179.9521132,-2.62472,0.7019599999999999,0.8392999999999999,-0.853940685,0.49023312,0.080016885
1764505179.9521132,-2.62472,0.7019599999999999,0.8392999999999999,-0.853940685,0.49023312,0.080016885
1764505179.9521132,-2.16692,0.9003399999999999,0.01526,-0.853696545,0.492125205,0.079284465
1764505179.9521132,-2.16692,0.9003399999999999,0.01526,-0.853696545,0.492125205,0.079284465
1764505179.9521132,-2.16692,0.9003399999999999,0.01526,-0.853696545,0.492125205,0.079284465
1764505179.9521132,-2.16692,0.9003399999999999,0.01526,-0.853696545,0.492125205,0.079284465
1764505179.9521132,-2.16692,0.9003399999999999,0.01526,-0.853696545,0.492125205,0.079284465
1764505179.9521132,-2.16692,0.9003399999999999,0.01526,-0.853696545,0.492125205,0.079284465
1764505179.9521132,-2.16692,0.9003399999999999,0.01526,-0.853696545,0.492125205,0.079284465
1764505179.9521132,-2.16692,0.9003399999999999,0.01526,-0.853696545,0.492125205,0.079284465
1764505179.9521132,-2.16692,0.9003399999999999,0.01526,-0.853696545,0.492125205,0.079284465
1764505179.9521132,-2.16692,0.9003399999999999,0.01526,-0.853696545,0.492125205,0.079284465
1764505179.9521132,-3.02148,0.3051999999999999,-0.04578,-0.8508889350000001,0.493345905,0.080627235
1764505179.9521132,-3.02148,0.3051999999999999,-0.04578,-0.8508889350000001,0.493345905,0.080627235
1764505179.9521132,-3.02148,0.3051999999999999,-0.04578,-0.8508889350000001,0.493345905,0.080627235
1764505179.9521132,-3.02148,0.3051999999999999,-0.04578,-0.8508889350000001,0.493345905,0.080627235
1764505179.953124,-3.02148,0.3051999999999999,-0.04578,-0.8508889350000001,0.493345905,0.080627235
1764505179.953124,-3.02148,0.3051999999999999,-0.04578,-0.8508889350000001,0.493345905,0.080627235
1764505180.0001867,-3.02148,0.3051999999999999,-0.04578,-0.8508889350000001,0.493345905,0.080627235
1764505180.0001867,-3.02148,0.3051999999999999,-0.04578,-0.8508889350000001,0.493345905,0.080627235
1764505180.0001867,-3.02148,0.3051999999999999,-0.04578,-0.8508889350000001,0.493345905,0.080627235
1764505180.0001867,-3.02148,0.3051999999999999,-0.04578,-0.8508889350000001,0.493345905,0.080627235
1764505180.0001867,-4.16598,2.24322,0.3204599999999999,-0.8483254650000001,0.49462764,0.08129862
1764505180.0001867,-4.16598,2.24322,0.3204599999999999,-0.8483254650000001,0.49462764,0.08129862
1764505180.0001867,-4.16598,2.24322,0.3204599999999999,-0.8483254650000001,0.49462764,0.08129862
1764505180.0001867,-4.16598,2.24322,0.3204599999999999,-0.8483254650000001,0.49462764,0.08129862
1764505180.0001867,-4.16598,2.24322,0.3204599999999999,-0.8483254650000001,0.49462764,0.08129862
1764505180.0001867,-4.16598,2.24322,0.3204599999999999,-0.8483254650000001,0.49462764,0.08129862
1764505180.0001867,-4.16598,2.24322,0.3204599999999999,-0.8483254650000001,0.49462764,0.08129862
1764505180.0001867,-4.16598,2.24322,0.3204599999999999,-0.8483254650000001,0.49462764,0.08129862
1764505180.0016978,-4.16598,2.24322,0.3204599999999999,-0.8483254650000001,0.49462764,0.08129862
1764505180.0016978,-4.16598,2.24322,0.3204599999999999,-0.8483254650000001,0.49462764,0.08129862
1764505180.0016978,-4.3491,1.61756,0.96138,-0.849424095,0.49474971,0.08154276
1764505180.0016978,-4.3491,1.61756,0.96138,-0.849424095,0.49474971,0.08154276
1764505180.0016978,-4.3491,1.61756,0.96138,-0.849424095,0.49474971,0.08154276
1764505180.0016978,-4.3491,1.61756,0.96138,-0.849424095,0.49474971,0.08154276
1764505180.0016978,-4.3491,1.61756,0.96138,-0.849424095,0.49474971,0.08154276
1764505180.0016978,-4.3491,1.61756,0.96138,-0.849424095,0.49474971,0.08154276
1764505180.0016978,-4.3491,1.61756,0.96138,-0.849424095,0.49474971,0.08154276
1764505180.0016978,-4.3491,1.61756,0.96138,-0.849424095,0.49474971,0.08154276
1764505180.0459206,-4.3491,1.61756,0.96138,-0.849424095,0.49474971,0.08154276
1764505180.0459206,-4.3491,1.61756,0.96138,-0.849424095,0.49474971,0.08154276
1764505180.0459206,-4.48644,1.2055399999999998,0.6103999999999999,-0.850766865,0.49462764,0.081725865
1764505180.0459206,-4.48644,1.2055399999999998,0.6103999999999999,-0.850766865,0.49462764,0.081725865
1764505180.0459206,-4.48644,1.2055399999999998,0.6103999999999999,-0.850766865,0.49462764,0.081725865
1764505180.0459206,-4.48644,1.2055399999999998,0.6103999999999999,-0.850766865,0.49462764,0.081725865
1764505180.046919,-4.48644,1.2055399999999998,0.6103999999999999,-0.850766865,0.49462764,0.081725865
1764505180.0474262,-4.48644,1.2055399999999998,0.6103999999999999,-0.850766865,0.49462764,0.081725865
1764505180.0474262,-4.48644,1.2055399999999998,0.6103999999999999,-0.850766865,0.49462764,0.081725865
1764505180.0474262,-4.48644,1.2055399999999998,0.6103999999999999,-0.850766865,0.49462764,0.081725865
1764505180.0474262,-4.48644,1.2055399999999998,0.6103999999999999,-0.850766865,0.49462764,0.081725865
1764505180.0474262,-4.48644,1.2055399999999998,0.6103999999999999,-0.850766865,0.49462764,0.081725865
1764505180.0474262,-4.21176,1.12924,0.12208,-0.850766865,0.492247275,0.08215311
1764505180.0484357,-4.21176,1.12924,0.12208,-0.850766865,0.492247275,0.08215311
1764505180.0484357,-4.21176,1.12924,0.12208,-0.850766865,0.492247275,0.08215311
1764505180.0484357,-4.21176,1.12924,0.12208,-0.850766865,0.492247275,0.08215311
1764505180.0484357,-4.21176,1.12924,0.12208,-0.850766865,0.492247275,0.08215311
1764505180.0484357,-4.21176,1.12924,0.12208,-0.850766865,0.492247275,0.08215311
1764505180.0484357,-4.21176,1.12924,0.12208,-0.850766865,0.492247275,0.08215311
1764505180.0484357,-4.21176,1.12924,0.12208,-0.850766865,0.492247275,0.08215311
1764505180.0494373,-4.21176,1.12924,0.12208,-0.850766865,0.492247275,0.08215311
1764505180.0494373,-4.21176,1.12924,0.12208,-0.850766865,0.492247275,0.08215311
1764505180.0494373,-3.3572,1.09872,0.48832,-0.8504006550000001,0.490172085,0.081847935
1764505180.0494373,-3.3572,1.09872,0.48832,-0.8504006550000001,0.490172085,0.081847935
1764505180.093259,-3.3572,1.09872,0.48832,-0.8504006550000001,0.490172085,0.081847935
1764505180.093808,-3.3572,1.09872,0.48832,-0.8504006550000001,0.490172085,0.081847935
1764505180.093808,-3.3572,1.09872,0.48832,-0.8504006550000001,0.490172085,0.081847935
1764505180.093808,-3.3572,1.09872,0.48832,-0.8504006550000001,0.490172085,0.081847935
1764505180.093808,-3.3572,1.09872,0.48832,-0.8504006550000001,0.490172085,0.081847935
1764505180.093808,-3.3572,1.09872,0.48832,-0.8504006550000001,0.490172085,0.081847935
1764505180.093808,-3.3572,1.09872,0.48832,-0.8504006550000001,0.490172085,0.081847935
1764505180.093808,-3.3572,1.09872,0.48832,-0.8504006550000001,0.490172085,0.081847935
1764505180.093808,-2.35004,1.09872,0.71722,-0.85131618,0.489683805,0.080627235
1764505180.093808,-2.35004,1.09872,0.71722,-0.85131618,0.489683805,0.080627235
1764505180.093808,-2.35004,1.09872,0.71722,-0.85131618,0.489683805,0.080627235
1764505180.093808,-2.35004,1.09872,0.71722,-0.85131618,0.489683805,0.080627235
1764505180.093808,-2.35004,1.09872,0.71722,-0.85131618,0.489683805,0.080627235
1764505180.093808,-2.35004,1.09872,0.71722,-0.85131618,0.489683805,0.080627235
1764505180.093808,-2.35004,1.09872,0.71722,-0.85131618,0.489683805,0.080627235
1764505180.093808,-2.35004,1.09872,0.71722,-0.85131618,0.489683805,0.080627235
1764505180.093808,-2.35004,1.09872,0.71722,-0.85131618,0.489683805,0.080627235
1764505180.093808,-2.35004,1.09872,0.71722,-0.85131618,0.489683805,0.080627235
1764505180.093808,-2.4416,1.6786,1.02242,-0.85070583,0.4907214,0.080505165
1764505180.093808,-2.4416,1.6786,1.02242,-0.85070583,0.4907214,0.080505165
1764505180.093808,-2.4416,1.6786,1.02242,-0.85070583,0.4907214,0.080505165
1764505180.093808,-2.4416,1.6786,1.02242,-0.85070583,0.4907214,0.080505165
1764505180.1374605,-2.4416,1.6786,1.02242,-0.85070583,0.4907214,0.080505165
1764505180.1374605,-2.4416,1.6786,1.02242,-0.85070583,0.4907214,0.080505165
1764505180.1374605,-2.4416,1.6786,1.02242,-0.85070583,0.4907214,0.080505165
1764505180.1374605,-2.4416,1.6786,1.02242,-0.85070583,0.4907214,0.080505165
1764505180.1374605,-2.4416,1.6786,1.02242,-0.85070583,0.4907214,0.080505165
1764505180.1374605,-2.4416,1.6786,1.02242,-0.85070583,0.4907214,0.080505165
1764505180.1374605,-3.23512,2.15166,0.74774,-0.85058376,0.493590045,0.080261025
1764505180.1374605,-3.23512,2.15166,0.74774,-0.85058376,0.493590045,0.080261025
1764505180.1374605,-3.23512,2.15166,0.74774,-0.85058376,0.493590045,0.080261025
1764505180.1374605,-3.23512,2.15166,0.74774,-0.85058376,0.493590045,0.080261025
1764505180.1374605,-3.23512,2.15166,0.74774,-0.85058376,0.493590045,0.080261025
1764505180.1374605,-3.23512,2.15166,0.74774,-0.85058376,0.493590045,0.080261025
1764505180.1374605,-3.23512,2.15166,0.74774,-0.85058376,0.493590045,0.080261025
1764505180.1374605,-3.23512,2.15166,0.74774,-0.85058376,0.493590045,0.080261025
1764505180.1374605,-3.23512,2.15166,0.74774,-0.85058376,0.493590045,0.080261025
1764505180.1374605,-3.23512,2.15166,0.74774,-0.85058376,0.493590045,0.080261025
1764505180.1374605,-3.63188,1.12924,0.54936,-0.851011005,0.49621455,0.08129862
1764505180.1374605,-3.63188,1.12924,0.54936,-0.851011005,0.49621455,0.08129862
1764505180.1374605,-3.63188,1.12924,0.54936,-0.851011005,0.49621455,0.08129862
1764505180.1374605,-3.63188,1.12924,0.54936,-0.851011005,0.49621455,0.08129862
1764505180.1374605,-3.63188,1.12924,0.54936,-0.851011005,0.49621455,0.08129862
1764505180.1374605,-3.63188,1.12924,0.54936,-0.851011005,0.49621455,0.08129862
1764505180.1374605,-3.63188,1.12924,0.54936,-0.851011005,0.49621455,0.08129862
1764505180.1374605,-3.63188,1.12924,0.54936,-0.851011005,0.49621455,0.08129862
1764505180.1852937,-3.63188,1.12924,0.54936,-0.851011005,0.49621455,0.08129862
1764505180.1852937,-3.63188,1.12924,0.54936,-0.851011005,0.49621455,0.08129862
1764505180.186455,-4.39488,0.74774,0.3509799999999999,-0.8519875650000001,0.49621455,0.08227518
1764505180.186455,-4.39488,0.74774,0.3509799999999999,-0.8519875650000001,0.49621455,0.08227518
1764505180.186455,-4.39488,0.74774,0.3509799999999999,-0.8519875650000001,0.49621455,0.08227518
1764505180.186455,-4.39488,0.74774,0.3509799999999999,-0.8519875650000001,0.49621455,0.08227518
1764505180.18746,-4.39488,0.74774,0.3509799999999999,-0.8519875650000001,0.49621455,0.08227518
1764505180.18746,-4.39488,0.74774,0.3509799999999999,-0.8519875650000001,0.49621455,0.08227518
1764505180.1884613,-4.39488,0.74774,0.3509799999999999,-0.8519875650000001,0.49621455,0.08227518
1764505180.1884613,-4.39488,0.74774,0.3509799999999999,-0.8519875650000001,0.49621455,0.08227518
1764505180.1884613,-4.39488,0.74774,0.3509799999999999,-0.8519875650000001,0.49621455,0.08227518
1764505180.1884613,-4.39488,0.74774,0.3509799999999999,-0.8519875650000001,0.49621455,0.08227518
1764505180.1884613,-4.959499999999999,1.2055399999999998,0.73248,-0.85156032,0.496885935,0.08239725
1764505180.1884613,-4.959499999999999,1.2055399999999998,0.73248,-0.85156032,0.496885935,0.08239725
1764505180.1884613,-4.959499999999999,1.2055399999999998,0.73248,-0.85156032,0.496885935,0.08239725
1764505180.1884613,-4.959499999999999,1.2055399999999998,0.73248,-0.85156032,0.496885935,0.08239725
1764505180.1884613,-4.959499999999999,1.2055399999999998,0.73248,-0.85156032,0.496885935,0.08239725
1764505180.1884613,-4.959499999999999,1.2055399999999998,0.73248,-0.85156032,0.496885935,0.08239725
1764505180.1884613,-4.959499999999999,1.2055399999999998,0.73248,-0.85156032,0.496885935,0.08239725
1764505180.1884613,-4.959499999999999,1.2055399999999998,0.73248,-0.85156032,0.496885935,0.08239725
1764505180.1884613,-4.959499999999999,1.2055399999999998,0.73248,-0.85156032,0.496885935,0.08239725
1764505180.1884613,-4.959499999999999,1.2055399999999998,0.73248,-0.85156032,0.496885935,0.08239725
1764505180.1884613,-5.35626,1.6022999999999998,0.21364,-0.851255145,0.495787305,0.08203104
1764505180.1884613,-5.35626,1.6022999999999998,0.21364,-0.851255145,0.495787305,0.08203104
1764505180.2326603,-5.35626,1.6022999999999998,0.21364,-0.851255145,0.495787305,0.08203104
1764505180.2326603,-5.35626,1.6022999999999998,0.21364,-0.851255145,0.495787305,0.08203104
1764505180.2326603,-5.35626,1.6022999999999998,0.21364,-0.851255145,0.495787305,0.08203104
1764505180.2326603,-5.35626,1.6022999999999998,0.21364,-0.851255145,0.495787305,0.08203104
1764505180.2326603,-5.35626,1.6022999999999998,0.21364,-0.851255145,0.495787305,0.08203104
1764505180.2326603,-5.35626,1.6022999999999998,0.21364,-0.851255145,0.495787305,0.08203104
1764505180.2326603,-5.35626,1.6022999999999998,0.21364,-0.851255145,0.495787305,0.08203104
1764505180.2326603,-5.35626,1.6022999999999998,0.21364,-0.851255145,0.495787305,0.08203104
1764505180.2326603,-5.81406,2.27374,-0.10682,-0.85168239,0.494810745,0.08081034
1764505180.2326603,-5.81406,2.27374,-0.10682,-0.85168239,0.494810745,0.08081034
1764505180.2326603,-5.81406,2.27374,-0.10682,-0.85168239,0.494810745,0.08081034
1764505180.2326603,-5.81406,2.27374,-0.10682,-0.85168239,0.494810745,0.08081034
1764505180.2326603,-5.81406,2.27374,-0.10682,-0.85168239,0.494810745,0.08081034
1764505180.2326603,-5.81406,2.27374,-0.10682,-0.85168239,0.494810745,0.08081034
1764505180.2326603,-5.81406,2.27374,-0.10682,-0.85168239,0.494810745,0.08081034
1764505180.2326603,-5.81406,2.27374,-0.10682,-0.85168239,0.494810745,0.08081034
1764505180.2326603,-5.81406,2.27374,-0.10682,-0.85168239,0.494810745,0.08081034
1764505180.2326603,-5.81406,2.27374,-0.10682,-0.85168239,0.494810745,0.08081034
1764505180.2326603,-5.96666,1.2055399999999998,-0.24416,-0.8519875650000001,0.49352901,0.08019999
1764505180.2326603,-5.96666,1.2055399999999998,-0.24416,-0.8519875650000001,0.49352901,0.08019999
1764505180.235168,-5.96666,1.2055399999999998,-0.24416,-0.8519875650000001,0.49352901,0.08019999
1764505180.235168,-5.96666,1.2055399999999998,-0.24416,-0.8519875650000001,0.49352901,0.08019999
1764505180.235168,-5.96666,1.2055399999999998,-0.24416,-0.8519875650000001,0.49352901,0.08019999
1764505180.235168,-5.96666,1.2055399999999998,-0.24416,-0.8519875650000001,0.49352901,0.08019999
1764505180.2786825,-5.96666,1.2055399999999998,-0.24416,-0.8519875650000001,0.49352901,0.08019999
1764505180.2786825,-5.96666,1.2055399999999998,-0.24416,-0.8519875650000001,0.49352901,0.08019999
1764505180.2786825,-5.96666,1.2055399999999998,-0.24416,-0.8519875650000001,0.49352901,0.08019999
1764505180.2786825,-5.96666,1.2055399999999998,-0.24416,-0.8519875650000001,0.49352901,0.08019999
1764505180.2786825,-5.2647,1.03768,0.3815,-0.851377215,0.49157589,0.07958964
1764505180.2786825,-5.2647,1.03768,0.3815,-0.851377215,0.49157589,0.07958964
1764505180.2786825,-5.2647,1.03768,0.3815,-0.851377215,0.49157589,0.07958964
1764505180.2786825,-5.2647,1.03768,0.3815,-0.851377215,0.49157589,0.07958964
1764505180.2786825,-5.2647,1.03768,0.3815,-0.851377215,0.49157589,0.07958964
1764505180.2786825,-5.2647,1.03768,0.3815,-0.851377215,0.49157589,0.07958964
1764505180.2786825,-5.2647,1.03768,0.3815,-0.851377215,0.49157589,0.07958964
1764505180.2786825,-5.2647,1.03768,0.3815,-0.851377215,0.49157589,0.07958964
1764505180.2786825,-5.2647,1.03768,0.3815,-0.851377215,0.49157589,0.07958964
1764505180.2786825,-5.2647,1.03768,0.3815,-0.851377215,0.49157589,0.07958964
1764505180.2786825,-4.5017,0.47306,0.3357199999999999,-0.852597915,0.49035519,0.08032206
1764505180.2786825,-4.5017,0.47306,0.3357199999999999,-0.852597915,0.49035519,0.08032206
1764505180.2786825,-4.5017,0.47306,0.3357199999999999,-0.852597915,0.49035519,0.08032206
1764505180.2786825,-4.5017,0.47306,0.3357199999999999,-0.852597915,0.49035519,0.08032206
1764505180.2786825,-4.5017,0.47306,0.3357199999999999,-0.852597915,0.49035519,0.08032206
1764505180.2786825,-4.5017,0.47306,0.3357199999999999,-0.852597915,0.49035519,0.08032206
1764505180.2786825,-4.5017,0.47306,0.3357199999999999,-0.852597915,0.49035519,0.08032206
1764505180.2786825,-4.5017,0.47306,0.3357199999999999,-0.852597915,0.49035519,0.08032206
1764505180.2786825,-4.5017,0.47306,0.3357199999999999,-0.852597915,0.49035519,0.08032206
1764505180.2786825,-4.5017,0.47306,0.3357199999999999,-0.852597915,0.49035519,0.08032206
1764505180.326146,-3.54032,1.11398,-0.0762999999999999,-0.8532693,0.49023312,0.079040325
1764505180.326146,-3.54032,1.11398,-0.0762999999999999,-0.8532693,0.49023312,0.079040325
1764505180.326146,-3.54032,1.11398,-0.0762999999999999,-0.8532693,0.49023312,0.079040325
1764505180.326146,-3.54032,1.11398,-0.0762999999999999,-0.8532693,0.49023312,0.079040325
1764505180.326146,-3.54032,1.11398,-0.0762999999999999,-0.8532693,0.49023312,0.079040325
1764505180.326146,-3.54032,1.11398,-0.0762999999999999,-0.8532693,0.49023312,0.079040325
1764505180.326146,-3.54032,1.11398,-0.0762999999999999,-0.8532693,0.49023312,0.079040325
1764505180.326146,-3.54032,1.11398,-0.0762999999999999,-0.8532693,0.49023312,0.079040325
1764505180.326146,-3.54032,1.11398,-0.0762999999999999,-0.8532693,0.49023312,0.079040325
1764505180.326146,-3.54032,1.11398,-0.0762999999999999,-0.8532693,0.49023312,0.079040325
1764505180.326146,-3.92182,0.6409199999999999,0.03052,-0.8524758450000001,0.491881065,0.079162395
1764505180.326146,-3.92182,0.6409199999999999,0.03052,-0.8524758450000001,0.491881065,0.079162395
1764505180.326146,-3.92182,0.6409199999999999,0.03052,-0.8524758450000001,0.491881065,0.079162395
1764505180.326146,-3.92182,0.6409199999999999,0.03052,-0.8524758450000001,0.491881065,0.079162395
1764505180.326146,-3.92182,0.6409199999999999,0.03052,-0.8524758450000001,0.491881065,0.079162395
1764505180.326146,-3.92182,0.6409199999999999,0.03052,-0.8524758450000001,0.491881065,0.079162395
1764505180.326146,-3.92182,0.6409199999999999,0.03052,-0.8524758450000001,0.491881065,0.079162395
1764505180.326146,-3.92182,0.6409199999999999,0.03052,-0.8524758450000001,0.491881065,0.079162395
1764505180.326146,-3.92182,0.6409199999999999,0.03052,-0.8524758450000001,0.491881065,0.079162395
1764505180.326146,-3.92182,0.6409199999999999,0.03052,-0.8524758450000001,0.491881065,0.079162395
1764505180.326146,-3.79974,0.8698199999999999,0.01526,-0.85094997,0.49304073,0.0805662
1764505180.3276749,-3.79974,0.8698199999999999,0.01526,-0.85094997,0.49304073,0.0805662
1764505180.374375,-3.79974,0.8698199999999999,0.01526,-0.85094997,0.49304073,0.0805662
1764505180.374375,-3.79974,0.8698199999999999,0.01526,-0.85094997,0.49304073,0.0805662
1764505180.374375,-3.79974,0.8698199999999999,0.01526,-0.85094997,0.49304073,0.0805662
1764505180.374375,-3.79974,0.8698199999999999,0.01526,-0.85094997,0.49304073,0.0805662
1764505180.3748822,-3.79974,0.8698199999999999,0.01526,-0.85094997,0.49304073,0.0805662
1764505180.3748822,-3.79974,0.8698199999999999,0.01526,-0.85094997,0.49304073,0.0805662
1764505180.3748822,-3.79974,0.8698199999999999,0.01526,-0.85094997,0.49304073,0.0805662
1764505180.3748822,-3.79974,0.8698199999999999,0.01526,-0.85094997,0.49304073,0.0805662
1764505180.3748822,-3.79974,1.11398,0.56462,-0.8508279,0.492491415,0.080993445
1764505180.3748822,-3.79974,1.11398,0.56462,-0.8508279,0.492491415,0.080993445
1764505180.3748822,-3.79974,1.11398,0.56462,-0.8508279,0.492491415,0.080993445
1764505180.3748822,-3.79974,1.11398,0.56462,-0.8508279,0.492491415,0.080993445
1764505180.3748822,-3.79974,1.11398,0.56462,-0.8508279,0.492491415,0.080993445
1764505180.3748822,-3.79974,1.11398,0.56462,-0.8508279,0.492491415,0.080993445
1764505180.3748822,-3.79974,1.11398,0.56462,-0.8508279,0.492491415,0.080993445
1764505180.3748822,-3.79974,1.11398,0.56462,-0.8508279,0.492491415,0.080993445
1764505180.3748822,-3.79974,1.11398,0.56462,-0.8508279,0.492491415,0.080993445
1764505180.3748822,-3.79974,1.11398,0.56462,-0.8508279,0.492491415,0.080993445
1764505180.3748822,-3.3572,-0.10682,0.56462,-0.85119411,0.492247275,0.081725865
1764505180.3748822,-3.3572,-0.10682,0.56462,-0.85119411,0.492247275,0.081725865
1764505180.3748822,-3.3572,-0.10682,0.56462,-0.85119411,0.492247275,0.081725865
1764505180.3748822,-3.3572,-0.10682,0.56462,-0.85119411,0.492247275,0.081725865
1764505180.3748822,-3.3572,-0.10682,0.56462,-0.85119411,0.492247275,0.081725865
1764505180.3748822,-3.3572,-0.10682,0.56462,-0.85119411,0.492247275,0.081725865
1764505180.4186158,-3.3572,-0.10682,0.56462,-0.85119411,0.492247275,0.081725865
1764505180.4186158,-3.3572,-0.10682,0.56462,-0.85119411,0.492247275,0.081725865
1764505180.4186158,-3.3572,-0.10682,0.56462,-0.85119411,0.492247275,0.081725865
1764505180.4186158,-3.3572,-0.10682,0.56462,-0.85119411,0.492247275,0.081725865
1764505180.4186158,-2.7468,0.2289,0.04578,-0.84997341,0.49218624,0.082336215
1764505180.4186158,-2.7468,0.2289,0.04578,-0.84997341,0.49218624,0.082336215
1764505180.4186158,-2.7468,0.2289,0.04578,-0.84997341,0.49218624,0.082336215
1764505180.4186158,-2.7468,0.2289,0.04578,-0.84997341,0.49218624,0.082336215
1764505180.4186158,-2.7468,0.2289,0.04578,-0.84997341,0.49218624,0.082336215
1764505180.4186158,-2.7468,0.2289,0.04578,-0.84997341,0.49218624,0.082336215
1764505180.4186158,-2.7468,0.2289,0.04578,-0.84997341,0.49218624,0.082336215
1764505180.4186158,-2.7468,0.2289,0.04578,-0.84997341,0.49218624,0.082336215
1764505180.4186158,-2.7468,0.2289,0.04578,-0.84997341,0.49218624,0.082336215
1764505180.4186158,-2.7468,0.2289,0.04578,-0.84997341,0.49218624,0.082336215
1764505180.4186158,-3.23512,0.77826,-0.2289,-0.84948513,0.492125205,0.082092075
1764505180.4186158,-3.23512,0.77826,-0.2289,-0.84948513,0.492125205,0.082092075
1764505180.4186158,-3.23512,0.77826,-0.2289,-0.84948513,0.492125205,0.082092075
1764505180.4186158,-3.23512,0.77826,-0.2289,-0.84948513,0.492125205,0.082092075
1764505180.4186158,-3.23512,0.77826,-0.2289,-0.84948513,0.492125205,0.082092075
1764505180.4186158,-3.23512,0.77826,-0.2289,-0.84948513,0.492125205,0.082092075
1764505180.4186158,-3.23512,0.77826,-0.2289,-0.84948513,0.492125205,0.082092075
1764505180.4186158,-3.23512,0.77826,-0.2289,-0.84948513,0.492125205,0.082092075
1764505180.467508,-3.23512,0.77826,-0.2289,-0.84948513,0.492125205,0.082092075
1764505180.467508,-3.23512,0.77826,-0.2289,-0.84948513,0.492125205,0.082092075
1764505180.4680438,-3.64714,1.25132,0.44254,-0.851499285,0.49352901,0.080016885
1764505180.4680438,-3.64714,1.25132,0.44254,-0.851499285,0.49352901,0.080016885
1764505180.4680438,-3.64714,1.25132,0.44254,-0.851499285,0.49352901,0.080016885
1764505180.4680438,-3.64714,1.25132,0.44254,-0.851499285,0.49352901,0.080016885
1764505180.4680438,-3.64714,1.25132,0.44254,-0.851499285,0.49352901,0.080016885
1764505180.4680438,-3.64714,1.25132,0.44254,-0.851499285,0.49352901,0.080016885
1764505180.4680438,-3.64714,1.25132,0.44254,-0.851499285,0.49352901,0.080016885
1764505180.4680438,-3.64714,1.25132,0.44254,-0.851499285,0.49352901,0.080016885
1764505180.4680438,-3.64714,1.25132,0.44254,-0.851499285,0.49352901,0.080016885
1764505180.4680438,-3.64714,1.25132,0.44254,-0.851499285,0.49352901,0.080016885
1764505180.4680438,-4.16598,-0.5341,0.4578,-0.85400172,0.496031445,0.079162395
1764505180.4680438,-4.16598,-0.5341,0.4578,-0.85400172,0.496031445,0.079162395
1764505180.4680438,-4.16598,-0.5341,0.4578,-0.85400172,0.496031445,0.079162395
1764505180.4680438,-4.16598,-0.5341,0.4578,-0.85400172,0.496031445,0.079162395
1764505180.4680438,-4.16598,-0.5341,0.4578,-0.85400172,0.496031445,0.079162395
1764505180.4680438,-4.16598,-0.5341,0.4578,-0.85400172,0.496031445,0.079162395
1764505180.4680438,-4.16598,-0.5341,0.4578,-0.85400172,0.496031445,0.079162395
1764505180.4680438,-4.16598,-0.5341,0.4578,-0.85400172,0.496031445,0.079162395
1764505180.4680438,-4.16598,-0.5341,0.4578,-0.85400172,0.496031445,0.079162395
1764505180.4690742,-4.16598,-0.5341,0.4578,-0.85400172,0.496031445,0.079162395
1764505180.4690742,-4.70008,-0.8698199999999999,-0.50358,-0.853696545,0.497496285,0.080383095
1764505180.4690742,-4.70008,-0.8698199999999999,-0.50358,-0.853696545,0.497496285,0.080383095
1764505180.514478,-4.70008,-0.8698199999999999,-0.50358,-0.853696545,0.497496285,0.080383095
1764505180.514478,-4.70008,-0.8698199999999999,-0.50358,-0.853696545,0.497496285,0.080383095
1764505180.514478,-4.70008,-0.8698199999999999,-0.50358,-0.853696545,0.497496285,0.080383095
1764505180.514478,-4.70008,-0.8698199999999999,-0.50358,-0.853696545,0.497496285,0.080383095
1764505180.514478,-4.70008,-0.8698199999999999,-0.50358,-0.853696545,0.497496285,0.080383095
1764505180.514478,-4.70008,-0.8698199999999999,-0.50358,-0.853696545,0.497496285,0.080383095
1764505180.514478,-4.70008,-0.8698199999999999,-0.50358,-0.853696545,0.497496285,0.080383095
1764505180.514478,-4.70008,-0.8698199999999999,-0.50358,-0.853696545,0.497496285,0.080383095
1764505180.514478,-4.97476,0.19838,-1.00716,-0.851499285,0.496763865,0.08251932
1764505180.514478,-4.97476,0.19838,-1.00716,-0.851499285,0.496763865,0.08251932
1764505180.514478,-4.97476,0.19838,-1.00716,-0.851499285,0.496763865,0.08251932
1764505180.514478,-4.97476,0.19838,-1.00716,-0.851499285,0.496763865,0.08251932
1764505180.514478,-4.97476,0.19838,-1.00716,-0.851499285,0.496763865,0.08251932
1764505180.514478,-4.97476,0.19838,-1.00716,-0.851499285,0.496763865,0.08251932
1764505180.514478,-4.97476,0.19838,-1.00716,-0.851499285,0.496763865,0.08251932
1764505180.514478,-4.97476,0.19838,-1.00716,-0.851499285,0.496763865,0.08251932
1764505180.514478,-4.97476,0.19838,-1.00716,-0.851499285,0.496763865,0.08251932
1764505180.514478,-4.97476,0.19838,-1.00716,-0.851499285,0.496763865,0.08251932
1764505180.514478,-5.05106,1.9838,0.4578,-0.84972927,0.494566605,0.08349588
1764505180.514478,-5.05106,1.9838,0.4578,-0.84972927,0.494566605,0.08349588
1764505180.5164983,-5.05106,1.9838,0.4578,-0.84972927,0.494566605,0.08349588
1764505180.5164983,-5.05106,1.9838,0.4578,-0.84972927,0.494566605,0.08349588
1764505180.5164983,-5.05106,1.9838,0.4578,-0.84972927,0.494566605,0.08349588
1764505180.5164983,-5.05106,1.9838,0.4578,-0.84972927,0.494566605,0.08349588
1764505180.559735,-5.05106,1.9838,0.4578,-0.84972927,0.494566605,0.08349588
1764505180.559735,-5.05106,1.9838,0.4578,-0.84972927,0.494566605,0.08349588
1764505180.559735,-5.05106,1.9838,0.4578,-0.84972927,0.494566605,0.08349588
1764505180.559735,-5.05106,1.9838,0.4578,-0.84972927,0.494566605,0.08349588
1764505180.559735,-6.01244,1.6022999999999998,0.9003399999999999,-0.8504006550000001,0.492369345,0.083068635
1764505180.559735,-6.01244,1.6022999999999998,0.9003399999999999,-0.8504006550000001,0.492369345,0.083068635
1764505180.559735,-6.01244,1.6022999999999998,0.9003399999999999,-0.8504006550000001,0.492369345,0.083068635
1764505180.560781,-6.01244,1.6022999999999998,0.9003399999999999,-0.8504006550000001,0.492369345,0.083068635
1764505180.560781,-6.01244,1.6022999999999998,0.9003399999999999,-0.8504006550000001,0.492369345,0.083068635
1764505180.560781,-6.01244,1.6022999999999998,0.9003399999999999,-0.8504006550000001,0.492369345,0.083068635
1764505180.560781,-6.01244,1.6022999999999998,0.9003399999999999,-0.8504006550000001,0.492369345,0.083068635
1764505180.560781,-6.01244,1.6022999999999998,0.9003399999999999,-0.8504006550000001,0.492369345,0.083068635
1764505180.560781,-6.01244,1.6022999999999998,0.9003399999999999,-0.8504006550000001,0.492369345,0.083068635
1764505180.560781,-6.01244,1.6022999999999998,0.9003399999999999,-0.8504006550000001,0.492369345,0.083068635
1764505180.5617745,-6.05822,1.34288,0.65618,-0.851743425,0.491026575,0.08312967
1764505180.5617745,-6.05822,1.34288,0.65618,-0.851743425,0.491026575,0.08312967
1764505180.5617745,-6.05822,1.34288,0.65618,-0.851743425,0.491026575,0.08312967
1764505180.5617745,-6.05822,1.34288,0.65618,-0.851743425,0.491026575,0.08312967
1764505180.5622892,-6.05822,1.34288,0.65618,-0.851743425,0.491026575,0.08312967
1764505180.5622892,-6.05822,1.34288,0.65618,-0.851743425,0.491026575,0.08312967
1764505180.5622892,-6.05822,1.34288,0.65618,-0.851743425,0.491026575,0.08312967
1764505180.5628085,-6.05822,1.34288,0.65618,-0.851743425,0.491026575,0.08312967
1764505180.608764,-6.05822,1.34288,0.65618,-0.851743425,0.491026575,0.08312967
1764505180.608764,-6.05822,1.34288,0.65618,-0.851743425,0.491026575,0.08312967
1764505180.608764,-5.508859999999999,0.71722,0.41202,-0.852109635,0.491636925,0.08312967
1764505180.608764,-5.508859999999999,0.71722,0.41202,-0.852109635,0.491636925,0.08312967
1764505180.6097553,-5.508859999999999,0.71722,0.41202,-0.852109635,0.491636925,0.08312967
1764505180.6097553,-5.508859999999999,0.71722,0.41202,-0.852109635,0.491636925,0.08312967
1764505180.6097553,-5.508859999999999,0.71722,0.41202,-0.852109635,0.491636925,0.08312967
1764505180.6097553,-5.508859999999999,0.71722,0.41202,-0.852109635,0.491636925,0.08312967
1764505180.6097553,-5.508859999999999,0.71722,0.41202,-0.852109635,0.491636925,0.08312967
1764505180.6097553,-5.508859999999999,0.71722,0.41202,-0.852109635,0.491636925,0.08312967
1764505180.6097553,-5.508859999999999,0.71722,0.41202,-0.852109635,0.491636925,0.08312967
1764505180.6097553,-5.508859999999999,0.71722,0.41202,-0.852109635,0.491636925,0.08312967
1764505180.6097553,-5.1121,-0.12208,0.82404,-0.852719985,0.49059933,0.082824495
1764505180.6097553,-5.1121,-0.12208,0.82404,-0.852719985,0.49059933,0.082824495
1764505180.6097553,-5.1121,-0.12208,0.82404,-0.852719985,0.49059933,0.082824495
1764505180.6097553,-5.1121,-0.12208,0.82404,-0.852719985,0.49059933,0.082824495
1764505180.6097553,-5.1121,-0.12208,0.82404,-0.852719985,0.49059933,0.082824495
1764505180.6097553,-5.1121,-0.12208,0.82404,-0.852719985,0.49059933,0.082824495
1764505180.6097553,-5.1121,-0.12208,0.82404,-0.852719985,0.49059933,0.082824495
1764505180.6097553,-5.1121,-0.12208,0.82404,-0.852719985,0.49059933,0.082824495
1764505180.6097553,-5.1121,-0.12208,0.82404,-0.852719985,0.49059933,0.082824495
1764505180.6097553,-5.1121,-0.12208,0.82404,-0.852719985,0.49059933,0.082824495
1764505180.6097553,-3.26564,0.3815,0.8392999999999999,-0.852353775,0.49011105,0.08166483
1764505180.6097553,-3.26564,0.3815,0.8392999999999999,-0.852353775,0.49011105,0.08166483
1764505180.6541178,-3.26564,0.3815,0.8392999999999999,-0.852353775,0.49011105,0.08166483
1764505180.6541178,-3.26564,0.3815,0.8392999999999999,-0.852353775,0.49011105,0.08166483
1764505180.6541178,-3.26564,0.3815,0.8392999999999999,-0.852353775,0.49011105,0.08166483
1764505180.6541178,-3.26564,0.3815,0.8392999999999999,-0.852353775,0.49011105,0.08166483
1764505180.6541178,-3.26564,0.3815,0.8392999999999999,-0.852353775,0.49011105,0.08166483
1764505180.655656,-3.26564,0.3815,0.8392999999999999,-0.852353775,0.49011105,0.08166483
1764505180.655656,-3.26564,0.3815,0.8392999999999999,-0.852353775,0.49011105,0.08166483
1764505180.655656,-3.26564,0.3815,0.8392999999999999,-0.852353775,0.49011105,0.08166483
1764505180.655656,-3.1283,1.09872,0.6867,-0.851865495,0.49157589,0.080383095
1764505180.65667,-3.1283,1.09872,0.6867,-0.851865495,0.49157589,0.080383095
1764505180.65667,-3.1283,1.09872,0.6867,-0.851865495,0.49157589,0.080383095
1764505180.65667,-3.1283,1.09872,0.6867,-0.851865495,0.49157589,0.080383095
1764505180.65667,-3.1283,1.09872,0.6867,-0.851865495,0.49157589,0.080383095
1764505180.657667,-3.1283,1.09872,0.6867,-0.851865495,0.49157589,0.080383095
1764505180.657667,-3.1283,1.09872,0.6867,-0.851865495,0.49157589,0.080383095
1764505180.657667,-3.1283,1.09872,0.6867,-0.851865495,0.49157589,0.080383095
1764505180.657667,-3.1283,1.09872,0.6867,-0.851865495,0.49157589,0.080383095
1764505180.657667,-3.1283,1.09872,0.6867,-0.851865495,0.49157589,0.080383095
1764505180.657667,-4.440659999999999,0.74774,-0.39676,-0.85033962,0.49340694,0.08203104
1764505180.658669,-4.440659999999999,0.74774,-0.39676,-0.85033962,0.49340694,0.08203104
1764505180.658669,-4.440659999999999,0.74774,-0.39676,-0.85033962,0.49340694,0.08203104
1764505180.658669,-4.440659999999999,0.74774,-0.39676,-0.85033962,0.49340694,0.08203104
1764505180.65967,-4.440659999999999,0.74774,-0.39676,-0.85033962,0.49340694,0.08203104
1764505180.65967,-4.440659999999999,0.74774,-0.39676,-0.85033962,0.49340694,0.08203104
1764505180.703231,-4.440659999999999,0.74774,-0.39676,-0.85033962,0.49340694,0.08203104
1764505180.703231,-4.440659999999999,0.74774,-0.39676,-0.85033962,0.49340694,0.08203104
1764505180.703231,-4.440659999999999,0.74774,-0.39676,-0.85033962,0.49340694,0.08203104
1764505180.7046192,-4.440659999999999,0.74774,-0.39676,-0.85033962,0.49340694,0.08203104
1764505180.7046192,-5.1884,1.6633399999999998,0.06104,-0.84911892,0.495176955,0.083434845
1764505180.7046192,-5.1884,1.6633399999999998,0.06104,-0.84911892,0.495176955,0.083434845
1764505180.7046192,-5.1884,1.6633399999999998,0.06104,-0.84911892,0.495176955,0.083434845
1764505180.7046192,-5.1884,1.6633399999999998,0.06104,-0.84911892,0.495176955,0.083434845
1764505180.7046192,-5.1884,1.6633399999999998,0.06104,-0.84911892,0.495176955,0.083434845
1764505180.7046192,-5.1884,1.6633399999999998,0.06104,-0.84911892,0.495176955,0.083434845
1764505180.7046192,-5.1884,1.6633399999999998,0.06104,-0.84911892,0.495176955,0.083434845
1764505180.7046192,-5.1884,1.6633399999999998,0.06104,-0.84911892,0.495176955,0.083434845
1764505180.7046192,-5.1884,1.6633399999999998,0.06104,-0.84911892,0.495176955,0.083434845
1764505180.7046192,-5.1884,1.6633399999999998,0.06104,-0.84911892,0.495176955,0.083434845
1764505180.7046192,-5.1884,1.11398,0.97664,-0.850278585,0.49609248,0.083312775
1764505180.7046192,-5.1884,1.11398,0.97664,-0.850278585,0.49609248,0.083312775
1764505180.7046192,-5.1884,1.11398,0.97664,-0.850278585,0.49609248,0.083312775
1764505180.7046192,-5.1884,1.11398,0.97664,-0.850278585,0.49609248,0.083312775
1764505180.7046192,-5.1884,1.11398,0.97664,-0.850278585,0.49609248,0.083312775
1764505180.7046192,-5.1884,1.11398,0.97664,-0.850278585,0.49609248,0.083312775
1764505180.7046192,-5.1884,1.11398,0.97664,-0.850278585,0.49609248,0.083312775
1764505180.7046192,-5.1884,1.11398,0.97664,-0.850278585,0.49609248,0.083312775
1764505180.7046192,-5.1884,1.11398,0.97664,-0.850278585,0.49609248,0.083312775
1764505180.7046192,-5.1884,1.11398,0.97664,-0.850278585,0.49609248,0.083312775
1764505180.7474718,-5.2647,0.1525999999999999,0.6409199999999999,-0.8520486,0.4968249,0.08264139
1764505180.7474718,-5.2647,0.1525999999999999,0.6409199999999999,-0.8520486,0.4968249,0.08264139
1764505180.7474718,-5.2647,0.1525999999999999,0.6409199999999999,-0.8520486,0.4968249,0.08264139
1764505180.7474718,-5.2647,0.1525999999999999,0.6409199999999999,-0.8520486,0.4968249,0.08264139
1764505180.7474718,-5.2647,0.1525999999999999,0.6409199999999999,-0.8520486,0.4968249,0.08264139
1764505180.7474718,-5.2647,0.1525999999999999,0.6409199999999999,-0.8520486,0.4968249,0.08264139
1764505180.7484844,-5.2647,0.1525999999999999,0.6409199999999999,-0.8520486,0.4968249,0.08264139
1764505180.7484844,-5.2647,0.1525999999999999,0.6409199999999999,-0.8520486,0.4968249,0.08264139
1764505180.7484844,-5.2647,0.1525999999999999,0.6409199999999999,-0.8520486,0.4968249,0.08264139
1764505180.7484844,-5.2647,0.1525999999999999,0.6409199999999999,-0.8520486,0.4968249,0.08264139
1764505180.7484844,-5.615679999999999,0.65618,-0.44254,-0.851499285,0.495421095,0.082824495
1764505180.7484844,-5.615679999999999,0.65618,-0.44254,-0.851499285,0.495421095,0.082824495
1764505180.7484844,-5.615679999999999,0.65618,-0.44254,-0.851499285,0.495421095,0.082824495
1764505180.7494843,-5.615679999999999,0.65618,-0.44254,-0.851499285,0.495421095,0.082824495
1764505180.7494843,-5.615679999999999,0.65618,-0.44254,-0.851499285,0.495421095,0.082824495
1764505180.7494843,-5.615679999999999,0.65618,-0.44254,-0.851499285,0.495421095,0.082824495
1764505180.7494843,-5.615679999999999,0.65618,-0.44254,-0.851499285,0.495421095,0.082824495
1764505180.7494843,-5.615679999999999,0.65618,-0.44254,-0.851499285,0.495421095,0.082824495
1764505180.7494843,-5.615679999999999,0.65618,-0.44254,-0.851499285,0.495421095,0.082824495
1764505180.7494843,-5.615679999999999,0.65618,-0.44254,-0.851499285,0.495421095,0.082824495
1764505180.7494843,-5.67672,1.8312,-0.04578,-0.85033962,0.493345905,0.08325174
1764505180.7494843,-5.67672,1.8312,-0.04578,-0.85033962,0.493345905,0.08325174
1764505180.7928553,-5.67672,1.8312,-0.04578,-0.85033962,0.493345905,0.08325174
1764505180.7928553,-5.67672,1.8312,-0.04578,-0.85033962,0.493345905,0.08325174
1764505180.7928553,-5.67672,1.8312,-0.04578,-0.85033962,0.493345905,0.08325174
1764505180.7928553,-5.67672,1.8312,-0.04578,-0.85033962,0.493345905,0.08325174
1764505180.7928553,-5.67672,1.8312,-0.04578,-0.85033962,0.493345905,0.08325174
1764505180.7928553,-5.67672,1.8312,-0.04578,-0.85033962,0.493345905,0.08325174
1764505180.7928553,-5.67672,1.8312,-0.04578,-0.85033962,0.493345905,0.08325174
1764505180.7928553,-5.67672,1.8312,-0.04578,-0.85033962,0.493345905,0.08325174
1764505180.7970955,-5.096839999999999,1.64808,0.85456,-0.850156515,0.491881065,0.08325174
1764505180.7970955,-5.096839999999999,1.64808,0.85456,-0.850156515,0.491881065,0.08325174
1764505180.7970955,-5.096839999999999,1.64808,0.85456,-0.850156515,0.491881065,0.08325174
1764505180.7970955,-5.096839999999999,1.64808,0.85456,-0.850156515,0.491881065,0.08325174
1764505180.7970955,-5.096839999999999,1.64808,0.85456,-0.850156515,0.491881065,0.08325174
1764505180.7970955,-5.096839999999999,1.64808,0.85456,-0.850156515,0.491881065,0.08325174
1764505180.7970955,-5.096839999999999,1.64808,0.85456,-0.850156515,0.491881065,0.08325174
1764505180.7970955,-5.096839999999999,1.64808,0.85456,-0.850156515,0.491881065,0.08325174
1764505180.7970955,-5.096839999999999,1.64808,0.85456,-0.850156515,0.491881065,0.08325174
1764505180.7970955,-5.096839999999999,1.64808,0.85456,-0.850156515,0.491881065,0.08325174
1764505180.7982092,-4.47118,1.55652,0.79352,-0.850766865,0.49096554,0.082336215
1764505180.7982092,-4.47118,1.55652,0.79352,-0.850766865,0.49096554,0.082336215
1764505180.7982092,-4.47118,1.55652,0.79352,-0.850766865,0.49096554,0.082336215
1764505180.7982092,-4.47118,1.55652,0.79352,-0.850766865,0.49096554,0.082336215
1764505180.7982092,-4.47118,1.55652,0.79352,-0.850766865,0.49096554,0.082336215
1764505180.7982092,-4.47118,1.55652,0.79352,-0.850766865,0.49096554,0.082336215
1764505180.843467,-4.47118,1.55652,0.79352,-0.850766865,0.49096554,0.082336215
1764505180.843467,-4.47118,1.55652,0.79352,-0.850766865,0.49096554,0.082336215
1764505180.843467,-4.47118,1.55652,0.79352,-0.850766865,0.49096554,0.082336215
1764505180.843467,-4.47118,1.55652,0.79352,-0.850766865,0.49096554,0.082336215
1764505180.843467,-4.10494,1.64808,0.51884,-0.85168239,0.491026575,0.080871375
1764505180.8444672,-4.10494,1.64808,0.51884,-0.85168239,0.491026575,0.080871375
1764505180.8444672,-4.10494,1.64808,0.51884,-0.85168239,0.491026575,0.080871375
1764505180.8444672,-4.10494,1.64808,0.51884,-0.85168239,0.491026575,0.080871375
1764505180.8444672,-4.10494,1.64808,0.51884,-0.85168239,0.491026575,0.080871375
1764505180.8444672,-4.10494,1.64808,0.51884,-0.85168239,0.491026575,0.080871375
1764505180.8444672,-4.10494,1.64808,0.51884,-0.85168239,0.491026575,0.080871375
1764505180.8444672,-4.10494,1.64808,0.51884,-0.85168239,0.491026575,0.080871375
1764505180.8444672,-4.10494,1.64808,0.51884,-0.85168239,0.491026575,0.080871375
1764505180.8444672,-4.10494,1.64808,0.51884,-0.85168239,0.491026575,0.080871375
1764505180.845467,-3.64714,0.6409199999999999,-0.06104,-0.85180446,0.49230831,0.080993445
1764505180.845467,-3.64714,0.6409199999999999,-0.06104,-0.85180446,0.49230831,0.080993445
1764505180.845467,-3.64714,0.6409199999999999,-0.06104,-0.85180446,0.49230831,0.080993445
1764505180.845467,-3.64714,0.6409199999999999,-0.06104,-0.85180446,0.49230831,0.080993445
1764505180.845467,-3.64714,0.6409199999999999,-0.06104,-0.85180446,0.49230831,0.080993445
1764505180.845467,-3.64714,0.6409199999999999,-0.06104,-0.85180446,0.49230831,0.080993445
1764505180.846463,-3.64714,0.6409199999999999,-0.06104,-0.85180446,0.49230831,0.080993445
1764505180.846463,-3.64714,0.6409199999999999,-0.06104,-0.85180446,0.49230831,0.080993445
1764505180.846463,-3.64714,0.6409199999999999,-0.06104,-0.85180446,0.49230831,0.080993445
1764505180.846463,-3.64714,0.6409199999999999,-0.06104,-0.85180446,0.49230831,0.080993445
1764505180.889948,-3.2809,0.79352,0.6867,-0.852353775,0.492369345,0.081481725
1764505180.889948,-3.2809,0.79352,0.6867,-0.852353775,0.492369345,0.081481725
1764505180.889948,-3.2809,0.79352,0.6867,-0.852353775,0.492369345,0.081481725
1764505180.889948,-3.2809,0.79352,0.6867,-0.852353775,0.492369345,0.081481725
1764505180.889948,-3.2809,0.79352,0.6867,-0.852353775,0.492369345,0.081481725
1764505180.889948,-3.2809,0.79352,0.6867,-0.852353775,0.492369345,0.081481725
1764505180.889948,-3.2809,0.79352,0.6867,-0.852353775,0.492369345,0.081481725
1764505180.889948,-3.2809,0.79352,0.6867,-0.852353775,0.492369345,0.081481725
1764505180.889948,-3.2809,0.79352,0.6867,-0.852353775,0.492369345,0.081481725
1764505180.889948,-3.2809,0.79352,0.6867,-0.852353775,0.492369345,0.081481725
1764505180.889948,-3.64714,0.5341,0.74774,-0.85253688,0.493467975,0.082336215
1764505180.889948,-3.64714,0.5341,0.74774,-0.85253688,0.493467975,0.082336215
1764505180.889948,-3.64714,0.5341,0.74774,-0.85253688,0.493467975,0.082336215
1764505180.8915107,-3.64714,0.5341,0.74774,-0.85253688,0.493467975,0.082336215
1764505180.8915107,-3.64714,0.5341,0.74774,-0.85253688,0.493467975,0.082336215
1764505180.8915107,-3.64714,0.5341,0.74774,-0.85253688,0.493467975,0.082336215
1764505180.8915107,-3.64714,0.5341,0.74774,-0.85253688,0.493467975,0.082336215
1764505180.8915107,-3.64714,0.5341,0.74774,-0.85253688,0.493467975,0.082336215
1764505180.8915107,-3.64714,0.5341,0.74774,-0.85253688,0.493467975,0.082336215
1764505180.8915107,-3.64714,0.5341,0.74774,-0.85253688,0.493467975,0.082336215
1764505180.8915107,-4.715339999999999,1.15976,0.48832,-0.852353775,0.494810745,0.082580355
1764505180.8915107,-4.715339999999999,1.15976,0.48832,-0.852353775,0.494810745,0.082580355
1764505180.8915107,-4.715339999999999,1.15976,0.48832,-0.852353775,0.494810745,0.082580355
1764505180.893052,-4.715339999999999,1.15976,0.48832,-0.852353775,0.494810745,0.082580355
1764505180.9376545,-4.715339999999999,1.15976,0.48832,-0.852353775,0.494810745,0.082580355
1764505180.9376545,-4.715339999999999,1.15976,0.48832,-0.852353775,0.494810745,0.082580355
1764505180.9376545,-4.715339999999999,1.15976,0.48832,-0.852353775,0.494810745,0.082580355
1764505180.9376545,-4.715339999999999,1.15976,0.48832,-0.852353775,0.494810745,0.082580355
1764505180.9376545,-4.715339999999999,1.15976,0.48832,-0.852353775,0.494810745,0.082580355
1764505180.9376545,-4.715339999999999,1.15976,0.48832,-0.852353775,0.494810745,0.082580355
1764505180.9376545,-5.17314,1.8312,0.19838,-0.851377215,0.4956042,0.083068635
1764505180.9376545,-5.17314,1.8312,0.19838,-0.851377215,0.4956042,0.083068635
1764505180.9376545,-5.17314,1.8312,0.19838,-0.851377215,0.4956042,0.083068635
1764505180.9386606,-5.17314,1.8312,0.19838,-0.851377215,0.4956042,0.083068635
1764505180.9386606,-5.17314,1.8312,0.19838,-0.851377215,0.4956042,0.083068635
1764505180.9386606,-5.17314,1.8312,0.19838,-0.851377215,0.4956042,0.083068635
1764505180.9386606,-5.17314,1.8312,0.19838,-0.851377215,0.4956042,0.083068635
1764505180.9386606,-5.17314,1.8312,0.19838,-0.851377215,0.4956042,0.083068635
1764505180.9386606,-5.17314,1.8312,0.19838,-0.851377215,0.4956042,0.083068635
1764505180.9386606,-5.17314,1.8312,0.19838,-0.851377215,0.4956042,0.083068635
1764505180.9386606,-5.90562,1.8312,0.3815,-0.8508889350000001,0.495543165,0.084289335
1764505180.9386606,-5.90562,1.8312,0.3815,-0.8508889350000001,0.495543165,0.084289335
1764505180.9386606,-5.90562,1.8312,0.3815,-0.8508889350000001,0.495543165,0.084289335
1764505180.9386606,-5.90562,1.8312,0.3815,-0.8508889350000001,0.495543165,0.084289335
1764505180.9386606,-5.90562,1.8312,0.3815,-0.8508889350000001,0.495543165,0.084289335
1764505180.9386606,-5.90562,1.8312,0.3815,-0.8508889350000001,0.495543165,0.084289335
1764505180.9386606,-5.90562,1.8312,0.3815,-0.8508889350000001,0.495543165,0.084289335
1764505180.9386606,-5.90562,1.8312,0.3815,-0.8508889350000001,0.495543165,0.084289335
1764505180.9825723,-5.90562,1.8312,0.3815,-0.8508889350000001,0.495543165,0.084289335
1764505180.9825723,-5.90562,1.8312,0.3815,-0.8508889350000001,0.495543165,0.084289335
1764505180.9825723,-5.00528,1.11398,0.54936,-0.8508279,0.49352901,0.0842283
1764505180.9825723,-5.00528,1.11398,0.54936,-0.8508279,0.49352901,0.0842283
1764505180.9825723,-5.00528,1.11398,0.54936,-0.8508279,0.49352901,0.0842283
1764505180.9825723,-5.00528,1.11398,0.54936,-0.8508279,0.49352901,0.0842283
1764505180.9825723,-5.00528,1.11398,0.54936,-0.8508279,0.49352901,0.0842283
1764505180.9825723,-5.00528,1.11398,0.54936,-0.8508279,0.49352901,0.0842283
1764505180.9825723,-5.00528,1.11398,0.54936,-0.8508279,0.49352901,0.0842283
1764505180.9825723,-5.00528,1.11398,0.54936,-0.8508279,0.49352901,0.0842283
1764505180.9825723,-5.00528,1.11398,0.54936,-0.8508279,0.49352901,0.0842283
1764505180.9825723,-5.00528,1.11398,0.54936,-0.8508279,0.49352901,0.0842283
1764505180.9825723,-4.47118,0.74774,0.71722,-0.85094997,0.49145382,0.083190705
1764505180.9825723,-4.47118,0.74774,0.71722,-0.85094997,0.49145382,0.083190705
1764505180.9825723,-4.47118,0.74774,0.71722,-0.85094997,0.49145382,0.083190705
1764505180.984121,-4.47118,0.74774,0.71722,-0.85094997,0.49145382,0.083190705
1764505180.984121,-4.47118,0.74774,0.71722,-0.85094997,0.49145382,0.083190705
1764505180.984121,-4.47118,0.74774,0.71722,-0.85094997,0.49145382,0.083190705
1764505180.984121,-4.47118,0.74774,0.71722,-0.85094997,0.49145382,0.083190705
1764505180.984121,-4.47118,0.74774,0.71722,-0.85094997,0.49145382,0.083190705
1764505180.984121,-4.47118,0.74774,0.71722,-0.85094997,0.49145382,0.083190705
1764505180.984121,-4.47118,0.74774,0.71722,-0.85094997,0.49145382,0.083190705
1764505180.984121,-4.08968,1.35814,0.65618,-0.851621355,0.490538295,0.08190897
1764505180.984121,-4.08968,1.35814,0.65618,-0.851621355,0.490538295,0.08190897
1764505181.0325725,-4.08968,1.35814,0.65618,-0.851621355,0.490538295,0.08190897
1764505181.0335815,-4.08968,1.35814,0.65618,-0.851621355,0.490538295,0.08190897
1764505181.0335815,-4.08968,1.35814,0.65618,-0.851621355,0.490538295,0.08190897
1764505181.0335815,-4.08968,1.35814,0.65618,-0.851621355,0.490538295,0.08190897
1764505181.0335815,-4.08968,1.35814,0.65618,-0.851621355,0.490538295,0.08190897
1764505181.0335815,-4.08968,1.35814,0.65618,-0.851621355,0.490538295,0.08190897
1764505181.0335815,-4.08968,1.35814,0.65618,-0.851621355,0.490538295,0.08190897
1764505181.0335815,-4.08968,1.35814,0.65618,-0.851621355,0.490538295,0.08190897
1764505181.0335815,-4.39488,1.526,0.06104,-0.8520486,0.49243038,0.081115515
1764505181.0335815,-4.39488,1.526,0.06104,-0.8520486,0.49243038,0.081115515
1764505181.0335815,-4.39488,1.526,0.06104,-0.8520486,0.49243038,0.081115515
1764505181.0335815,-4.39488,1.526,0.06104,-0.8520486,0.49243038,0.081115515
1764505181.0335815,-4.39488,1.526,0.06104,-0.8520486,0.49243038,0.081115515
1764505181.0335815,-4.39488,1.526,0.06104,-0.8520486,0.49243038,0.081115515
1764505181.0335815,-4.39488,1.526,0.06104,-0.8520486,0.49243038,0.081115515
1764505181.0335815,-4.39488,1.526,0.06104,-0.8520486,0.49243038,0.081115515
1764505181.0335815,-4.39488,1.526,0.06104,-0.8520486,0.49243038,0.081115515
1764505181.0335815,-4.39488,1.526,0.06104,-0.8520486,0.49243038,0.081115515
1764505181.0335815,-4.37962,0.4578,0.03052,-0.851865495,0.494444535,0.08093241
1764505181.0335815,-4.37962,0.4578,0.03052,-0.851865495,0.494444535,0.08093241
1764505181.0335815,-4.37962,0.4578,0.03052,-0.851865495,0.494444535,0.08093241
1764505181.0335815,-4.37962,0.4578,0.03052,-0.851865495,0.494444535,0.08093241
1764505181.077666,-4.37962,0.4578,0.03052,-0.851865495,0.494444535,0.08093241
1764505181.077666,-4.37962,0.4578,0.03052,-0.851865495,0.494444535,0.08093241
1764505181.077666,-4.37962,0.4578,0.03052,-0.851865495,0.494444535,0.08093241
1764505181.077666,-4.37962,0.4578,0.03052,-0.851865495,0.494444535,0.08093241
1764505181.0786831,-4.37962,0.4578,0.03052,-0.851865495,0.494444535,0.08093241
1764505181.0786831,-4.37962,0.4578,0.03052,-0.851865495,0.494444535,0.08093241
1764505181.0786831,-4.45592,0.96138,0.36624,-0.85094997,0.49291866,0.082580355
1764505181.0786831,-4.45592,0.96138,0.36624,-0.85094997,0.49291866,0.082580355
1764505181.0786831,-4.45592,0.96138,0.36624,-0.85094997,0.49291866,0.082580355
1764505181.0786831,-4.45592,0.96138,0.36624,-0.85094997,0.49291866,0.082580355
1764505181.0786831,-4.45592,0.96138,0.36624,-0.85094997,0.49291866,0.082580355
1764505181.0786831,-4.45592,0.96138,0.36624,-0.85094997,0.49291866,0.082580355
1764505181.0786831,-4.45592,0.96138,0.36624,-0.85094997,0.49291866,0.082580355
1764505181.0786831,-4.45592,0.96138,0.36624,-0.85094997,0.49291866,0.082580355
1764505181.0786831,-4.45592,0.96138,0.36624,-0.85094997,0.49291866,0.082580355
1764505181.0786831,-4.45592,0.96138,0.36624,-0.85094997,0.49291866,0.082580355
1764505181.0786831,-4.0439,1.43444,0.01526,-0.850644795,0.492247275,0.0830076
1764505181.0786831,-4.0439,1.43444,0.01526,-0.850644795,0.492247275,0.0830076
1764505181.0786831,-4.0439,1.43444,0.01526,-0.850644795,0.492247275,0.0830076
1764505181.0786831,-4.0439,1.43444,0.01526,-0.850644795,0.492247275,0.0830076
1764505181.0786831,-4.0439,1.43444,0.01526,-0.850644795,0.492247275,0.0830076
1764505181.0786831,-4.0439,1.43444,0.01526,-0.850644795,0.492247275,0.0830076
1764505181.1235304,-4.0439,1.43444,0.01526,-0.850644795,0.492247275,0.0830076
1764505181.1235304,-4.0439,1.43444,0.01526,-0.850644795,0.492247275,0.0830076
1764505181.1235304,-4.0439,1.43444,0.01526,-0.850644795,0.492247275,0.0830076
1764505181.1235304,-4.0439,1.43444,0.01526,-0.850644795,0.492247275,0.0830076
1764505181.1245632,-4.16598,1.64808,0.6103999999999999,-0.851499285,0.492003135,0.082580355
1764505181.1245632,-4.16598,1.64808,0.6103999999999999,-0.851499285,0.492003135,0.082580355
1764505181.1245632,-4.16598,1.64808,0.6103999999999999,-0.851499285,0.492003135,0.082580355
1764505181.1245632,-4.16598,1.64808,0.6103999999999999,-0.851499285,0.492003135,0.082580355
1764505181.1245632,-4.16598,1.64808,0.6103999999999999,-0.851499285,0.492003135,0.082580355
1764505181.1245632,-4.16598,1.64808,0.6103999999999999,-0.851499285,0.492003135,0.082580355
1764505181.1245632,-4.16598,1.64808,0.6103999999999999,-0.851499285,0.492003135,0.082580355
1764505181.1245632,-4.16598,1.64808,0.6103999999999999,-0.851499285,0.492003135,0.082580355
1764505181.1245632,-4.16598,1.64808,0.6103999999999999,-0.851499285,0.492003135,0.082580355
1764505181.1245632,-4.16598,1.64808,0.6103999999999999,-0.851499285,0.492003135,0.082580355
1764505181.1245632,-4.21176,0.9919,0.44254,-0.850766865,0.49304073,0.08203104
1764505181.1245632,-4.21176,0.9919,0.44254,-0.850766865,0.49304073,0.08203104
1764505181.1245632,-4.21176,0.9919,0.44254,-0.850766865,0.49304073,0.08203104
1764505181.1245632,-4.21176,0.9919,0.44254,-0.850766865,0.49304073,0.08203104
1764505181.1265695,-4.21176,0.9919,0.44254,-0.850766865,0.49304073,0.08203104
1764505181.1265695,-4.21176,0.9919,0.44254,-0.850766865,0.49304073,0.08203104
1764505181.1265695,-4.21176,0.9919,0.44254,-0.850766865,0.49304073,0.08203104
1764505181.1265695,-4.21176,0.9919,0.44254,-0.850766865,0.49304073,0.08203104
1764505181.1265695,-4.21176,0.9919,0.44254,-0.850766865,0.49304073,0.08203104
1764505181.1265695,-4.21176,0.9919,0.44254,-0.850766865,0.49304073,0.08203104
1764505181.1711123,-4.68482,1.28184,-0.13734,-0.84972927,0.493590045,0.08288553
1764505181.1711123,-4.68482,1.28184,-0.13734,-0.84972927,0.493590045,0.08288553
1764505181.1711123,-4.68482,1.28184,-0.13734,-0.84972927,0.493590045,0.08288553
1764505181.1711123,-4.68482,1.28184,-0.13734,-0.84972927,0.493590045,0.08288553
1764505181.1711123,-4.68482,1.28184,-0.13734,-0.84972927,0.493590045,0.08288553
1764505181.1711123,-4.68482,1.28184,-0.13734,-0.84972927,0.493590045,0.08288553
1764505181.1711123,-4.68482,1.28184,-0.13734,-0.84972927,0.493590045,0.08288553
1764505181.1711123,-4.68482,1.28184,-0.13734,-0.84972927,0.493590045,0.08288553
1764505181.171649,-4.68482,1.28184,-0.13734,-0.84972927,0.493590045,0.08288553
1764505181.171649,-4.68482,1.28184,-0.13734,-0.84972927,0.493590045,0.08288553
1764505181.171649,-5.1121,1.8006799999999998,0.62566,-0.849790305,0.49352901,0.08239725
1764505181.171649,-5.1121,1.8006799999999998,0.62566,-0.849790305,0.49352901,0.08239725
1764505181.171649,-5.1121,1.8006799999999998,0.62566,-0.849790305,0.49352901,0.08239725
1764505181.172668,-5.1121,1.8006799999999998,0.62566,-0.849790305,0.49352901,0.08239725
1764505181.172668,-5.1121,1.8006799999999998,0.62566,-0.849790305,0.49352901,0.08239725
1764505181.172668,-5.1121,1.8006799999999998,0.62566,-0.849790305,0.49352901,0.08239725
1764505181.172668,-5.1121,1.8006799999999998,0.62566,-0.849790305,0.49352901,0.08239725
1764505181.172668,-5.1121,1.8006799999999998,0.62566,-0.849790305,0.49352901,0.08239725
1764505181.172668,-5.1121,1.8006799999999998,0.62566,-0.849790305,0.49352901,0.08239725
1764505181.172668,-5.1121,1.8006799999999998,0.62566,-0.849790305,0.49352901,0.08239725
1764505181.1731763,-4.41014,1.09872,0.96138,-0.85278102,0.493956255,0.0817869
1764505181.1731763,-4.41014,1.09872,0.96138,-0.85278102,0.493956255,0.0817869
1764505181.1731763,-4.41014,1.09872,0.96138,-0.85278102,0.493956255,0.0817869
1764505181.1731763,-4.41014,1.09872,0.96138,-0.85278102,0.493956255,0.0817869
1764505181.2149658,-4.41014,1.09872,0.96138,-0.85278102,0.493956255,0.0817869
1764505181.2149658,-4.41014,1.09872,0.96138,-0.85278102,0.493956255,0.0817869
1764505181.2149658,-4.41014,1.09872,0.96138,-0.85278102,0.493956255,0.0817869
1764505181.2149658,-4.41014,1.09872,0.96138,-0.85278102,0.493956255,0.0817869
1764505181.2149658,-4.41014,1.09872,0.96138,-0.85278102,0.493956255,0.0817869
1764505181.2149658,-4.41014,1.09872,0.96138,-0.85278102,0.493956255,0.0817869
1764505181.2149658,-4.21176,-0.0762999999999999,0.09156,-0.8532693,0.495054885,0.08276346
1764505181.2149658,-4.21176,-0.0762999999999999,0.09156,-0.8532693,0.495054885,0.08276346
1764505181.2149658,-4.21176,-0.0762999999999999,0.09156,-0.8532693,0.495054885,0.08276346
1764505181.2164812,-4.21176,-0.0762999999999999,0.09156,-0.8532693,0.495054885,0.08276346
1764505181.2164812,-4.21176,-0.0762999999999999,0.09156,-0.8532693,0.495054885,0.08276346
1764505181.2164812,-4.21176,-0.0762999999999999,0.09156,-0.8532693,0.495054885,0.08276346
1764505181.2164812,-4.21176,-0.0762999999999999,0.09156,-0.8532693,0.495054885,0.08276346
1764505181.2164812,-4.21176,-0.0762999999999999,0.09156,-0.8532693,0.495054885,0.08276346
1764505181.2164812,-4.21176,-0.0762999999999999,0.09156,-0.8532693,0.495054885,0.08276346
1764505181.2164812,-4.21176,-0.0762999999999999,0.09156,-0.8532693,0.495054885,0.08276346
1764505181.2164812,-3.9676,0.9156,-0.36624,-0.85192653,0.49450557,0.08325174
1764505181.2164812,-3.9676,0.9156,-0.36624,-0.85192653,0.49450557,0.08325174
1764505181.2164812,-3.9676,0.9156,-0.36624,-0.85192653,0.49450557,0.08325174
1764505181.2164812,-3.9676,0.9156,-0.36624,-0.85192653,0.49450557,0.08325174
1764505181.2164812,-3.9676,0.9156,-0.36624,-0.85192653,0.49450557,0.08325174
1764505181.2179017,-3.9676,0.9156,-0.36624,-0.85192653,0.49450557,0.08325174
1764505181.2617006,-3.9676,0.9156,-0.36624,-0.85192653,0.49450557,0.08325174
1764505181.2617006,-3.9676,0.9156,-0.36624,-0.85192653,0.49450557,0.08325174
1764505181.2617006,-3.9676,0.9156,-0.36624,-0.85192653,0.49450557,0.08325174
1764505181.2617006,-3.9676,0.9156,-0.36624,-0.85192653,0.49450557,0.08325174
1764505181.2617006,-4.99002,2.15166,0.6714399999999999,-0.851133075,0.494322465,0.082702425
1764505181.2617006,-4.99002,2.15166,0.6714399999999999,-0.851133075,0.494322465,0.082702425
1764505181.2617006,-4.99002,2.15166,0.6714399999999999,-0.851133075,0.494322465,0.082702425
1764505181.2617006,-4.99002,2.15166,0.6714399999999999,-0.851133075,0.494322465,0.082702425
1764505181.2622266,-4.99002,2.15166,0.6714399999999999,-0.851133075,0.494322465,0.082702425
1764505181.2622266,-4.99002,2.15166,0.6714399999999999,-0.851133075,0.494322465,0.082702425
1764505181.2622266,-4.99002,2.15166,0.6714399999999999,-0.851133075,0.494322465,0.082702425
1764505181.2622266,-4.99002,2.15166,0.6714399999999999,-0.851133075,0.494322465,0.082702425
1764505181.2622266,-4.99002,2.15166,0.6714399999999999,-0.851133075,0.494322465,0.082702425
1764505181.2622266,-4.99002,2.15166,0.6714399999999999,-0.851133075,0.494322465,0.082702425
1764505181.2622266,-5.00528,1.35814,0.82404,-0.85168239,0.494322465,0.081970005
1764505181.2622266,-5.00528,1.35814,0.82404,-0.85168239,0.494322465,0.081970005
1764505181.2622266,-5.00528,1.35814,0.82404,-0.85168239,0.494322465,0.081970005
1764505181.2622266,-5.00528,1.35814,0.82404,-0.85168239,0.494322465,0.081970005
1764505181.264257,-5.00528,1.35814,0.82404,-0.85168239,0.494322465,0.081970005
1764505181.264257,-5.00528,1.35814,0.82404,-0.85168239,0.494322465,0.081970005
1764505181.264257,-5.00528,1.35814,0.82404,-0.85168239,0.494322465,0.081970005
1764505181.264257,-5.00528,1.35814,0.82404,-0.85168239,0.494322465,0.081970005
1764505181.307071,-5.00528,1.35814,0.82404,-0.85168239,0.494322465,0.081970005
1764505181.307071,-5.00528,1.35814,0.82404,-0.85168239,0.494322465,0.081970005
1764505181.307071,-5.340999999999999,1.6786,0.54936,-0.851133075,0.493223835,0.083068635
1764505181.307071,-5.340999999999999,1.6786,0.54936,-0.851133075,0.493223835,0.083068635
1764505181.307071,-5.340999999999999,1.6786,0.54936,-0.851133075,0.493223835,0.083068635
1764505181.307071,-5.340999999999999,1.6786,0.54936,-0.851133075,0.493223835,0.083068635
1764505181.307071,-5.340999999999999,1.6786,0.54936,-0.851133075,0.493223835,0.083068635
1764505181.307071,-5.340999999999999,1.6786,0.54936,-0.851133075,0.493223835,0.083068635
1764505181.307071,-5.340999999999999,1.6786,0.54936,-0.851133075,0.493223835,0.083068635
1764505181.307071,-5.340999999999999,1.6786,0.54936,-0.851133075,0.493223835,0.083068635
1764505181.307071,-5.340999999999999,1.6786,0.54936,-0.851133075,0.493223835,0.083068635
1764505181.307071,-5.340999999999999,1.6786,0.54936,-0.851133075,0.493223835,0.083068635
1764505181.308091,-5.997179999999999,1.99906,0.2289,-0.8519875650000001,0.49230831,0.084777615
1764505181.308091,-5.997179999999999,1.99906,0.2289,-0.8519875650000001,0.49230831,0.084777615
1764505181.308091,-5.997179999999999,1.99906,0.2289,-0.8519875650000001,0.49230831,0.084777615
1764505181.308091,-5.997179999999999,1.99906,0.2289,-0.8519875650000001,0.49230831,0.084777615
1764505181.308091,-5.997179999999999,1.99906,0.2289,-0.8519875650000001,0.49230831,0.084777615
1764505181.308091,-5.997179999999999,1.99906,0.2289,-0.8519875650000001,0.49230831,0.084777615
1764505181.308091,-5.997179999999999,1.99906,0.2289,-0.8519875650000001,0.49230831,0.084777615
1764505181.308091,-5.997179999999999,1.99906,0.2289,-0.8519875650000001,0.49230831,0.084777615
1764505181.308091,-5.997179999999999,1.99906,0.2289,-0.8519875650000001,0.49230831,0.084777615
1764505181.308091,-5.997179999999999,1.99906,0.2289,-0.8519875650000001,0.49230831,0.084777615
1764505181.308091,-5.46308,1.11398,0.6714399999999999,-0.8532693,0.49304073,0.083923125
1764505181.308091,-5.46308,1.11398,0.6714399999999999,-0.8532693,0.49304073,0.083923125
1764505181.308091,-5.46308,1.11398,0.6714399999999999,-0.8532693,0.49304073,0.083923125
1764505181.308091,-5.46308,1.11398,0.6714399999999999,-0.8532693,0.49304073,0.083923125
1764505181.3554957,-5.46308,1.11398,0.6714399999999999,-0.8532693,0.49304073,0.083923125
1764505181.3554957,-5.46308,1.11398,0.6714399999999999,-0.8532693,0.49304073,0.083923125
1764505181.3554957,-5.46308,1.11398,0.6714399999999999,-0.8532693,0.49304073,0.083923125
1764505181.3554957,-5.46308,1.11398,0.6714399999999999,-0.8532693,0.49304073,0.083923125
1764505181.3554957,-5.46308,1.11398,0.6714399999999999,-0.8532693,0.49304073,0.083923125
1764505181.3554957,-5.46308,1.11398,0.6714399999999999,-0.8532693,0.49304073,0.083923125
1764505181.3554957,-4.99002,0.1525999999999999,1.2208,-0.8530251600000001,0.493590045,0.08288553
1764505181.3554957,-4.99002,0.1525999999999999,1.2208,-0.8530251600000001,0.493590045,0.08288553
1764505181.3554957,-4.99002,0.1525999999999999,1.2208,-0.8530251600000001,0.493590045,0.08288553
1764505181.3554957,-4.99002,0.1525999999999999,1.2208,-0.8530251600000001,0.493590045,0.08288553
1764505181.3554957,-4.99002,0.1525999999999999,1.2208,-0.8530251600000001,0.493590045,0.08288553
1764505181.3554957,-4.99002,0.1525999999999999,1.2208,-0.8530251600000001,0.493590045,0.08288553
1764505181.3554957,-4.99002,0.1525999999999999,1.2208,-0.8530251600000001,0.493590045,0.08288553
1764505181.3554957,-4.99002,0.1525999999999999,1.2208,-0.8530251600000001,0.493590045,0.08288553
1764505181.3554957,-4.99002,0.1525999999999999,1.2208,-0.8530251600000001,0.493590045,0.08288553
1764505181.3554957,-4.99002,0.1525999999999999,1.2208,-0.8530251600000001,0.493590045,0.08288553
1764505181.3554957,-3.61662,1.11398,0.50358,-0.851621355,0.492857625,0.08288553
1764505181.3554957,-3.61662,1.11398,0.50358,-0.851621355,0.492857625,0.08288553
1764505181.3565073,-3.61662,1.11398,0.50358,-0.851621355,0.492857625,0.08288553
1764505181.3565073,-3.61662,1.11398,0.50358,-0.851621355,0.492857625,0.08288553
1764505181.3565073,-3.61662,1.11398,0.50358,-0.851621355,0.492857625,0.08288553
1764505181.3565073,-3.61662,1.11398,0.50358,-0.851621355,0.492857625,0.08288553
1764505181.401047,-3.61662,1.11398,0.50358,-0.851621355,0.492857625,0.08288553
1764505181.401047,-3.61662,1.11398,0.50358,-0.851621355,0.492857625,0.08288553
1764505181.401047,-3.61662,1.11398,0.50358,-0.851621355,0.492857625,0.08288553
1764505181.401047,-3.61662,1.11398,0.50358,-0.851621355,0.492857625,0.08288553
1764505181.401579,-3.8913,1.6633399999999998,0.03052,-0.85119411,0.492857625,0.08349588
1764505181.401579,-3.8913,1.6633399999999998,0.03052,-0.85119411,0.492857625,0.08349588
1764505181.401579,-3.8913,1.6633399999999998,0.03052,-0.85119411,0.492857625,0.08349588
1764505181.401579,-3.8913,1.6633399999999998,0.03052,-0.85119411,0.492857625,0.08349588
1764505181.401579,-3.8913,1.6633399999999998,0.03052,-0.85119411,0.492857625,0.08349588
1764505181.401579,-3.8913,1.6633399999999998,0.03052,-0.85119411,0.492857625,0.08349588
1764505181.401579,-3.8913,1.6633399999999998,0.03052,-0.85119411,0.492857625,0.08349588
1764505181.401579,-3.8913,1.6633399999999998,0.03052,-0.85119411,0.492857625,0.08349588
1764505181.401579,-3.8913,1.6633399999999998,0.03052,-0.85119411,0.492857625,0.08349588
1764505181.401579,-3.8913,1.6633399999999998,0.03052,-0.85119411,0.492857625,0.08349588
1764505181.401579,-4.48644,1.2971,0.03052,-0.8496072,0.49401729,0.083923125
1764505181.401579,-4.48644,1.2971,0.03052,-0.8496072,0.49401729,0.083923125
1764505181.401579,-4.48644,1.2971,0.03052,-0.8496072,0.49401729,0.083923125
1764505181.401579,-4.48644,1.2971,0.03052,-0.8496072,0.49401729,0.083923125
1764505181.4025931,-4.48644,1.2971,0.03052,-0.8496072,0.49401729,0.083923125
1764505181.4025931,-4.48644,1.2971,0.03052,-0.8496072,0.49401729,0.083923125
1764505181.4025931,-4.48644,1.2971,0.03052,-0.8496072,0.49401729,0.083923125
1764505181.4025931,-4.48644,1.2971,0.03052,-0.8496072,0.49401729,0.083923125
1764505181.4035933,-4.48644,1.2971,0.03052,-0.8496072,0.49401729,0.083923125
1764505181.4035933,-4.48644,1.2971,0.03052,-0.8496072,0.49401729,0.083923125
1764505181.449365,-4.852679999999999,1.12924,0.42728,-0.85009548,0.494810745,0.08264139
1764505181.449365,-4.852679999999999,1.12924,0.42728,-0.85009548,0.494810745,0.08264139
1764505181.449365,-4.852679999999999,1.12924,0.42728,-0.85009548,0.494810745,0.08264139
1764505181.449365,-4.852679999999999,1.12924,0.42728,-0.85009548,0.494810745,0.08264139
1764505181.449365,-4.852679999999999,1.12924,0.42728,-0.85009548,0.494810745,0.08264139
1764505181.449365,-4.852679999999999,1.12924,0.42728,-0.85009548,0.494810745,0.08264139
1764505181.449365,-4.852679999999999,1.12924,0.42728,-0.85009548,0.494810745,0.08264139
1764505181.449365,-4.852679999999999,1.12924,0.42728,-0.85009548,0.494810745,0.08264139
1764505181.449365,-4.852679999999999,1.12924,0.42728,-0.85009548,0.494810745,0.08264139
1764505181.449365,-4.852679999999999,1.12924,0.42728,-0.85009548,0.494810745,0.08264139
1764505181.449365,-5.08158,0.763,0.56462,-0.851011005,0.496275585,0.08239725
1764505181.449365,-5.08158,0.763,0.56462,-0.851011005,0.496275585,0.08239725
1764505181.449365,-5.08158,0.763,0.56462,-0.851011005,0.496275585,0.08239725
1764505181.449365,-5.08158,0.763,0.56462,-0.851011005,0.496275585,0.08239725
1764505181.449365,-5.08158,0.763,0.56462,-0.851011005,0.496275585,0.08239725
1764505181.449365,-5.08158,0.763,0.56462,-0.851011005,0.496275585,0.08239725
1764505181.449365,-5.08158,0.763,0.56462,-0.851011005,0.496275585,0.08239725
1764505181.449365,-5.08158,0.763,0.56462,-0.851011005,0.496275585,0.08239725
1764505181.449365,-5.08158,0.763,0.56462,-0.851011005,0.496275585,0.08239725
1764505181.449365,-5.08158,0.763,0.56462,-0.851011005,0.496275585,0.08239725
1764505181.449365,-5.60042,1.00716,-0.13734,-0.85021755,0.49621455,0.083434845
1764505181.449365,-5.60042,1.00716,-0.13734,-0.85021755,0.49621455,0.083434845
1764505181.494126,-5.60042,1.00716,-0.13734,-0.85021755,0.49621455,0.083434845
1764505181.494126,-5.60042,1.00716,-0.13734,-0.85021755,0.49621455,0.083434845
1764505181.494126,-5.60042,1.00716,-0.13734,-0.85021755,0.49621455,0.083434845
1764505181.494126,-5.60042,1.00716,-0.13734,-0.85021755,0.49621455,0.083434845
1764505181.495634,-5.60042,1.00716,-0.13734,-0.85021755,0.49621455,0.083434845
1764505181.495634,-5.60042,1.00716,-0.13734,-0.85021755,0.49621455,0.083434845
1764505181.495634,-5.60042,1.00716,-0.13734,-0.85021755,0.49621455,0.083434845
1764505181.495634,-5.60042,1.00716,-0.13734,-0.85021755,0.49621455,0.083434845
1764505181.495634,-4.89846,1.8006799999999998,-0.09156,-0.850522725,0.49450557,0.084411405
1764505181.495634,-4.89846,1.8006799999999998,-0.09156,-0.850522725,0.49450557,0.084411405
1764505181.495634,-4.89846,1.8006799999999998,-0.09156,-0.850522725,0.49450557,0.084411405
1764505181.495634,-4.89846,1.8006799999999998,-0.09156,-0.850522725,0.49450557,0.084411405
1764505181.495634,-4.89846,1.8006799999999998,-0.09156,-0.850522725,0.49450557,0.084411405
1764505181.495634,-4.89846,1.8006799999999998,-0.09156,-0.850522725,0.49450557,0.084411405
1764505181.495634,-4.89846,1.8006799999999998,-0.09156,-0.850522725,0.49450557,0.084411405
1764505181.495634,-4.89846,1.8006799999999998,-0.09156,-0.850522725,0.49450557,0.084411405
1764505181.495634,-4.89846,1.8006799999999998,-0.09156,-0.850522725,0.49450557,0.084411405
1764505181.495634,-4.89846,1.8006799999999998,-0.09156,-0.850522725,0.49450557,0.084411405
1764505181.495634,-4.28806,1.3734,0.39676,-0.85046169,0.493101765,0.084655545
1764505181.495634,-4.28806,1.3734,0.39676,-0.85046169,0.493101765,0.084655545
1764505181.5401804,-4.28806,1.3734,0.39676,-0.85046169,0.493101765,0.084655545
1764505181.5401804,-4.28806,1.3734,0.39676,-0.85046169,0.493101765,0.084655545
1764505181.5401804,-4.28806,1.3734,0.39676,-0.85046169,0.493101765,0.084655545
1764505181.5401804,-4.28806,1.3734,0.39676,-0.85046169,0.493101765,0.084655545
1764505181.5401804,-4.28806,1.3734,0.39676,-0.85046169,0.493101765,0.084655545
1764505181.5401804,-4.28806,1.3734,0.39676,-0.85046169,0.493101765,0.084655545
1764505181.5401804,-4.28806,1.3734,0.39676,-0.85046169,0.493101765,0.084655545
1764505181.5401804,-4.28806,1.3734,0.39676,-0.85046169,0.493101765,0.084655545
1764505181.5401804,-3.83026,1.1445,0.48832,-0.850644795,0.49145382,0.08337381
1764505181.5401804,-3.83026,1.1445,0.48832,-0.850644795,0.49145382,0.08337381
1764505181.5401804,-3.83026,1.1445,0.48832,-0.850644795,0.49145382,0.08337381
1764505181.5401804,-3.83026,1.1445,0.48832,-0.850644795,0.49145382,0.08337381
1764505181.5401804,-3.83026,1.1445,0.48832,-0.850644795,0.49145382,0.08337381
1764505181.5401804,-3.83026,1.1445,0.48832,-0.850644795,0.49145382,0.08337381
1764505181.5401804,-3.83026,1.1445,0.48832,-0.850644795,0.49145382,0.08337381
1764505181.5401804,-3.83026,1.1445,0.48832,-0.850644795,0.49145382,0.08337381
1764505181.5401804,-3.83026,1.1445,0.48832,-0.850644795,0.49145382,0.08337381
1764505181.5401804,-3.83026,1.1445,0.48832,-0.850644795,0.49145382,0.08337381
1764505181.5401804,-2.96044,0.97664,0.44254,-0.850644795,0.490538295,0.08312967
1764505181.5401804,-2.96044,0.97664,0.44254,-0.850644795,0.490538295,0.08312967
1764505181.5401804,-2.96044,0.97664,0.44254,-0.850644795,0.490538295,0.08312967
1764505181.5401804,-2.96044,0.97664,0.44254,-0.850644795,0.490538295,0.08312967
1764505181.5401804,-2.96044,0.97664,0.44254,-0.850644795,0.490538295,0.08312967
1764505181.5401804,-2.96044,0.97664,0.44254,-0.850644795,0.490538295,0.08312967
1764505181.5401804,-2.96044,0.97664,0.44254,-0.850644795,0.490538295,0.08312967
1764505181.5401804,-2.96044,0.97664,0.44254,-0.850644795,0.490538295,0.08312967
1764505181.5857332,-2.96044,0.97664,0.44254,-0.850644795,0.490538295,0.08312967
1764505181.5857332,-2.96044,0.97664,0.44254,-0.850644795,0.490538295,0.08312967
1764505181.5867703,-3.2046,1.05294,0.3509799999999999,-0.8524758450000001,0.492003135,0.081481725
1764505181.5867703,-3.2046,1.05294,0.3509799999999999,-0.8524758450000001,0.492003135,0.081481725
1764505181.5867703,-3.2046,1.05294,0.3509799999999999,-0.8524758450000001,0.492003135,0.081481725
1764505181.5867703,-3.2046,1.05294,0.3509799999999999,-0.8524758450000001,0.492003135,0.081481725
1764505181.5867703,-3.2046,1.05294,0.3509799999999999,-0.8524758450000001,0.492003135,0.081481725
1764505181.5867703,-3.2046,1.05294,0.3509799999999999,-0.8524758450000001,0.492003135,0.081481725
1764505181.5867703,-3.2046,1.05294,0.3509799999999999,-0.8524758450000001,0.492003135,0.081481725
1764505181.5867703,-3.2046,1.05294,0.3509799999999999,-0.8524758450000001,0.492003135,0.081481725
1764505181.5867703,-3.2046,1.05294,0.3509799999999999,-0.8524758450000001,0.492003135,0.081481725
1764505181.5867703,-3.2046,1.05294,0.3509799999999999,-0.8524758450000001,0.492003135,0.081481725
1764505181.5867703,-4.0439,0.27468,0.51884,-0.852719985,0.4943835,0.08203104
1764505181.5867703,-4.0439,0.27468,0.51884,-0.852719985,0.4943835,0.08203104
1764505181.5877948,-4.0439,0.27468,0.51884,-0.852719985,0.4943835,0.08203104
1764505181.5877948,-4.0439,0.27468,0.51884,-0.852719985,0.4943835,0.08203104
1764505181.5877948,-4.0439,0.27468,0.51884,-0.852719985,0.4943835,0.08203104
1764505181.5888102,-4.0439,0.27468,0.51884,-0.852719985,0.4943835,0.08203104
1764505181.5888102,-4.0439,0.27468,0.51884,-0.852719985,0.4943835,0.08203104
1764505181.5888102,-4.0439,0.27468,0.51884,-0.852719985,0.4943835,0.08203104
1764505181.5888102,-4.0439,0.27468,0.51884,-0.852719985,0.4943835,0.08203104
1764505181.5888102,-4.0439,0.27468,0.51884,-0.852719985,0.4943835,0.08203104
1764505181.5888102,-2.54842,-0.42728,-0.13734,-0.8520486,0.49304073,0.08483865
1764505181.5888102,-2.54842,-0.42728,-0.13734,-0.8520486,0.49304073,0.08483865
1764505181.6340191,-2.54842,-0.42728,-0.13734,-0.8520486,0.49304073,0.08483865
1764505181.6340191,-2.54842,-0.42728,-0.13734,-0.8520486,0.49304073,0.08483865
1764505181.6340191,-2.54842,-0.42728,-0.13734,-0.8520486,0.49304073,0.08483865
1764505181.6340191,-2.54842,-0.42728,-0.13734,-0.8520486,0.49304073,0.08483865
1764505181.6340191,-2.54842,-0.42728,-0.13734,-0.8520486,0.49304073,0.08483865
1764505181.6340191,-2.54842,-0.42728,-0.13734,-0.8520486,0.49304073,0.08483865
1764505181.6340191,-2.54842,-0.42728,-0.13734,-0.8520486,0.49304073,0.08483865
1764505181.6340191,-2.54842,-0.42728,-0.13734,-0.8520486,0.49304073,0.08483865
1764505181.6340191,-3.37246,1.02242,-1.11398,-0.8524758450000001,0.490904505,0.08569314
1764505181.6340191,-3.37246,1.02242,-1.11398,-0.8524758450000001,0.490904505,0.08569314
1764505181.6340191,-3.37246,1.02242,-1.11398,-0.8524758450000001,0.490904505,0.08569314
1764505181.6340191,-3.37246,1.02242,-1.11398,-0.8524758450000001,0.490904505,0.08569314
1764505181.6340191,-3.37246,1.02242,-1.11398,-0.8524758450000001,0.490904505,0.08569314
1764505181.6340191,-3.37246,1.02242,-1.11398,-0.8524758450000001,0.490904505,0.08569314
1764505181.6340191,-3.37246,1.02242,-1.11398,-0.8524758450000001,0.490904505,0.08569314
1764505181.6340191,-3.37246,1.02242,-1.11398,-0.8524758450000001,0.490904505,0.08569314
1764505181.6340191,-3.37246,1.02242,-1.11398,-0.8524758450000001,0.490904505,0.08569314
1764505181.6340191,-3.37246,1.02242,-1.11398,-0.8524758450000001,0.490904505,0.08569314
1764505181.6340191,-2.12114,-1.4497,-2.65524,-0.85253688,0.487242405,0.08618142
1764505181.6340191,-2.12114,-1.4497,-2.65524,-0.85253688,0.487242405,0.08618142
1764505181.6340191,-2.12114,-1.4497,-2.65524,-0.85253688,0.487242405,0.08618142
1764505181.6340191,-2.12114,-1.4497,-2.65524,-0.85253688,0.487242405,0.08618142
1764505181.6340191,-2.12114,-1.4497,-2.65524,-0.85253688,0.487242405,0.08618142
1764505181.6340191,-2.12114,-1.4497,-2.65524,-0.85253688,0.487242405,0.08618142
1764505181.6801028,-2.12114,-1.4497,-2.65524,-0.85253688,0.487242405,0.08618142
1764505181.6801028,-2.12114,-1.4497,-2.65524,-0.85253688,0.487242405,0.08618142
1764505181.6801028,-2.12114,-1.4497,-2.65524,-0.85253688,0.487242405,0.08618142
1764505181.6801028,-2.12114,-1.4497,-2.65524,-0.85253688,0.487242405,0.08618142
1764505181.6801028,3.052,-1.02242,-4.8832,-0.859555905,0.475035405,0.09008766
1764505181.6801028,3.052,-1.02242,-4.8832,-0.859555905,0.475035405,0.09008766
1764505181.6801028,3.052,-1.02242,-4.8832,-0.859555905,0.475035405,0.09008766
1764505181.6801028,3.052,-1.02242,-4.8832,-0.859555905,0.475035405,0.09008766
1764505181.6801028,3.052,-1.02242,-4.8832,-0.859555905,0.475035405,0.09008766
1764505181.6816304,3.052,-1.02242,-4.8832,-0.859555905,0.475035405,0.09008766
1764505181.6816304,3.052,-1.02242,-4.8832,-0.859555905,0.475035405,0.09008766
1764505181.6816304,3.052,-1.02242,-4.8832,-0.859555905,0.475035405,0.09008766
1764505181.6816304,3.052,-1.02242,-4.8832,-0.859555905,0.475035405,0.09008766
1764505181.6816304,3.052,-1.02242,-4.8832,-0.859555905,0.475035405,0.09008766
1764505181.682661,4.07442,1.3734,-9.01866,-0.86608665,0.45995976,0.085632105
1764505181.682661,4.07442,1.3734,-9.01866,-0.86608665,0.45995976,0.085632105
1764505181.682661,4.07442,1.3734,-9.01866,-0.86608665,0.45995976,0.085632105
1764505181.682661,4.07442,1.3734,-9.01866,-0.86608665,0.45995976,0.085632105
1764505181.6836455,4.07442,1.3734,-9.01866,-0.86608665,0.45995976,0.085632105
1764505181.6836455,4.07442,1.3734,-9.01866,-0.86608665,0.45995976,0.085632105
1764505181.6846592,4.07442,1.3734,-9.01866,-0.86608665,0.45995976,0.085632105
1764505181.6846592,4.07442,1.3734,-9.01866,-0.86608665,0.45995976,0.085632105
1764505181.728751,4.07442,1.3734,-9.01866,-0.86608665,0.45995976,0.085632105
1764505181.728751,4.07442,1.3734,-9.01866,-0.86608665,0.45995976,0.085632105
1764505181.728751,12.17748,1.15976,-13.84082,-0.87707295,0.43810923,0.08117655
1764505181.728751,12.17748,1.15976,-13.84082,-0.87707295,0.43810923,0.08117655
1764505181.728751,12.17748,1.15976,-13.84082,-0.87707295,0.43810923,0.08117655
1764505181.728751,12.17748,1.15976,-13.84082,-0.87707295,0.43810923,0.08117655
1764505181.728751,12.17748,1.15976,-13.84082,-0.87707295,0.43810923,0.08117655
1764505181.728751,12.17748,1.15976,-13.84082,-0.87707295,0.43810923,0.08117655
1764505181.728751,12.17748,1.15976,-13.84082,-0.87707295,0.43810923,0.08117655
1764505181.728751,12.17748,1.15976,-13.84082,-0.87707295,0.43810923,0.08117655
1764505181.728751,12.17748,1.15976,-13.84082,-0.87707295,0.43810923,0.08117655
1764505181.728751,12.17748,1.15976,-13.84082,-0.87707295,0.43810923,0.08117655
1764505181.728751,26.0946,3.14356,-20.58574,-0.87597432,0.417418365,0.07495098
1764505181.728751,26.0946,3.14356,-20.58574,-0.87597432,0.417418365,0.07495098
1764505181.7297723,26.0946,3.14356,-20.58574,-0.87597432,0.417418365,0.07495098
1764505181.7297723,26.0946,3.14356,-20.58574,-0.87597432,0.417418365,0.07495098
1764505181.7297723,26.0946,3.14356,-20.58574,-0.87597432,0.417418365,0.07495098
1764505181.7297723,26.0946,3.14356,-20.58574,-0.87597432,0.417418365,0.07495098
1764505181.7297723,26.0946,3.14356,-20.58574,-0.87597432,0.417418365,0.07495098
1764505181.7297723,26.0946,3.14356,-20.58574,-0.87597432,0.417418365,0.07495098
1764505181.7297723,26.0946,3.14356,-20.58574,-0.87597432,0.417418365,0.07495098
1764505181.7297723,26.0946,3.14356,-20.58574,-0.87597432,0.417418365,0.07495098
1764505181.7307694,37.41752,5.38678,-22.85948,-0.87585225,0.409972095,0.07214337
1764505181.7307694,37.41752,5.38678,-22.85948,-0.87585225,0.409972095,0.07214337
1764505181.7759094,37.41752,5.38678,-22.85948,-0.87585225,0.409972095,0.07214337
1764505181.7759094,37.41752,5.38678,-22.85948,-0.87585225,0.409972095,0.07214337
1764505181.7764788,37.41752,5.38678,-22.85948,-0.87585225,0.409972095,0.07214337
1764505181.7764788,37.41752,5.38678,-22.85948,-0.87585225,0.409972095,0.07214337
1764505181.7764788,37.41752,5.38678,-22.85948,-0.87585225,0.409972095,0.07214337
1764505181.7764788,37.41752,5.38678,-22.85948,-0.87585225,0.409972095,0.07214337
1764505181.7764788,37.41752,5.38678,-22.85948,-0.87585225,0.409972095,0.07214337
1764505181.7764788,37.41752,5.38678,-22.85948,-0.87585225,0.409972095,0.07214337
1764505181.7764788,46.26832,1.25132,-21.01302,-0.884702325,0.416075595,0.075744435
1764505181.7764788,46.26832,1.25132,-21.01302,-0.884702325,0.416075595,0.075744435
1764505181.7764788,46.26832,1.25132,-21.01302,-0.884702325,0.416075595,0.075744435
1764505181.7764788,46.26832,1.25132,-21.01302,-0.884702325,0.416075595,0.075744435
1764505181.7764788,46.26832,1.25132,-21.01302,-0.884702325,0.416075595,0.075744435
1764505181.7764788,46.26832,1.25132,-21.01302,-0.884702325,0.416075595,0.075744435
1764505181.7764788,46.26832,1.25132,-21.01302,-0.884702325,0.416075595,0.075744435
1764505181.7764788,46.26832,1.25132,-21.01302,-0.884702325,0.416075595,0.075744435
1764505181.7764788,46.26832,1.25132,-21.01302,-0.884702325,0.416075595,0.075744435
1764505181.7764788,46.26832,1.25132,-21.01302,-0.884702325,0.416075595,0.075744435
1764505181.7764788,56.70616,-0.97664,-17.0149,-0.88171161,0.42822156,0.077941695
1764505181.7764788,56.70616,-0.97664,-17.0149,-0.88171161,0.42822156,0.077941695
1764505181.7764788,56.70616,-0.97664,-17.0149,-0.88171161,0.42822156,0.077941695
1764505181.7764788,56.70616,-0.97664,-17.0149,-0.88171161,0.42822156,0.077941695
1764505181.8187642,56.70616,-0.97664,-17.0149,-0.88171161,0.42822156,0.077941695
1764505181.8187642,56.70616,-0.97664,-17.0149,-0.88171161,0.42822156,0.077941695
1764505181.8187642,56.70616,-0.97664,-17.0149,-0.88171161,0.42822156,0.077941695
1764505181.8187642,56.70616,-0.97664,-17.0149,-0.88171161,0.42822156,0.077941695
1764505181.8197942,56.70616,-0.97664,-17.0149,-0.88171161,0.42822156,0.077941695
1764505181.8197942,56.70616,-0.97664,-17.0149,-0.88171161,0.42822156,0.077941695
1764505181.8197942,61.90982,-4.76112,-10.86512,-0.8728005,0.44763069,0.07751445
1764505181.8197942,61.90982,-4.76112,-10.86512,-0.8728005,0.44763069,0.07751445
1764505181.8197942,61.90982,-4.76112,-10.86512,-0.8728005,0.44763069,0.07751445
1764505181.8197942,61.90982,-4.76112,-10.86512,-0.8728005,0.44763069,0.07751445
1764505181.8197942,61.90982,-4.76112,-10.86512,-0.8728005,0.44763069,0.07751445
1764505181.8197942,61.90982,-4.76112,-10.86512,-0.8728005,0.44763069,0.07751445
1764505181.8197942,61.90982,-4.76112,-10.86512,-0.8728005,0.44763069,0.07751445
1764505181.8197942,61.90982,-4.76112,-10.86512,-0.8728005,0.44763069,0.07751445
1764505181.8197942,61.90982,-4.76112,-10.86512,-0.8728005,0.44763069,0.07751445
1764505181.8197942,61.90982,-4.76112,-10.86512,-0.8728005,0.44763069,0.07751445
1764505181.8197942,61.00948,-14.23758,-2.4416,-0.8654763,0.47302125,0.07665996
1764505181.8197942,61.00948,-14.23758,-2.4416,-0.8654763,0.47302125,0.07665996
1764505181.8197942,61.00948,-14.23758,-2.4416,-0.8654763,0.47302125,0.07665996
1764505181.8197942,61.00948,-14.23758,-2.4416,-0.8654763,0.47302125,0.07665996
1764505181.8197942,61.00948,-14.23758,-2.4416,-0.8654763,0.47302125,0.07665996
1764505181.8197942,61.00948,-14.23758,-2.4416,-0.8654763,0.47302125,0.07665996
1764505181.8207986,61.00948,-14.23758,-2.4416,-0.8654763,0.47302125,0.07665996
1764505181.8207986,61.00948,-14.23758,-2.4416,-0.8654763,0.47302125,0.07665996
1764505181.8207986,61.00948,-14.23758,-2.4416,-0.8654763,0.47302125,0.07665996
1764505181.8207986,61.00948,-14.23758,-2.4416,-0.8654763,0.47302125,0.07665996
1764505181.8690484,56.18732,-16.358719999999998,5.24944,-0.85094997,0.497496285,0.070861635
1764505181.8690484,56.18732,-16.358719999999998,5.24944,-0.85094997,0.497496285,0.070861635
1764505181.8690484,56.18732,-16.358719999999998,5.24944,-0.85094997,0.497496285,0.070861635
1764505181.8690484,56.18732,-16.358719999999998,5.24944,-0.85094997,0.497496285,0.070861635
1764505181.8690484,56.18732,-16.358719999999998,5.24944,-0.85094997,0.497496285,0.070861635
1764505181.8690484,56.18732,-16.358719999999998,5.24944,-0.85094997,0.497496285,0.070861635
1764505181.8690484,56.18732,-16.358719999999998,5.24944,-0.85094997,0.497496285,0.070861635
1764505181.8690484,56.18732,-16.358719999999998,5.24944,-0.85094997,0.497496285,0.070861635
1764505181.8690484,56.18732,-16.358719999999998,5.24944,-0.85094997,0.497496285,0.070861635
1764505181.8690484,56.18732,-16.358719999999998,5.24944,-0.85094997,0.497496285,0.070861635
1764505181.8690484,43.23158,-8.95762,7.43162,-0.83703399,0.51721059,0.05761704
1764505181.8690484,43.23158,-8.95762,7.43162,-0.83703399,0.51721059,0.05761704
1764505181.8690484,43.23158,-8.95762,7.43162,-0.83703399,0.51721059,0.05761704
1764505181.8690484,43.23158,-8.95762,7.43162,-0.83703399,0.51721059,0.05761704
1764505181.8690484,43.23158,-8.95762,7.43162,-0.83703399,0.51721059,0.05761704
1764505181.8690484,43.23158,-8.95762,7.43162,-0.83703399,0.51721059,0.05761704
1764505181.8690484,43.23158,-8.95762,7.43162,-0.83703399,0.51721059,0.05761704
1764505181.8690484,43.23158,-8.95762,7.43162,-0.83703399,0.51721059,0.05761704
1764505181.8690484,43.23158,-8.95762,7.43162,-0.83703399,0.51721059,0.05761704
1764505181.8690484,43.23158,-8.95762,7.43162,-0.83703399,0.51721059,0.05761704
1764505181.8700476,22.63058,2.24322,4.5017,-0.833554995,0.53759628,0.03698721
1764505181.8700476,22.63058,2.24322,4.5017,-0.833554995,0.53759628,0.03698721
1764505181.914245,22.63058,2.24322,4.5017,-0.833554995,0.53759628,0.03698721
1764505181.914245,22.63058,2.24322,4.5017,-0.833554995,0.53759628,0.03698721
1764505181.914245,22.63058,2.24322,4.5017,-0.833554995,0.53759628,0.03698721
1764505181.914245,22.63058,2.24322,4.5017,-0.833554995,0.53759628,0.03698721
1764505181.914245,22.63058,2.24322,4.5017,-0.833554995,0.53759628,0.03698721
1764505181.914245,22.63058,2.24322,4.5017,-0.833554995,0.53759628,0.03698721
1764505181.914245,22.63058,2.24322,4.5017,-0.833554995,0.53759628,0.03698721
1764505181.914245,22.63058,2.24322,4.5017,-0.833554995,0.53759628,0.03698721
1764505181.914245,6.22608,5.92088,0.04578,-0.830259105,0.55236675,0.0256347
1764505181.914245,6.22608,5.92088,0.04578,-0.830259105,0.55236675,0.0256347
1764505181.914245,6.22608,5.92088,0.04578,-0.830259105,0.55236675,0.0256347
1764505181.914245,6.22608,5.92088,0.04578,-0.830259105,0.55236675,0.0256347
1764505181.914245,6.22608,5.92088,0.04578,-0.830259105,0.55236675,0.0256347
1764505181.914245,6.22608,5.92088,0.04578,-0.830259105,0.55236675,0.0256347
1764505181.914245,6.22608,5.92088,0.04578,-0.830259105,0.55236675,0.0256347
1764505181.915256,6.22608,5.92088,0.04578,-0.830259105,0.55236675,0.0256347
1764505181.915256,6.22608,5.92088,0.04578,-0.830259105,0.55236675,0.0256347
1764505181.915256,6.22608,5.92088,0.04578,-0.830259105,0.55236675,0.0256347
1764505181.915256,-3.78448,7.309539999999999,-2.2127,-0.83178498,0.557310585,0.028625415
1764505181.915256,-3.78448,7.309539999999999,-2.2127,-0.83178498,0.557310585,0.028625415
1764505181.915256,-3.78448,7.309539999999999,-2.2127,-0.83178498,0.557310585,0.028625415
1764505181.915256,-3.78448,7.309539999999999,-2.2127,-0.83178498,0.557310585,0.028625415
1764505181.915256,-3.78448,7.309539999999999,-2.2127,-0.83178498,0.557310585,0.028625415
1764505181.915256,-3.78448,7.309539999999999,-2.2127,-0.83178498,0.557310585,0.028625415
1764505181.9607482,-3.78448,7.309539999999999,-2.2127,-0.83178498,0.557310585,0.028625415
1764505181.9607482,-3.78448,7.309539999999999,-2.2127,-0.83178498,0.557310585,0.028625415
1764505181.9607482,-3.78448,7.309539999999999,-2.2127,-0.83178498,0.557310585,0.028625415
1764505181.9607482,-3.78448,7.309539999999999,-2.2127,-0.83178498,0.557310585,0.028625415
1764505181.9607482,-9.59854,5.70724,-1.70912,-0.84069609,0.557310585,0.039733785
1764505181.9607482,-9.59854,5.70724,-1.70912,-0.84069609,0.557310585,0.039733785
1764505181.9607482,-9.59854,5.70724,-1.70912,-0.84069609,0.557310585,0.039733785
1764505181.9607482,-9.59854,5.70724,-1.70912,-0.84069609,0.557310585,0.039733785
1764505181.9607482,-9.59854,5.70724,-1.70912,-0.84069609,0.557310585,0.039733785
1764505181.9607482,-9.59854,5.70724,-1.70912,-0.84069609,0.557310585,0.039733785
1764505181.9607482,-9.59854,5.70724,-1.70912,-0.84069609,0.557310585,0.039733785
1764505181.9607482,-9.59854,5.70724,-1.70912,-0.84069609,0.557310585,0.039733785
1764505181.9607482,-9.59854,5.70724,-1.70912,-0.84069609,0.557310585,0.039733785
1764505181.9607482,-9.59854,5.70724,-1.70912,-0.84069609,0.557310585,0.039733785
1764505181.9617648,-14.40544,8.743979999999999,-0.42728,-0.845517855,0.5552964300000001,0.04968249
1764505181.9623003,-14.40544,8.743979999999999,-0.42728,-0.845517855,0.5552964300000001,0.04968249
1764505181.9623003,-14.40544,8.743979999999999,-0.42728,-0.845517855,0.5552964300000001,0.04968249
1764505181.9623003,-14.40544,8.743979999999999,-0.42728,-0.845517855,0.5552964300000001,0.04968249
1764505181.9623003,-14.40544,8.743979999999999,-0.42728,-0.845517855,0.5552964300000001,0.04968249
1764505181.9623003,-14.40544,8.743979999999999,-0.42728,-0.845517855,0.5552964300000001,0.04968249
1764505181.9623003,-14.40544,8.743979999999999,-0.42728,-0.845517855,0.5552964300000001,0.04968249
1764505181.9633155,-14.40544,8.743979999999999,-0.42728,-0.845517855,0.5552964300000001,0.04968249
1764505181.9643164,-14.40544,8.743979999999999,-0.42728,-0.845517855,0.5552964300000001,0.04968249
1764505181.9643164,-14.40544,8.743979999999999,-0.42728,-0.845517855,0.5552964300000001,0.04968249
1764505182.0043736,-24.85854,14.52752,-1.46496,-0.847470975,0.54968121,0.04846179
1764505182.0043736,-24.85854,14.52752,-1.46496,-0.847470975,0.54968121,0.04846179
1764505182.0043736,-24.85854,14.52752,-1.46496,-0.847470975,0.54968121,0.04846179
1764505182.0043736,-24.85854,14.52752,-1.46496,-0.847470975,0.54968121,0.04846179
1764505182.005407,-24.85854,14.52752,-1.46496,-0.847470975,0.54968121,0.04846179
1764505182.005407,-24.85854,14.52752,-1.46496,-0.847470975,0.54968121,0.04846179
1764505182.005407,-24.85854,14.52752,-1.46496,-0.847470975,0.54968121,0.04846179
1764505182.005407,-24.85854,14.52752,-1.46496,-0.847470975,0.54968121,0.04846179
1764505182.005407,-24.85854,14.52752,-1.46496,-0.847470975,0.54968121,0.04846179
1764505182.005407,-24.85854,14.52752,-1.46496,-0.847470975,0.54968121,0.04846179
1764505182.005407,-37.50908,18.72402,-0.48832,-0.844297155,0.54223494,0.03710928
1764505182.0064142,-37.50908,18.72402,-0.48832,-0.844297155,0.54223494,0.03710928
1764505182.0064142,-37.50908,18.72402,-0.48832,-0.844297155,0.54223494,0.03710928
1764505182.0064142,-37.50908,18.72402,-0.48832,-0.844297155,0.54223494,0.03710928
1764505182.0064142,-37.50908,18.72402,-0.48832,-0.844297155,0.54223494,0.03710928
1764505182.0064142,-37.50908,18.72402,-0.48832,-0.844297155,0.54223494,0.03710928
1764505182.0064142,-37.50908,18.72402,-0.48832,-0.844297155,0.54223494,0.03710928
1764505182.0064142,-37.50908,18.72402,-0.48832,-0.844297155,0.54223494,0.03710928
1764505182.0079348,-37.50908,18.72402,-0.48832,-0.844297155,0.54223494,0.03710928
1764505182.0079348,-37.50908,18.72402,-0.48832,-0.844297155,0.54223494,0.03710928
1764505182.0079348,-40.8968,16.023,2.94518,-0.8435037,0.528868275,0.031188885
1764505182.0079348,-40.8968,16.023,2.94518,-0.8435037,0.528868275,0.031188885
1764505182.0555153,-40.8968,16.023,2.94518,-0.8435037,0.528868275,0.031188885
1764505182.0555153,-40.8968,16.023,2.94518,-0.8435037,0.528868275,0.031188885
1764505182.0555153,-40.8968,16.023,2.94518,-0.8435037,0.528868275,0.031188885
1764505182.0555153,-40.8968,16.023,2.94518,-0.8435037,0.528868275,0.031188885
1764505182.0555153,-40.8968,16.023,2.94518,-0.8435037,0.528868275,0.031188885
1764505182.0555153,-40.8968,16.023,2.94518,-0.8435037,0.528868275,0.031188885
1764505182.0555153,-40.8968,16.023,2.94518,-0.8435037,0.528868275,0.031188885
1764505182.0555153,-40.8968,16.023,2.94518,-0.8435037,0.528868275,0.031188885
1764505182.0555153,-41.56824,11.94858,6.21082,-0.84850857,0.513853665,0.036926175
1764505182.0555153,-41.56824,11.94858,6.21082,-0.84850857,0.513853665,0.036926175
1764505182.0555153,-41.56824,11.94858,6.21082,-0.84850857,0.513853665,0.036926175
1764505182.0555153,-41.56824,11.94858,6.21082,-0.84850857,0.513853665,0.036926175
1764505182.0555153,-41.56824,11.94858,6.21082,-0.84850857,0.513853665,0.036926175
1764505182.0555153,-41.56824,11.94858,6.21082,-0.84850857,0.513853665,0.036926175
1764505182.0555153,-41.56824,11.94858,6.21082,-0.84850857,0.513853665,0.036926175
1764505182.0555153,-41.56824,11.94858,6.21082,-0.84850857,0.513853665,0.036926175
1764505182.0555153,-41.56824,11.94858,6.21082,-0.84850857,0.513853665,0.036926175
1764505182.0555153,-41.56824,11.94858,6.21082,-0.84850857,0.513853665,0.036926175
1764505182.0555153,-42.23968,10.8346,7.53844,-0.85680933,0.499937685,0.0476073
1764505182.056546,-42.23968,10.8346,7.53844,-0.85680933,0.499937685,0.0476073
1764505182.056546,-42.23968,10.8346,7.53844,-0.85680933,0.499937685,0.0476073
1764505182.056546,-42.23968,10.8346,7.53844,-0.85680933,0.499937685,0.0476073
1764505182.056546,-42.23968,10.8346,7.53844,-0.85680933,0.499937685,0.0476073
1764505182.0570564,-42.23968,10.8346,7.53844,-0.85680933,0.499937685,0.0476073
1764505182.1019187,-42.23968,10.8346,7.53844,-0.85680933,0.499937685,0.0476073
1764505182.1019187,-42.23968,10.8346,7.53844,-0.85680933,0.499937685,0.0476073
1764505182.1019187,-42.23968,10.8346,7.53844,-0.85680933,0.499937685,0.0476073
1764505182.1019187,-42.23968,10.8346,7.53844,-0.85680933,0.499937685,0.0476073
1764505182.1019187,-40.65264,11.47552,7.584219999999999,-0.863462145,0.488341035,0.054626325
1764505182.1019187,-40.65264,11.47552,7.584219999999999,-0.863462145,0.488341035,0.054626325
1764505182.1019187,-40.65264,11.47552,7.584219999999999,-0.863462145,0.488341035,0.054626325
1764505182.1019187,-40.65264,11.47552,7.584219999999999,-0.863462145,0.488341035,0.054626325
1764505182.1019187,-40.65264,11.47552,7.584219999999999,-0.863462145,0.488341035,0.054626325
1764505182.1019187,-40.65264,11.47552,7.584219999999999,-0.863462145,0.488341035,0.054626325
1764505182.1019187,-40.65264,11.47552,7.584219999999999,-0.863462145,0.488341035,0.054626325
1764505182.1019187,-40.65264,11.47552,7.584219999999999,-0.863462145,0.488341035,0.054626325
1764505182.1019187,-40.65264,11.47552,7.584219999999999,-0.863462145,0.488341035,0.054626325
1764505182.1019187,-40.65264,11.47552,7.584219999999999,-0.863462145,0.488341035,0.054626325
1764505182.102931,-33.83142,10.26998,7.52318,-0.8692604700000001,0.47802612,0.05822739
1764505182.102931,-33.83142,10.26998,7.52318,-0.8692604700000001,0.47802612,0.05822739
1764505182.102931,-33.83142,10.26998,7.52318,-0.8692604700000001,0.47802612,0.05822739
1764505182.102931,-33.83142,10.26998,7.52318,-0.8692604700000001,0.47802612,0.05822739
1764505182.102931,-33.83142,10.26998,7.52318,-0.8692604700000001,0.47802612,0.05822739
1764505182.102931,-33.83142,10.26998,7.52318,-0.8692604700000001,0.47802612,0.05822739
1764505182.102931,-33.83142,10.26998,7.52318,-0.8692604700000001,0.47802612,0.05822739
1764505182.102931,-33.83142,10.26998,7.52318,-0.8692604700000001,0.47802612,0.05822739
1764505182.102931,-33.83142,10.26998,7.52318,-0.8692604700000001,0.47802612,0.05822739
1764505182.102931,-33.83142,10.26998,7.52318,-0.8692604700000001,0.47802612,0.05822739
1764505182.1479058,-23.98872,4.54748,7.49266,-0.87438741,0.46862673,0.058654635
1764505182.148944,-23.98872,4.54748,7.49266,-0.87438741,0.46862673,0.058654635
1764505182.148944,-23.98872,4.54748,7.49266,-0.87438741,0.46862673,0.058654635
1764505182.148944,-23.98872,4.54748,7.49266,-0.87438741,0.46862673,0.058654635
1764505182.148944,-23.98872,4.54748,7.49266,-0.87438741,0.46862673,0.058654635
1764505182.148944,-23.98872,4.54748,7.49266,-0.87438741,0.46862673,0.058654635
1764505182.149947,-23.98872,4.54748,7.49266,-0.87438741,0.46862673,0.058654635
1764505182.149947,-23.98872,4.54748,7.49266,-0.87438741,0.46862673,0.058654635
1764505182.149947,-23.98872,4.54748,7.49266,-0.87438741,0.46862673,0.058654635
1764505182.149947,-23.98872,4.54748,7.49266,-0.87438741,0.46862673,0.058654635
1764505182.149947,-15.88566,-0.04578,7.9352,-0.877011915,0.462340125,0.05810532
1764505182.149947,-15.88566,-0.04578,7.9352,-0.877011915,0.462340125,0.05810532
1764505182.149947,-15.88566,-0.04578,7.9352,-0.877011915,0.462340125,0.05810532
1764505182.149947,-15.88566,-0.04578,7.9352,-0.877011915,0.462340125,0.05810532
1764505182.149947,-15.88566,-0.04578,7.9352,-0.877011915,0.462340125,0.05810532
1764505182.149947,-15.88566,-0.04578,7.9352,-0.877011915,0.462340125,0.05810532
1764505182.149947,-15.88566,-0.04578,7.9352,-0.877011915,0.462340125,0.05810532
1764505182.1509447,-15.88566,-0.04578,7.9352,-0.877011915,0.462340125,0.05810532
1764505182.1509447,-15.88566,-0.04578,7.9352,-0.877011915,0.462340125,0.05810532
1764505182.1509447,-15.88566,-0.04578,7.9352,-0.877011915,0.462340125,0.05810532
1764505182.1509447,-9.56802,-2.68576,8.59138,-0.87463155,0.461241495,0.058532565
1764505182.1509447,-9.56802,-2.68576,8.59138,-0.87463155,0.461241495,0.058532565
1764505182.1509447,-9.56802,-2.68576,8.59138,-0.87463155,0.461241495,0.058532565
1764505182.1509447,-9.56802,-2.68576,8.59138,-0.87463155,0.461241495,0.058532565
1764505182.1957638,-9.56802,-2.68576,8.59138,-0.87463155,0.461241495,0.058532565
1764505182.1957638,-9.56802,-2.68576,8.59138,-0.87463155,0.461241495,0.058532565
1764505182.1957638,-9.56802,-2.68576,8.59138,-0.87463155,0.461241495,0.058532565
1764505182.1957638,-9.56802,-2.68576,8.59138,-0.87463155,0.461241495,0.058532565
1764505182.1957638,-9.56802,-2.68576,8.59138,-0.87463155,0.461241495,0.058532565
1764505182.1957638,-9.56802,-2.68576,8.59138,-0.87463155,0.461241495,0.058532565
1764505182.1957638,-6.01244,-1.92276,8.51508,-0.8671852800000001,0.46777224,0.059997405
1764505182.1957638,-6.01244,-1.92276,8.51508,-0.8671852800000001,0.46777224,0.059997405
1764505182.1957638,-6.01244,-1.92276,8.51508,-0.8671852800000001,0.46777224,0.059997405
1764505182.1957638,-6.01244,-1.92276,8.51508,-0.8671852800000001,0.46777224,0.059997405
1764505182.1969888,-6.01244,-1.92276,8.51508,-0.8671852800000001,0.46777224,0.059997405
1764505182.1969888,-6.01244,-1.92276,8.51508,-0.8671852800000001,0.46777224,0.059997405
1764505182.1969888,-6.01244,-1.92276,8.51508,-0.8671852800000001,0.46777224,0.059997405
1764505182.1969888,-6.01244,-1.92276,8.51508,-0.8671852800000001,0.46777224,0.059997405
1764505182.1969888,-6.01244,-1.92276,8.51508,-0.8671852800000001,0.46777224,0.059997405
1764505182.1969888,-6.01244,-1.92276,8.51508,-0.8671852800000001,0.46777224,0.059997405
1764505182.1979842,-8.07254,-3.76922,8.942359999999999,-0.860410395,0.479918205,0.05883774
1764505182.1979842,-8.07254,-3.76922,8.942359999999999,-0.860410395,0.479918205,0.05883774
1764505182.1979842,-8.07254,-3.76922,8.942359999999999,-0.860410395,0.479918205,0.05883774
1764505182.1979842,-8.07254,-3.76922,8.942359999999999,-0.860410395,0.479918205,0.05883774
1764505182.1979842,-8.07254,-3.76922,8.942359999999999,-0.860410395,0.479918205,0.05883774
1764505182.1979842,-8.07254,-3.76922,8.942359999999999,-0.860410395,0.479918205,0.05883774
1764505182.2431257,-8.07254,-3.76922,8.942359999999999,-0.860410395,0.479918205,0.05883774
1764505182.2441225,-8.07254,-3.76922,8.942359999999999,-0.860410395,0.479918205,0.05883774
1764505182.2441225,-8.07254,-3.76922,8.942359999999999,-0.860410395,0.479918205,0.05883774
1764505182.2441225,-8.07254,-3.76922,8.942359999999999,-0.860410395,0.479918205,0.05883774
1764505182.2441225,-12.54372,-2.85362,9.01866,-0.853696545,0.49291866,0.05664048
1764505182.2441225,-12.54372,-2.85362,9.01866,-0.853696545,0.49291866,0.05664048
1764505182.2441225,-12.54372,-2.85362,9.01866,-0.853696545,0.49291866,0.05664048
1764505182.2441225,-12.54372,-2.85362,9.01866,-0.853696545,0.49291866,0.05664048
1764505182.2456346,-12.54372,-2.85362,9.01866,-0.853696545,0.49291866,0.05664048
1764505182.2456346,-12.54372,-2.85362,9.01866,-0.853696545,0.49291866,0.05664048
1764505182.2456346,-12.54372,-2.85362,9.01866,-0.853696545,0.49291866,0.05664048
1764505182.2456346,-12.54372,-2.85362,9.01866,-0.853696545,0.49291866,0.05664048
1764505182.2456346,-12.54372,-2.85362,9.01866,-0.853696545,0.49291866,0.05664048
1764505182.2456346,-12.54372,-2.85362,9.01866,-0.853696545,0.49291866,0.05664048
1764505182.2456346,-19.48702,0.6867,8.42352,-0.8483865,0.50390496,0.054382185
1764505182.2466483,-19.48702,0.6867,8.42352,-0.8483865,0.50390496,0.054382185
1764505182.2466483,-19.48702,0.6867,8.42352,-0.8483865,0.50390496,0.054382185
1764505182.2466483,-19.48702,0.6867,8.42352,-0.8483865,0.50390496,0.054382185
1764505182.2466483,-19.48702,0.6867,8.42352,-0.8483865,0.50390496,0.054382185
1764505182.2466483,-19.48702,0.6867,8.42352,-0.8483865,0.50390496,0.054382185
1764505182.2466483,-19.48702,0.6867,8.42352,-0.8483865,0.50390496,0.054382185
1764505182.2466483,-19.48702,0.6867,8.42352,-0.8483865,0.50390496,0.054382185
1764505182.2466483,-19.48702,0.6867,8.42352,-0.8483865,0.50390496,0.054382185
1764505182.2466483,-19.48702,0.6867,8.42352,-0.8483865,0.50390496,0.054382185
1764505182.2894883,-25.92674,4.21176,7.614739999999999,-0.84509061,0.51122916,0.05346666
1764505182.2894883,-25.92674,4.21176,7.614739999999999,-0.84509061,0.51122916,0.05346666
1764505182.2894883,-25.92674,4.21176,7.614739999999999,-0.84509061,0.51122916,0.05346666
1764505182.2894883,-25.92674,4.21176,7.614739999999999,-0.84509061,0.51122916,0.05346666
1764505182.2894883,-25.92674,4.21176,7.614739999999999,-0.84509061,0.51122916,0.05346666
1764505182.2894883,-25.92674,4.21176,7.614739999999999,-0.84509061,0.51122916,0.05346666
1764505182.2894883,-25.92674,4.21176,7.614739999999999,-0.84509061,0.51122916,0.05346666
1764505182.2894883,-25.92674,4.21176,7.614739999999999,-0.84509061,0.51122916,0.05346666
1764505182.2894883,-25.92674,4.21176,7.614739999999999,-0.84509061,0.51122916,0.05346666
1764505182.2894883,-25.92674,4.21176,7.614739999999999,-0.84509061,0.51122916,0.05346666
1764505182.2894883,-28.6125,5.92088,7.38584,-0.846250275,0.51525747,0.05712876
1764505182.2894883,-28.6125,5.92088,7.38584,-0.846250275,0.51525747,0.05712876
1764505182.2894883,-28.6125,5.92088,7.38584,-0.846250275,0.51525747,0.05712876
1764505182.2894883,-28.6125,5.92088,7.38584,-0.846250275,0.51525747,0.05712876
1764505182.2894883,-28.6125,5.92088,7.38584,-0.846250275,0.51525747,0.05712876
1764505182.2904887,-28.6125,5.92088,7.38584,-0.846250275,0.51525747,0.05712876
1764505182.2904887,-28.6125,5.92088,7.38584,-0.846250275,0.51525747,0.05712876
1764505182.2904887,-28.6125,5.92088,7.38584,-0.846250275,0.51525747,0.05712876
1764505182.2904887,-28.6125,5.92088,7.38584,-0.846250275,0.51525747,0.05712876
1764505182.2904887,-28.6125,5.92088,7.38584,-0.846250275,0.51525747,0.05712876
1764505182.2904887,-29.39076,4.92898,6.59232,-0.8477761500000001,0.51220572,0.062927085
1764505182.2904887,-29.39076,4.92898,6.59232,-0.8477761500000001,0.51220572,0.062927085
1764505182.3354511,-29.39076,4.92898,6.59232,-0.8477761500000001,0.51220572,0.062927085
1764505182.3354511,-29.39076,4.92898,6.59232,-0.8477761500000001,0.51220572,0.062927085
1764505182.3354511,-29.39076,4.92898,6.59232,-0.8477761500000001,0.51220572,0.062927085
1764505182.3354511,-29.39076,4.92898,6.59232,-0.8477761500000001,0.51220572,0.062927085
1764505182.3354511,-29.39076,4.92898,6.59232,-0.8477761500000001,0.51220572,0.062927085
1764505182.3354511,-29.39076,4.92898,6.59232,-0.8477761500000001,0.51220572,0.062927085
1764505182.3354511,-29.39076,4.92898,6.59232,-0.8477761500000001,0.51220572,0.062927085
1764505182.3354511,-29.39076,4.92898,6.59232,-0.8477761500000001,0.51220572,0.062927085
1764505182.3354511,-29.08556,4.83742,5.55464,-0.851133075,0.50366082,0.068664375
1764505182.3354511,-29.08556,4.83742,5.55464,-0.851133075,0.50366082,0.068664375
1764505182.3354511,-29.08556,4.83742,5.55464,-0.851133075,0.50366082,0.068664375
1764505182.3354511,-29.08556,4.83742,5.55464,-0.851133075,0.50366082,0.068664375
1764505182.3354511,-29.08556,4.83742,5.55464,-0.851133075,0.50366082,0.068664375
1764505182.3354511,-29.08556,4.83742,5.55464,-0.851133075,0.50366082,0.068664375
1764505182.3354511,-29.08556,4.83742,5.55464,-0.851133075,0.50366082,0.068664375
1764505182.3354511,-29.08556,4.83742,5.55464,-0.851133075,0.50366082,0.068664375
1764505182.3354511,-29.08556,4.83742,5.55464,-0.851133075,0.50366082,0.068664375
1764505182.3354511,-29.08556,4.83742,5.55464,-0.851133075,0.50366082,0.068664375
1764505182.3354511,-26.2472,4.48644,3.78448,-0.853208265,0.49279659,0.070983705
1764505182.3354511,-26.2472,4.48644,3.78448,-0.853208265,0.49279659,0.070983705
1764505182.336486,-26.2472,4.48644,3.78448,-0.853208265,0.49279659,0.070983705
1764505182.336486,-26.2472,4.48644,3.78448,-0.853208265,0.49279659,0.070983705
1764505182.336486,-26.2472,4.48644,3.78448,-0.853208265,0.49279659,0.070983705
1764505182.336486,-26.2472,4.48644,3.78448,-0.853208265,0.49279659,0.070983705
1764505182.3807006,-26.2472,4.48644,3.78448,-0.853208265,0.49279659,0.070983705
1764505182.3807006,-26.2472,4.48644,3.78448,-0.853208265,0.49279659,0.070983705
1764505182.38121,-26.2472,4.48644,3.78448,-0.853208265,0.49279659,0.070983705
1764505182.38121,-26.2472,4.48644,3.78448,-0.853208265,0.49279659,0.070983705
1764505182.38121,-24.24814,3.92182,2.47212,-0.855039315,0.48498411,0.070617495
1764505182.38121,-24.24814,3.92182,2.47212,-0.855039315,0.48498411,0.070617495
1764505182.38121,-24.24814,3.92182,2.47212,-0.855039315,0.48498411,0.070617495
1764505182.38121,-24.24814,3.92182,2.47212,-0.855039315,0.48498411,0.070617495
1764505182.38121,-24.24814,3.92182,2.47212,-0.855039315,0.48498411,0.070617495
1764505182.38121,-24.24814,3.92182,2.47212,-0.855039315,0.48498411,0.070617495
1764505182.38121,-24.24814,3.92182,2.47212,-0.855039315,0.48498411,0.070617495
1764505182.38121,-24.24814,3.92182,2.47212,-0.855039315,0.48498411,0.070617495
1764505182.38121,-24.24814,3.92182,2.47212,-0.855039315,0.48498411,0.070617495
1764505182.3817463,-24.24814,3.92182,2.47212,-0.855039315,0.48498411,0.070617495
1764505182.3817463,-19.74644,2.77732,1.3734,-0.85534449,0.478331295,0.06774885
1764505182.3817463,-19.74644,2.77732,1.3734,-0.85534449,0.478331295,0.06774885
1764505182.3817463,-19.74644,2.77732,1.3734,-0.85534449,0.478331295,0.06774885
1764505182.3817463,-19.74644,2.77732,1.3734,-0.85534449,0.478331295,0.06774885
1764505182.3817463,-19.74644,2.77732,1.3734,-0.85534449,0.478331295,0.06774885
1764505182.3817463,-19.74644,2.77732,1.3734,-0.85534449,0.478331295,0.06774885
1764505182.3817463,-19.74644,2.77732,1.3734,-0.85534449,0.478331295,0.06774885
1764505182.3817463,-19.74644,2.77732,1.3734,-0.85534449,0.478331295,0.06774885
1764505182.3817463,-19.74644,2.77732,1.3734,-0.85534449,0.478331295,0.06774885
1764505182.3817463,-19.74644,2.77732,1.3734,-0.85534449,0.478331295,0.06774885
1764505182.4304185,-15.30578,3.06726,0.73248,-0.85339137,0.472716075,0.06579573
1764505182.4304185,-15.30578,3.06726,0.73248,-0.85339137,0.472716075,0.06579573
1764505182.4304185,-15.30578,3.06726,0.73248,-0.85339137,0.472716075,0.06579573
1764505182.4304185,-15.30578,3.06726,0.73248,-0.85339137,0.472716075,0.06579573
1764505182.4304185,-15.30578,3.06726,0.73248,-0.85339137,0.472716075,0.06579573
1764505182.4304185,-15.30578,3.06726,0.73248,-0.85339137,0.472716075,0.06579573
1764505182.4304185,-15.30578,3.06726,0.73248,-0.85339137,0.472716075,0.06579573
1764505182.4304185,-15.30578,3.06726,0.73248,-0.85339137,0.472716075,0.06579573
1764505182.4304185,-15.30578,3.06726,0.73248,-0.85339137,0.472716075,0.06579573
1764505182.4304185,-15.30578,3.06726,0.73248,-0.85339137,0.472716075,0.06579573
1764505182.4304185,-13.38302,4.97476,-0.94612,-0.852109635,0.46899294,0.0634764
1764505182.4304185,-13.38302,4.97476,-0.94612,-0.852109635,0.46899294,0.0634764
1764505182.4304185,-13.38302,4.97476,-0.94612,-0.852109635,0.46899294,0.0634764
1764505182.4304185,-13.38302,4.97476,-0.94612,-0.852109635,0.46899294,0.0634764
1764505182.4304185,-13.38302,4.97476,-0.94612,-0.852109635,0.46899294,0.0634764
1764505182.4304185,-13.38302,4.97476,-0.94612,-0.852109635,0.46899294,0.0634764
1764505182.4304185,-13.38302,4.97476,-0.94612,-0.852109635,0.46899294,0.0634764
1764505182.4304185,-13.38302,4.97476,-0.94612,-0.852109635,0.46899294,0.0634764
1764505182.4304185,-13.38302,4.97476,-0.94612,-0.852109635,0.46899294,0.0634764
1764505182.4304185,-13.38302,4.97476,-0.94612,-0.852109635,0.46899294,0.0634764
1764505182.4304185,-14.31388,7.35532,-2.01432,-0.851743425,0.471373305,0.0622557
1764505182.4304185,-14.31388,7.35532,-2.01432,-0.851743425,0.471373305,0.0622557
1764505182.4774156,-14.31388,7.35532,-2.01432,-0.851743425,0.471373305,0.0622557
1764505182.4774156,-14.31388,7.35532,-2.01432,-0.851743425,0.471373305,0.0622557
1764505182.4774156,-14.31388,7.35532,-2.01432,-0.851743425,0.471373305,0.0622557
1764505182.4774156,-14.31388,7.35532,-2.01432,-0.851743425,0.471373305,0.0622557
1764505182.4774156,-14.31388,7.35532,-2.01432,-0.851743425,0.471373305,0.0622557
1764505182.4774156,-14.31388,7.35532,-2.01432,-0.851743425,0.471373305,0.0622557
1764505182.4774156,-14.31388,7.35532,-2.01432,-0.851743425,0.471373305,0.0622557
1764505182.4774156,-14.31388,7.35532,-2.01432,-0.851743425,0.471373305,0.0622557
1764505182.4774156,-12.1317,4.07442,-1.61756,-0.851133075,0.476134035,0.064636065
1764505182.4774156,-12.1317,4.07442,-1.61756,-0.851133075,0.476134035,0.064636065
1764505182.4774156,-12.1317,4.07442,-1.61756,-0.851133075,0.476134035,0.064636065
1764505182.4774156,-12.1317,4.07442,-1.61756,-0.851133075,0.476134035,0.064636065
1764505182.4774156,-12.1317,4.07442,-1.61756,-0.851133075,0.476134035,0.064636065
1764505182.4774156,-12.1317,4.07442,-1.61756,-0.851133075,0.476134035,0.064636065
1764505182.4774156,-12.1317,4.07442,-1.61756,-0.851133075,0.476134035,0.064636065
1764505182.4774156,-12.1317,4.07442,-1.61756,-0.851133075,0.476134035,0.064636065
1764505182.4774156,-12.1317,4.07442,-1.61756,-0.851133075,0.476134035,0.064636065
1764505182.4774156,-12.1317,4.07442,-1.61756,-0.851133075,0.476134035,0.064636065
1764505182.4774156,-8.51508,0.6867,-2.09062,-0.855771735,0.482603745,0.07006818
1764505182.4774156,-8.51508,0.6867,-2.09062,-0.855771735,0.482603745,0.07006818
1764505182.4774156,-8.51508,0.6867,-2.09062,-0.855771735,0.482603745,0.07006818
1764505182.4784148,-8.51508,0.6867,-2.09062,-0.855771735,0.482603745,0.07006818
1764505182.4784148,-8.51508,0.6867,-2.09062,-0.855771735,0.482603745,0.07006818
1764505182.4784148,-8.51508,0.6867,-2.09062,-0.855771735,0.482603745,0.07006818
1764505182.5220044,-8.51508,0.6867,-2.09062,-0.855771735,0.482603745,0.07006818
1764505182.5220044,-8.51508,0.6867,-2.09062,-0.855771735,0.482603745,0.07006818
1764505182.5220044,-8.51508,0.6867,-2.09062,-0.855771735,0.482603745,0.07006818
1764505182.5220044,-8.51508,0.6867,-2.09062,-0.855771735,0.482603745,0.07006818
1764505182.5220044,-5.997179999999999,-1.34288,-2.77732,-0.85961694,0.486754125,0.074279595
1764505182.5220044,-5.997179999999999,-1.34288,-2.77732,-0.85961694,0.486754125,0.074279595
1764505182.5220044,-5.997179999999999,-1.34288,-2.77732,-0.85961694,0.486754125,0.074279595
1764505182.5220044,-5.997179999999999,-1.34288,-2.77732,-0.85961694,0.486754125,0.074279595
1764505182.5220044,-5.997179999999999,-1.34288,-2.77732,-0.85961694,0.486754125,0.074279595
1764505182.5220044,-5.997179999999999,-1.34288,-2.77732,-0.85961694,0.486754125,0.074279595
1764505182.5230196,-5.997179999999999,-1.34288,-2.77732,-0.85961694,0.486754125,0.074279595
1764505182.5230196,-5.997179999999999,-1.34288,-2.77732,-0.85961694,0.486754125,0.074279595
1764505182.5230196,-5.997179999999999,-1.34288,-2.77732,-0.85961694,0.486754125,0.074279595
1764505182.5230196,-5.997179999999999,-1.34288,-2.77732,-0.85961694,0.486754125,0.074279595
1764505182.5230196,-7.889419999999999,-0.96138,-1.84646,-0.859189695,0.4907214,0.07641582
1764505182.5230196,-7.889419999999999,-0.96138,-1.84646,-0.859189695,0.4907214,0.07641582
1764505182.5230196,-7.889419999999999,-0.96138,-1.84646,-0.859189695,0.4907214,0.07641582
1764505182.5230196,-7.889419999999999,-0.96138,-1.84646,-0.859189695,0.4907214,0.07641582
1764505182.5230196,-7.889419999999999,-0.96138,-1.84646,-0.859189695,0.4907214,0.07641582
1764505182.5230196,-7.889419999999999,-0.96138,-1.84646,-0.859189695,0.4907214,0.07641582
1764505182.5230196,-7.889419999999999,-0.96138,-1.84646,-0.859189695,0.4907214,0.07641582
1764505182.5230196,-7.889419999999999,-0.96138,-1.84646,-0.859189695,0.4907214,0.07641582
1764505182.5230196,-7.889419999999999,-0.96138,-1.84646,-0.859189695,0.4907214,0.07641582
1764505182.5230196,-7.889419999999999,-0.96138,-1.84646,-0.859189695,0.4907214,0.07641582
1764505182.5667648,-9.03392,0.0762999999999999,-1.12924,-0.856015875,0.489195525,0.07897929
1764505182.5667648,-9.03392,0.0762999999999999,-1.12924,-0.856015875,0.489195525,0.07897929
1764505182.5667648,-9.03392,0.0762999999999999,-1.12924,-0.856015875,0.489195525,0.07897929
1764505182.5667648,-9.03392,0.0762999999999999,-1.12924,-0.856015875,0.489195525,0.07897929
1764505182.5667648,-9.03392,0.0762999999999999,-1.12924,-0.856015875,0.489195525,0.07897929
1764505182.5667648,-9.03392,0.0762999999999999,-1.12924,-0.856015875,0.489195525,0.07897929
1764505182.5667648,-9.03392,0.0762999999999999,-1.12924,-0.856015875,0.489195525,0.07897929
1764505182.5667648,-9.03392,0.0762999999999999,-1.12924,-0.856015875,0.489195525,0.07897929
1764505182.5667648,-9.03392,0.0762999999999999,-1.12924,-0.856015875,0.489195525,0.07897929
1764505182.5667648,-9.03392,0.0762999999999999,-1.12924,-0.856015875,0.489195525,0.07897929
1764505182.5698004,-7.52318,0.62566,0.39676,-0.85485621,0.48388548,0.080627235
1764505182.5698004,-7.52318,0.62566,0.39676,-0.85485621,0.48388548,0.080627235
1764505182.5698004,-7.52318,0.62566,0.39676,-0.85485621,0.48388548,0.080627235
1764505182.5698004,-7.52318,0.62566,0.39676,-0.85485621,0.48388548,0.080627235
1764505182.6139982,-7.52318,0.62566,0.39676,-0.85485621,0.48388548,0.080627235
1764505182.6139982,-7.52318,0.62566,0.39676,-0.85485621,0.48388548,0.080627235
1764505182.6139982,-7.52318,0.62566,0.39676,-0.85485621,0.48388548,0.080627235
1764505182.6139982,-7.52318,0.62566,0.39676,-0.85485621,0.48388548,0.080627235
1764505182.6139982,-7.52318,0.62566,0.39676,-0.85485621,0.48388548,0.080627235
1764505182.6139982,-7.52318,0.62566,0.39676,-0.85485621,0.48388548,0.080627235
1764505182.6139982,-3.90656,1.6022999999999998,0.94612,-0.85680933,0.478331295,0.07995585
1764505182.6149936,-3.90656,1.6022999999999998,0.94612,-0.85680933,0.478331295,0.07995585
1764505182.6149936,-3.90656,1.6022999999999998,0.94612,-0.85680933,0.478331295,0.07995585
1764505182.6149936,-3.90656,1.6022999999999998,0.94612,-0.85680933,0.478331295,0.07995585
1764505182.6149936,-3.90656,1.6022999999999998,0.94612,-0.85680933,0.478331295,0.07995585
1764505182.6149936,-3.90656,1.6022999999999998,0.94612,-0.85680933,0.478331295,0.07995585
1764505182.6149936,-3.90656,1.6022999999999998,0.94612,-0.85680933,0.478331295,0.07995585
1764505182.6149936,-3.90656,1.6022999999999998,0.94612,-0.85680933,0.478331295,0.07995585
1764505182.6149936,-3.90656,1.6022999999999998,0.94612,-0.85680933,0.478331295,0.07995585
1764505182.6149936,-3.90656,1.6022999999999998,0.94612,-0.85680933,0.478331295,0.07995585
1764505182.6149936,-0.36624,-0.39676,-0.42728,-0.858701415,0.47497437,0.07702617
1764505182.6149936,-0.36624,-0.39676,-0.42728,-0.858701415,0.47497437,0.07702617
1764505182.6149936,-0.36624,-0.39676,-0.42728,-0.858701415,0.47497437,0.07702617
1764505182.6149936,-0.36624,-0.39676,-0.42728,-0.858701415,0.47497437,0.07702617
1764505182.6149936,-0.36624,-0.39676,-0.42728,-0.858701415,0.47497437,0.07702617
1764505182.6149936,-0.36624,-0.39676,-0.42728,-0.858701415,0.47497437,0.07702617
1764505182.615505,-0.36624,-0.39676,-0.42728,-0.858701415,0.47497437,0.07702617
1764505182.615505,-0.36624,-0.39676,-0.42728,-0.858701415,0.47497437,0.07702617
1764505182.615505,-0.36624,-0.39676,-0.42728,-0.858701415,0.47497437,0.07702617
1764505182.615505,-0.36624,-0.39676,-0.42728,-0.858701415,0.47497437,0.07702617
1764505182.615505,2.15166,-1.86172,-1.69386,-0.85839624,0.47448609,0.0744627
1764505182.615505,2.15166,-1.86172,-1.69386,-0.85839624,0.47448609,0.0744627
1764505182.616537,2.15166,-1.86172,-1.69386,-0.85839624,0.47448609,0.0744627
1764505182.616537,2.15166,-1.86172,-1.69386,-0.85839624,0.47448609,0.0744627
1764505182.616537,2.15166,-1.86172,-1.69386,-0.85839624,0.47448609,0.0744627
1764505182.616537,2.15166,-1.86172,-1.69386,-0.85839624,0.47448609,0.0744627
1764505182.659712,2.15166,-1.86172,-1.69386,-0.85839624,0.47448609,0.0744627
1764505182.659712,2.15166,-1.86172,-1.69386,-0.85839624,0.47448609,0.0744627
1764505182.659712,2.15166,-1.86172,-1.69386,-0.85839624,0.47448609,0.0744627
1764505182.659712,2.15166,-1.86172,-1.69386,-0.85839624,0.47448609,0.0744627
1764505182.659712,2.3653,-1.87698,-0.10682,-0.85778589,0.48071166,0.073791315
1764505182.659712,2.3653,-1.87698,-0.10682,-0.85778589,0.48071166,0.073791315
1764505182.659712,2.3653,-1.87698,-0.10682,-0.85778589,0.48071166,0.073791315
1764505182.659712,2.3653,-1.87698,-0.10682,-0.85778589,0.48071166,0.073791315
1764505182.659712,2.3653,-1.87698,-0.10682,-0.85778589,0.48071166,0.073791315
1764505182.659712,2.3653,-1.87698,-0.10682,-0.85778589,0.48071166,0.073791315
1764505182.659712,2.3653,-1.87698,-0.10682,-0.85778589,0.48071166,0.073791315
1764505182.6616125,2.3653,-1.87698,-0.10682,-0.85778589,0.48071166,0.073791315
1764505182.6616125,2.3653,-1.87698,-0.10682,-0.85778589,0.48071166,0.073791315
1764505182.6616125,2.3653,-1.87698,-0.10682,-0.85778589,0.48071166,0.073791315
1764505182.6616125,0.21364,-0.9919,2.25848,-0.85522242,0.48937863,0.073058895
1764505182.6616125,0.21364,-0.9919,2.25848,-0.85522242,0.48937863,0.073058895
1764505182.6616125,0.21364,-0.9919,2.25848,-0.85522242,0.48937863,0.073058895
1764505182.6621616,0.21364,-0.9919,2.25848,-0.85522242,0.48937863,0.073058895
1764505182.6621616,0.21364,-0.9919,2.25848,-0.85522242,0.48937863,0.073058895
1764505182.6621616,0.21364,-0.9919,2.25848,-0.85522242,0.48937863,0.073058895
1764505182.6621616,0.21364,-0.9919,2.25848,-0.85522242,0.48937863,0.073058895
1764505182.6621616,0.21364,-0.9919,2.25848,-0.85522242,0.48937863,0.073058895
1764505182.706123,0.21364,-0.9919,2.25848,-0.85522242,0.48937863,0.073058895
1764505182.706123,0.21364,-0.9919,2.25848,-0.85522242,0.48937863,0.073058895
1764505182.706123,-3.23512,-0.6867,2.4416,-0.85278102,0.49963251,0.074889945
1764505182.706123,-3.23512,-0.6867,2.4416,-0.85278102,0.49963251,0.074889945
1764505182.706123,-3.23512,-0.6867,2.4416,-0.85278102,0.49963251,0.074889945
1764505182.706123,-3.23512,-0.6867,2.4416,-0.85278102,0.49963251,0.074889945
1764505182.706123,-3.23512,-0.6867,2.4416,-0.85278102,0.49963251,0.074889945
1764505182.706123,-3.23512,-0.6867,2.4416,-0.85278102,0.49963251,0.074889945
1764505182.706123,-3.23512,-0.6867,2.4416,-0.85278102,0.49963251,0.074889945
1764505182.706123,-3.23512,-0.6867,2.4416,-0.85278102,0.49963251,0.074889945
1764505182.706123,-3.23512,-0.6867,2.4416,-0.85278102,0.49963251,0.074889945
1764505182.7071388,-3.23512,-0.6867,2.4416,-0.85278102,0.49963251,0.074889945
1764505182.7071388,-6.2566,1.28184,0.79352,-0.84997341,0.50463738,0.07800273
1764505182.7071388,-6.2566,1.28184,0.79352,-0.84997341,0.50463738,0.07800273
1764505182.7071388,-6.2566,1.28184,0.79352,-0.84997341,0.50463738,0.07800273
1764505182.7071388,-6.2566,1.28184,0.79352,-0.84997341,0.50463738,0.07800273
1764505182.7071388,-6.2566,1.28184,0.79352,-0.84997341,0.50463738,0.07800273
1764505182.7071388,-6.2566,1.28184,0.79352,-0.84997341,0.50463738,0.07800273
1764505182.7071388,-6.2566,1.28184,0.79352,-0.84997341,0.50463738,0.07800273
1764505182.7071388,-6.2566,1.28184,0.79352,-0.84997341,0.50463738,0.07800273
1764505182.7071388,-6.2566,1.28184,0.79352,-0.84997341,0.50463738,0.07800273
1764505182.7071388,-6.2566,1.28184,0.79352,-0.84997341,0.50463738,0.07800273
1764505182.7071388,-8.392999999999999,3.69292,-0.3357199999999999,-0.84814236,0.503355645,0.080016885
1764505182.7071388,-8.392999999999999,3.69292,-0.3357199999999999,-0.84814236,0.503355645,0.080016885
1764505182.7545176,-8.392999999999999,3.69292,-0.3357199999999999,-0.84814236,0.503355645,0.080016885
1764505182.7545176,-8.392999999999999,3.69292,-0.3357199999999999,-0.84814236,0.503355645,0.080016885
1764505182.7545176,-8.392999999999999,3.69292,-0.3357199999999999,-0.84814236,0.503355645,0.080016885
1764505182.7545176,-8.392999999999999,3.69292,-0.3357199999999999,-0.84814236,0.503355645,0.080016885
1764505182.7545176,-8.392999999999999,3.69292,-0.3357199999999999,-0.84814236,0.503355645,0.080016885
1764505182.7545176,-8.392999999999999,3.69292,-0.3357199999999999,-0.84814236,0.503355645,0.080016885
1764505182.7545176,-8.392999999999999,3.69292,-0.3357199999999999,-0.84814236,0.503355645,0.080016885
1764505182.7545176,-8.392999999999999,3.69292,-0.3357199999999999,-0.84814236,0.503355645,0.080016885
1764505182.7545176,-9.64432,5.31048,0.77826,-0.850156515,0.499449405,0.078063765
1764505182.7545176,-9.64432,5.31048,0.77826,-0.850156515,0.499449405,0.078063765
1764505182.7545176,-9.64432,5.31048,0.77826,-0.850156515,0.499449405,0.078063765
1764505182.7555425,-9.64432,5.31048,0.77826,-0.850156515,0.499449405,0.078063765
1764505182.7555425,-9.64432,5.31048,0.77826,-0.850156515,0.499449405,0.078063765
1764505182.7555425,-9.64432,5.31048,0.77826,-0.850156515,0.499449405,0.078063765
1764505182.7555425,-9.64432,5.31048,0.77826,-0.850156515,0.499449405,0.078063765
1764505182.7555425,-9.64432,5.31048,0.77826,-0.850156515,0.499449405,0.078063765
1764505182.7555425,-9.64432,5.31048,0.77826,-0.850156515,0.499449405,0.078063765
1764505182.7555425,-9.64432,5.31048,0.77826,-0.850156515,0.499449405,0.078063765
1764505182.7555425,-10.1479,4.51696,1.35814,-0.853574475,0.49670283,0.07421856
1764505182.7555425,-10.1479,4.51696,1.35814,-0.853574475,0.49670283,0.07421856
1764505182.7555425,-10.1479,4.51696,1.35814,-0.853574475,0.49670283,0.07421856
1764505182.7555425,-10.1479,4.51696,1.35814,-0.853574475,0.49670283,0.07421856
1764505182.7987485,-10.1479,4.51696,1.35814,-0.853574475,0.49670283,0.07421856
1764505182.7987485,-10.1479,4.51696,1.35814,-0.853574475,0.49670283,0.07421856
1764505182.7987485,-10.1479,4.51696,1.35814,-0.853574475,0.49670283,0.07421856
1764505182.7987485,-10.1479,4.51696,1.35814,-0.853574475,0.49670283,0.07421856
1764505182.7987485,-10.1479,4.51696,1.35814,-0.853574475,0.49670283,0.07421856
1764505182.7987485,-10.1479,4.51696,1.35814,-0.853574475,0.49670283,0.07421856
1764505182.7987485,-9.7664,2.38056,0.3051999999999999,-0.854184825,0.49548213,0.07360821
1764505182.7987485,-9.7664,2.38056,0.3051999999999999,-0.854184825,0.49548213,0.07360821
1764505182.7987485,-9.7664,2.38056,0.3051999999999999,-0.854184825,0.49548213,0.07360821
1764505182.7987485,-9.7664,2.38056,0.3051999999999999,-0.854184825,0.49548213,0.07360821
1764505182.7987485,-9.7664,2.38056,0.3051999999999999,-0.854184825,0.49548213,0.07360821
1764505182.7987485,-9.7664,2.38056,0.3051999999999999,-0.854184825,0.49548213,0.07360821
1764505182.7987485,-9.7664,2.38056,0.3051999999999999,-0.854184825,0.49548213,0.07360821
1764505182.7987485,-9.7664,2.38056,0.3051999999999999,-0.854184825,0.49548213,0.07360821
1764505182.7987485,-9.7664,2.38056,0.3051999999999999,-0.854184825,0.49548213,0.07360821
1764505182.7987485,-9.7664,2.38056,0.3051999999999999,-0.854184825,0.49548213,0.07360821
1764505182.7987485,-8.57612,1.4039199999999998,-0.48832,-0.8535134400000001,0.489683805,0.075012015
1764505182.7987485,-8.57612,1.4039199999999998,-0.48832,-0.8535134400000001,0.489683805,0.075012015
1764505182.7998405,-8.57612,1.4039199999999998,-0.48832,-0.8535134400000001,0.489683805,0.075012015
1764505182.7998405,-8.57612,1.4039199999999998,-0.48832,-0.8535134400000001,0.489683805,0.075012015
1764505182.7998405,-8.57612,1.4039199999999998,-0.48832,-0.8535134400000001,0.489683805,0.075012015
1764505182.7998405,-8.57612,1.4039199999999998,-0.48832,-0.8535134400000001,0.489683805,0.075012015
1764505182.7998405,-8.57612,1.4039199999999998,-0.48832,-0.8535134400000001,0.489683805,0.075012015
1764505182.7998405,-8.57612,1.4039199999999998,-0.48832,-0.8535134400000001,0.489683805,0.075012015
1764505182.8480146,-8.57612,1.4039199999999998,-0.48832,-0.8535134400000001,0.489683805,0.075012015
1764505182.8480146,-8.57612,1.4039199999999998,-0.48832,-0.8535134400000001,0.489683805,0.075012015
1764505182.8480146,-6.53128,2.31952,1.38866,-0.85180446,0.4833972,0.076476855
1764505182.8480146,-6.53128,2.31952,1.38866,-0.85180446,0.4833972,0.076476855
1764505182.8480146,-6.53128,2.31952,1.38866,-0.85180446,0.4833972,0.076476855
1764505182.8480146,-6.53128,2.31952,1.38866,-0.85180446,0.4833972,0.076476855
1764505182.8480146,-6.53128,2.31952,1.38866,-0.85180446,0.4833972,0.076476855
1764505182.8490114,-6.53128,2.31952,1.38866,-0.85180446,0.4833972,0.076476855
1764505182.8490114,-6.53128,2.31952,1.38866,-0.85180446,0.4833972,0.076476855
1764505182.8490114,-6.53128,2.31952,1.38866,-0.85180446,0.4833972,0.076476855
1764505182.8490114,-6.53128,2.31952,1.38866,-0.85180446,0.4833972,0.076476855
1764505182.8490114,-6.53128,2.31952,1.38866,-0.85180446,0.4833972,0.076476855
1764505182.8490114,-4.08968,2.53316,2.24322,-0.85265895,0.4797351,0.07678203
1764505182.8490114,-4.08968,2.53316,2.24322,-0.85265895,0.4797351,0.07678203
1764505182.8490114,-4.08968,2.53316,2.24322,-0.85265895,0.4797351,0.07678203
1764505182.8490114,-4.08968,2.53316,2.24322,-0.85265895,0.4797351,0.07678203
1764505182.8490114,-4.08968,2.53316,2.24322,-0.85265895,0.4797351,0.07678203
1764505182.8490114,-4.08968,2.53316,2.24322,-0.85265895,0.4797351,0.07678203
1764505182.8500104,-4.08968,2.53316,2.24322,-0.85265895,0.4797351,0.07678203
1764505182.8500104,-4.08968,2.53316,2.24322,-0.85265895,0.4797351,0.07678203
1764505182.8500104,-4.08968,2.53316,2.24322,-0.85265895,0.4797351,0.07678203
1764505182.8500104,-4.08968,2.53316,2.24322,-0.85265895,0.4797351,0.07678203
1764505182.8500104,-2.63998,1.19028,1.64808,-0.855771735,0.48058959,0.075622365
1764505182.8500104,-2.63998,1.19028,1.64808,-0.855771735,0.48058959,0.075622365
1764505182.8930862,-2.63998,1.19028,1.64808,-0.855771735,0.48058959,0.075622365
1764505182.8930862,-2.63998,1.19028,1.64808,-0.855771735,0.48058959,0.075622365
1764505182.8930862,-2.63998,1.19028,1.64808,-0.855771735,0.48058959,0.075622365
1764505182.8930862,-2.63998,1.19028,1.64808,-0.855771735,0.48058959,0.075622365
1764505182.8930862,-2.63998,1.19028,1.64808,-0.855771735,0.48058959,0.075622365
1764505182.8930862,-2.63998,1.19028,1.64808,-0.855771735,0.48058959,0.075622365
1764505182.8930862,-2.63998,1.19028,1.64808,-0.855771735,0.48058959,0.075622365
1764505182.8930862,-2.63998,1.19028,1.64808,-0.855771735,0.48058959,0.075622365
1764505182.8946657,-1.64808,0.25942,0.7019599999999999,-0.85644312,0.48473997,0.074889945
1764505182.8946657,-1.64808,0.25942,0.7019599999999999,-0.85644312,0.48473997,0.074889945
1764505182.8946657,-1.64808,0.25942,0.7019599999999999,-0.85644312,0.48473997,0.074889945
1764505182.8946657,-1.64808,0.25942,0.7019599999999999,-0.85644312,0.48473997,0.074889945
1764505182.8946657,-1.64808,0.25942,0.7019599999999999,-0.85644312,0.48473997,0.074889945
1764505182.8946657,-1.64808,0.25942,0.7019599999999999,-0.85644312,0.48473997,0.074889945
1764505182.8946657,-1.64808,0.25942,0.7019599999999999,-0.85644312,0.48473997,0.074889945
1764505182.8946657,-1.64808,0.25942,0.7019599999999999,-0.85644312,0.48473997,0.074889945
1764505182.8946657,-1.64808,0.25942,0.7019599999999999,-0.85644312,0.48473997,0.074889945
1764505182.8946657,-1.64808,0.25942,0.7019599999999999,-0.85644312,0.48473997,0.074889945
1764505182.8946657,-0.41202,-0.18312,0.59514,-0.85485621,0.488585175,0.074401665
1764505182.8946657,-0.41202,-0.18312,0.59514,-0.85485621,0.488585175,0.074401665
1764505182.8946657,-0.41202,-0.18312,0.59514,-0.85485621,0.488585175,0.074401665
1764505182.904602,-0.41202,-0.18312,0.59514,-0.85485621,0.488585175,0.074401665
1764505182.905606,-0.41202,-0.18312,0.59514,-0.85485621,0.488585175,0.074401665
1764505182.905606,-0.41202,-0.18312,0.59514,-0.85485621,0.488585175,0.074401665
1764505182.943228,-0.41202,-0.18312,0.59514,-0.85485621,0.488585175,0.074401665
1764505182.943228,-0.41202,-0.18312,0.59514,-0.85485621,0.488585175,0.074401665
1764505182.943228,-0.41202,-0.18312,0.59514,-0.85485621,0.488585175,0.074401665
1764505182.943228,-0.41202,-0.18312,0.59514,-0.85485621,0.488585175,0.074401665
1764505182.943228,-0.13734,0.44254,1.19028,-0.853696545,0.49267452,0.073913385
1764505182.943228,-0.13734,0.44254,1.19028,-0.853696545,0.49267452,0.073913385
1764505182.943228,-0.13734,0.44254,1.19028,-0.853696545,0.49267452,0.073913385
1764505182.943228,-0.13734,0.44254,1.19028,-0.853696545,0.49267452,0.073913385
1764505182.943228,-0.13734,0.44254,1.19028,-0.853696545,0.49267452,0.073913385
1764505182.94423,-0.13734,0.44254,1.19028,-0.853696545,0.49267452,0.073913385
1764505182.94423,-0.13734,0.44254,1.19028,-0.853696545,0.49267452,0.073913385
1764505182.94423,-0.13734,0.44254,1.19028,-0.853696545,0.49267452,0.073913385
1764505182.94423,-0.13734,0.44254,1.19028,-0.853696545,0.49267452,0.073913385
1764505182.94423,-0.13734,0.44254,1.19028,-0.853696545,0.49267452,0.073913385
1764505182.94423,-1.34288,1.19028,1.49548,-0.852719985,0.495665235,0.071594055
1764505182.94423,-1.34288,1.19028,1.49548,-0.852719985,0.495665235,0.071594055
1764505182.94423,-1.34288,1.19028,1.49548,-0.852719985,0.495665235,0.071594055
1764505182.94423,-1.34288,1.19028,1.49548,-0.852719985,0.495665235,0.071594055
1764505182.94423,-1.34288,1.19028,1.49548,-0.852719985,0.495665235,0.071594055
1764505182.94423,-1.34288,1.19028,1.49548,-0.852719985,0.495665235,0.071594055
1764505182.94423,-1.34288,1.19028,1.49548,-0.852719985,0.495665235,0.071594055
1764505182.94423,-1.34288,1.19028,1.49548,-0.852719985,0.495665235,0.071594055
1764505182.9874873,-1.34288,1.19028,1.49548,-0.852719985,0.495665235,0.071594055
1764505182.9874873,-1.34288,1.19028,1.49548,-0.852719985,0.495665235,0.071594055
1764505182.9874873,-3.2809,1.41918,0.1678599999999999,-0.85119411,0.498716985,0.070983705
1764505182.9874873,-3.2809,1.41918,0.1678599999999999,-0.85119411,0.498716985,0.070983705
1764505182.9874873,-3.2809,1.41918,0.1678599999999999,-0.85119411,0.498716985,0.070983705
1764505182.9874873,-3.2809,1.41918,0.1678599999999999,-0.85119411,0.498716985,0.070983705
1764505182.9874873,-3.2809,1.41918,0.1678599999999999,-0.85119411,0.498716985,0.070983705
1764505182.9874873,-3.2809,1.41918,0.1678599999999999,-0.85119411,0.498716985,0.070983705
1764505182.9874873,-3.2809,1.41918,0.1678599999999999,-0.85119411,0.498716985,0.070983705
1764505182.9874873,-3.2809,1.41918,0.1678599999999999,-0.85119411,0.498716985,0.070983705
1764505182.9874873,-3.2809,1.41918,0.1678599999999999,-0.85119411,0.498716985,0.070983705
1764505182.9874873,-3.2809,1.41918,0.1678599999999999,-0.85119411,0.498716985,0.070983705
1764505182.9874873,-4.76112,1.26658,0.1678599999999999,-0.849912375,0.499205265,0.07141095
1764505182.9874873,-4.76112,1.26658,0.1678599999999999,-0.849912375,0.499205265,0.07141095
1764505182.9874873,-4.76112,1.26658,0.1678599999999999,-0.849912375,0.499205265,0.07141095
1764505182.9874873,-4.76112,1.26658,0.1678599999999999,-0.849912375,0.499205265,0.07141095
1764505182.9874873,-4.76112,1.26658,0.1678599999999999,-0.849912375,0.499205265,0.07141095
1764505182.9874873,-4.76112,1.26658,0.1678599999999999,-0.849912375,0.499205265,0.07141095
1764505182.9874873,-4.76112,1.26658,0.1678599999999999,-0.849912375,0.499205265,0.07141095
1764505182.9874873,-4.76112,1.26658,0.1678599999999999,-0.849912375,0.499205265,0.07141095
1764505182.9874873,-4.76112,1.26658,0.1678599999999999,-0.849912375,0.499205265,0.07141095
1764505182.9874873,-4.76112,1.26658,0.1678599999999999,-0.849912375,0.499205265,0.07141095
1764505182.9874873,-5.69198,1.6786,0.18312,-0.850278585,0.4992663,0.07128888
1764505182.9874873,-5.69198,1.6786,0.18312,-0.850278585,0.4992663,0.07128888
1764505183.034425,-5.69198,1.6786,0.18312,-0.850278585,0.4992663,0.07128888
1764505183.034425,-5.69198,1.6786,0.18312,-0.850278585,0.4992663,0.07128888
1764505183.0354378,-5.69198,1.6786,0.18312,-0.850278585,0.4992663,0.07128888
1764505183.0354378,-5.69198,1.6786,0.18312,-0.850278585,0.4992663,0.07128888
1764505183.0354378,-5.69198,1.6786,0.18312,-0.850278585,0.4992663,0.07128888
1764505183.0354378,-5.69198,1.6786,0.18312,-0.850278585,0.4992663,0.07128888
1764505183.0364456,-5.69198,1.6786,0.18312,-0.850278585,0.4992663,0.07128888
1764505183.0364456,-5.69198,1.6786,0.18312,-0.850278585,0.4992663,0.07128888
1764505183.0364456,-5.63094,1.32762,0.39676,-0.85180446,0.498961125,0.071960265
1764505183.0372243,-5.63094,1.32762,0.39676,-0.85180446,0.498961125,0.071960265
1764505183.0372243,-5.63094,1.32762,0.39676,-0.85180446,0.498961125,0.071960265
1764505183.0372243,-5.63094,1.32762,0.39676,-0.85180446,0.498961125,0.071960265
1764505183.0372243,-5.63094,1.32762,0.39676,-0.85180446,0.498961125,0.071960265
1764505183.0372243,-5.63094,1.32762,0.39676,-0.85180446,0.498961125,0.071960265
1764505183.0372243,-5.63094,1.32762,0.39676,-0.85180446,0.498961125,0.071960265
1764505183.0372243,-5.63094,1.32762,0.39676,-0.85180446,0.498961125,0.071960265
1764505183.0372243,-5.63094,1.32762,0.39676,-0.85180446,0.498961125,0.071960265
1764505183.0372243,-5.63094,1.32762,0.39676,-0.85180446,0.498961125,0.071960265
1764505183.0372243,-5.753019999999999,1.51074,-0.48832,-0.852353775,0.497252145,0.07421856
1764505183.0372243,-5.753019999999999,1.51074,-0.48832,-0.852353775,0.497252145,0.07421856
1764505183.0372243,-5.753019999999999,1.51074,-0.48832,-0.852353775,0.497252145,0.07421856
1764505183.0372243,-5.753019999999999,1.51074,-0.48832,-0.852353775,0.497252145,0.07421856
1764505183.0822852,-5.753019999999999,1.51074,-0.48832,-0.852353775,0.497252145,0.07421856
1764505183.0822852,-5.753019999999999,1.51074,-0.48832,-0.852353775,0.497252145,0.07421856
1764505183.0822852,-5.753019999999999,1.51074,-0.48832,-0.852353775,0.497252145,0.07421856
1764505183.0822852,-5.753019999999999,1.51074,-0.48832,-0.852353775,0.497252145,0.07421856
1764505183.0822852,-5.753019999999999,1.51074,-0.48832,-0.852353775,0.497252145,0.07421856
1764505183.0822852,-5.753019999999999,1.51074,-0.48832,-0.852353775,0.497252145,0.07421856
1764505183.0822852,-6.165039999999999,1.9075,-0.41202,-0.85180446,0.495665235,0.07397442
1764505183.0822852,-6.165039999999999,1.9075,-0.41202,-0.85180446,0.495665235,0.07397442
1764505183.0822852,-6.165039999999999,1.9075,-0.41202,-0.85180446,0.495665235,0.07397442
1764505183.0822852,-6.165039999999999,1.9075,-0.41202,-0.85180446,0.495665235,0.07397442
1764505183.0822852,-6.165039999999999,1.9075,-0.41202,-0.85180446,0.495665235,0.07397442
1764505183.0822852,-6.165039999999999,1.9075,-0.41202,-0.85180446,0.495665235,0.07397442
1764505183.0822852,-6.165039999999999,1.9075,-0.41202,-0.85180446,0.495665235,0.07397442
1764505183.0822852,-6.165039999999999,1.9075,-0.41202,-0.85180446,0.495665235,0.07397442
1764505183.0822852,-6.165039999999999,1.9075,-0.41202,-0.85180446,0.495665235,0.07397442
1764505183.0822852,-6.165039999999999,1.9075,-0.41202,-0.85180446,0.495665235,0.07397442
1764505183.0822852,-7.05012,1.41918,0.6714399999999999,-0.85241481,0.49536006,0.07226544
1764505183.0822852,-7.05012,1.41918,0.6714399999999999,-0.85241481,0.49536006,0.07226544
1764505183.0822852,-7.05012,1.41918,0.6714399999999999,-0.85241481,0.49536006,0.07226544
1764505183.0822852,-7.05012,1.41918,0.6714399999999999,-0.85241481,0.49536006,0.07226544
1764505183.0822852,-7.05012,1.41918,0.6714399999999999,-0.85241481,0.49536006,0.07226544
1764505183.0833106,-7.05012,1.41918,0.6714399999999999,-0.85241481,0.49536006,0.07226544
1764505183.0833106,-7.05012,1.41918,0.6714399999999999,-0.85241481,0.49536006,0.07226544
1764505183.0833106,-7.05012,1.41918,0.6714399999999999,-0.85241481,0.49536006,0.07226544
1764505183.127571,-7.05012,1.41918,0.6714399999999999,-0.85241481,0.49536006,0.07226544
1764505183.127571,-7.05012,1.41918,0.6714399999999999,-0.85241481,0.49536006,0.07226544
1764505183.1281047,-7.553699999999999,-0.09156,1.1445,-0.851743425,0.494444535,0.072936825
1764505183.1281047,-7.553699999999999,-0.09156,1.1445,-0.851743425,0.494444535,0.072936825
1764505183.1281047,-7.553699999999999,-0.09156,1.1445,-0.851743425,0.494444535,0.072936825
1764505183.1281047,-7.553699999999999,-0.09156,1.1445,-0.851743425,0.494444535,0.072936825
1764505183.1281047,-7.553699999999999,-0.09156,1.1445,-0.851743425,0.494444535,0.072936825
1764505183.1281047,-7.553699999999999,-0.09156,1.1445,-0.851743425,0.494444535,0.072936825
1764505183.1281047,-7.553699999999999,-0.09156,1.1445,-0.851743425,0.494444535,0.072936825
1764505183.1281047,-7.553699999999999,-0.09156,1.1445,-0.851743425,0.494444535,0.072936825
1764505183.1281047,-7.553699999999999,-0.09156,1.1445,-0.851743425,0.494444535,0.072936825
1764505183.1281047,-7.553699999999999,-0.09156,1.1445,-0.851743425,0.494444535,0.072936825
1764505183.1281047,-7.15694,0.8698199999999999,0.3204599999999999,-0.85265895,0.491636925,0.07421856
1764505183.1281047,-7.15694,0.8698199999999999,0.3204599999999999,-0.85265895,0.491636925,0.07421856
1764505183.1281047,-7.15694,0.8698199999999999,0.3204599999999999,-0.85265895,0.491636925,0.07421856
1764505183.1281047,-7.15694,0.8698199999999999,0.3204599999999999,-0.85265895,0.491636925,0.07421856
1764505183.1281047,-7.15694,0.8698199999999999,0.3204599999999999,-0.85265895,0.491636925,0.07421856
1764505183.1281047,-7.15694,0.8698199999999999,0.3204599999999999,-0.85265895,0.491636925,0.07421856
1764505183.1281047,-7.15694,0.8698199999999999,0.3204599999999999,-0.85265895,0.491636925,0.07421856
1764505183.1281047,-7.15694,0.8698199999999999,0.3204599999999999,-0.85265895,0.491636925,0.07421856
1764505183.1281047,-7.15694,0.8698199999999999,0.3204599999999999,-0.85265895,0.491636925,0.07421856
1764505183.1281047,-7.15694,0.8698199999999999,0.3204599999999999,-0.85265895,0.491636925,0.07421856
1764505183.1281047,-6.77544,1.26658,-0.09156,-0.8535134400000001,0.48937863,0.07604961
1764505183.1281047,-6.77544,1.26658,-0.09156,-0.8535134400000001,0.48937863,0.07604961
1764505183.172725,-6.77544,1.26658,-0.09156,-0.8535134400000001,0.48937863,0.07604961
1764505183.172725,-6.77544,1.26658,-0.09156,-0.8535134400000001,0.48937863,0.07604961
1764505183.172725,-6.77544,1.26658,-0.09156,-0.8535134400000001,0.48937863,0.07604961
1764505183.172725,-6.77544,1.26658,-0.09156,-0.8535134400000001,0.48937863,0.07604961
1764505183.172725,-6.77544,1.26658,-0.09156,-0.8535134400000001,0.48937863,0.07604961
1764505183.172725,-6.77544,1.26658,-0.09156,-0.8535134400000001,0.48937863,0.07604961
1764505183.172725,-6.77544,1.26658,-0.09156,-0.8535134400000001,0.48937863,0.07604961
1764505183.172725,-6.77544,1.26658,-0.09156,-0.8535134400000001,0.48937863,0.07604961
1764505183.172725,-6.653359999999999,0.6714399999999999,-0.2289,-0.854673105,0.48852414,0.07592754
1764505183.172725,-6.653359999999999,0.6714399999999999,-0.2289,-0.854673105,0.48852414,0.07592754
1764505183.172725,-6.653359999999999,0.6714399999999999,-0.2289,-0.854673105,0.48852414,0.07592754
1764505183.172725,-6.653359999999999,0.6714399999999999,-0.2289,-0.854673105,0.48852414,0.07592754
1764505183.172725,-6.653359999999999,0.6714399999999999,-0.2289,-0.854673105,0.48852414,0.07592754
1764505183.172725,-6.653359999999999,0.6714399999999999,-0.2289,-0.854673105,0.48852414,0.07592754
1764505183.172725,-6.653359999999999,0.6714399999999999,-0.2289,-0.854673105,0.48852414,0.07592754
1764505183.172725,-6.653359999999999,0.6714399999999999,-0.2289,-0.854673105,0.48852414,0.07592754
1764505183.172725,-6.653359999999999,0.6714399999999999,-0.2289,-0.854673105,0.48852414,0.07592754
1764505183.172725,-6.653359999999999,0.6714399999999999,-0.2289,-0.854673105,0.48852414,0.07592754
1764505183.172725,-6.027699999999999,-0.28994,0.0,-0.853574475,0.48766965,0.07580547
1764505183.172725,-6.027699999999999,-0.28994,0.0,-0.853574475,0.48766965,0.07580547
1764505183.172725,-6.027699999999999,-0.28994,0.0,-0.853574475,0.48766965,0.07580547
1764505183.172725,-6.027699999999999,-0.28994,0.0,-0.853574475,0.48766965,0.07580547
1764505183.2235038,-6.027699999999999,-0.28994,0.0,-0.853574475,0.48766965,0.07580547
1764505183.2235038,-6.027699999999999,-0.28994,0.0,-0.853574475,0.48766965,0.07580547
1764505183.2235038,-6.027699999999999,-0.28994,0.0,-0.853574475,0.48766965,0.07580547
1764505183.2235038,-6.027699999999999,-0.28994,0.0,-0.853574475,0.48766965,0.07580547
1764505183.2235038,-6.027699999999999,-0.28994,0.0,-0.853574475,0.48766965,0.07580547
1764505183.2235038,-6.027699999999999,-0.28994,0.0,-0.853574475,0.48766965,0.07580547
1764505183.2235038,-5.08158,1.08346,0.6867,-0.852231705,0.48693723,0.075012015
1764505183.2235038,-5.08158,1.08346,0.6867,-0.852231705,0.48693723,0.075012015
1764505183.2235038,-5.08158,1.08346,0.6867,-0.852231705,0.48693723,0.075012015
1764505183.2235038,-5.08158,1.08346,0.6867,-0.852231705,0.48693723,0.075012015
1764505183.2235038,-5.08158,1.08346,0.6867,-0.852231705,0.48693723,0.075012015
1764505183.2235038,-5.08158,1.08346,0.6867,-0.852231705,0.48693723,0.075012015
1764505183.2235038,-5.08158,1.08346,0.6867,-0.852231705,0.48693723,0.075012015
1764505183.2235038,-5.08158,1.08346,0.6867,-0.852231705,0.48693723,0.075012015
1764505183.2235038,-5.08158,1.08346,0.6867,-0.852231705,0.48693723,0.075012015
1764505183.2235038,-5.08158,1.08346,0.6867,-0.852231705,0.48693723,0.075012015
1764505183.2235038,-4.59326,0.6867,0.7019599999999999,-0.851865495,0.486509985,0.07629375
1764505183.2235038,-4.59326,0.6867,0.7019599999999999,-0.851865495,0.486509985,0.07629375
1764505183.2235038,-4.59326,0.6867,0.7019599999999999,-0.851865495,0.486509985,0.07629375
1764505183.2235038,-4.59326,0.6867,0.7019599999999999,-0.851865495,0.486509985,0.07629375
1764505183.2235038,-4.59326,0.6867,0.7019599999999999,-0.851865495,0.486509985,0.07629375
1764505183.2235038,-4.59326,0.6867,0.7019599999999999,-0.851865495,0.486509985,0.07629375
1764505183.2235038,-4.59326,0.6867,0.7019599999999999,-0.851865495,0.486509985,0.07629375
1764505183.2235038,-4.59326,0.6867,0.7019599999999999,-0.851865495,0.486509985,0.07629375
1764505183.2675147,-4.59326,0.6867,0.7019599999999999,-0.851865495,0.486509985,0.07629375
1764505183.2675147,-4.59326,0.6867,0.7019599999999999,-0.851865495,0.486509985,0.07629375
1764505183.2675147,-4.36436,0.3509799999999999,0.3509799999999999,-0.85278102,0.486143775,0.07788066
1764505183.2675147,-4.36436,0.3509799999999999,0.3509799999999999,-0.85278102,0.486143775,0.07788066
1764505183.2685273,-4.36436,0.3509799999999999,0.3509799999999999,-0.85278102,0.486143775,0.07788066
1764505183.2685273,-4.36436,0.3509799999999999,0.3509799999999999,-0.85278102,0.486143775,0.07788066
1764505183.2685273,-4.36436,0.3509799999999999,0.3509799999999999,-0.85278102,0.486143775,0.07788066
1764505183.2685273,-4.36436,0.3509799999999999,0.3509799999999999,-0.85278102,0.486143775,0.07788066
1764505183.2685273,-4.36436,0.3509799999999999,0.3509799999999999,-0.85278102,0.486143775,0.07788066
1764505183.2685273,-4.36436,0.3509799999999999,0.3509799999999999,-0.85278102,0.486143775,0.07788066
1764505183.2685273,-4.36436,0.3509799999999999,0.3509799999999999,-0.85278102,0.486143775,0.07788066
1764505183.2685273,-4.36436,0.3509799999999999,0.3509799999999999,-0.85278102,0.486143775,0.07788066
1764505183.2685273,-4.31858,0.94612,0.39676,-0.853086195,0.48840207,0.077697555
1764505183.2685273,-4.31858,0.94612,0.39676,-0.853086195,0.48840207,0.077697555
1764505183.2685273,-4.31858,0.94612,0.39676,-0.853086195,0.48840207,0.077697555
1764505183.2685273,-4.31858,0.94612,0.39676,-0.853086195,0.48840207,0.077697555
1764505183.2685273,-4.31858,0.94612,0.39676,-0.853086195,0.48840207,0.077697555
1764505183.2685273,-4.31858,0.94612,0.39676,-0.853086195,0.48840207,0.077697555
1764505183.2695243,-4.31858,0.94612,0.39676,-0.853086195,0.48840207,0.077697555
1764505183.2695243,-4.31858,0.94612,0.39676,-0.853086195,0.48840207,0.077697555
1764505183.2695243,-4.31858,0.94612,0.39676,-0.853086195,0.48840207,0.077697555
1764505183.2695243,-4.31858,0.94612,0.39676,-0.853086195,0.48840207,0.077697555
1764505183.2695243,-4.51696,0.8698199999999999,0.36624,-0.852719985,0.490416225,0.076232715
1764505183.2695243,-4.51696,0.8698199999999999,0.36624,-0.852719985,0.490416225,0.076232715
1764505183.3176775,-4.51696,0.8698199999999999,0.36624,-0.852719985,0.490416225,0.076232715
1764505183.3176775,-4.51696,0.8698199999999999,0.36624,-0.852719985,0.490416225,0.076232715
1764505183.3176775,-4.51696,0.8698199999999999,0.36624,-0.852719985,0.490416225,0.076232715
1764505183.3186934,-4.51696,0.8698199999999999,0.36624,-0.852719985,0.490416225,0.076232715
1764505183.3186934,-4.51696,0.8698199999999999,0.36624,-0.852719985,0.490416225,0.076232715
1764505183.3186934,-4.51696,0.8698199999999999,0.36624,-0.852719985,0.490416225,0.076232715
1764505183.3186934,-4.51696,0.8698199999999999,0.36624,-0.852719985,0.490416225,0.076232715
1764505183.3186934,-4.51696,0.8698199999999999,0.36624,-0.852719985,0.490416225,0.076232715
1764505183.3186934,-4.66956,1.35814,1.09872,-0.85180446,0.4931628,0.075134085
1764505183.3186934,-4.66956,1.35814,1.09872,-0.85180446,0.4931628,0.075134085
1764505183.3186934,-4.66956,1.35814,1.09872,-0.85180446,0.4931628,0.075134085
1764505183.3186934,-4.66956,1.35814,1.09872,-0.85180446,0.4931628,0.075134085
1764505183.3186934,-4.66956,1.35814,1.09872,-0.85180446,0.4931628,0.075134085
1764505183.3186934,-4.66956,1.35814,1.09872,-0.85180446,0.4931628,0.075134085
1764505183.3186934,-4.66956,1.35814,1.09872,-0.85180446,0.4931628,0.075134085
1764505183.3186934,-4.66956,1.35814,1.09872,-0.85180446,0.4931628,0.075134085
1764505183.3186934,-4.66956,1.35814,1.09872,-0.85180446,0.4931628,0.075134085
1764505183.3186934,-4.66956,1.35814,1.09872,-0.85180446,0.4931628,0.075134085
1764505183.3186934,-4.6543,1.2971,0.9919,-0.85192653,0.49487178,0.075378225
1764505183.3186934,-4.6543,1.2971,0.9919,-0.85192653,0.49487178,0.075378225
1764505183.3186934,-4.6543,1.2971,0.9919,-0.85192653,0.49487178,0.075378225
1764505183.3186934,-4.6543,1.2971,0.9919,-0.85192653,0.49487178,0.075378225
1764505183.3186934,-4.6543,1.2971,0.9919,-0.85192653,0.49487178,0.075378225
1764505183.3186934,-4.6543,1.2971,0.9919,-0.85192653,0.49487178,0.075378225
1764505183.365539,-4.6543,1.2971,0.9919,-0.85192653,0.49487178,0.075378225
1764505183.365539,-4.6543,1.2971,0.9919,-0.85192653,0.49487178,0.075378225
1764505183.365539,-4.6543,1.2971,0.9919,-0.85192653,0.49487178,0.075378225
1764505183.365539,-4.6543,1.2971,0.9919,-0.85192653,0.49487178,0.075378225
1764505183.365539,-5.08158,0.57988,0.39676,-0.852719985,0.495665235,0.077209275
1764505183.365539,-5.08158,0.57988,0.39676,-0.852719985,0.495665235,0.077209275
1764505183.365539,-5.08158,0.57988,0.39676,-0.852719985,0.495665235,0.077209275
1764505183.365539,-5.08158,0.57988,0.39676,-0.852719985,0.495665235,0.077209275
1764505183.365539,-5.08158,0.57988,0.39676,-0.852719985,0.495665235,0.077209275
1764505183.365539,-5.08158,0.57988,0.39676,-0.852719985,0.495665235,0.077209275
1764505183.365539,-5.08158,0.57988,0.39676,-0.852719985,0.495665235,0.077209275
1764505183.365539,-5.08158,0.57988,0.39676,-0.852719985,0.495665235,0.077209275
1764505183.365539,-5.08158,0.57988,0.39676,-0.852719985,0.495665235,0.077209275
1764505183.365539,-5.08158,0.57988,0.39676,-0.852719985,0.495665235,0.077209275
1764505183.365539,-5.753019999999999,0.82404,0.01526,-0.85278102,0.494688675,0.07836894
1764505183.365539,-5.753019999999999,0.82404,0.01526,-0.85278102,0.494688675,0.07836894
1764505183.365539,-5.753019999999999,0.82404,0.01526,-0.85278102,0.494688675,0.07836894
1764505183.365539,-5.753019999999999,0.82404,0.01526,-0.85278102,0.494688675,0.07836894
1764505183.365539,-5.753019999999999,0.82404,0.01526,-0.85278102,0.494688675,0.07836894
1764505183.365539,-5.753019999999999,0.82404,0.01526,-0.85278102,0.494688675,0.07836894
1764505183.365539,-5.753019999999999,0.82404,0.01526,-0.85278102,0.494688675,0.07836894
1764505183.365539,-5.753019999999999,0.82404,0.01526,-0.85278102,0.494688675,0.07836894
1764505183.365539,-5.753019999999999,0.82404,0.01526,-0.85278102,0.494688675,0.07836894
1764505183.365539,-5.753019999999999,0.82404,0.01526,-0.85278102,0.494688675,0.07836894
1764505183.412213,-6.53128,1.15976,0.06104,-0.852353775,0.495421095,0.07775859
1764505183.412213,-6.53128,1.15976,0.06104,-0.852353775,0.495421095,0.07775859
1764505183.412213,-6.53128,1.15976,0.06104,-0.852353775,0.495421095,0.07775859
1764505183.412213,-6.53128,1.15976,0.06104,-0.852353775,0.495421095,0.07775859
1764505183.412213,-6.53128,1.15976,0.06104,-0.852353775,0.495421095,0.07775859
1764505183.412213,-6.53128,1.15976,0.06104,-0.852353775,0.495421095,0.07775859
1764505183.412213,-6.53128,1.15976,0.06104,-0.852353775,0.495421095,0.07775859
1764505183.412213,-6.53128,1.15976,0.06104,-0.852353775,0.495421095,0.07775859
1764505183.412213,-6.53128,1.15976,0.06104,-0.852353775,0.495421095,0.07775859
1764505183.412213,-6.53128,1.15976,0.06104,-0.852353775,0.495421095,0.07775859
1764505183.412213,-6.3329,1.64808,0.1525999999999999,-0.85070583,0.493712115,0.076232715
1764505183.4127238,-6.3329,1.64808,0.1525999999999999,-0.85070583,0.493712115,0.076232715
1764505183.4127238,-6.3329,1.64808,0.1525999999999999,-0.85070583,0.493712115,0.076232715
1764505183.4127238,-6.3329,1.64808,0.1525999999999999,-0.85070583,0.493712115,0.076232715
1764505183.4127238,-6.3329,1.64808,0.1525999999999999,-0.85070583,0.493712115,0.076232715
1764505183.4127238,-6.3329,1.64808,0.1525999999999999,-0.85070583,0.493712115,0.076232715
1764505183.4127238,-6.3329,1.64808,0.1525999999999999,-0.85070583,0.493712115,0.076232715
1764505183.4127238,-6.3329,1.64808,0.1525999999999999,-0.85070583,0.493712115,0.076232715
1764505183.4127238,-6.3329,1.64808,0.1525999999999999,-0.85070583,0.493712115,0.076232715
1764505183.4127238,-6.3329,1.64808,0.1525999999999999,-0.85070583,0.493712115,0.076232715
1764505183.4127238,-5.98192,1.2971,0.28994,-0.8508889350000001,0.49243038,0.07617168
1764505183.4127238,-5.98192,1.2971,0.28994,-0.8508889350000001,0.49243038,0.07617168
1764505183.4573898,-5.98192,1.2971,0.28994,-0.8508889350000001,0.49243038,0.07617168
1764505183.4573898,-5.98192,1.2971,0.28994,-0.8508889350000001,0.49243038,0.07617168
1764505183.4573898,-5.98192,1.2971,0.28994,-0.8508889350000001,0.49243038,0.07617168
1764505183.4573898,-5.98192,1.2971,0.28994,-0.8508889350000001,0.49243038,0.07617168
1764505183.4573898,-5.98192,1.2971,0.28994,-0.8508889350000001,0.49243038,0.07617168
1764505183.458945,-5.98192,1.2971,0.28994,-0.8508889350000001,0.49243038,0.07617168
1764505183.458945,-5.98192,1.2971,0.28994,-0.8508889350000001,0.49243038,0.07617168
1764505183.458945,-5.98192,1.2971,0.28994,-0.8508889350000001,0.49243038,0.07617168
1764505183.458945,-4.31858,1.05294,-0.09156,-0.85094997,0.49108761,0.07751445
1764505183.458945,-4.31858,1.05294,-0.09156,-0.85094997,0.49108761,0.07751445
1764505183.458945,-4.31858,1.05294,-0.09156,-0.85094997,0.49108761,0.07751445
1764505183.458945,-4.31858,1.05294,-0.09156,-0.85094997,0.49108761,0.07751445
1764505183.4605064,-4.31858,1.05294,-0.09156,-0.85094997,0.49108761,0.07751445
1764505183.4605064,-4.31858,1.05294,-0.09156,-0.85094997,0.49108761,0.07751445
1764505183.4605064,-4.31858,1.05294,-0.09156,-0.85094997,0.49108761,0.07751445
1764505183.4605064,-4.31858,1.05294,-0.09156,-0.85094997,0.49108761,0.07751445
1764505183.4605064,-4.31858,1.05294,-0.09156,-0.85094997,0.49108761,0.07751445
1764505183.4605064,-4.31858,1.05294,-0.09156,-0.85094997,0.49108761,0.07751445
1764505183.4605064,-4.8832,1.17502,-0.39676,-0.85217067,0.490904505,0.076354785
1764505183.4620392,-4.8832,1.17502,-0.39676,-0.85217067,0.490904505,0.076354785
1764505183.4620392,-4.8832,1.17502,-0.39676,-0.85217067,0.490904505,0.076354785
1764505183.4620392,-4.8832,1.17502,-0.39676,-0.85217067,0.490904505,0.076354785
1764505183.4620392,-4.8832,1.17502,-0.39676,-0.85217067,0.490904505,0.076354785
1764505183.4620392,-4.8832,1.17502,-0.39676,-0.85217067,0.490904505,0.076354785
1764505183.5028176,-4.8832,1.17502,-0.39676,-0.85217067,0.490904505,0.076354785
1764505183.5028176,-4.8832,1.17502,-0.39676,-0.85217067,0.490904505,0.076354785
1764505183.5028176,-4.8832,1.17502,-0.39676,-0.85217067,0.490904505,0.076354785
1764505183.5028176,-4.8832,1.17502,-0.39676,-0.85217067,0.490904505,0.076354785
1764505183.5028176,-5.81406,0.09156,0.48832,-0.853086195,0.492369345,0.075256155
1764505183.5028176,-5.81406,0.09156,0.48832,-0.853086195,0.492369345,0.075256155
1764505183.5028176,-5.81406,0.09156,0.48832,-0.853086195,0.492369345,0.075256155
1764505183.5028176,-5.81406,0.09156,0.48832,-0.853086195,0.492369345,0.075256155
1764505183.5028176,-5.81406,0.09156,0.48832,-0.853086195,0.492369345,0.075256155
1764505183.5028176,-5.81406,0.09156,0.48832,-0.853086195,0.492369345,0.075256155
1764505183.5028176,-5.81406,0.09156,0.48832,-0.853086195,0.492369345,0.075256155
1764505183.5028176,-5.81406,0.09156,0.48832,-0.853086195,0.492369345,0.075256155
1764505183.5028176,-5.81406,0.09156,0.48832,-0.853086195,0.492369345,0.075256155
1764505183.5028176,-5.81406,0.09156,0.48832,-0.853086195,0.492369345,0.075256155
1764505183.5028176,-5.96666,0.42728,0.8392999999999999,-0.8546120700000001,0.49487178,0.074767875
1764505183.5028176,-5.96666,0.42728,0.8392999999999999,-0.8546120700000001,0.49487178,0.074767875
1764505183.5028176,-5.96666,0.42728,0.8392999999999999,-0.8546120700000001,0.49487178,0.074767875
1764505183.5028176,-5.96666,0.42728,0.8392999999999999,-0.8546120700000001,0.49487178,0.074767875
1764505183.5028176,-5.96666,0.42728,0.8392999999999999,-0.8546120700000001,0.49487178,0.074767875
1764505183.5038254,-5.96666,0.42728,0.8392999999999999,-0.8546120700000001,0.49487178,0.074767875
1764505183.5038254,-5.96666,0.42728,0.8392999999999999,-0.8546120700000001,0.49487178,0.074767875
1764505183.5038254,-5.96666,0.42728,0.8392999999999999,-0.8546120700000001,0.49487178,0.074767875
1764505183.5479934,-5.96666,0.42728,0.8392999999999999,-0.8546120700000001,0.49487178,0.074767875
1764505183.5479934,-5.96666,0.42728,0.8392999999999999,-0.8546120700000001,0.49487178,0.074767875
1764505183.5479934,-5.52412,-1.46496,-0.47306,-0.85497828,0.495909375,0.076232715
1764505183.5479934,-5.52412,-1.46496,-0.47306,-0.85497828,0.495909375,0.076232715
1764505183.5479934,-5.52412,-1.46496,-0.47306,-0.85497828,0.495909375,0.076232715
1764505183.5479934,-5.52412,-1.46496,-0.47306,-0.85497828,0.495909375,0.076232715
1764505183.5479934,-5.52412,-1.46496,-0.47306,-0.85497828,0.495909375,0.076232715
1764505183.5479934,-5.52412,-1.46496,-0.47306,-0.85497828,0.495909375,0.076232715
1764505183.5479934,-5.52412,-1.46496,-0.47306,-0.85497828,0.495909375,0.076232715
1764505183.5479934,-5.52412,-1.46496,-0.47306,-0.85497828,0.495909375,0.076232715
1764505183.5479934,-5.52412,-1.46496,-0.47306,-0.85497828,0.495909375,0.076232715
1764505183.5479934,-5.52412,-1.46496,-0.47306,-0.85497828,0.495909375,0.076232715
1764505183.5479934,-5.66146,-0.13734,-0.71722,-0.853452405,0.495176955,0.076598925
1764505183.5479934,-5.66146,-0.13734,-0.71722,-0.853452405,0.495176955,0.076598925
1764505183.5479934,-5.66146,-0.13734,-0.71722,-0.853452405,0.495176955,0.076598925
1764505183.5479934,-5.66146,-0.13734,-0.71722,-0.853452405,0.495176955,0.076598925
1764505183.5479934,-5.66146,-0.13734,-0.71722,-0.853452405,0.495176955,0.076598925
1764505183.5479934,-5.66146,-0.13734,-0.71722,-0.853452405,0.495176955,0.076598925
1764505183.5479934,-5.66146,-0.13734,-0.71722,-0.853452405,0.495176955,0.076598925
1764505183.5479934,-5.66146,-0.13734,-0.71722,-0.853452405,0.495176955,0.076598925
1764505183.5479934,-5.66146,-0.13734,-0.71722,-0.853452405,0.495176955,0.076598925
1764505183.5479934,-5.66146,-0.13734,-0.71722,-0.853452405,0.495176955,0.076598925
1764505183.5479934,-5.32574,0.9919,-0.19838,-0.8519875650000001,0.493956255,0.07678203
1764505183.5479934,-5.32574,0.9919,-0.19838,-0.8519875650000001,0.493956255,0.07678203
1764505183.5969217,-5.32574,0.9919,-0.19838,-0.8519875650000001,0.493956255,0.07678203
1764505183.5969217,-5.32574,0.9919,-0.19838,-0.8519875650000001,0.493956255,0.07678203
1764505183.5969217,-5.32574,0.9919,-0.19838,-0.8519875650000001,0.493956255,0.07678203
1764505183.5969217,-5.32574,0.9919,-0.19838,-0.8519875650000001,0.493956255,0.07678203
1764505183.5969217,-5.32574,0.9919,-0.19838,-0.8519875650000001,0.493956255,0.07678203
1764505183.5969217,-5.32574,0.9919,-0.19838,-0.8519875650000001,0.493956255,0.07678203
1764505183.5969217,-5.32574,0.9919,-0.19838,-0.8519875650000001,0.493956255,0.07678203
1764505183.5969217,-5.32574,0.9919,-0.19838,-0.8519875650000001,0.493956255,0.07678203
1764505183.5969217,-6.104,0.48832,0.50358,-0.85156032,0.494444535,0.07678203
1764505183.5969217,-6.104,0.48832,0.50358,-0.85156032,0.494444535,0.07678203
1764505183.5969217,-6.104,0.48832,0.50358,-0.85156032,0.494444535,0.07678203
1764505183.5969217,-6.104,0.48832,0.50358,-0.85156032,0.494444535,0.07678203
1764505183.5969217,-6.104,0.48832,0.50358,-0.85156032,0.494444535,0.07678203
1764505183.5969217,-6.104,0.48832,0.50358,-0.85156032,0.494444535,0.07678203
1764505183.5969217,-6.104,0.48832,0.50358,-0.85156032,0.494444535,0.07678203
1764505183.5969217,-6.104,0.48832,0.50358,-0.85156032,0.494444535,0.07678203
1764505183.5969217,-6.104,0.48832,0.50358,-0.85156032,0.494444535,0.07678203
1764505183.5969217,-6.104,0.48832,0.50358,-0.85156032,0.494444535,0.07678203
1764505183.5969217,-7.49266,0.3357199999999999,0.2289,-0.85229274,0.49474971,0.07849101
1764505183.5969217,-7.49266,0.3357199999999999,0.2289,-0.85229274,0.49474971,0.07849101
1764505183.5969217,-7.49266,0.3357199999999999,0.2289,-0.85229274,0.49474971,0.07849101
1764505183.5969217,-7.49266,0.3357199999999999,0.2289,-0.85229274,0.49474971,0.07849101
1764505183.597918,-7.49266,0.3357199999999999,0.2289,-0.85229274,0.49474971,0.07849101
1764505183.597918,-7.49266,0.3357199999999999,0.2289,-0.85229274,0.49474971,0.07849101
1764505183.6420531,-7.49266,0.3357199999999999,0.2289,-0.85229274,0.49474971,0.07849101
1764505183.6420531,-7.49266,0.3357199999999999,0.2289,-0.85229274,0.49474971,0.07849101
1764505183.6425018,-7.49266,0.3357199999999999,0.2289,-0.85229274,0.49474971,0.07849101
1764505183.6425018,-7.49266,0.3357199999999999,0.2289,-0.85229274,0.49474971,0.07849101
1764505183.6425018,-8.56086,1.0682,0.56462,-0.8535134400000001,0.495421095,0.078796185
1764505183.643134,-8.56086,1.0682,0.56462,-0.8535134400000001,0.495421095,0.078796185
1764505183.643134,-8.56086,1.0682,0.56462,-0.8535134400000001,0.495421095,0.078796185
1764505183.643134,-8.56086,1.0682,0.56462,-0.8535134400000001,0.495421095,0.078796185
1764505183.643134,-8.56086,1.0682,0.56462,-0.8535134400000001,0.495421095,0.078796185
1764505183.643134,-8.56086,1.0682,0.56462,-0.8535134400000001,0.495421095,0.078796185
1764505183.643134,-8.56086,1.0682,0.56462,-0.8535134400000001,0.495421095,0.078796185
1764505183.643134,-8.56086,1.0682,0.56462,-0.8535134400000001,0.495421095,0.078796185
1764505183.643134,-8.56086,1.0682,0.56462,-0.8535134400000001,0.495421095,0.078796185
1764505183.643134,-8.56086,1.0682,0.56462,-0.8535134400000001,0.495421095,0.078796185
1764505183.643134,-8.27092,0.9919,0.93086,-0.8524758450000001,0.49462764,0.078063765
1764505183.643134,-8.27092,0.9919,0.93086,-0.8524758450000001,0.49462764,0.078063765
1764505183.644152,-8.27092,0.9919,0.93086,-0.8524758450000001,0.49462764,0.078063765
1764505183.644152,-8.27092,0.9919,0.93086,-0.8524758450000001,0.49462764,0.078063765
1764505183.644152,-8.27092,0.9919,0.93086,-0.8524758450000001,0.49462764,0.078063765
1764505183.644152,-8.27092,0.9919,0.93086,-0.8524758450000001,0.49462764,0.078063765
1764505183.644152,-8.27092,0.9919,0.93086,-0.8524758450000001,0.49462764,0.078063765
1764505183.644152,-8.27092,0.9919,0.93086,-0.8524758450000001,0.49462764,0.078063765
1764505183.6880877,-8.27092,0.9919,0.93086,-0.8524758450000001,0.49462764,0.078063765
1764505183.688623,-8.27092,0.9919,0.93086,-0.8524758450000001,0.49462764,0.078063765
1764505183.688623,-6.47024,-0.04578,1.28184,-0.85412379,0.492613485,0.07836894
1764505183.688623,-6.47024,-0.04578,1.28184,-0.85412379,0.492613485,0.07836894
1764505183.688623,-6.47024,-0.04578,1.28184,-0.85412379,0.492613485,0.07836894
1764505183.688623,-6.47024,-0.04578,1.28184,-0.85412379,0.492613485,0.07836894
1764505183.688623,-6.47024,-0.04578,1.28184,-0.85412379,0.492613485,0.07836894
1764505183.688623,-6.47024,-0.04578,1.28184,-0.85412379,0.492613485,0.07836894
1764505183.688623,-6.47024,-0.04578,1.28184,-0.85412379,0.492613485,0.07836894
1764505183.688623,-6.47024,-0.04578,1.28184,-0.85412379,0.492613485,0.07836894
1764505183.688623,-6.47024,-0.04578,1.28184,-0.85412379,0.492613485,0.07836894
1764505183.688623,-6.47024,-0.04578,1.28184,-0.85412379,0.492613485,0.07836894
1764505183.688623,-4.62378,-0.06104,1.28184,-0.854551035,0.489317595,0.07983378
1764505183.688623,-4.62378,-0.06104,1.28184,-0.854551035,0.489317595,0.07983378
1764505183.6891508,-4.62378,-0.06104,1.28184,-0.854551035,0.489317595,0.07983378
1764505183.6891508,-4.62378,-0.06104,1.28184,-0.854551035,0.489317595,0.07983378
1764505183.6891508,-4.62378,-0.06104,1.28184,-0.854551035,0.489317595,0.07983378
1764505183.6891508,-4.62378,-0.06104,1.28184,-0.854551035,0.489317595,0.07983378
1764505183.6891508,-4.62378,-0.06104,1.28184,-0.854551035,0.489317595,0.07983378
1764505183.6891508,-4.62378,-0.06104,1.28184,-0.854551035,0.489317595,0.07983378
1764505183.6891508,-4.62378,-0.06104,1.28184,-0.854551035,0.489317595,0.07983378
1764505183.6891508,-4.62378,-0.06104,1.28184,-0.854551035,0.489317595,0.07983378
1764505183.6891508,-3.44876,0.3509799999999999,0.763,-0.85546656,0.48742551,0.08166483
1764505183.6891508,-3.44876,0.3509799999999999,0.763,-0.85546656,0.48742551,0.08166483
1764505183.7371297,-3.44876,0.3509799999999999,0.763,-0.85546656,0.48742551,0.08166483
1764505183.7371297,-3.44876,0.3509799999999999,0.763,-0.85546656,0.48742551,0.08166483
1764505183.7371297,-3.44876,0.3509799999999999,0.763,-0.85546656,0.48742551,0.08166483
1764505183.7371297,-3.44876,0.3509799999999999,0.763,-0.85546656,0.48742551,0.08166483
1764505183.7371297,-3.44876,0.3509799999999999,0.763,-0.85546656,0.48742551,0.08166483
1764505183.7371297,-3.44876,0.3509799999999999,0.763,-0.85546656,0.48742551,0.08166483
1764505183.7371297,-3.44876,0.3509799999999999,0.763,-0.85546656,0.48742551,0.08166483
1764505183.7371297,-3.44876,0.3509799999999999,0.763,-0.85546656,0.48742551,0.08166483
1764505183.7371297,-3.1283,1.34288,0.6409199999999999,-0.853818615,0.4870593,0.08215311
1764505183.7371297,-3.1283,1.34288,0.6409199999999999,-0.853818615,0.4870593,0.08215311
1764505183.7371297,-3.1283,1.34288,0.6409199999999999,-0.853818615,0.4870593,0.08215311
1764505183.7371297,-3.1283,1.34288,0.6409199999999999,-0.853818615,0.4870593,0.08215311
1764505183.7371297,-3.1283,1.34288,0.6409199999999999,-0.853818615,0.4870593,0.08215311
1764505183.7371297,-3.1283,1.34288,0.6409199999999999,-0.853818615,0.4870593,0.08215311
1764505183.7371297,-3.1283,1.34288,0.6409199999999999,-0.853818615,0.4870593,0.08215311
1764505183.7371297,-3.1283,1.34288,0.6409199999999999,-0.853818615,0.4870593,0.08215311
1764505183.7371297,-3.1283,1.34288,0.6409199999999999,-0.853818615,0.4870593,0.08215311
1764505183.7371297,-3.1283,1.34288,0.6409199999999999,-0.853818615,0.4870593,0.08215311
1764505183.7371297,-2.53316,0.6714399999999999,1.03768,-0.852719985,0.48791379,0.08264139
1764505183.7371297,-2.53316,0.6714399999999999,1.03768,-0.852719985,0.48791379,0.08264139
1764505183.7371297,-2.53316,0.6714399999999999,1.03768,-0.852719985,0.48791379,0.08264139
1764505183.7371297,-2.53316,0.6714399999999999,1.03768,-0.852719985,0.48791379,0.08264139
1764505183.7371297,-2.53316,0.6714399999999999,1.03768,-0.852719985,0.48791379,0.08264139
1764505183.7371297,-2.53316,0.6714399999999999,1.03768,-0.852719985,0.48791379,0.08264139
1764505183.7819512,-2.53316,0.6714399999999999,1.03768,-0.852719985,0.48791379,0.08264139
1764505183.7829623,-2.53316,0.6714399999999999,1.03768,-0.852719985,0.48791379,0.08264139
1764505183.7829623,-2.53316,0.6714399999999999,1.03768,-0.852719985,0.48791379,0.08264139
1764505183.7829623,-2.53316,0.6714399999999999,1.03768,-0.852719985,0.48791379,0.08264139
1764505183.7839646,-2.1364,0.85456,1.6786,-0.851865495,0.487486545,0.082458285
1764505183.7839646,-2.1364,0.85456,1.6786,-0.851865495,0.487486545,0.082458285
1764505183.7839646,-2.1364,0.85456,1.6786,-0.851865495,0.487486545,0.082458285
1764505183.7839646,-2.1364,0.85456,1.6786,-0.851865495,0.487486545,0.082458285
1764505183.7849617,-2.1364,0.85456,1.6786,-0.851865495,0.487486545,0.082458285
1764505183.7849617,-2.1364,0.85456,1.6786,-0.851865495,0.487486545,0.082458285
1764505183.7849617,-2.1364,0.85456,1.6786,-0.851865495,0.487486545,0.082458285
1764505183.7857687,-2.1364,0.85456,1.6786,-0.851865495,0.487486545,0.082458285
1764505183.7857687,-2.1364,0.85456,1.6786,-0.851865495,0.487486545,0.082458285
1764505183.7857687,-2.1364,0.85456,1.6786,-0.851865495,0.487486545,0.082458285
1764505183.786784,-3.17408,0.36624,1.26658,-0.852719985,0.48803586,0.08251932
1764505183.786784,-3.17408,0.36624,1.26658,-0.852719985,0.48803586,0.08251932
1764505183.786784,-3.17408,0.36624,1.26658,-0.852719985,0.48803586,0.08251932
1764505183.786784,-3.17408,0.36624,1.26658,-0.852719985,0.48803586,0.08251932
1764505183.786784,-3.17408,0.36624,1.26658,-0.852719985,0.48803586,0.08251932
1764505183.786784,-3.17408,0.36624,1.26658,-0.852719985,0.48803586,0.08251932
1764505183.786784,-3.17408,0.36624,1.26658,-0.852719985,0.48803586,0.08251932
1764505183.786784,-3.17408,0.36624,1.26658,-0.852719985,0.48803586,0.08251932
1764505183.8299923,-3.17408,0.36624,1.26658,-0.852719985,0.48803586,0.08251932
1764505183.8299923,-3.17408,0.36624,1.26658,-0.852719985,0.48803586,0.08251932
1764505183.8299923,-4.79164,-0.12208,0.7019599999999999,-0.85229274,0.488951385,0.082824495
1764505183.8299923,-4.79164,-0.12208,0.7019599999999999,-0.85229274,0.488951385,0.082824495
1764505183.8299923,-4.79164,-0.12208,0.7019599999999999,-0.85229274,0.488951385,0.082824495
1764505183.8299923,-4.79164,-0.12208,0.7019599999999999,-0.85229274,0.488951385,0.082824495
1764505183.8299923,-4.79164,-0.12208,0.7019599999999999,-0.85229274,0.488951385,0.082824495
1764505183.8299923,-4.79164,-0.12208,0.7019599999999999,-0.85229274,0.488951385,0.082824495
1764505183.8299923,-4.79164,-0.12208,0.7019599999999999,-0.85229274,0.488951385,0.082824495
1764505183.831001,-4.79164,-0.12208,0.7019599999999999,-0.85229274,0.488951385,0.082824495
1764505183.831001,-4.79164,-0.12208,0.7019599999999999,-0.85229274,0.488951385,0.082824495
1764505183.831001,-4.79164,-0.12208,0.7019599999999999,-0.85229274,0.488951385,0.082824495
1764505183.831001,-4.59326,0.42728,0.97664,-0.850644795,0.489561735,0.0842283
1764505183.831001,-4.59326,0.42728,0.97664,-0.850644795,0.489561735,0.0842283
1764505183.831001,-4.59326,0.42728,0.97664,-0.850644795,0.489561735,0.0842283
1764505183.831001,-4.59326,0.42728,0.97664,-0.850644795,0.489561735,0.0842283
1764505183.8320053,-4.59326,0.42728,0.97664,-0.850644795,0.489561735,0.0842283
1764505183.8320053,-4.59326,0.42728,0.97664,-0.850644795,0.489561735,0.0842283
1764505183.8320053,-4.59326,0.42728,0.97664,-0.850644795,0.489561735,0.0842283
1764505183.8320053,-4.59326,0.42728,0.97664,-0.850644795,0.489561735,0.0842283
1764505183.8320053,-4.59326,0.42728,0.97664,-0.850644795,0.489561735,0.0842283
1764505183.8320053,-4.59326,0.42728,0.97664,-0.850644795,0.489561735,0.0842283
1764505183.8320053,-3.2809,1.15976,1.05294,-0.849790305,0.489927945,0.08349588
1764505183.8320053,-3.2809,1.15976,1.05294,-0.849790305,0.489927945,0.08349588
1764505183.879698,-3.2809,1.15976,1.05294,-0.849790305,0.489927945,0.08349588
1764505183.879698,-3.2809,1.15976,1.05294,-0.849790305,0.489927945,0.08349588
1764505183.879698,-3.2809,1.15976,1.05294,-0.849790305,0.489927945,0.08349588
1764505183.879698,-3.2809,1.15976,1.05294,-0.849790305,0.489927945,0.08349588
1764505183.879698,-3.2809,1.15976,1.05294,-0.849790305,0.489927945,0.08349588
1764505183.879698,-3.2809,1.15976,1.05294,-0.849790305,0.489927945,0.08349588
1764505183.879698,-3.2809,1.15976,1.05294,-0.849790305,0.489927945,0.08349588
1764505183.879698,-3.2809,1.15976,1.05294,-0.849790305,0.489927945,0.08349588
1764505183.879698,-2.56368,0.82404,1.3734,-0.8504006550000001,0.48986691,0.082702425
1764505183.879698,-2.56368,0.82404,1.3734,-0.8504006550000001,0.48986691,0.082702425
1764505183.879698,-2.56368,0.82404,1.3734,-0.8504006550000001,0.48986691,0.082702425
1764505183.879698,-2.56368,0.82404,1.3734,-0.8504006550000001,0.48986691,0.082702425
1764505183.8806984,-2.56368,0.82404,1.3734,-0.8504006550000001,0.48986691,0.082702425
1764505183.8806984,-2.56368,0.82404,1.3734,-0.8504006550000001,0.48986691,0.082702425
1764505183.8806984,-2.56368,0.82404,1.3734,-0.8504006550000001,0.48986691,0.082702425
1764505183.8806984,-2.56368,0.82404,1.3734,-0.8504006550000001,0.48986691,0.082702425
1764505183.8806984,-2.56368,0.82404,1.3734,-0.8504006550000001,0.48986691,0.082702425
1764505183.8806984,-2.56368,0.82404,1.3734,-0.8504006550000001,0.48986691,0.082702425
1764505183.8806984,-2.63998,0.6103999999999999,0.71722,-0.852109635,0.49206417,0.080383095
1764505183.8806984,-2.63998,0.6103999999999999,0.71722,-0.852109635,0.49206417,0.080383095
1764505183.8806984,-2.63998,0.6103999999999999,0.71722,-0.852109635,0.49206417,0.080383095
1764505183.8806984,-2.63998,0.6103999999999999,0.71722,-0.852109635,0.49206417,0.080383095
1764505183.8806984,-2.63998,0.6103999999999999,0.71722,-0.852109635,0.49206417,0.080383095
1764505183.8806984,-2.63998,0.6103999999999999,0.71722,-0.852109635,0.49206417,0.080383095
1764505183.925784,-2.63998,0.6103999999999999,0.71722,-0.852109635,0.49206417,0.080383095
1764505183.925784,-2.63998,0.6103999999999999,0.71722,-0.852109635,0.49206417,0.080383095
1764505183.925784,-2.63998,0.6103999999999999,0.71722,-0.852109635,0.49206417,0.080383095
1764505183.925784,-2.63998,0.6103999999999999,0.71722,-0.852109635,0.49206417,0.080383095
1764505183.925784,-3.5098,-0.51884,0.3051999999999999,-0.852719985,0.49584834,0.079406535
1764505183.9262764,-3.5098,-0.51884,0.3051999999999999,-0.852719985,0.49584834,0.079406535
1764505183.9262764,-3.5098,-0.51884,0.3051999999999999,-0.852719985,0.49584834,0.079406535
1764505183.9262764,-3.5098,-0.51884,0.3051999999999999,-0.852719985,0.49584834,0.079406535
1764505183.9262764,-3.5098,-0.51884,0.3051999999999999,-0.852719985,0.49584834,0.079406535
1764505183.9262764,-3.5098,-0.51884,0.3051999999999999,-0.852719985,0.49584834,0.079406535
1764505183.9262764,-3.5098,-0.51884,0.3051999999999999,-0.852719985,0.49584834,0.079406535
1764505183.9262764,-3.5098,-0.51884,0.3051999999999999,-0.852719985,0.49584834,0.079406535
1764505183.9262764,-3.5098,-0.51884,0.3051999999999999,-0.852719985,0.49584834,0.079406535
1764505183.9262764,-3.5098,-0.51884,0.3051999999999999,-0.852719985,0.49584834,0.079406535
1764505183.9262764,-3.08252,-1.35814,0.42728,-0.8514382500000001,0.497740425,0.08068827
1764505183.9262764,-3.08252,-1.35814,0.42728,-0.8514382500000001,0.497740425,0.08068827
1764505183.9262764,-3.08252,-1.35814,0.42728,-0.8514382500000001,0.497740425,0.08068827
1764505183.9262764,-3.08252,-1.35814,0.42728,-0.8514382500000001,0.497740425,0.08068827
1764505183.9262764,-3.08252,-1.35814,0.42728,-0.8514382500000001,0.497740425,0.08068827
1764505183.9262764,-3.08252,-1.35814,0.42728,-0.8514382500000001,0.497740425,0.08068827
1764505183.9262764,-3.08252,-1.35814,0.42728,-0.8514382500000001,0.497740425,0.08068827
1764505183.9262764,-3.08252,-1.35814,0.42728,-0.8514382500000001,0.497740425,0.08068827
1764505183.9699457,-3.08252,-1.35814,0.42728,-0.8514382500000001,0.497740425,0.08068827
1764505183.9699457,-3.08252,-1.35814,0.42728,-0.8514382500000001,0.497740425,0.08068827
1764505183.9699457,-3.32668,-1.28184,1.12924,-0.85107204,0.49877802,0.08142069
1764505183.9699457,-3.32668,-1.28184,1.12924,-0.85107204,0.49877802,0.08142069
1764505183.9699457,-3.32668,-1.28184,1.12924,-0.85107204,0.49877802,0.08142069
1764505183.9699457,-3.32668,-1.28184,1.12924,-0.85107204,0.49877802,0.08142069
1764505183.9699457,-3.32668,-1.28184,1.12924,-0.85107204,0.49877802,0.08142069
1764505183.9699457,-3.32668,-1.28184,1.12924,-0.85107204,0.49877802,0.08142069
1764505183.9699457,-3.32668,-1.28184,1.12924,-0.85107204,0.49877802,0.08142069
1764505183.9699457,-3.32668,-1.28184,1.12924,-0.85107204,0.49877802,0.08142069
1764505183.9699457,-3.32668,-1.28184,1.12924,-0.85107204,0.49877802,0.08142069
1764505183.9699457,-3.32668,-1.28184,1.12924,-0.85107204,0.49877802,0.08142069
1764505183.9699457,-5.27996,-1.08346,1.05294,-0.851255145,0.49975458,0.08166483
1764505183.9699457,-5.27996,-1.08346,1.05294,-0.851255145,0.49975458,0.08166483
1764505183.9699457,-5.27996,-1.08346,1.05294,-0.851255145,0.49975458,0.08166483
1764505183.9699457,-5.27996,-1.08346,1.05294,-0.851255145,0.49975458,0.08166483
1764505183.971485,-5.27996,-1.08346,1.05294,-0.851255145,0.49975458,0.08166483
1764505183.971485,-5.27996,-1.08346,1.05294,-0.851255145,0.49975458,0.08166483
1764505183.971485,-5.27996,-1.08346,1.05294,-0.851255145,0.49975458,0.08166483
1764505183.971485,-5.27996,-1.08346,1.05294,-0.851255145,0.49975458,0.08166483
1764505183.971485,-5.27996,-1.08346,1.05294,-0.851255145,0.49975458,0.08166483
1764505183.971485,-5.27996,-1.08346,1.05294,-0.851255145,0.49975458,0.08166483
1764505183.971485,-7.15694,-0.79352,0.79352,-0.85046169,0.500303895,0.081237585
1764505183.971485,-7.15694,-0.79352,0.79352,-0.85046169,0.500303895,0.081237585
1764505184.022009,-7.15694,-0.79352,0.79352,-0.85046169,0.500303895,0.081237585
1764505184.022009,-7.15694,-0.79352,0.79352,-0.85046169,0.500303895,0.081237585
1764505184.022009,-7.15694,-0.79352,0.79352,-0.85046169,0.500303895,0.081237585
1764505184.022009,-7.15694,-0.79352,0.79352,-0.85046169,0.500303895,0.081237585
1764505184.022009,-7.15694,-0.79352,0.79352,-0.85046169,0.500303895,0.081237585
1764505184.0225203,-7.15694,-0.79352,0.79352,-0.85046169,0.500303895,0.081237585
1764505184.0225203,-7.15694,-0.79352,0.79352,-0.85046169,0.500303895,0.081237585
1764505184.0225203,-7.15694,-0.79352,0.79352,-0.85046169,0.500303895,0.081237585
1764505184.0225203,-8.10306,-0.0762999999999999,0.18312,-0.85058376,0.498228705,0.07995585
1764505184.0225203,-8.10306,-0.0762999999999999,0.18312,-0.85058376,0.498228705,0.07995585
1764505184.0225203,-8.10306,-0.0762999999999999,0.18312,-0.85058376,0.498228705,0.07995585
1764505184.0225203,-8.10306,-0.0762999999999999,0.18312,-0.85058376,0.498228705,0.07995585
1764505184.0225203,-8.10306,-0.0762999999999999,0.18312,-0.85058376,0.498228705,0.07995585
1764505184.0225203,-8.10306,-0.0762999999999999,0.18312,-0.85058376,0.498228705,0.07995585
1764505184.0225203,-8.10306,-0.0762999999999999,0.18312,-0.85058376,0.498228705,0.07995585
1764505184.0225203,-8.10306,-0.0762999999999999,0.18312,-0.85058376,0.498228705,0.07995585
1764505184.0225203,-8.10306,-0.0762999999999999,0.18312,-0.85058376,0.498228705,0.07995585
1764505184.0225203,-8.10306,-0.0762999999999999,0.18312,-0.85058376,0.498228705,0.07995585
1764505184.0225203,-8.530339999999999,1.89224,0.06104,-0.849668235,0.495665235,0.07727031
1764505184.0225203,-8.530339999999999,1.89224,0.06104,-0.849668235,0.495665235,0.07727031
1764505184.0225203,-8.530339999999999,1.89224,0.06104,-0.849668235,0.495665235,0.07727031
1764505184.0225203,-8.530339999999999,1.89224,0.06104,-0.849668235,0.495665235,0.07727031
1764505184.0225203,-8.530339999999999,1.89224,0.06104,-0.849668235,0.495665235,0.07727031
1764505184.0225203,-8.530339999999999,1.89224,0.06104,-0.849668235,0.495665235,0.07727031
1764505184.0630429,-8.530339999999999,1.89224,0.06104,-0.849668235,0.495665235,0.07727031
1764505184.0630429,-8.530339999999999,1.89224,0.06104,-0.849668235,0.495665235,0.07727031
1764505184.0630429,-8.530339999999999,1.89224,0.06104,-0.849668235,0.495665235,0.07727031
1764505184.0630429,-8.530339999999999,1.89224,0.06104,-0.849668235,0.495665235,0.07727031
1764505184.0630429,-7.446879999999999,1.64808,0.36624,-0.850644795,0.493467975,0.075500295
1764505184.0630429,-7.446879999999999,1.64808,0.36624,-0.850644795,0.493467975,0.075500295
1764505184.0630429,-7.446879999999999,1.64808,0.36624,-0.850644795,0.493467975,0.075500295
1764505184.0630429,-7.446879999999999,1.64808,0.36624,-0.850644795,0.493467975,0.075500295
1764505184.0630429,-7.446879999999999,1.64808,0.36624,-0.850644795,0.493467975,0.075500295
1764505184.0630429,-7.446879999999999,1.64808,0.36624,-0.850644795,0.493467975,0.075500295
1764505184.0630429,-7.446879999999999,1.64808,0.36624,-0.850644795,0.493467975,0.075500295
1764505184.0630429,-7.446879999999999,1.64808,0.36624,-0.850644795,0.493467975,0.075500295
1764505184.0630429,-7.446879999999999,1.64808,0.36624,-0.850644795,0.493467975,0.075500295
1764505184.0630429,-7.446879999999999,1.64808,0.36624,-0.850644795,0.493467975,0.075500295
1764505184.0630429,-6.08874,0.57988,0.12208,-0.852231705,0.49059933,0.07617168
1764505184.0630429,-6.08874,0.57988,0.12208,-0.852231705,0.49059933,0.07617168
1764505184.0630429,-6.08874,0.57988,0.12208,-0.852231705,0.49059933,0.07617168
1764505184.064579,-6.08874,0.57988,0.12208,-0.852231705,0.49059933,0.07617168
1764505184.064579,-6.08874,0.57988,0.12208,-0.852231705,0.49059933,0.07617168
1764505184.064579,-6.08874,0.57988,0.12208,-0.852231705,0.49059933,0.07617168
1764505184.064579,-6.08874,0.57988,0.12208,-0.852231705,0.49059933,0.07617168
1764505184.064579,-6.08874,0.57988,0.12208,-0.852231705,0.49059933,0.07617168
1764505184.064579,-6.08874,0.57988,0.12208,-0.852231705,0.49059933,0.07617168
1764505184.064579,-6.08874,0.57988,0.12208,-0.852231705,0.49059933,0.07617168
1764505184.1124554,-4.39488,0.1525999999999999,-0.44254,-0.8524758450000001,0.489927945,0.07836894
1764505184.1124554,-4.39488,0.1525999999999999,-0.44254,-0.8524758450000001,0.489927945,0.07836894
1764505184.1124554,-4.39488,0.1525999999999999,-0.44254,-0.8524758450000001,0.489927945,0.07836894
1764505184.1124554,-4.39488,0.1525999999999999,-0.44254,-0.8524758450000001,0.489927945,0.07836894
1764505184.1124554,-4.39488,0.1525999999999999,-0.44254,-0.8524758450000001,0.489927945,0.07836894
1764505184.1124554,-4.39488,0.1525999999999999,-0.44254,-0.8524758450000001,0.489927945,0.07836894
1764505184.1124554,-4.39488,0.1525999999999999,-0.44254,-0.8524758450000001,0.489927945,0.07836894
1764505184.1124554,-4.39488,0.1525999999999999,-0.44254,-0.8524758450000001,0.489927945,0.07836894
1764505184.1124554,-4.39488,0.1525999999999999,-0.44254,-0.8524758450000001,0.489927945,0.07836894
1764505184.1124554,-4.39488,0.1525999999999999,-0.44254,-0.8524758450000001,0.489927945,0.07836894
1764505184.1124554,-3.67766,0.3357199999999999,0.04578,-0.852353775,0.490538295,0.08044413
1764505184.1124554,-3.67766,0.3357199999999999,0.04578,-0.852353775,0.490538295,0.08044413
1764505184.1124554,-3.67766,0.3357199999999999,0.04578,-0.852353775,0.490538295,0.08044413
1764505184.1124554,-3.67766,0.3357199999999999,0.04578,-0.852353775,0.490538295,0.08044413
1764505184.1124554,-3.67766,0.3357199999999999,0.04578,-0.852353775,0.490538295,0.08044413
1764505184.1124554,-3.67766,0.3357199999999999,0.04578,-0.852353775,0.490538295,0.08044413
1764505184.1124554,-3.67766,0.3357199999999999,0.04578,-0.852353775,0.490538295,0.08044413
1764505184.1124554,-3.67766,0.3357199999999999,0.04578,-0.852353775,0.490538295,0.08044413
1764505184.1124554,-3.67766,0.3357199999999999,0.04578,-0.852353775,0.490538295,0.08044413
1764505184.1124554,-3.67766,0.3357199999999999,0.04578,-0.852353775,0.490538295,0.08044413
1764505184.1124554,-3.5098,-0.2289,0.21364,-0.85180446,0.49206417,0.08190897
1764505184.1124554,-3.5098,-0.2289,0.21364,-0.85180446,0.49206417,0.08190897
1764505184.1603286,-3.5098,-0.2289,0.21364,-0.85180446,0.49206417,0.08190897
1764505184.1603286,-3.5098,-0.2289,0.21364,-0.85180446,0.49206417,0.08190897
1764505184.1603286,-3.5098,-0.2289,0.21364,-0.85180446,0.49206417,0.08190897
1764505184.1603286,-3.5098,-0.2289,0.21364,-0.85180446,0.49206417,0.08190897
1764505184.1603286,-3.5098,-0.2289,0.21364,-0.85180446,0.49206417,0.08190897
1764505184.1603286,-3.5098,-0.2289,0.21364,-0.85180446,0.49206417,0.08190897
1764505184.1603286,-3.5098,-0.2289,0.21364,-0.85180446,0.49206417,0.08190897
1764505184.1603286,-3.5098,-0.2289,0.21364,-0.85180446,0.49206417,0.08190897
1764505184.1603286,-3.84552,0.04578,1.03768,-0.851621355,0.493101765,0.08190897
1764505184.161332,-3.84552,0.04578,1.03768,-0.851621355,0.493101765,0.08190897
1764505184.161332,-3.84552,0.04578,1.03768,-0.851621355,0.493101765,0.08190897
1764505184.161332,-3.84552,0.04578,1.03768,-0.851621355,0.493101765,0.08190897
1764505184.161332,-3.84552,0.04578,1.03768,-0.851621355,0.493101765,0.08190897
1764505184.161332,-3.84552,0.04578,1.03768,-0.851621355,0.493101765,0.08190897
1764505184.161332,-3.84552,0.04578,1.03768,-0.851621355,0.493101765,0.08190897
1764505184.161332,-3.84552,0.04578,1.03768,-0.851621355,0.493101765,0.08190897
1764505184.161332,-3.84552,0.04578,1.03768,-0.851621355,0.493101765,0.08190897
1764505184.161332,-3.84552,0.04578,1.03768,-0.851621355,0.493101765,0.08190897
1764505184.161332,-5.096839999999999,1.05294,0.51884,-0.850278585,0.494200395,0.08117655
1764505184.161332,-5.096839999999999,1.05294,0.51884,-0.850278585,0.494200395,0.08117655
1764505184.161332,-5.096839999999999,1.05294,0.51884,-0.850278585,0.494200395,0.08117655
1764505184.161332,-5.096839999999999,1.05294,0.51884,-0.850278585,0.494200395,0.08117655
1764505184.161332,-5.096839999999999,1.05294,0.51884,-0.850278585,0.494200395,0.08117655
1764505184.161332,-5.096839999999999,1.05294,0.51884,-0.850278585,0.494200395,0.08117655
1764505184.161332,-5.096839999999999,1.05294,0.51884,-0.850278585,0.494200395,0.08117655
1764505184.161332,-5.096839999999999,1.05294,0.51884,-0.850278585,0.494200395,0.08117655
1764505184.207301,-5.096839999999999,1.05294,0.51884,-0.850278585,0.494200395,0.08117655
1764505184.207301,-5.096839999999999,1.05294,0.51884,-0.850278585,0.494200395,0.08117655
1764505184.207301,-5.2647,0.3357199999999999,0.01526,-0.85058376,0.494810745,0.082458285
1764505184.207301,-5.2647,0.3357199999999999,0.01526,-0.85058376,0.494810745,0.082458285
1764505184.207301,-5.2647,0.3357199999999999,0.01526,-0.85058376,0.494810745,0.082458285
1764505184.207301,-5.2647,0.3357199999999999,0.01526,-0.85058376,0.494810745,0.082458285
1764505184.207301,-5.2647,0.3357199999999999,0.01526,-0.85058376,0.494810745,0.082458285
1764505184.207301,-5.2647,0.3357199999999999,0.01526,-0.85058376,0.494810745,0.082458285
1764505184.207301,-5.2647,0.3357199999999999,0.01526,-0.85058376,0.494810745,0.082458285
1764505184.207301,-5.2647,0.3357199999999999,0.01526,-0.85058376,0.494810745,0.082458285
1764505184.2083015,-5.2647,0.3357199999999999,0.01526,-0.85058376,0.494810745,0.082458285
1764505184.2083015,-5.2647,0.3357199999999999,0.01526,-0.85058376,0.494810745,0.082458285
1764505184.2083015,-5.05106,0.96138,-0.50358,-0.850156515,0.493712115,0.083678985
1764505184.2083015,-5.05106,0.96138,-0.50358,-0.850156515,0.493712115,0.083678985
1764505184.2083015,-5.05106,0.96138,-0.50358,-0.850156515,0.493712115,0.083678985
1764505184.2083015,-5.05106,0.96138,-0.50358,-0.850156515,0.493712115,0.083678985
1764505184.2083015,-5.05106,0.96138,-0.50358,-0.850156515,0.493712115,0.083678985
1764505184.2083015,-5.05106,0.96138,-0.50358,-0.850156515,0.493712115,0.083678985
1764505184.2083015,-5.05106,0.96138,-0.50358,-0.850156515,0.493712115,0.083678985
1764505184.2083015,-5.05106,0.96138,-0.50358,-0.850156515,0.493712115,0.083678985
1764505184.2083015,-5.05106,0.96138,-0.50358,-0.850156515,0.493712115,0.083678985
1764505184.2083015,-5.05106,0.96138,-0.50358,-0.850156515,0.493712115,0.083678985
1764505184.2513835,-6.01244,1.38866,-0.1678599999999999,-0.850278585,0.493590045,0.08288553
1764505184.2513835,-6.01244,1.38866,-0.1678599999999999,-0.850278585,0.493590045,0.08288553
1764505184.2513835,-6.01244,1.38866,-0.1678599999999999,-0.850278585,0.493590045,0.08288553
1764505184.2513835,-6.01244,1.38866,-0.1678599999999999,-0.850278585,0.493590045,0.08288553
1764505184.2513835,-6.01244,1.38866,-0.1678599999999999,-0.850278585,0.493590045,0.08288553
1764505184.2513835,-6.01244,1.38866,-0.1678599999999999,-0.850278585,0.493590045,0.08288553
1764505184.2513835,-6.01244,1.38866,-0.1678599999999999,-0.850278585,0.493590045,0.08288553
1764505184.2513835,-6.01244,1.38866,-0.1678599999999999,-0.850278585,0.493590045,0.08288553
1764505184.2524016,-6.01244,1.38866,-0.1678599999999999,-0.850278585,0.493590045,0.08288553
1764505184.2524016,-6.01244,1.38866,-0.1678599999999999,-0.850278585,0.493590045,0.08288553
1764505184.253992,-6.05822,0.21364,0.73248,-0.85192653,0.494566605,0.083312775
1764505184.2655168,-6.05822,0.21364,0.73248,-0.85192653,0.494566605,0.083312775
1764505184.26651,-6.05822,0.21364,0.73248,-0.85192653,0.494566605,0.083312775
1764505184.26651,-6.05822,0.21364,0.73248,-0.85192653,0.494566605,0.083312775
1764505184.26651,-6.05822,0.21364,0.73248,-0.85192653,0.494566605,0.083312775
1764505184.26651,-6.05822,0.21364,0.73248,-0.85192653,0.494566605,0.083312775
1764505184.26651,-6.05822,0.21364,0.73248,-0.85192653,0.494566605,0.083312775
1764505184.2675157,-6.05822,0.21364,0.73248,-0.85192653,0.494566605,0.083312775
1764505184.2675157,-6.05822,0.21364,0.73248,-0.85192653,0.494566605,0.083312775
1764505184.2675157,-6.05822,0.21364,0.73248,-0.85192653,0.494566605,0.083312775
1764505184.2675157,-5.43256,-1.31236,0.1525999999999999,-0.853696545,0.494322465,0.084411405
1764505184.268509,-5.43256,-1.31236,0.1525999999999999,-0.853696545,0.494322465,0.084411405
1764505184.268509,-5.43256,-1.31236,0.1525999999999999,-0.853696545,0.494322465,0.084411405
1764505184.268509,-5.43256,-1.31236,0.1525999999999999,-0.853696545,0.494322465,0.084411405
1764505184.2982683,-5.43256,-1.31236,0.1525999999999999,-0.853696545,0.494322465,0.084411405
1764505184.2988048,-5.43256,-1.31236,0.1525999999999999,-0.853696545,0.494322465,0.084411405
1764505184.2988048,-5.43256,-1.31236,0.1525999999999999,-0.853696545,0.494322465,0.084411405
1764505184.2988048,-5.43256,-1.31236,0.1525999999999999,-0.853696545,0.494322465,0.084411405
1764505184.2988048,-5.43256,-1.31236,0.1525999999999999,-0.853696545,0.494322465,0.084411405
1764505184.2988048,-5.43256,-1.31236,0.1525999999999999,-0.853696545,0.494322465,0.084411405
1764505184.2988048,-5.85984,-0.0762999999999999,-0.03052,-0.8530251600000001,0.493467975,0.085510035
1764505184.2988048,-5.85984,-0.0762999999999999,-0.03052,-0.8530251600000001,0.493467975,0.085510035
1764505184.2988048,-5.85984,-0.0762999999999999,-0.03052,-0.8530251600000001,0.493467975,0.085510035
1764505184.2988048,-5.85984,-0.0762999999999999,-0.03052,-0.8530251600000001,0.493467975,0.085510035
1764505184.2988048,-5.85984,-0.0762999999999999,-0.03052,-0.8530251600000001,0.493467975,0.085510035
1764505184.2988048,-5.85984,-0.0762999999999999,-0.03052,-0.8530251600000001,0.493467975,0.085510035
1764505184.2988048,-5.85984,-0.0762999999999999,-0.03052,-0.8530251600000001,0.493467975,0.085510035
1764505184.2988048,-5.85984,-0.0762999999999999,-0.03052,-0.8530251600000001,0.493467975,0.085510035
1764505184.2988048,-5.85984,-0.0762999999999999,-0.03052,-0.8530251600000001,0.493467975,0.085510035
1764505184.2988048,-5.85984,-0.0762999999999999,-0.03052,-0.8530251600000001,0.493467975,0.085510035
1764505184.2988048,-5.98192,1.73964,-0.0762999999999999,-0.851133075,0.49120968,0.08557107
1764505184.2988048,-5.98192,1.73964,-0.0762999999999999,-0.851133075,0.49120968,0.08557107
1764505184.2988048,-5.98192,1.73964,-0.0762999999999999,-0.851133075,0.49120968,0.08557107
1764505184.2988048,-5.98192,1.73964,-0.0762999999999999,-0.851133075,0.49120968,0.08557107
1764505184.2988048,-5.98192,1.73964,-0.0762999999999999,-0.851133075,0.49120968,0.08557107
1764505184.2988048,-5.98192,1.73964,-0.0762999999999999,-0.851133075,0.49120968,0.08557107
1764505184.2988048,-5.98192,1.73964,-0.0762999999999999,-0.851133075,0.49120968,0.08557107
1764505184.2988048,-5.98192,1.73964,-0.0762999999999999,-0.851133075,0.49120968,0.08557107
1764505184.3467157,-5.98192,1.73964,-0.0762999999999999,-0.851133075,0.49120968,0.08557107
1764505184.3467157,-5.98192,1.73964,-0.0762999999999999,-0.851133075,0.49120968,0.08557107
1764505184.3467157,-5.58516,0.93086,0.42728,-0.851499285,0.490172085,0.08581521
1764505184.3467157,-5.58516,0.93086,0.42728,-0.851499285,0.490172085,0.08581521
1764505184.3467157,-5.58516,0.93086,0.42728,-0.851499285,0.490172085,0.08581521
1764505184.3467157,-5.58516,0.93086,0.42728,-0.851499285,0.490172085,0.08581521
1764505184.3467157,-5.58516,0.93086,0.42728,-0.851499285,0.490172085,0.08581521
1764505184.3467157,-5.58516,0.93086,0.42728,-0.851499285,0.490172085,0.08581521
1764505184.3467157,-5.58516,0.93086,0.42728,-0.851499285,0.490172085,0.08581521
1764505184.3467157,-5.58516,0.93086,0.42728,-0.851499285,0.490172085,0.08581521
1764505184.3467157,-5.58516,0.93086,0.42728,-0.851499285,0.490172085,0.08581521
1764505184.3467157,-5.58516,0.93086,0.42728,-0.851499285,0.490172085,0.08581521
1764505184.3467157,-5.44782,-0.04578,0.51884,-0.852109635,0.489439665,0.086974875
1764505184.3467157,-5.44782,-0.04578,0.51884,-0.852109635,0.489439665,0.086974875
1764505184.3467157,-5.44782,-0.04578,0.51884,-0.852109635,0.489439665,0.086974875
1764505184.3467157,-5.44782,-0.04578,0.51884,-0.852109635,0.489439665,0.086974875
1764505184.3467157,-5.44782,-0.04578,0.51884,-0.852109635,0.489439665,0.086974875
1764505184.3467157,-5.44782,-0.04578,0.51884,-0.852109635,0.489439665,0.086974875
1764505184.3467157,-5.44782,-0.04578,0.51884,-0.852109635,0.489439665,0.086974875
1764505184.3467157,-5.44782,-0.04578,0.51884,-0.852109635,0.489439665,0.086974875
1764505184.3467157,-5.44782,-0.04578,0.51884,-0.852109635,0.489439665,0.086974875
1764505184.3477266,-5.44782,-0.04578,0.51884,-0.852109635,0.489439665,0.086974875
1764505184.3945208,-5.81406,0.65618,-0.01526,-0.85314723,0.489317595,0.088927995
1764505184.3945208,-5.81406,0.65618,-0.01526,-0.85314723,0.489317595,0.088927995
1764505184.3945208,-5.81406,0.65618,-0.01526,-0.85314723,0.489317595,0.088927995
1764505184.3945208,-5.81406,0.65618,-0.01526,-0.85314723,0.489317595,0.088927995
1764505184.3945208,-5.81406,0.65618,-0.01526,-0.85314723,0.489317595,0.088927995
1764505184.3945208,-5.81406,0.65618,-0.01526,-0.85314723,0.489317595,0.088927995
1764505184.3945208,-5.81406,0.65618,-0.01526,-0.85314723,0.489317595,0.088927995
1764505184.3945208,-5.81406,0.65618,-0.01526,-0.85314723,0.489317595,0.088927995
1764505184.3945208,-5.81406,0.65618,-0.01526,-0.85314723,0.489317595,0.088927995
1764505184.3945208,-5.81406,0.65618,-0.01526,-0.85314723,0.489317595,0.088927995
1764505184.395537,-6.1803,1.4039199999999998,0.09156,-0.85339137,0.489561735,0.0891111
1764505184.395537,-6.1803,1.4039199999999998,0.09156,-0.85339137,0.489561735,0.0891111
1764505184.395537,-6.1803,1.4039199999999998,0.09156,-0.85339137,0.489561735,0.0891111
1764505184.395537,-6.1803,1.4039199999999998,0.09156,-0.85339137,0.489561735,0.0891111
1764505184.395537,-6.1803,1.4039199999999998,0.09156,-0.85339137,0.489561735,0.0891111
1764505184.395537,-6.1803,1.4039199999999998,0.09156,-0.85339137,0.489561735,0.0891111
1764505184.395537,-6.1803,1.4039199999999998,0.09156,-0.85339137,0.489561735,0.0891111
1764505184.395537,-6.1803,1.4039199999999998,0.09156,-0.85339137,0.489561735,0.0891111
1764505184.395537,-6.1803,1.4039199999999998,0.09156,-0.85339137,0.489561735,0.0891111
1764505184.395537,-6.1803,1.4039199999999998,0.09156,-0.85339137,0.489561735,0.0891111
1764505184.395537,-5.5699,0.56462,0.6103999999999999,-0.8530251600000001,0.491270715,0.0878904
1764505184.395537,-5.5699,0.56462,0.6103999999999999,-0.8530251600000001,0.491270715,0.0878904
1764505184.395537,-5.5699,0.56462,0.6103999999999999,-0.8530251600000001,0.491270715,0.0878904
1764505184.395537,-5.5699,0.56462,0.6103999999999999,-0.8530251600000001,0.491270715,0.0878904
1764505184.395537,-5.5699,0.56462,0.6103999999999999,-0.8530251600000001,0.491270715,0.0878904
1764505184.395537,-5.5699,0.56462,0.6103999999999999,-0.8530251600000001,0.491270715,0.0878904
1764505184.4364913,-5.5699,0.56462,0.6103999999999999,-0.8530251600000001,0.491270715,0.0878904
1764505184.4364913,-5.5699,0.56462,0.6103999999999999,-0.8530251600000001,0.491270715,0.0878904
1764505184.4364913,-5.5699,0.56462,0.6103999999999999,-0.8530251600000001,0.491270715,0.0878904
1764505184.4364913,-5.5699,0.56462,0.6103999999999999,-0.8530251600000001,0.491270715,0.0878904
1764505184.4364913,-5.17314,0.24416,0.03052,-0.852231705,0.49182003,0.085998315
1764505184.4364913,-5.17314,0.24416,0.03052,-0.852231705,0.49182003,0.085998315
1764505184.4380882,-5.17314,0.24416,0.03052,-0.852231705,0.49182003,0.085998315
1764505184.4380882,-5.17314,0.24416,0.03052,-0.852231705,0.49182003,0.085998315
1764505184.4380882,-5.17314,0.24416,0.03052,-0.852231705,0.49182003,0.085998315
1764505184.4380882,-5.17314,0.24416,0.03052,-0.852231705,0.49182003,0.085998315
1764505184.4380882,-5.17314,0.24416,0.03052,-0.852231705,0.49182003,0.085998315
1764505184.4380882,-5.17314,0.24416,0.03052,-0.852231705,0.49182003,0.085998315
1764505184.4380882,-5.17314,0.24416,0.03052,-0.852231705,0.49182003,0.085998315
1764505184.4380882,-5.17314,0.24416,0.03052,-0.852231705,0.49182003,0.085998315
1764505184.4380882,-4.68482,1.08346,0.3051999999999999,-0.851255145,0.4931628,0.085265895
1764505184.4380882,-4.68482,1.08346,0.3051999999999999,-0.851255145,0.4931628,0.085265895
1764505184.4380882,-4.68482,1.08346,0.3051999999999999,-0.851255145,0.4931628,0.085265895
1764505184.4380882,-4.68482,1.08346,0.3051999999999999,-0.851255145,0.4931628,0.085265895
1764505184.4380882,-4.68482,1.08346,0.3051999999999999,-0.851255145,0.4931628,0.085265895
1764505184.4380882,-4.68482,1.08346,0.3051999999999999,-0.851255145,0.4931628,0.085265895
1764505184.4380882,-4.68482,1.08346,0.3051999999999999,-0.851255145,0.4931628,0.085265895
1764505184.4380882,-4.68482,1.08346,0.3051999999999999,-0.851255145,0.4931628,0.085265895
1764505184.487296,-4.68482,1.08346,0.3051999999999999,-0.851255145,0.4931628,0.085265895
1764505184.487296,-4.68482,1.08346,0.3051999999999999,-0.851255145,0.4931628,0.085265895
1764505184.487296,-5.234179999999999,1.48022,0.0,-0.8498513400000001,0.494444535,0.0842283
1764505184.487296,-5.234179999999999,1.48022,0.0,-0.8498513400000001,0.494444535,0.0842283
1764505184.487296,-5.234179999999999,1.48022,0.0,-0.8498513400000001,0.494444535,0.0842283
1764505184.487296,-5.234179999999999,1.48022,0.0,-0.8498513400000001,0.494444535,0.0842283
1764505184.487296,-5.234179999999999,1.48022,0.0,-0.8498513400000001,0.494444535,0.0842283
1764505184.487296,-5.234179999999999,1.48022,0.0,-0.8498513400000001,0.494444535,0.0842283
1764505184.487296,-5.234179999999999,1.48022,0.0,-0.8498513400000001,0.494444535,0.0842283
1764505184.487296,-5.234179999999999,1.48022,0.0,-0.8498513400000001,0.494444535,0.0842283
1764505184.487296,-5.234179999999999,1.48022,0.0,-0.8498513400000001,0.494444535,0.0842283
1764505184.487296,-5.234179999999999,1.48022,0.0,-0.8498513400000001,0.494444535,0.0842283
1764505184.487296,-6.104,1.57178,-0.1678599999999999,-0.84887478,0.49462764,0.084777615
1764505184.487296,-6.104,1.57178,-0.1678599999999999,-0.84887478,0.49462764,0.084777615
1764505184.487296,-6.104,1.57178,-0.1678599999999999,-0.84887478,0.49462764,0.084777615
1764505184.487296,-6.104,1.57178,-0.1678599999999999,-0.84887478,0.49462764,0.084777615
1764505184.487296,-6.104,1.57178,-0.1678599999999999,-0.84887478,0.49462764,0.084777615
1764505184.487296,-6.104,1.57178,-0.1678599999999999,-0.84887478,0.49462764,0.084777615
1764505184.487296,-6.104,1.57178,-0.1678599999999999,-0.84887478,0.49462764,0.084777615
1764505184.487296,-6.104,1.57178,-0.1678599999999999,-0.84887478,0.49462764,0.084777615
1764505184.4883158,-6.104,1.57178,-0.1678599999999999,-0.84887478,0.49462764,0.084777615
1764505184.4883158,-6.104,1.57178,-0.1678599999999999,-0.84887478,0.49462764,0.084777615
1764505184.4883158,-6.01244,1.49548,0.57988,-0.849790305,0.49474971,0.085876245
1764505184.4883158,-6.01244,1.49548,0.57988,-0.849790305,0.49474971,0.085876245
1764505184.535777,-6.01244,1.49548,0.57988,-0.849790305,0.49474971,0.085876245
1764505184.5368123,-6.01244,1.49548,0.57988,-0.849790305,0.49474971,0.085876245
1764505184.5368123,-6.01244,1.49548,0.57988,-0.849790305,0.49474971,0.085876245
1764505184.5368123,-6.01244,1.49548,0.57988,-0.849790305,0.49474971,0.085876245
1764505184.5368123,-6.01244,1.49548,0.57988,-0.849790305,0.49474971,0.085876245
1764505184.5378091,-6.01244,1.49548,0.57988,-0.849790305,0.49474971,0.085876245
1764505184.5378091,-6.01244,1.49548,0.57988,-0.849790305,0.49474971,0.085876245
1764505184.5378091,-6.01244,1.49548,0.57988,-0.849790305,0.49474971,0.085876245
1764505184.5378091,-6.11926,1.03768,0.3357199999999999,-0.85058376,0.494810745,0.085998315
1764505184.5387974,-6.11926,1.03768,0.3357199999999999,-0.85058376,0.494810745,0.085998315
1764505184.5387974,-6.11926,1.03768,0.3357199999999999,-0.85058376,0.494810745,0.085998315
1764505184.5387974,-6.11926,1.03768,0.3357199999999999,-0.85058376,0.494810745,0.085998315
1764505184.5387974,-6.11926,1.03768,0.3357199999999999,-0.85058376,0.494810745,0.085998315
1764505184.5387974,-6.11926,1.03768,0.3357199999999999,-0.85058376,0.494810745,0.085998315
1764505184.5387974,-6.11926,1.03768,0.3357199999999999,-0.85058376,0.494810745,0.085998315
1764505184.539795,-6.11926,1.03768,0.3357199999999999,-0.85058376,0.494810745,0.085998315
1764505184.539795,-6.11926,1.03768,0.3357199999999999,-0.85058376,0.494810745,0.085998315
1764505184.539795,-6.11926,1.03768,0.3357199999999999,-0.85058376,0.494810745,0.085998315
1764505184.539795,-6.14978,0.6103999999999999,-0.48832,-0.8514382500000001,0.493223835,0.086364525
1764505184.539795,-6.14978,0.6103999999999999,-0.48832,-0.8514382500000001,0.493223835,0.086364525
1764505184.539795,-6.14978,0.6103999999999999,-0.48832,-0.8514382500000001,0.493223835,0.086364525
1764505184.540797,-6.14978,0.6103999999999999,-0.48832,-0.8514382500000001,0.493223835,0.086364525
1764505184.582701,-6.14978,0.6103999999999999,-0.48832,-0.8514382500000001,0.493223835,0.086364525
1764505184.582701,-6.14978,0.6103999999999999,-0.48832,-0.8514382500000001,0.493223835,0.086364525
1764505184.582701,-6.14978,0.6103999999999999,-0.48832,-0.8514382500000001,0.493223835,0.086364525
1764505184.582701,-6.14978,0.6103999999999999,-0.48832,-0.8514382500000001,0.493223835,0.086364525
1764505184.582701,-6.14978,0.6103999999999999,-0.48832,-0.8514382500000001,0.493223835,0.086364525
1764505184.582701,-6.14978,0.6103999999999999,-0.48832,-0.8514382500000001,0.493223835,0.086364525
1764505184.582701,-6.11926,1.34288,0.09156,-0.85058376,0.49230831,0.086608665
1764505184.582701,-6.11926,1.34288,0.09156,-0.85058376,0.49230831,0.086608665
1764505184.582701,-6.11926,1.34288,0.09156,-0.85058376,0.49230831,0.086608665
1764505184.582701,-6.11926,1.34288,0.09156,-0.85058376,0.49230831,0.086608665
1764505184.582701,-6.11926,1.34288,0.09156,-0.85058376,0.49230831,0.086608665
1764505184.582701,-6.11926,1.34288,0.09156,-0.85058376,0.49230831,0.086608665
1764505184.582701,-6.11926,1.34288,0.09156,-0.85058376,0.49230831,0.086608665
1764505184.582701,-6.11926,1.34288,0.09156,-0.85058376,0.49230831,0.086608665
1764505184.582701,-6.11926,1.34288,0.09156,-0.85058376,0.49230831,0.086608665
1764505184.582701,-6.11926,1.34288,0.09156,-0.85058376,0.49230831,0.086608665
1764505184.582701,-5.4936,1.81594,0.21364,-0.85107204,0.49157589,0.08508279
1764505184.582701,-5.4936,1.81594,0.21364,-0.85107204,0.49157589,0.08508279
1764505184.583717,-5.4936,1.81594,0.21364,-0.85107204,0.49157589,0.08508279
1764505184.583717,-5.4936,1.81594,0.21364,-0.85107204,0.49157589,0.08508279
1764505184.583717,-5.4936,1.81594,0.21364,-0.85107204,0.49157589,0.08508279
1764505184.583717,-5.4936,1.81594,0.21364,-0.85107204,0.49157589,0.08508279
1764505184.583717,-5.4936,1.81594,0.21364,-0.85107204,0.49157589,0.08508279
1764505184.583717,-5.4936,1.81594,0.21364,-0.85107204,0.49157589,0.08508279
1764505184.6302824,-5.4936,1.81594,0.21364,-0.85107204,0.49157589,0.08508279
1764505184.6302824,-5.4936,1.81594,0.21364,-0.85107204,0.49157589,0.08508279
1764505184.6302824,-4.59326,1.03768,0.56462,-0.851011005,0.49084347,0.08520486
1764505184.6302824,-4.59326,1.03768,0.56462,-0.851011005,0.49084347,0.08520486
1764505184.6302824,-4.59326,1.03768,0.56462,-0.851011005,0.49084347,0.08520486
1764505184.6302824,-4.59326,1.03768,0.56462,-0.851011005,0.49084347,0.08520486
1764505184.6302824,-4.59326,1.03768,0.56462,-0.851011005,0.49084347,0.08520486
1764505184.6302824,-4.59326,1.03768,0.56462,-0.851011005,0.49084347,0.08520486
1764505184.6302824,-4.59326,1.03768,0.56462,-0.851011005,0.49084347,0.08520486
1764505184.6302824,-4.59326,1.03768,0.56462,-0.851011005,0.49084347,0.08520486
1764505184.6302824,-4.59326,1.03768,0.56462,-0.851011005,0.49084347,0.08520486
1764505184.6313012,-4.59326,1.03768,0.56462,-0.851011005,0.49084347,0.08520486
1764505184.6313012,-3.60136,0.94612,0.85456,-0.85070583,0.490904505,0.08483865
1764505184.6313012,-3.60136,0.94612,0.85456,-0.85070583,0.490904505,0.08483865
1764505184.6313012,-3.60136,0.94612,0.85456,-0.85070583,0.490904505,0.08483865
1764505184.6313012,-3.60136,0.94612,0.85456,-0.85070583,0.490904505,0.08483865
1764505184.6313012,-3.60136,0.94612,0.85456,-0.85070583,0.490904505,0.08483865
1764505184.6313012,-3.60136,0.94612,0.85456,-0.85070583,0.490904505,0.08483865
1764505184.6313012,-3.60136,0.94612,0.85456,-0.85070583,0.490904505,0.08483865
1764505184.6313012,-3.60136,0.94612,0.85456,-0.85070583,0.490904505,0.08483865
1764505184.6313012,-3.60136,0.94612,0.85456,-0.85070583,0.490904505,0.08483865
1764505184.6313012,-3.60136,0.94612,0.85456,-0.85070583,0.490904505,0.08483865
1764505184.6313012,-3.31142,0.73248,0.44254,-0.850278585,0.49047726,0.08496072
1764505184.6313012,-3.31142,0.73248,0.44254,-0.850278585,0.49047726,0.08496072
1764505184.6755188,-3.31142,0.73248,0.44254,-0.850278585,0.49047726,0.08496072
1764505184.6755188,-3.31142,0.73248,0.44254,-0.850278585,0.49047726,0.08496072
1764505184.6755188,-3.31142,0.73248,0.44254,-0.850278585,0.49047726,0.08496072
1764505184.6755188,-3.31142,0.73248,0.44254,-0.850278585,0.49047726,0.08496072
1764505184.6755188,-3.31142,0.73248,0.44254,-0.850278585,0.49047726,0.08496072
1764505184.6755188,-3.31142,0.73248,0.44254,-0.850278585,0.49047726,0.08496072
1764505184.6755188,-3.31142,0.73248,0.44254,-0.850278585,0.49047726,0.08496072
1764505184.6755188,-3.31142,0.73248,0.44254,-0.850278585,0.49047726,0.08496072
1764505184.6755188,-2.56368,0.48832,0.82404,-0.85180446,0.490416225,0.08630349
1764505184.6755188,-2.56368,0.48832,0.82404,-0.85180446,0.490416225,0.08630349
1764505184.6755188,-2.56368,0.48832,0.82404,-0.85180446,0.490416225,0.08630349
1764505184.6755188,-2.56368,0.48832,0.82404,-0.85180446,0.490416225,0.08630349
1764505184.6755188,-2.56368,0.48832,0.82404,-0.85180446,0.490416225,0.08630349
1764505184.6755188,-2.56368,0.48832,0.82404,-0.85180446,0.490416225,0.08630349
1764505184.6755188,-2.56368,0.48832,0.82404,-0.85180446,0.490416225,0.08630349
1764505184.6755188,-2.56368,0.48832,0.82404,-0.85180446,0.490416225,0.08630349
1764505184.6755188,-2.56368,0.48832,0.82404,-0.85180446,0.490416225,0.08630349
1764505184.6755188,-2.56368,0.48832,0.82404,-0.85180446,0.490416225,0.08630349
1764505184.6755188,-2.15166,-0.18312,0.6409199999999999,-0.852109635,0.490538295,0.08776833
1764505184.6755188,-2.15166,-0.18312,0.6409199999999999,-0.852109635,0.490538295,0.08776833
1764505184.6755188,-2.15166,-0.18312,0.6409199999999999,-0.852109635,0.490538295,0.08776833
1764505184.6755188,-2.15166,-0.18312,0.6409199999999999,-0.852109635,0.490538295,0.08776833
1764505184.7255466,-2.15166,-0.18312,0.6409199999999999,-0.852109635,0.490538295,0.08776833
1764505184.7255466,-2.15166,-0.18312,0.6409199999999999,-0.852109635,0.490538295,0.08776833
1764505184.7255466,-2.15166,-0.18312,0.6409199999999999,-0.852109635,0.490538295,0.08776833
1764505184.7255466,-2.15166,-0.18312,0.6409199999999999,-0.852109635,0.490538295,0.08776833
1764505184.7255466,-2.15166,-0.18312,0.6409199999999999,-0.852109635,0.490538295,0.08776833
1764505184.7255466,-2.15166,-0.18312,0.6409199999999999,-0.852109635,0.490538295,0.08776833
1764505184.7255466,-1.03768,-0.54936,0.06104,-0.85192653,0.49023312,0.088561785
1764505184.7255466,-1.03768,-0.54936,0.06104,-0.85192653,0.49023312,0.088561785
1764505184.7255466,-1.03768,-0.54936,0.06104,-0.85192653,0.49023312,0.088561785
1764505184.7255466,-1.03768,-0.54936,0.06104,-0.85192653,0.49023312,0.088561785
1764505184.7255466,-1.03768,-0.54936,0.06104,-0.85192653,0.49023312,0.088561785
1764505184.726561,-1.03768,-0.54936,0.06104,-0.85192653,0.49023312,0.088561785
1764505184.726561,-1.03768,-0.54936,0.06104,-0.85192653,0.49023312,0.088561785
1764505184.726561,-1.03768,-0.54936,0.06104,-0.85192653,0.49023312,0.088561785
1764505184.726561,-1.03768,-0.54936,0.06104,-0.85192653,0.49023312,0.088561785
1764505184.726561,-1.03768,-0.54936,0.06104,-0.85192653,0.49023312,0.088561785
1764505184.726561,-1.9838,0.3357199999999999,-0.1525999999999999,-0.851865495,0.489927945,0.08801247
1764505184.726561,-1.9838,0.3357199999999999,-0.1525999999999999,-0.851865495,0.489927945,0.08801247
1764505184.726561,-1.9838,0.3357199999999999,-0.1525999999999999,-0.851865495,0.489927945,0.08801247
1764505184.726561,-1.9838,0.3357199999999999,-0.1525999999999999,-0.851865495,0.489927945,0.08801247
1764505184.726561,-1.9838,0.3357199999999999,-0.1525999999999999,-0.851865495,0.489927945,0.08801247
1764505184.726561,-1.9838,0.3357199999999999,-0.1525999999999999,-0.851865495,0.489927945,0.08801247
1764505184.726561,-1.9838,0.3357199999999999,-0.1525999999999999,-0.851865495,0.489927945,0.08801247
1764505184.726561,-1.9838,0.3357199999999999,-0.1525999999999999,-0.851865495,0.489927945,0.08801247
1764505184.7709365,-1.9838,0.3357199999999999,-0.1525999999999999,-0.851865495,0.489927945,0.08801247
1764505184.7709365,-1.9838,0.3357199999999999,-0.1525999999999999,-0.851865495,0.489927945,0.08801247
1764505184.7709365,-3.25038,0.79352,0.3815,-0.852353775,0.49096554,0.08703591
1764505184.7709365,-3.25038,0.79352,0.3815,-0.852353775,0.49096554,0.08703591
1764505184.7709365,-3.25038,0.79352,0.3815,-0.852353775,0.49096554,0.08703591
1764505184.7719495,-3.25038,0.79352,0.3815,-0.852353775,0.49096554,0.08703591
1764505184.7719495,-3.25038,0.79352,0.3815,-0.852353775,0.49096554,0.08703591
1764505184.7719495,-3.25038,0.79352,0.3815,-0.852353775,0.49096554,0.08703591
1764505184.7719495,-3.25038,0.79352,0.3815,-0.852353775,0.49096554,0.08703591
1764505184.7724564,-3.25038,0.79352,0.3815,-0.852353775,0.49096554,0.08703591
1764505184.7724564,-3.25038,0.79352,0.3815,-0.852353775,0.49096554,0.08703591
1764505184.7724564,-3.25038,0.79352,0.3815,-0.852353775,0.49096554,0.08703591
1764505184.7724564,-4.25754,0.74774,0.6714399999999999,-0.852842055,0.49304073,0.08520486
1764505184.7724564,-4.25754,0.74774,0.6714399999999999,-0.852842055,0.49304073,0.08520486
1764505184.7724564,-4.25754,0.74774,0.6714399999999999,-0.852842055,0.49304073,0.08520486
1764505184.7724564,-4.25754,0.74774,0.6714399999999999,-0.852842055,0.49304073,0.08520486
1764505184.7734673,-4.25754,0.74774,0.6714399999999999,-0.852842055,0.49304073,0.08520486
1764505184.7734673,-4.25754,0.74774,0.6714399999999999,-0.852842055,0.49304073,0.08520486
1764505184.7734673,-4.25754,0.74774,0.6714399999999999,-0.852842055,0.49304073,0.08520486
1764505184.7734673,-4.25754,0.74774,0.6714399999999999,-0.852842055,0.49304073,0.08520486
1764505184.7734673,-4.25754,0.74774,0.6714399999999999,-0.852842055,0.49304073,0.08520486
1764505184.7734673,-4.25754,0.74774,0.6714399999999999,-0.852842055,0.49304073,0.08520486
1764505184.7734673,-4.47118,0.41202,0.25942,-0.8519875650000001,0.49474971,0.084655545
1764505184.7734673,-4.47118,0.41202,0.25942,-0.8519875650000001,0.49474971,0.084655545
1764505184.818035,-4.47118,0.41202,0.25942,-0.8519875650000001,0.49474971,0.084655545
1764505184.818035,-4.47118,0.41202,0.25942,-0.8519875650000001,0.49474971,0.084655545
1764505184.818035,-4.47118,0.41202,0.25942,-0.8519875650000001,0.49474971,0.084655545
1764505184.818035,-4.47118,0.41202,0.25942,-0.8519875650000001,0.49474971,0.084655545
1764505184.818035,-4.47118,0.41202,0.25942,-0.8519875650000001,0.49474971,0.084655545
1764505184.8190389,-4.47118,0.41202,0.25942,-0.8519875650000001,0.49474971,0.084655545
1764505184.8190389,-4.47118,0.41202,0.25942,-0.8519875650000001,0.49474971,0.084655545
1764505184.8190389,-4.47118,0.41202,0.25942,-0.8519875650000001,0.49474971,0.084655545
1764505184.8190389,-3.57084,0.12208,0.28994,-0.851011005,0.494200395,0.085876245
1764505184.8190389,-3.57084,0.12208,0.28994,-0.851011005,0.494200395,0.085876245
1764505184.8190389,-3.57084,0.12208,0.28994,-0.851011005,0.494200395,0.085876245
1764505184.8190389,-3.57084,0.12208,0.28994,-0.851011005,0.494200395,0.085876245
1764505184.8190389,-3.57084,0.12208,0.28994,-0.851011005,0.494200395,0.085876245
1764505184.8190389,-3.57084,0.12208,0.28994,-0.851011005,0.494200395,0.085876245
1764505184.8190389,-3.57084,0.12208,0.28994,-0.851011005,0.494200395,0.085876245
1764505184.8190389,-3.57084,0.12208,0.28994,-0.851011005,0.494200395,0.085876245
1764505184.8190389,-3.57084,0.12208,0.28994,-0.851011005,0.494200395,0.085876245
1764505184.8190389,-3.57084,0.12208,0.28994,-0.851011005,0.494200395,0.085876245
1764505184.8190389,-3.08252,0.8392999999999999,0.6714399999999999,-0.85131618,0.492369345,0.086974875
1764505184.8200326,-3.08252,0.8392999999999999,0.6714399999999999,-0.85131618,0.492369345,0.086974875
1764505184.8200326,-3.08252,0.8392999999999999,0.6714399999999999,-0.85131618,0.492369345,0.086974875
1764505184.8200326,-3.08252,0.8392999999999999,0.6714399999999999,-0.85131618,0.492369345,0.086974875
1764505184.8200326,-3.08252,0.8392999999999999,0.6714399999999999,-0.85131618,0.492369345,0.086974875
1764505184.8200326,-3.08252,0.8392999999999999,0.6714399999999999,-0.85131618,0.492369345,0.086974875
1764505184.8631556,-3.08252,0.8392999999999999,0.6714399999999999,-0.85131618,0.492369345,0.086974875
1764505184.8631556,-3.08252,0.8392999999999999,0.6714399999999999,-0.85131618,0.492369345,0.086974875
1764505184.8631556,-3.08252,0.8392999999999999,0.6714399999999999,-0.85131618,0.492369345,0.086974875
1764505184.8631556,-3.08252,0.8392999999999999,0.6714399999999999,-0.85131618,0.492369345,0.086974875
1764505184.8631556,-3.67766,0.65618,1.28184,-0.852597915,0.49304073,0.086852805
1764505184.8631556,-3.67766,0.65618,1.28184,-0.852597915,0.49304073,0.086852805
1764505184.8631556,-3.67766,0.65618,1.28184,-0.852597915,0.49304073,0.086852805
1764505184.8631556,-3.67766,0.65618,1.28184,-0.852597915,0.49304073,0.086852805
1764505184.8631556,-3.67766,0.65618,1.28184,-0.852597915,0.49304073,0.086852805
1764505184.8631556,-3.67766,0.65618,1.28184,-0.852597915,0.49304073,0.086852805
1764505184.8631556,-3.67766,0.65618,1.28184,-0.852597915,0.49304073,0.086852805
1764505184.8631556,-3.67766,0.65618,1.28184,-0.852597915,0.49304073,0.086852805
1764505184.8631556,-3.67766,0.65618,1.28184,-0.852597915,0.49304073,0.086852805
1764505184.8631556,-3.67766,0.65618,1.28184,-0.852597915,0.49304073,0.086852805
1764505184.8631556,-4.577999999999999,1.00716,0.54936,-0.851743425,0.49572627,0.08630349
1764505184.8631556,-4.577999999999999,1.00716,0.54936,-0.851743425,0.49572627,0.08630349
1764505184.8631556,-4.577999999999999,1.00716,0.54936,-0.851743425,0.49572627,0.08630349
1764505184.8631556,-4.577999999999999,1.00716,0.54936,-0.851743425,0.49572627,0.08630349
1764505184.8646936,-4.577999999999999,1.00716,0.54936,-0.851743425,0.49572627,0.08630349
1764505184.8646936,-4.577999999999999,1.00716,0.54936,-0.851743425,0.49572627,0.08630349
1764505184.8646936,-4.577999999999999,1.00716,0.54936,-0.851743425,0.49572627,0.08630349
1764505184.8646936,-4.577999999999999,1.00716,0.54936,-0.851743425,0.49572627,0.08630349
1764505184.8646936,-4.577999999999999,1.00716,0.54936,-0.851743425,0.49572627,0.08630349
1764505184.8646936,-4.577999999999999,1.00716,0.54936,-0.851743425,0.49572627,0.08630349
1764505184.9103928,-4.36436,1.2971,-0.18312,-0.85058376,0.49755732,0.085998315
1764505184.9103928,-4.36436,1.2971,-0.18312,-0.85058376,0.49755732,0.085998315
1764505184.9113874,-4.36436,1.2971,-0.18312,-0.85058376,0.49755732,0.085998315
1764505184.9113874,-4.36436,1.2971,-0.18312,-0.85058376,0.49755732,0.085998315
1764505184.9113874,-4.36436,1.2971,-0.18312,-0.85058376,0.49755732,0.085998315
1764505184.9113874,-4.36436,1.2971,-0.18312,-0.85058376,0.49755732,0.085998315
1764505184.9113874,-4.36436,1.2971,-0.18312,-0.85058376,0.49755732,0.085998315
1764505184.9113874,-4.36436,1.2971,-0.18312,-0.85058376,0.49755732,0.085998315
1764505184.9113874,-4.36436,1.2971,-0.18312,-0.85058376,0.49755732,0.085998315
1764505184.9113874,-4.36436,1.2971,-0.18312,-0.85058376,0.49755732,0.085998315
1764505184.9113874,-3.95234,1.26658,-0.3051999999999999,-0.85033962,0.496153515,0.08642556
1764505184.9113874,-3.95234,1.26658,-0.3051999999999999,-0.85033962,0.496153515,0.08642556
1764505184.9113874,-3.95234,1.26658,-0.3051999999999999,-0.85033962,0.496153515,0.08642556
1764505184.9113874,-3.95234,1.26658,-0.3051999999999999,-0.85033962,0.496153515,0.08642556
1764505184.9113874,-3.95234,1.26658,-0.3051999999999999,-0.85033962,0.496153515,0.08642556
1764505184.9113874,-3.95234,1.26658,-0.3051999999999999,-0.85033962,0.496153515,0.08642556
1764505184.9113874,-3.95234,1.26658,-0.3051999999999999,-0.85033962,0.496153515,0.08642556
1764505184.9113874,-3.95234,1.26658,-0.3051999999999999,-0.85033962,0.496153515,0.08642556
1764505184.9113874,-3.95234,1.26658,-0.3051999999999999,-0.85033962,0.496153515,0.08642556
1764505184.9113874,-3.95234,1.26658,-0.3051999999999999,-0.85033962,0.496153515,0.08642556
1764505184.9113874,-3.60136,1.31236,0.41202,-0.851499285,0.494810745,0.086608665
1764505184.9113874,-3.60136,1.31236,0.41202,-0.851499285,0.494810745,0.086608665
1764505184.9602892,-3.60136,1.31236,0.41202,-0.851499285,0.494810745,0.086608665
1764505184.9602892,-3.60136,1.31236,0.41202,-0.851499285,0.494810745,0.086608665
1764505184.9602892,-3.60136,1.31236,0.41202,-0.851499285,0.494810745,0.086608665
1764505184.9602892,-3.60136,1.31236,0.41202,-0.851499285,0.494810745,0.086608665
1764505184.9602892,-3.60136,1.31236,0.41202,-0.851499285,0.494810745,0.086608665
1764505184.9602892,-3.60136,1.31236,0.41202,-0.851499285,0.494810745,0.086608665
1764505184.9602892,-3.60136,1.31236,0.41202,-0.851499285,0.494810745,0.086608665
1764505184.9602892,-3.60136,1.31236,0.41202,-0.851499285,0.494810745,0.086608665
1764505184.9602892,-3.3572,0.6103999999999999,0.82404,-0.85070583,0.493834185,0.08618142
1764505184.9602892,-3.3572,0.6103999999999999,0.82404,-0.85070583,0.493834185,0.08618142
1764505184.9602892,-3.3572,0.6103999999999999,0.82404,-0.85070583,0.493834185,0.08618142
1764505184.9602892,-3.3572,0.6103999999999999,0.82404,-0.85070583,0.493834185,0.08618142
1764505184.9602892,-3.3572,0.6103999999999999,0.82404,-0.85070583,0.493834185,0.08618142
1764505184.9602892,-3.3572,0.6103999999999999,0.82404,-0.85070583,0.493834185,0.08618142
1764505184.9602892,-3.3572,0.6103999999999999,0.82404,-0.85070583,0.493834185,0.08618142
1764505184.9602892,-3.3572,0.6103999999999999,0.82404,-0.85070583,0.493834185,0.08618142
1764505184.9602892,-3.3572,0.6103999999999999,0.82404,-0.85070583,0.493834185,0.08618142
1764505184.9602892,-3.3572,0.6103999999999999,0.82404,-0.85070583,0.493834185,0.08618142
1764505184.961282,-3.76922,0.57988,0.0762999999999999,-0.849057885,0.493101765,0.086852805
1764505184.961282,-3.76922,0.57988,0.0762999999999999,-0.849057885,0.493101765,0.086852805
1764505184.961282,-3.76922,0.57988,0.0762999999999999,-0.849057885,0.493101765,0.086852805
1764505184.961282,-3.76922,0.57988,0.0762999999999999,-0.849057885,0.493101765,0.086852805
1764505184.961282,-3.76922,0.57988,0.0762999999999999,-0.849057885,0.493101765,0.086852805
1764505184.961282,-3.76922,0.57988,0.0762999999999999,-0.849057885,0.493101765,0.086852805
1764505185.0066867,-3.76922,0.57988,0.0762999999999999,-0.849057885,0.493101765,0.086852805
1764505185.0066867,-3.76922,0.57988,0.0762999999999999,-0.849057885,0.493101765,0.086852805
1764505185.0066867,-3.76922,0.57988,0.0762999999999999,-0.849057885,0.493101765,0.086852805
1764505185.0066867,-3.76922,0.57988,0.0762999999999999,-0.849057885,0.493101765,0.086852805
1764505185.0066867,-3.87604,1.6022999999999998,0.13734,-0.84911892,0.49377315,0.08532693
1764505185.0066867,-3.87604,1.6022999999999998,0.13734,-0.84911892,0.49377315,0.08532693
1764505185.0066867,-3.87604,1.6022999999999998,0.13734,-0.84911892,0.49377315,0.08532693
1764505185.0066867,-3.87604,1.6022999999999998,0.13734,-0.84911892,0.49377315,0.08532693
1764505185.0066867,-3.87604,1.6022999999999998,0.13734,-0.84911892,0.49377315,0.08532693
1764505185.0077114,-3.87604,1.6022999999999998,0.13734,-0.84911892,0.49377315,0.08532693
1764505185.0077114,-3.87604,1.6022999999999998,0.13734,-0.84911892,0.49377315,0.08532693
1764505185.0077114,-3.87604,1.6022999999999998,0.13734,-0.84911892,0.49377315,0.08532693
1764505185.0077114,-3.87604,1.6022999999999998,0.13734,-0.84911892,0.49377315,0.08532693
1764505185.0077114,-3.87604,1.6022999999999998,0.13734,-0.84911892,0.49377315,0.08532693
1764505185.0077114,-3.70818,0.59514,0.88508,-0.851743425,0.493467975,0.083678985
1764505185.0077114,-3.70818,0.59514,0.88508,-0.851743425,0.493467975,0.083678985
1764505185.0077114,-3.70818,0.59514,0.88508,-0.851743425,0.493467975,0.083678985
1764505185.0077114,-3.70818,0.59514,0.88508,-0.851743425,0.493467975,0.083678985
1764505185.0077114,-3.70818,0.59514,0.88508,-0.851743425,0.493467975,0.083678985
1764505185.0077114,-3.70818,0.59514,0.88508,-0.851743425,0.493467975,0.083678985
1764505185.0077114,-3.70818,0.59514,0.88508,-0.851743425,0.493467975,0.083678985
1764505185.0077114,-3.70818,0.59514,0.88508,-0.851743425,0.493467975,0.083678985
1764505185.0077114,-3.70818,0.59514,0.88508,-0.851743425,0.493467975,0.083678985
1764505185.0077114,-3.70818,0.59514,0.88508,-0.851743425,0.493467975,0.083678985
1764505185.0528357,-3.52506,0.01526,0.4578,-0.85363551,0.49462764,0.085143825
1764505185.0528357,-3.52506,0.01526,0.4578,-0.85363551,0.49462764,0.085143825
1764505185.0528357,-3.52506,0.01526,0.4578,-0.85363551,0.49462764,0.085143825
1764505185.0528357,-3.52506,0.01526,0.4578,-0.85363551,0.49462764,0.085143825
1764505185.0528357,-3.52506,0.01526,0.4578,-0.85363551,0.49462764,0.085143825
1764505185.0528357,-3.52506,0.01526,0.4578,-0.85363551,0.49462764,0.085143825
1764505185.0528357,-3.52506,0.01526,0.4578,-0.85363551,0.49462764,0.085143825
1764505185.0528357,-3.52506,0.01526,0.4578,-0.85363551,0.49462764,0.085143825
1764505185.0538502,-3.52506,0.01526,0.4578,-0.85363551,0.49462764,0.085143825
1764505185.0538502,-3.52506,0.01526,0.4578,-0.85363551,0.49462764,0.085143825
1764505185.0538502,-3.63188,0.57988,-0.3051999999999999,-0.8530251600000001,0.493590045,0.086608665
1764505185.0538502,-3.63188,0.57988,-0.3051999999999999,-0.8530251600000001,0.493590045,0.086608665
1764505185.0538502,-3.63188,0.57988,-0.3051999999999999,-0.8530251600000001,0.493590045,0.086608665
1764505185.0538502,-3.63188,0.57988,-0.3051999999999999,-0.8530251600000001,0.493590045,0.086608665
1764505185.0538502,-3.63188,0.57988,-0.3051999999999999,-0.8530251600000001,0.493590045,0.086608665
1764505185.0538502,-3.63188,0.57988,-0.3051999999999999,-0.8530251600000001,0.493590045,0.086608665
1764505185.0538502,-3.63188,0.57988,-0.3051999999999999,-0.8530251600000001,0.493590045,0.086608665
1764505185.0538502,-3.63188,0.57988,-0.3051999999999999,-0.8530251600000001,0.493590045,0.086608665
1764505185.0538502,-3.63188,0.57988,-0.3051999999999999,-0.8530251600000001,0.493590045,0.086608665
1764505185.0538502,-3.63188,0.57988,-0.3051999999999999,-0.8530251600000001,0.493590045,0.086608665
1764505185.0538502,-4.36436,1.46496,-0.62566,-0.851499285,0.492125205,0.086974875
1764505185.0538502,-4.36436,1.46496,-0.62566,-0.851499285,0.492125205,0.086974875
1764505185.097208,-4.36436,1.46496,-0.62566,-0.851499285,0.492125205,0.086974875
1764505185.097208,-4.36436,1.46496,-0.62566,-0.851499285,0.492125205,0.086974875
1764505185.097208,-4.36436,1.46496,-0.62566,-0.851499285,0.492125205,0.086974875
1764505185.097208,-4.36436,1.46496,-0.62566,-0.851499285,0.492125205,0.086974875
1764505185.097208,-4.36436,1.46496,-0.62566,-0.851499285,0.492125205,0.086974875
1764505185.097208,-4.36436,1.46496,-0.62566,-0.851499285,0.492125205,0.086974875
1764505185.097208,-4.36436,1.46496,-0.62566,-0.851499285,0.492125205,0.086974875
1764505185.097208,-4.36436,1.46496,-0.62566,-0.851499285,0.492125205,0.086974875
1764505185.097208,-3.69292,1.51074,0.41202,-0.851133075,0.490416225,0.086486595
1764505185.097208,-3.69292,1.51074,0.41202,-0.851133075,0.490416225,0.086486595
1764505185.097208,-3.69292,1.51074,0.41202,-0.851133075,0.490416225,0.086486595
1764505185.0984988,-3.69292,1.51074,0.41202,-0.851133075,0.490416225,0.086486595
1764505185.0984988,-3.69292,1.51074,0.41202,-0.851133075,0.490416225,0.086486595
1764505185.0984988,-3.69292,1.51074,0.41202,-0.851133075,0.490416225,0.086486595
1764505185.0984988,-3.69292,1.51074,0.41202,-0.851133075,0.490416225,0.086486595
1764505185.0984988,-3.69292,1.51074,0.41202,-0.851133075,0.490416225,0.086486595
1764505185.0984988,-3.69292,1.51074,0.41202,-0.851133075,0.490416225,0.086486595
1764505185.0984988,-3.69292,1.51074,0.41202,-0.851133075,0.490416225,0.086486595
1764505185.0984988,-3.41824,0.88508,0.85456,-0.8520486,0.489439665,0.086852805
1764505185.0984988,-3.41824,0.88508,0.85456,-0.8520486,0.489439665,0.086852805
1764505185.0984988,-3.41824,0.88508,0.85456,-0.8520486,0.489439665,0.086852805
1764505185.0984988,-3.41824,0.88508,0.85456,-0.8520486,0.489439665,0.086852805
1764505185.0990157,-3.41824,0.88508,0.85456,-0.8520486,0.489439665,0.086852805
1764505185.0990157,-3.41824,0.88508,0.85456,-0.8520486,0.489439665,0.086852805
1764505185.1442008,-3.41824,0.88508,0.85456,-0.8520486,0.489439665,0.086852805
1764505185.1442008,-3.41824,0.88508,0.85456,-0.8520486,0.489439665,0.086852805
1764505185.1442008,-3.41824,0.88508,0.85456,-0.8520486,0.489439665,0.086852805
1764505185.1442008,-3.41824,0.88508,0.85456,-0.8520486,0.489439665,0.086852805
1764505185.1442008,-3.83026,0.96138,0.39676,-0.85253688,0.48913449,0.08801247
1764505185.1442008,-3.83026,0.96138,0.39676,-0.85253688,0.48913449,0.08801247
1764505185.1442008,-3.83026,0.96138,0.39676,-0.85253688,0.48913449,0.08801247
1764505185.1442008,-3.83026,0.96138,0.39676,-0.85253688,0.48913449,0.08801247
1764505185.1442008,-3.83026,0.96138,0.39676,-0.85253688,0.48913449,0.08801247
1764505185.1442008,-3.83026,0.96138,0.39676,-0.85253688,0.48913449,0.08801247
1764505185.1442008,-3.83026,0.96138,0.39676,-0.85253688,0.48913449,0.08801247
1764505185.1442008,-3.83026,0.96138,0.39676,-0.85253688,0.48913449,0.08801247
1764505185.1442008,-3.83026,0.96138,0.39676,-0.85253688,0.48913449,0.08801247
1764505185.1442008,-3.83026,0.96138,0.39676,-0.85253688,0.48913449,0.08801247
1764505185.1442008,-3.29616,0.59514,0.7019599999999999,-0.852842055,0.4895007,0.08825661
1764505185.1442008,-3.29616,0.59514,0.7019599999999999,-0.852842055,0.4895007,0.08825661
1764505185.1442008,-3.29616,0.59514,0.7019599999999999,-0.852842055,0.4895007,0.08825661
1764505185.1442008,-3.29616,0.59514,0.7019599999999999,-0.852842055,0.4895007,0.08825661
1764505185.1442008,-3.29616,0.59514,0.7019599999999999,-0.852842055,0.4895007,0.08825661
1764505185.1442008,-3.29616,0.59514,0.7019599999999999,-0.852842055,0.4895007,0.08825661
1764505185.1442008,-3.29616,0.59514,0.7019599999999999,-0.852842055,0.4895007,0.08825661
1764505185.1463044,-3.29616,0.59514,0.7019599999999999,-0.852842055,0.4895007,0.08825661
1764505185.1463044,-3.29616,0.59514,0.7019599999999999,-0.852842055,0.4895007,0.08825661
1764505185.1463044,-3.29616,0.59514,0.7019599999999999,-0.852842055,0.4895007,0.08825661
1764505185.194173,-2.33478,0.6867,0.71722,-0.8524758450000001,0.49084347,0.08593728
1764505185.194173,-2.33478,0.6867,0.71722,-0.8524758450000001,0.49084347,0.08593728
1764505185.194173,-2.33478,0.6867,0.71722,-0.8524758450000001,0.49084347,0.08593728
1764505185.1957214,-2.33478,0.6867,0.71722,-0.8524758450000001,0.49084347,0.08593728
1764505185.1957214,-2.33478,0.6867,0.71722,-0.8524758450000001,0.49084347,0.08593728
1764505185.1957214,-2.33478,0.6867,0.71722,-0.8524758450000001,0.49084347,0.08593728
1764505185.1957214,-2.33478,0.6867,0.71722,-0.8524758450000001,0.49084347,0.08593728
1764505185.1957214,-2.33478,0.6867,0.71722,-0.8524758450000001,0.49084347,0.08593728
1764505185.1957214,-2.33478,0.6867,0.71722,-0.8524758450000001,0.49084347,0.08593728
1764505185.1957214,-2.33478,0.6867,0.71722,-0.8524758450000001,0.49084347,0.08593728
1764505185.1967375,-1.87698,0.74774,0.79352,-0.85107204,0.492979695,0.08471658
1764505185.1967375,-1.87698,0.74774,0.79352,-0.85107204,0.492979695,0.08471658
1764505185.1967375,-1.87698,0.74774,0.79352,-0.85107204,0.492979695,0.08471658
1764505185.1967375,-1.87698,0.74774,0.79352,-0.85107204,0.492979695,0.08471658
1764505185.1967375,-1.87698,0.74774,0.79352,-0.85107204,0.492979695,0.08471658
1764505185.1967375,-1.87698,0.74774,0.79352,-0.85107204,0.492979695,0.08471658
1764505185.1967375,-1.87698,0.74774,0.79352,-0.85107204,0.492979695,0.08471658
1764505185.1967375,-1.87698,0.74774,0.79352,-0.85107204,0.492979695,0.08471658
1764505185.1967375,-1.87698,0.74774,0.79352,-0.85107204,0.492979695,0.08471658
1764505185.1967375,-1.87698,0.74774,0.79352,-0.85107204,0.492979695,0.08471658
1764505185.1977427,-1.89224,1.81594,0.25942,-0.84997341,0.494566605,0.08459451
1764505185.1977427,-1.89224,1.81594,0.25942,-0.84997341,0.494566605,0.08459451
1764505185.1977427,-1.89224,1.81594,0.25942,-0.84997341,0.494566605,0.08459451
1764505185.1977427,-1.89224,1.81594,0.25942,-0.84997341,0.494566605,0.08459451
1764505185.2382803,-1.89224,1.81594,0.25942,-0.84997341,0.494566605,0.08459451
1764505185.2382803,-1.89224,1.81594,0.25942,-0.84997341,0.494566605,0.08459451
1764505185.2382803,-1.89224,1.81594,0.25942,-0.84997341,0.494566605,0.08459451
1764505185.2382803,-1.89224,1.81594,0.25942,-0.84997341,0.494566605,0.08459451
1764505185.2393205,-1.89224,1.81594,0.25942,-0.84997341,0.494566605,0.08459451
1764505185.2393205,-1.89224,1.81594,0.25942,-0.84997341,0.494566605,0.08459451
1764505185.2393205,-2.96044,1.19028,0.09156,-0.848447535,0.495543165,0.08557107
1764505185.2393205,-2.96044,1.19028,0.09156,-0.848447535,0.495543165,0.08557107
1764505185.2393205,-2.96044,1.19028,0.09156,-0.848447535,0.495543165,0.08557107
1764505185.2393205,-2.96044,1.19028,0.09156,-0.848447535,0.495543165,0.08557107
1764505185.2393205,-2.96044,1.19028,0.09156,-0.848447535,0.495543165,0.08557107
1764505185.2393205,-2.96044,1.19028,0.09156,-0.848447535,0.495543165,0.08557107
1764505185.2403271,-2.96044,1.19028,0.09156,-0.848447535,0.495543165,0.08557107
1764505185.2403271,-2.96044,1.19028,0.09156,-0.848447535,0.495543165,0.08557107
1764505185.2403271,-2.96044,1.19028,0.09156,-0.848447535,0.495543165,0.08557107
1764505185.241326,-2.96044,1.19028,0.09156,-0.848447535,0.495543165,0.08557107
1764505185.2418394,-3.14356,1.96854,0.18312,-0.84753201,0.494322465,0.086852805
1764505185.2418394,-3.14356,1.96854,0.18312,-0.84753201,0.494322465,0.086852805
1764505185.2418394,-3.14356,1.96854,0.18312,-0.84753201,0.494322465,0.086852805
1764505185.2418394,-3.14356,1.96854,0.18312,-0.84753201,0.494322465,0.086852805
1764505185.2418394,-3.14356,1.96854,0.18312,-0.84753201,0.494322465,0.086852805
1764505185.2418394,-3.14356,1.96854,0.18312,-0.84753201,0.494322465,0.086852805
1764505185.2418394,-3.14356,1.96854,0.18312,-0.84753201,0.494322465,0.086852805
1764505185.2418394,-3.14356,1.96854,0.18312,-0.84753201,0.494322465,0.086852805
1764505185.2888894,-3.14356,1.96854,0.18312,-0.84753201,0.494322465,0.086852805
1764505185.2899263,-3.14356,1.96854,0.18312,-0.84753201,0.494322465,0.086852805
1764505185.2899263,-3.52506,1.6022999999999998,1.15976,-0.849057885,0.4943835,0.08593728
1764505185.2899263,-3.52506,1.6022999999999998,1.15976,-0.849057885,0.4943835,0.08593728
1764505185.2899263,-3.52506,1.6022999999999998,1.15976,-0.849057885,0.4943835,0.08593728
1764505185.2899263,-3.52506,1.6022999999999998,1.15976,-0.849057885,0.4943835,0.08593728
1764505185.2909389,-3.52506,1.6022999999999998,1.15976,-0.849057885,0.4943835,0.08593728
1764505185.2909389,-3.52506,1.6022999999999998,1.15976,-0.849057885,0.4943835,0.08593728
1764505185.2909389,-3.52506,1.6022999999999998,1.15976,-0.849057885,0.4943835,0.08593728
1764505185.2909389,-3.52506,1.6022999999999998,1.15976,-0.849057885,0.4943835,0.08593728
1764505185.2909389,-3.52506,1.6022999999999998,1.15976,-0.849057885,0.4943835,0.08593728
1764505185.2909389,-3.52506,1.6022999999999998,1.15976,-0.849057885,0.4943835,0.08593728
1764505185.2909389,-3.69292,1.2055399999999998,0.6714399999999999,-0.85070583,0.49487178,0.085265895
1764505185.292484,-3.69292,1.2055399999999998,0.6714399999999999,-0.85070583,0.49487178,0.085265895
1764505185.292484,-3.69292,1.2055399999999998,0.6714399999999999,-0.85070583,0.49487178,0.085265895
1764505185.292484,-3.69292,1.2055399999999998,0.6714399999999999,-0.85070583,0.49487178,0.085265895
1764505185.2934542,-3.69292,1.2055399999999998,0.6714399999999999,-0.85070583,0.49487178,0.085265895
1764505185.2934542,-3.69292,1.2055399999999998,0.6714399999999999,-0.85070583,0.49487178,0.085265895
1764505185.2934542,-3.69292,1.2055399999999998,0.6714399999999999,-0.85070583,0.49487178,0.085265895
1764505185.2934542,-3.69292,1.2055399999999998,0.6714399999999999,-0.85070583,0.49487178,0.085265895
1764505185.2934542,-3.69292,1.2055399999999998,0.6714399999999999,-0.85070583,0.49487178,0.085265895
1764505185.2934542,-3.69292,1.2055399999999998,0.6714399999999999,-0.85070583,0.49487178,0.085265895
1764505185.2934542,-3.49454,1.0682,-0.1678599999999999,-0.851011005,0.493590045,0.084655545
1764505185.2937603,-3.49454,1.0682,-0.1678599999999999,-0.851011005,0.493590045,0.084655545
1764505185.331147,-3.49454,1.0682,-0.1678599999999999,-0.851011005,0.493590045,0.084655545
1764505185.331147,-3.49454,1.0682,-0.1678599999999999,-0.851011005,0.493590045,0.084655545
1764505185.331147,-3.49454,1.0682,-0.1678599999999999,-0.851011005,0.493590045,0.084655545
1764505185.331147,-3.49454,1.0682,-0.1678599999999999,-0.851011005,0.493590045,0.084655545
1764505185.331147,-3.49454,1.0682,-0.1678599999999999,-0.851011005,0.493590045,0.084655545
1764505185.331147,-3.49454,1.0682,-0.1678599999999999,-0.851011005,0.493590045,0.084655545
1764505185.331147,-3.49454,1.0682,-0.1678599999999999,-0.851011005,0.493590045,0.084655545
1764505185.332167,-3.49454,1.0682,-0.1678599999999999,-0.851011005,0.493590045,0.084655545
1764505185.332167,-2.56368,1.57178,0.10682,-0.850156515,0.491758995,0.08471658
1764505185.332167,-2.56368,1.57178,0.10682,-0.850156515,0.491758995,0.08471658
1764505185.332167,-2.56368,1.57178,0.10682,-0.850156515,0.491758995,0.08471658
1764505185.332167,-2.56368,1.57178,0.10682,-0.850156515,0.491758995,0.08471658
1764505185.332167,-2.56368,1.57178,0.10682,-0.850156515,0.491758995,0.08471658
1764505185.332167,-2.56368,1.57178,0.10682,-0.850156515,0.491758995,0.08471658
1764505185.332167,-2.56368,1.57178,0.10682,-0.850156515,0.491758995,0.08471658
1764505185.332167,-2.56368,1.57178,0.10682,-0.850156515,0.491758995,0.08471658
1764505185.332691,-2.56368,1.57178,0.10682,-0.850156515,0.491758995,0.08471658
1764505185.332691,-2.56368,1.57178,0.10682,-0.850156515,0.491758995,0.08471658
1764505185.332691,-2.02958,1.95328,0.3815,-0.85009548,0.4907214,0.084899685
1764505185.332691,-2.02958,1.95328,0.3815,-0.85009548,0.4907214,0.084899685
1764505185.332691,-2.02958,1.95328,0.3815,-0.85009548,0.4907214,0.084899685
1764505185.332691,-2.02958,1.95328,0.3815,-0.85009548,0.4907214,0.084899685
1764505185.3804283,-2.02958,1.95328,0.3815,-0.85009548,0.4907214,0.084899685
1764505185.3804283,-2.02958,1.95328,0.3815,-0.85009548,0.4907214,0.084899685
1764505185.3804283,-2.02958,1.95328,0.3815,-0.85009548,0.4907214,0.084899685
1764505185.3804283,-2.02958,1.95328,0.3815,-0.85009548,0.4907214,0.084899685
1764505185.3804283,-2.02958,1.95328,0.3815,-0.85009548,0.4907214,0.084899685
1764505185.3804283,-2.02958,1.95328,0.3815,-0.85009548,0.4907214,0.084899685
1764505185.3804283,-2.31952,1.19028,0.94612,-0.850034445,0.49035519,0.084289335
1764505185.3804283,-2.31952,1.19028,0.94612,-0.850034445,0.49035519,0.084289335
1764505185.3804283,-2.31952,1.19028,0.94612,-0.850034445,0.49035519,0.084289335
1764505185.3804283,-2.31952,1.19028,0.94612,-0.850034445,0.49035519,0.084289335
1764505185.3804283,-2.31952,1.19028,0.94612,-0.850034445,0.49035519,0.084289335
1764505185.3804283,-2.31952,1.19028,0.94612,-0.850034445,0.49035519,0.084289335
1764505185.3804283,-2.31952,1.19028,0.94612,-0.850034445,0.49035519,0.084289335
1764505185.3804283,-2.31952,1.19028,0.94612,-0.850034445,0.49035519,0.084289335
1764505185.3814464,-2.31952,1.19028,0.94612,-0.850034445,0.49035519,0.084289335
1764505185.3814464,-2.31952,1.19028,0.94612,-0.850034445,0.49035519,0.084289335
1764505185.3814464,-1.51074,0.96138,0.47306,-0.850522725,0.49120968,0.083801055
1764505185.3814464,-1.51074,0.96138,0.47306,-0.850522725,0.49120968,0.083801055
1764505185.3814464,-1.51074,0.96138,0.47306,-0.850522725,0.49120968,0.083801055
1764505185.3814464,-1.51074,0.96138,0.47306,-0.850522725,0.49120968,0.083801055
1764505185.3814464,-1.51074,0.96138,0.47306,-0.850522725,0.49120968,0.083801055
1764505185.3814464,-1.51074,0.96138,0.47306,-0.850522725,0.49120968,0.083801055
1764505185.3829768,-1.51074,0.96138,0.47306,-0.850522725,0.49120968,0.083801055
1764505185.3829768,-1.51074,0.96138,0.47306,-0.850522725,0.49120968,0.083801055
1764505185.4275262,-1.51074,0.96138,0.47306,-0.850522725,0.49120968,0.083801055
1764505185.4275262,-1.51074,0.96138,0.47306,-0.850522725,0.49120968,0.083801055
1764505185.4275262,-1.6022999999999998,1.00716,0.3204599999999999,-0.85119411,0.49206417,0.0842283
1764505185.4280918,-1.6022999999999998,1.00716,0.3204599999999999,-0.85119411,0.49206417,0.0842283
1764505185.4280918,-1.6022999999999998,1.00716,0.3204599999999999,-0.85119411,0.49206417,0.0842283
1764505185.4280918,-1.6022999999999998,1.00716,0.3204599999999999,-0.85119411,0.49206417,0.0842283
1764505185.4280918,-1.6022999999999998,1.00716,0.3204599999999999,-0.85119411,0.49206417,0.0842283
1764505185.4280918,-1.6022999999999998,1.00716,0.3204599999999999,-0.85119411,0.49206417,0.0842283
1764505185.4280918,-1.6022999999999998,1.00716,0.3204599999999999,-0.85119411,0.49206417,0.0842283
1764505185.4280918,-1.6022999999999998,1.00716,0.3204599999999999,-0.85119411,0.49206417,0.0842283
1764505185.4280918,-1.6022999999999998,1.00716,0.3204599999999999,-0.85119411,0.49206417,0.0842283
1764505185.4280918,-1.6022999999999998,1.00716,0.3204599999999999,-0.85119411,0.49206417,0.0842283
1764505185.4280918,-1.93802,0.88508,0.42728,-0.85168239,0.49352901,0.08483865
1764505185.4280918,-1.93802,0.88508,0.42728,-0.85168239,0.49352901,0.08483865
1764505185.4280918,-1.93802,0.88508,0.42728,-0.85168239,0.49352901,0.08483865
1764505185.4280918,-1.93802,0.88508,0.42728,-0.85168239,0.49352901,0.08483865
1764505185.4280918,-1.93802,0.88508,0.42728,-0.85168239,0.49352901,0.08483865
1764505185.4280918,-1.93802,0.88508,0.42728,-0.85168239,0.49352901,0.08483865
1764505185.4280918,-1.93802,0.88508,0.42728,-0.85168239,0.49352901,0.08483865
1764505185.4280918,-1.93802,0.88508,0.42728,-0.85168239,0.49352901,0.08483865
1764505185.4280918,-1.93802,0.88508,0.42728,-0.85168239,0.49352901,0.08483865
1764505185.4280918,-1.93802,0.88508,0.42728,-0.85168239,0.49352901,0.08483865
1764505185.475303,-2.4416,0.51884,0.06104,-0.85180446,0.49474971,0.084655545
1764505185.4758554,-2.4416,0.51884,0.06104,-0.85180446,0.49474971,0.084655545
1764505185.4758554,-2.4416,0.51884,0.06104,-0.85180446,0.49474971,0.084655545
1764505185.4758554,-2.4416,0.51884,0.06104,-0.85180446,0.49474971,0.084655545
1764505185.4758554,-2.4416,0.51884,0.06104,-0.85180446,0.49474971,0.084655545
1764505185.4758554,-2.4416,0.51884,0.06104,-0.85180446,0.49474971,0.084655545
1764505185.4758554,-2.4416,0.51884,0.06104,-0.85180446,0.49474971,0.084655545
1764505185.4758554,-2.4416,0.51884,0.06104,-0.85180446,0.49474971,0.084655545
1764505185.4758554,-2.4416,0.51884,0.06104,-0.85180446,0.49474971,0.084655545
1764505185.4758554,-2.4416,0.51884,0.06104,-0.85180446,0.49474971,0.084655545
1764505185.4758554,-2.80784,1.19028,0.48832,-0.85168239,0.495299025,0.08435037
1764505185.4758554,-2.80784,1.19028,0.48832,-0.85168239,0.495299025,0.08435037
1764505185.4758554,-2.80784,1.19028,0.48832,-0.85168239,0.495299025,0.08435037
1764505185.4758554,-2.80784,1.19028,0.48832,-0.85168239,0.495299025,0.08435037
1764505185.4758554,-2.80784,1.19028,0.48832,-0.85168239,0.495299025,0.08435037
1764505185.4758554,-2.80784,1.19028,0.48832,-0.85168239,0.495299025,0.08435037
1764505185.4758554,-2.80784,1.19028,0.48832,-0.85168239,0.495299025,0.08435037
1764505185.4758554,-2.80784,1.19028,0.48832,-0.85168239,0.495299025,0.08435037
1764505185.4768908,-2.80784,1.19028,0.48832,-0.85168239,0.495299025,0.08435037
1764505185.4768908,-2.80784,1.19028,0.48832,-0.85168239,0.495299025,0.08435037
1764505185.4768908,-3.7387,1.9075,0.04578,-0.8520486,0.495299025,0.085449
1764505185.4768908,-3.7387,1.9075,0.04578,-0.8520486,0.495299025,0.085449
1764505185.4768908,-3.7387,1.9075,0.04578,-0.8520486,0.495299025,0.085449
1764505185.4768908,-3.7387,1.9075,0.04578,-0.8520486,0.495299025,0.085449
1764505185.520261,-3.7387,1.9075,0.04578,-0.8520486,0.495299025,0.085449
1764505185.520261,-3.7387,1.9075,0.04578,-0.8520486,0.495299025,0.085449
1764505185.520261,-3.7387,1.9075,0.04578,-0.8520486,0.495299025,0.085449
1764505185.521274,-3.7387,1.9075,0.04578,-0.8520486,0.495299025,0.085449
1764505185.521274,-3.7387,1.9075,0.04578,-0.8520486,0.495299025,0.085449
1764505185.521274,-3.7387,1.9075,0.04578,-0.8520486,0.495299025,0.085449
1764505185.521274,-4.47118,2.83836,0.24416,-0.851377215,0.495054885,0.085387965
1764505185.521274,-4.47118,2.83836,0.24416,-0.851377215,0.495054885,0.085387965
1764505185.521274,-4.47118,2.83836,0.24416,-0.851377215,0.495054885,0.085387965
1764505185.521274,-4.47118,2.83836,0.24416,-0.851377215,0.495054885,0.085387965
1764505185.521274,-4.47118,2.83836,0.24416,-0.851377215,0.495054885,0.085387965
1764505185.521274,-4.47118,2.83836,0.24416,-0.851377215,0.495054885,0.085387965
1764505185.521274,-4.47118,2.83836,0.24416,-0.851377215,0.495054885,0.085387965
1764505185.521274,-4.47118,2.83836,0.24416,-0.851377215,0.495054885,0.085387965
1764505185.5222783,-4.47118,2.83836,0.24416,-0.851377215,0.495054885,0.085387965
1764505185.5222783,-4.47118,2.83836,0.24416,-0.851377215,0.495054885,0.085387965
1764505185.5222783,-4.56274,2.04484,0.50358,-0.851255145,0.49426143,0.08447244
1764505185.5222783,-4.56274,2.04484,0.50358,-0.851255145,0.49426143,0.08447244
1764505185.5222783,-4.56274,2.04484,0.50358,-0.851255145,0.49426143,0.08447244
1764505185.5222783,-4.56274,2.04484,0.50358,-0.851255145,0.49426143,0.08447244
1764505185.5222783,-4.56274,2.04484,0.50358,-0.851255145,0.49426143,0.08447244
1764505185.5222783,-4.56274,2.04484,0.50358,-0.851255145,0.49426143,0.08447244
1764505185.5222783,-4.56274,2.04484,0.50358,-0.851255145,0.49426143,0.08447244
1764505185.5222783,-4.56274,2.04484,0.50358,-0.851255145,0.49426143,0.08447244
1764505185.5713985,-4.56274,2.04484,0.50358,-0.851255145,0.49426143,0.08447244
1764505185.5713985,-4.56274,2.04484,0.50358,-0.851255145,0.49426143,0.08447244
1764505185.5723977,-3.61662,1.23606,0.74774,-0.8519875650000001,0.491514855,0.083678985
1764505185.5723977,-3.61662,1.23606,0.74774,-0.8519875650000001,0.491514855,0.083678985
1764505185.5723977,-3.61662,1.23606,0.74774,-0.8519875650000001,0.491514855,0.083678985
1764505185.572913,-3.61662,1.23606,0.74774,-0.8519875650000001,0.491514855,0.083678985
1764505185.572913,-3.61662,1.23606,0.74774,-0.8519875650000001,0.491514855,0.083678985
1764505185.572913,-3.61662,1.23606,0.74774,-0.8519875650000001,0.491514855,0.083678985
1764505185.572913,-3.61662,1.23606,0.74774,-0.8519875650000001,0.491514855,0.083678985
1764505185.572913,-3.61662,1.23606,0.74774,-0.8519875650000001,0.491514855,0.083678985
1764505185.572913,-3.61662,1.23606,0.74774,-0.8519875650000001,0.491514855,0.083678985
1764505185.572913,-3.61662,1.23606,0.74774,-0.8519875650000001,0.491514855,0.083678985
1764505185.572913,-2.4416,1.28184,0.85456,-0.853086195,0.49023312,0.083678985
1764505185.572913,-2.4416,1.28184,0.85456,-0.853086195,0.49023312,0.083678985
1764505185.572913,-2.4416,1.28184,0.85456,-0.853086195,0.49023312,0.083678985
1764505185.572913,-2.4416,1.28184,0.85456,-0.853086195,0.49023312,0.083678985
1764505185.572913,-2.4416,1.28184,0.85456,-0.853086195,0.49023312,0.083678985
1764505185.572913,-2.4416,1.28184,0.85456,-0.853086195,0.49023312,0.083678985
1764505185.572913,-2.4416,1.28184,0.85456,-0.853086195,0.49023312,0.083678985
1764505185.572913,-2.4416,1.28184,0.85456,-0.853086195,0.49023312,0.083678985
1764505185.572913,-2.4416,1.28184,0.85456,-0.853086195,0.49023312,0.083678985
1764505185.572913,-2.4416,1.28184,0.85456,-0.853086195,0.49023312,0.083678985
1764505185.572913,-2.60946,1.02242,0.77826,-0.85436793,0.491148645,0.08361795
1764505185.572913,-2.60946,1.02242,0.77826,-0.85436793,0.491148645,0.08361795
1764505185.6172392,-2.60946,1.02242,0.77826,-0.85436793,0.491148645,0.08361795
1764505185.6185498,-2.60946,1.02242,0.77826,-0.85436793,0.491148645,0.08361795
1764505185.6185498,-2.60946,1.02242,0.77826,-0.85436793,0.491148645,0.08361795
1764505185.6185498,-2.60946,1.02242,0.77826,-0.85436793,0.491148645,0.08361795
1764505185.6185498,-2.60946,1.02242,0.77826,-0.85436793,0.491148645,0.08361795
1764505185.6185498,-2.60946,1.02242,0.77826,-0.85436793,0.491148645,0.08361795
1764505185.6185498,-2.60946,1.02242,0.77826,-0.85436793,0.491148645,0.08361795
1764505185.6185498,-2.60946,1.02242,0.77826,-0.85436793,0.491148645,0.08361795
1764505185.6185498,-3.41824,-0.06104,-0.3204599999999999,-0.85497828,0.493467975,0.08337381
1764505185.6185498,-3.41824,-0.06104,-0.3204599999999999,-0.85497828,0.493467975,0.08337381
1764505185.6190648,-3.41824,-0.06104,-0.3204599999999999,-0.85497828,0.493467975,0.08337381
1764505185.6190648,-3.41824,-0.06104,-0.3204599999999999,-0.85497828,0.493467975,0.08337381
1764505185.6190648,-3.41824,-0.06104,-0.3204599999999999,-0.85497828,0.493467975,0.08337381
1764505185.6200843,-3.41824,-0.06104,-0.3204599999999999,-0.85497828,0.493467975,0.08337381
1764505185.6200843,-3.41824,-0.06104,-0.3204599999999999,-0.85497828,0.493467975,0.08337381
1764505185.6200843,-3.41824,-0.06104,-0.3204599999999999,-0.85497828,0.493467975,0.08337381
1764505185.6200843,-3.41824,-0.06104,-0.3204599999999999,-0.85497828,0.493467975,0.08337381
1764505185.6200843,-3.41824,-0.06104,-0.3204599999999999,-0.85497828,0.493467975,0.08337381
1764505185.621074,-4.36436,0.71722,-0.93086,-0.85375758,0.49426143,0.0842283
1764505185.621074,-4.36436,0.71722,-0.93086,-0.85375758,0.49426143,0.0842283
1764505185.621074,-4.36436,0.71722,-0.93086,-0.85375758,0.49426143,0.0842283
1764505185.621074,-4.36436,0.71722,-0.93086,-0.85375758,0.49426143,0.0842283
1764505185.621074,-4.36436,0.71722,-0.93086,-0.85375758,0.49426143,0.0842283
1764505185.621074,-4.36436,0.71722,-0.93086,-0.85375758,0.49426143,0.0842283
1764505185.6676438,-4.36436,0.71722,-0.93086,-0.85375758,0.49426143,0.0842283
1764505185.6676438,-4.36436,0.71722,-0.93086,-0.85375758,0.49426143,0.0842283
1764505185.6676438,-4.36436,0.71722,-0.93086,-0.85375758,0.49426143,0.0842283
1764505185.6676438,-4.36436,0.71722,-0.93086,-0.85375758,0.49426143,0.0842283
1764505185.6676438,-4.07442,1.0682,-0.74774,-0.852353775,0.492979695,0.08374002
1764505185.6676438,-4.07442,1.0682,-0.74774,-0.852353775,0.492979695,0.08374002
1764505185.6676438,-4.07442,1.0682,-0.74774,-0.852353775,0.492979695,0.08374002
1764505185.6676438,-4.07442,1.0682,-0.74774,-0.852353775,0.492979695,0.08374002
1764505185.6676438,-4.07442,1.0682,-0.74774,-0.852353775,0.492979695,0.08374002
1764505185.6676438,-4.07442,1.0682,-0.74774,-0.852353775,0.492979695,0.08374002
1764505185.6676438,-4.07442,1.0682,-0.74774,-0.852353775,0.492979695,0.08374002
1764505185.6676438,-4.07442,1.0682,-0.74774,-0.852353775,0.492979695,0.08374002
1764505185.6676438,-4.07442,1.0682,-0.74774,-0.852353775,0.492979695,0.08374002
1764505185.6676438,-4.07442,1.0682,-0.74774,-0.852353775,0.492979695,0.08374002
1764505185.6676438,-3.70818,1.43444,-0.12208,-0.85058376,0.492003135,0.08117655
1764505185.6676438,-3.70818,1.43444,-0.12208,-0.85058376,0.492003135,0.08117655
1764505185.6676438,-3.70818,1.43444,-0.12208,-0.85058376,0.492003135,0.08117655
1764505185.6676438,-3.70818,1.43444,-0.12208,-0.85058376,0.492003135,0.08117655
1764505185.6676438,-3.70818,1.43444,-0.12208,-0.85058376,0.492003135,0.08117655
1764505185.6676438,-3.70818,1.43444,-0.12208,-0.85058376,0.492003135,0.08117655
1764505185.6676438,-3.70818,1.43444,-0.12208,-0.85058376,0.492003135,0.08117655
1764505185.6676438,-3.70818,1.43444,-0.12208,-0.85058376,0.492003135,0.08117655
1764505185.6676438,-3.70818,1.43444,-0.12208,-0.85058376,0.492003135,0.08117655
1764505185.6676438,-3.70818,1.43444,-0.12208,-0.85058376,0.492003135,0.08117655
1764505185.7126477,-3.31142,0.88508,0.88508,-0.85094997,0.492003135,0.078185835
1764505185.7126477,-3.31142,0.88508,0.88508,-0.85094997,0.492003135,0.078185835
1764505185.7126477,-3.31142,0.88508,0.88508,-0.85094997,0.492003135,0.078185835
1764505185.7126477,-3.31142,0.88508,0.88508,-0.85094997,0.492003135,0.078185835
1764505185.7126477,-3.31142,0.88508,0.88508,-0.85094997,0.492003135,0.078185835
1764505185.7126477,-3.31142,0.88508,0.88508,-0.85094997,0.492003135,0.078185835
1764505185.7126477,-3.31142,0.88508,0.88508,-0.85094997,0.492003135,0.078185835
1764505185.7126477,-3.31142,0.88508,0.88508,-0.85094997,0.492003135,0.078185835
1764505185.7126477,-3.31142,0.88508,0.88508,-0.85094997,0.492003135,0.078185835
1764505185.7126477,-3.31142,0.88508,0.88508,-0.85094997,0.492003135,0.078185835
1764505185.7126477,-2.65524,-0.97664,0.36624,-0.84972927,0.492369345,0.078552045
1764505185.7126477,-2.65524,-0.97664,0.36624,-0.84972927,0.492369345,0.078552045
1764505185.7135916,-2.65524,-0.97664,0.36624,-0.84972927,0.492369345,0.078552045
1764505185.7135916,-2.65524,-0.97664,0.36624,-0.84972927,0.492369345,0.078552045
1764505185.7135916,-2.65524,-0.97664,0.36624,-0.84972927,0.492369345,0.078552045
1764505185.7135916,-2.65524,-0.97664,0.36624,-0.84972927,0.492369345,0.078552045
1764505185.7135916,-2.65524,-0.97664,0.36624,-0.84972927,0.492369345,0.078552045
1764505185.7135916,-2.65524,-0.97664,0.36624,-0.84972927,0.492369345,0.078552045
1764505185.7135916,-2.65524,-0.97664,0.36624,-0.84972927,0.492369345,0.078552045
1764505185.7135916,-2.65524,-0.97664,0.36624,-0.84972927,0.492369345,0.078552045
1764505185.7135916,-2.4416,-0.19838,0.24416,-0.84789822,0.492491415,0.07897929
1764505185.7135916,-2.4416,-0.19838,0.24416,-0.84789822,0.492491415,0.07897929
1764505185.756897,-2.4416,-0.19838,0.24416,-0.84789822,0.492491415,0.07897929
1764505185.756897,-2.4416,-0.19838,0.24416,-0.84789822,0.492491415,0.07897929
1764505185.756897,-2.4416,-0.19838,0.24416,-0.84789822,0.492491415,0.07897929
1764505185.756897,-2.4416,-0.19838,0.24416,-0.84789822,0.492491415,0.07897929
1764505185.756897,-2.4416,-0.19838,0.24416,-0.84789822,0.492491415,0.07897929
1764505185.756897,-2.4416,-0.19838,0.24416,-0.84789822,0.492491415,0.07897929
1764505185.756897,-2.4416,-0.19838,0.24416,-0.84789822,0.492491415,0.07897929
1764505185.756897,-2.4416,-0.19838,0.24416,-0.84789822,0.492491415,0.07897929
1764505185.76045,-3.72344,0.44254,0.9919,-0.848203395,0.49340694,0.07885722
1764505185.76045,-3.72344,0.44254,0.9919,-0.848203395,0.49340694,0.07885722
1764505185.76045,-3.72344,0.44254,0.9919,-0.848203395,0.49340694,0.07885722
1764505185.7614655,-3.72344,0.44254,0.9919,-0.848203395,0.49340694,0.07885722
1764505185.7614655,-3.72344,0.44254,0.9919,-0.848203395,0.49340694,0.07885722
1764505185.7614655,-3.72344,0.44254,0.9919,-0.848203395,0.49340694,0.07885722
1764505185.7614655,-3.72344,0.44254,0.9919,-0.848203395,0.49340694,0.07885722
1764505185.7614655,-3.72344,0.44254,0.9919,-0.848203395,0.49340694,0.07885722
1764505185.7614655,-3.72344,0.44254,0.9919,-0.848203395,0.49340694,0.07885722
1764505185.7614655,-3.72344,0.44254,0.9919,-0.848203395,0.49340694,0.07885722
1764505185.7614655,-4.02864,0.48832,1.6786,-0.8508889350000001,0.49462764,0.07983378
1764505185.7614655,-4.02864,0.48832,1.6786,-0.8508889350000001,0.49462764,0.07983378
1764505185.762467,-4.02864,0.48832,1.6786,-0.8508889350000001,0.49462764,0.07983378
1764505185.762467,-4.02864,0.48832,1.6786,-0.8508889350000001,0.49462764,0.07983378
1764505185.762467,-4.02864,0.48832,1.6786,-0.8508889350000001,0.49462764,0.07983378
1764505185.762467,-4.02864,0.48832,1.6786,-0.8508889350000001,0.49462764,0.07983378
1764505185.806013,-4.02864,0.48832,1.6786,-0.8508889350000001,0.49462764,0.07983378
1764505185.806013,-4.02864,0.48832,1.6786,-0.8508889350000001,0.49462764,0.07983378
1764505185.806013,-4.02864,0.48832,1.6786,-0.8508889350000001,0.49462764,0.07983378
1764505185.806013,-4.02864,0.48832,1.6786,-0.8508889350000001,0.49462764,0.07983378
1764505185.806013,-3.5098,-0.6714399999999999,0.8087799999999999,-0.8524758450000001,0.49658076,0.082092075
1764505185.806013,-3.5098,-0.6714399999999999,0.8087799999999999,-0.8524758450000001,0.49658076,0.082092075
1764505185.806013,-3.5098,-0.6714399999999999,0.8087799999999999,-0.8524758450000001,0.49658076,0.082092075
1764505185.806013,-3.5098,-0.6714399999999999,0.8087799999999999,-0.8524758450000001,0.49658076,0.082092075
1764505185.806013,-3.5098,-0.6714399999999999,0.8087799999999999,-0.8524758450000001,0.49658076,0.082092075
1764505185.806013,-3.5098,-0.6714399999999999,0.8087799999999999,-0.8524758450000001,0.49658076,0.082092075
1764505185.8070345,-3.5098,-0.6714399999999999,0.8087799999999999,-0.8524758450000001,0.49658076,0.082092075
1764505185.8070345,-3.5098,-0.6714399999999999,0.8087799999999999,-0.8524758450000001,0.49658076,0.082092075
1764505185.8070345,-3.5098,-0.6714399999999999,0.8087799999999999,-0.8524758450000001,0.49658076,0.082092075
1764505185.8070345,-3.5098,-0.6714399999999999,0.8087799999999999,-0.8524758450000001,0.49658076,0.082092075
1764505185.8070345,-4.33384,0.25942,0.0762999999999999,-0.85278102,0.49609248,0.083068635
1764505185.8070345,-4.33384,0.25942,0.0762999999999999,-0.85278102,0.49609248,0.083068635
1764505185.8070345,-4.33384,0.25942,0.0762999999999999,-0.85278102,0.49609248,0.083068635
1764505185.8070345,-4.33384,0.25942,0.0762999999999999,-0.85278102,0.49609248,0.083068635
1764505185.8070345,-4.33384,0.25942,0.0762999999999999,-0.85278102,0.49609248,0.083068635
1764505185.8070345,-4.33384,0.25942,0.0762999999999999,-0.85278102,0.49609248,0.083068635
1764505185.8070345,-4.33384,0.25942,0.0762999999999999,-0.85278102,0.49609248,0.083068635
1764505185.8070345,-4.33384,0.25942,0.0762999999999999,-0.85278102,0.49609248,0.083068635
1764505185.8527484,-4.33384,0.25942,0.0762999999999999,-0.85278102,0.49609248,0.083068635
1764505185.8527484,-4.33384,0.25942,0.0762999999999999,-0.85278102,0.49609248,0.083068635
1764505185.8527484,-5.371519999999999,1.26658,0.21364,-0.850522725,0.495299025,0.0817869
1764505185.8527484,-5.371519999999999,1.26658,0.21364,-0.850522725,0.495299025,0.0817869
1764505185.8527484,-5.371519999999999,1.26658,0.21364,-0.850522725,0.495299025,0.0817869
1764505185.8527484,-5.371519999999999,1.26658,0.21364,-0.850522725,0.495299025,0.0817869
1764505185.8527484,-5.371519999999999,1.26658,0.21364,-0.850522725,0.495299025,0.0817869
1764505185.8527484,-5.371519999999999,1.26658,0.21364,-0.850522725,0.495299025,0.0817869
1764505185.8527484,-5.371519999999999,1.26658,0.21364,-0.850522725,0.495299025,0.0817869
1764505185.8527484,-5.371519999999999,1.26658,0.21364,-0.850522725,0.495299025,0.0817869
1764505185.8527484,-5.371519999999999,1.26658,0.21364,-0.850522725,0.495299025,0.0817869
1764505185.8527484,-5.371519999999999,1.26658,0.21364,-0.850522725,0.495299025,0.0817869
1764505185.8537636,-5.70724,0.21364,0.59514,-0.84899685,0.49328487,0.081725865
1764505185.8537636,-5.70724,0.21364,0.59514,-0.84899685,0.49328487,0.081725865
1764505185.8537636,-5.70724,0.21364,0.59514,-0.84899685,0.49328487,0.081725865
1764505185.8537636,-5.70724,0.21364,0.59514,-0.84899685,0.49328487,0.081725865
1764505185.8537636,-5.70724,0.21364,0.59514,-0.84899685,0.49328487,0.081725865
1764505185.8537636,-5.70724,0.21364,0.59514,-0.84899685,0.49328487,0.081725865
1764505185.8537636,-5.70724,0.21364,0.59514,-0.84899685,0.49328487,0.081725865
1764505185.8537636,-5.70724,0.21364,0.59514,-0.84899685,0.49328487,0.081725865
1764505185.8547585,-5.70724,0.21364,0.59514,-0.84899685,0.49328487,0.081725865
1764505185.8547585,-5.70724,0.21364,0.59514,-0.84899685,0.49328487,0.081725865
1764505185.8547585,-5.5699,0.51884,0.8392999999999999,-0.84814236,0.49182003,0.08398416
1764505185.8547585,-5.5699,0.51884,0.8392999999999999,-0.84814236,0.49182003,0.08398416
1764505185.9011538,-5.5699,0.51884,0.8392999999999999,-0.84814236,0.49182003,0.08398416
1764505185.9011538,-5.5699,0.51884,0.8392999999999999,-0.84814236,0.49182003,0.08398416
1764505185.9011538,-5.5699,0.51884,0.8392999999999999,-0.84814236,0.49182003,0.08398416
1764505185.9011538,-5.5699,0.51884,0.8392999999999999,-0.84814236,0.49182003,0.08398416
1764505185.9011538,-5.5699,0.51884,0.8392999999999999,-0.84814236,0.49182003,0.08398416
1764505185.9011538,-5.5699,0.51884,0.8392999999999999,-0.84814236,0.49182003,0.08398416
1764505185.9011538,-5.5699,0.51884,0.8392999999999999,-0.84814236,0.49182003,0.08398416
1764505185.9011538,-5.5699,0.51884,0.8392999999999999,-0.84814236,0.49182003,0.08398416
1764505185.9011538,-5.66146,0.9003399999999999,0.6867,-0.848447535,0.490538295,0.085876245
1764505185.9011538,-5.66146,0.9003399999999999,0.6867,-0.848447535,0.490538295,0.085876245
1764505185.9011538,-5.66146,0.9003399999999999,0.6867,-0.848447535,0.490538295,0.085876245
1764505185.9021535,-5.66146,0.9003399999999999,0.6867,-0.848447535,0.490538295,0.085876245
1764505185.9021535,-5.66146,0.9003399999999999,0.6867,-0.848447535,0.490538295,0.085876245
1764505185.9021535,-5.66146,0.9003399999999999,0.6867,-0.848447535,0.490538295,0.085876245
1764505185.9021535,-5.66146,0.9003399999999999,0.6867,-0.848447535,0.490538295,0.085876245
1764505185.9021535,-5.66146,0.9003399999999999,0.6867,-0.848447535,0.490538295,0.085876245
1764505185.9021535,-5.66146,0.9003399999999999,0.6867,-0.848447535,0.490538295,0.085876245
1764505185.9021535,-5.66146,0.9003399999999999,0.6867,-0.848447535,0.490538295,0.085876245
1764505185.9021535,-5.24944,0.71722,0.51884,-0.850644795,0.49023312,0.08630349
1764505185.9021535,-5.24944,0.71722,0.51884,-0.850644795,0.49023312,0.08630349
1764505185.9021535,-5.24944,0.71722,0.51884,-0.850644795,0.49023312,0.08630349
1764505185.9021535,-5.24944,0.71722,0.51884,-0.850644795,0.49023312,0.08630349
1764505185.9021535,-5.24944,0.71722,0.51884,-0.850644795,0.49023312,0.08630349
1764505185.9021535,-5.24944,0.71722,0.51884,-0.850644795,0.49023312,0.08630349
1764505185.946905,-5.24944,0.71722,0.51884,-0.850644795,0.49023312,0.08630349
1764505185.946905,-5.24944,0.71722,0.51884,-0.850644795,0.49023312,0.08630349
1764505185.946905,-5.24944,0.71722,0.51884,-0.850644795,0.49023312,0.08630349
1764505185.946905,-5.24944,0.71722,0.51884,-0.850644795,0.49023312,0.08630349
1764505185.946905,-4.39488,0.3051999999999999,0.6714399999999999,-0.85119411,0.48974484,0.086364525
1764505185.946905,-4.39488,0.3051999999999999,0.6714399999999999,-0.85119411,0.48974484,0.086364525
1764505185.946905,-4.39488,0.3051999999999999,0.6714399999999999,-0.85119411,0.48974484,0.086364525
1764505185.946905,-4.39488,0.3051999999999999,0.6714399999999999,-0.85119411,0.48974484,0.086364525
1764505185.946905,-4.39488,0.3051999999999999,0.6714399999999999,-0.85119411,0.48974484,0.086364525
1764505185.946905,-4.39488,0.3051999999999999,0.6714399999999999,-0.85119411,0.48974484,0.086364525
1764505185.946905,-4.39488,0.3051999999999999,0.6714399999999999,-0.85119411,0.48974484,0.086364525
1764505185.946905,-4.39488,0.3051999999999999,0.6714399999999999,-0.85119411,0.48974484,0.086364525
1764505185.946905,-4.39488,0.3051999999999999,0.6714399999999999,-0.85119411,0.48974484,0.086364525
1764505185.946905,-4.39488,0.3051999999999999,0.6714399999999999,-0.85119411,0.48974484,0.086364525
1764505185.946905,-3.37246,0.4578,0.85456,-0.8508279,0.48986691,0.086242455
1764505185.946905,-3.37246,0.4578,0.85456,-0.8508279,0.48986691,0.086242455
1764505185.946905,-3.37246,0.4578,0.85456,-0.8508279,0.48986691,0.086242455
1764505185.946905,-3.37246,0.4578,0.85456,-0.8508279,0.48986691,0.086242455
1764505185.946905,-3.37246,0.4578,0.85456,-0.8508279,0.48986691,0.086242455
1764505185.946905,-3.37246,0.4578,0.85456,-0.8508279,0.48986691,0.086242455
1764505185.9482105,-3.37246,0.4578,0.85456,-0.8508279,0.48986691,0.086242455
1764505185.9482105,-3.37246,0.4578,0.85456,-0.8508279,0.48986691,0.086242455
1764505185.9482105,-3.37246,0.4578,0.85456,-0.8508279,0.48986691,0.086242455
1764505185.9482105,-3.37246,0.4578,0.85456,-0.8508279,0.48986691,0.086242455
1764505185.9915948,-3.93708,0.0,0.2289,-0.8508889350000001,0.49169796,0.086364525
1764505185.9915948,-3.93708,0.0,0.2289,-0.8508889350000001,0.49169796,0.086364525
1764505185.9915948,-3.93708,0.0,0.2289,-0.8508889350000001,0.49169796,0.086364525
1764505185.9915948,-3.93708,0.0,0.2289,-0.8508889350000001,0.49169796,0.086364525
1764505185.9915948,-3.93708,0.0,0.2289,-0.8508889350000001,0.49169796,0.086364525
1764505185.9915948,-3.93708,0.0,0.2289,-0.8508889350000001,0.49169796,0.086364525
1764505185.9926364,-3.93708,0.0,0.2289,-0.8508889350000001,0.49169796,0.086364525
1764505185.9926364,-3.93708,0.0,0.2289,-0.8508889350000001,0.49169796,0.086364525
1764505185.9926364,-3.93708,0.0,0.2289,-0.8508889350000001,0.49169796,0.086364525
1764505185.9926364,-3.93708,0.0,0.2289,-0.8508889350000001,0.49169796,0.086364525
1764505185.9926364,-5.73776,0.7019599999999999,-0.44254,-0.849912375,0.49499385,0.086242455
1764505185.9926364,-5.73776,0.7019599999999999,-0.44254,-0.849912375,0.49499385,0.086242455
1764505185.9926364,-5.73776,0.7019599999999999,-0.44254,-0.849912375,0.49499385,0.086242455
1764505185.9926364,-5.73776,0.7019599999999999,-0.44254,-0.849912375,0.49499385,0.086242455
1764505185.9926364,-5.73776,0.7019599999999999,-0.44254,-0.849912375,0.49499385,0.086242455
1764505185.9926364,-5.73776,0.7019599999999999,-0.44254,-0.849912375,0.49499385,0.086242455
1764505185.9926364,-5.73776,0.7019599999999999,-0.44254,-0.849912375,0.49499385,0.086242455
1764505185.9926364,-5.73776,0.7019599999999999,-0.44254,-0.849912375,0.49499385,0.086242455
1764505185.9926364,-5.73776,0.7019599999999999,-0.44254,-0.849912375,0.49499385,0.086242455
1764505185.9931602,-5.73776,0.7019599999999999,-0.44254,-0.849912375,0.49499385,0.086242455
1764505185.9931602,-6.9433,1.64808,-0.01526,-0.84948513,0.49719111,0.086364525
1764505185.9931602,-6.9433,1.64808,-0.01526,-0.84948513,0.49719111,0.086364525
1764505185.9931602,-6.9433,1.64808,-0.01526,-0.84948513,0.49719111,0.086364525
1764505185.9931602,-6.9433,1.64808,-0.01526,-0.84948513,0.49719111,0.086364525
1764505186.036375,-6.9433,1.64808,-0.01526,-0.84948513,0.49719111,0.086364525
1764505186.036375,-6.9433,1.64808,-0.01526,-0.84948513,0.49719111,0.086364525
1764505186.036375,-6.9433,1.64808,-0.01526,-0.84948513,0.49719111,0.086364525
1764505186.036375,-6.9433,1.64808,-0.01526,-0.84948513,0.49719111,0.086364525
1764505186.036375,-6.9433,1.64808,-0.01526,-0.84948513,0.49719111,0.086364525
1764505186.036375,-6.9433,1.64808,-0.01526,-0.84948513,0.49719111,0.086364525
1764505186.036375,-7.38584,1.0682,0.13734,-0.850644795,0.49780146,0.085876245
1764505186.036375,-7.38584,1.0682,0.13734,-0.850644795,0.49780146,0.085876245
1764505186.036375,-7.38584,1.0682,0.13734,-0.850644795,0.49780146,0.085876245
1764505186.036375,-7.38584,1.0682,0.13734,-0.850644795,0.49780146,0.085876245
1764505186.036375,-7.38584,1.0682,0.13734,-0.850644795,0.49780146,0.085876245
1764505186.036375,-7.38584,1.0682,0.13734,-0.850644795,0.49780146,0.085876245
1764505186.036375,-7.38584,1.0682,0.13734,-0.850644795,0.49780146,0.085876245
1764505186.036375,-7.38584,1.0682,0.13734,-0.850644795,0.49780146,0.085876245
1764505186.036375,-7.38584,1.0682,0.13734,-0.850644795,0.49780146,0.085876245
1764505186.036375,-7.38584,1.0682,0.13734,-0.850644795,0.49780146,0.085876245
1764505186.036375,-7.553699999999999,0.54936,-0.3204599999999999,-0.8514382500000001,0.49597041,0.08642556
1764505186.036375,-7.553699999999999,0.54936,-0.3204599999999999,-0.8514382500000001,0.49597041,0.08642556
1764505186.036375,-7.553699999999999,0.54936,-0.3204599999999999,-0.8514382500000001,0.49597041,0.08642556
1764505186.036375,-7.553699999999999,0.54936,-0.3204599999999999,-0.8514382500000001,0.49597041,0.08642556
1764505186.0809915,-7.553699999999999,0.54936,-0.3204599999999999,-0.8514382500000001,0.49597041,0.08642556
1764505186.0809915,-7.553699999999999,0.54936,-0.3204599999999999,-0.8514382500000001,0.49597041,0.08642556
1764505186.0825667,-7.553699999999999,0.54936,-0.3204599999999999,-0.8514382500000001,0.49597041,0.08642556
1764505186.0825667,-7.553699999999999,0.54936,-0.3204599999999999,-0.8514382500000001,0.49597041,0.08642556
1764505186.0825667,-7.553699999999999,0.54936,-0.3204599999999999,-0.8514382500000001,0.49597041,0.08642556
1764505186.0825667,-7.553699999999999,0.54936,-0.3204599999999999,-0.8514382500000001,0.49597041,0.08642556
1764505186.0825667,-7.965719999999999,1.1445,-0.73248,-0.851133075,0.494322465,0.085998315
1764505186.0825667,-7.965719999999999,1.1445,-0.73248,-0.851133075,0.494322465,0.085998315
1764505186.0825667,-7.965719999999999,1.1445,-0.73248,-0.851133075,0.494322465,0.085998315
1764505186.0825667,-7.965719999999999,1.1445,-0.73248,-0.851133075,0.494322465,0.085998315
1764505186.0825667,-7.965719999999999,1.1445,-0.73248,-0.851133075,0.494322465,0.085998315
1764505186.0825667,-7.965719999999999,1.1445,-0.73248,-0.851133075,0.494322465,0.085998315
1764505186.0825667,-7.965719999999999,1.1445,-0.73248,-0.851133075,0.494322465,0.085998315
1764505186.0825667,-7.965719999999999,1.1445,-0.73248,-0.851133075,0.494322465,0.085998315
1764505186.0825667,-7.965719999999999,1.1445,-0.73248,-0.851133075,0.494322465,0.085998315
1764505186.0825667,-7.965719999999999,1.1445,-0.73248,-0.851133075,0.494322465,0.085998315
1764505186.0825667,-7.21798,1.25132,-0.73248,-0.85070583,0.492369345,0.084899685
1764505186.0851398,-7.21798,1.25132,-0.73248,-0.85070583,0.492369345,0.084899685
1764505186.0851398,-7.21798,1.25132,-0.73248,-0.85070583,0.492369345,0.084899685
1764505186.0851398,-7.21798,1.25132,-0.73248,-0.85070583,0.492369345,0.084899685
1764505186.0851398,-7.21798,1.25132,-0.73248,-0.85070583,0.492369345,0.084899685
1764505186.0851398,-7.21798,1.25132,-0.73248,-0.85070583,0.492369345,0.084899685
1764505186.0851398,-7.21798,1.25132,-0.73248,-0.85070583,0.492369345,0.084899685
1764505186.0851398,-7.21798,1.25132,-0.73248,-0.85070583,0.492369345,0.084899685
1764505186.131024,-7.21798,1.25132,-0.73248,-0.85070583,0.492369345,0.084899685
1764505186.131024,-7.21798,1.25132,-0.73248,-0.85070583,0.492369345,0.084899685
1764505186.131024,-6.19556,0.5341,0.18312,-0.850278585,0.48998898,0.084777615
1764505186.131024,-6.19556,0.5341,0.18312,-0.850278585,0.48998898,0.084777615
1764505186.131024,-6.19556,0.5341,0.18312,-0.850278585,0.48998898,0.084777615
1764505186.131024,-6.19556,0.5341,0.18312,-0.850278585,0.48998898,0.084777615
1764505186.131024,-6.19556,0.5341,0.18312,-0.850278585,0.48998898,0.084777615
1764505186.131024,-6.19556,0.5341,0.18312,-0.850278585,0.48998898,0.084777615
1764505186.131024,-6.19556,0.5341,0.18312,-0.850278585,0.48998898,0.084777615
1764505186.131024,-6.19556,0.5341,0.18312,-0.850278585,0.48998898,0.084777615
1764505186.131024,-6.19556,0.5341,0.18312,-0.850278585,0.48998898,0.084777615
1764505186.131024,-6.19556,0.5341,0.18312,-0.850278585,0.48998898,0.084777615
1764505186.131024,-4.70008,0.0762999999999999,-0.10682,-0.8498513400000001,0.48889035,0.084167265
1764505186.131024,-4.70008,0.0762999999999999,-0.10682,-0.8498513400000001,0.48889035,0.084167265
1764505186.131024,-4.70008,0.0762999999999999,-0.10682,-0.8498513400000001,0.48889035,0.084167265
1764505186.131024,-4.70008,0.0762999999999999,-0.10682,-0.8498513400000001,0.48889035,0.084167265
1764505186.131024,-4.70008,0.0762999999999999,-0.10682,-0.8498513400000001,0.48889035,0.084167265
1764505186.131024,-4.70008,0.0762999999999999,-0.10682,-0.8498513400000001,0.48889035,0.084167265
1764505186.131024,-4.70008,0.0762999999999999,-0.10682,-0.8498513400000001,0.48889035,0.084167265
1764505186.131024,-4.70008,0.0762999999999999,-0.10682,-0.8498513400000001,0.48889035,0.084167265
1764505186.131024,-4.70008,0.0762999999999999,-0.10682,-0.8498513400000001,0.48889035,0.084167265
1764505186.131024,-4.70008,0.0762999999999999,-0.10682,-0.8498513400000001,0.48889035,0.084167265
1764505186.131024,-3.64714,-0.28994,-0.39676,-0.850156515,0.487974825,0.08374002
1764505186.131024,-3.64714,-0.28994,-0.39676,-0.850156515,0.487974825,0.08374002
1764505186.176485,-3.64714,-0.28994,-0.39676,-0.850156515,0.487974825,0.08374002
1764505186.176485,-3.64714,-0.28994,-0.39676,-0.850156515,0.487974825,0.08374002
1764505186.176485,-3.64714,-0.28994,-0.39676,-0.850156515,0.487974825,0.08374002
1764505186.176485,-3.64714,-0.28994,-0.39676,-0.850156515,0.487974825,0.08374002
1764505186.176485,-3.64714,-0.28994,-0.39676,-0.850156515,0.487974825,0.08374002
1764505186.176485,-3.64714,-0.28994,-0.39676,-0.850156515,0.487974825,0.08374002
1764505186.176485,-3.64714,-0.28994,-0.39676,-0.850156515,0.487974825,0.08374002
1764505186.176485,-3.64714,-0.28994,-0.39676,-0.850156515,0.487974825,0.08374002
1764505186.176485,-2.96044,-0.3815,-0.3509799999999999,-0.850278585,0.488829315,0.083556915
1764505186.176485,-2.96044,-0.3815,-0.3509799999999999,-0.850278585,0.488829315,0.083556915
1764505186.176485,-2.96044,-0.3815,-0.3509799999999999,-0.850278585,0.488829315,0.083556915
1764505186.176485,-2.96044,-0.3815,-0.3509799999999999,-0.850278585,0.488829315,0.083556915
1764505186.176485,-2.96044,-0.3815,-0.3509799999999999,-0.850278585,0.488829315,0.083556915
1764505186.176485,-2.96044,-0.3815,-0.3509799999999999,-0.850278585,0.488829315,0.083556915
1764505186.176485,-2.96044,-0.3815,-0.3509799999999999,-0.850278585,0.488829315,0.083556915
1764505186.176485,-2.96044,-0.3815,-0.3509799999999999,-0.850278585,0.488829315,0.083556915
1764505186.176485,-2.96044,-0.3815,-0.3509799999999999,-0.850278585,0.488829315,0.083556915
1764505186.176485,-2.96044,-0.3815,-0.3509799999999999,-0.850278585,0.488829315,0.083556915
1764505186.1774964,-3.61662,-0.59514,-0.28994,-0.8508279,0.490904505,0.08349588
1764505186.1774964,-3.61662,-0.59514,-0.28994,-0.8508279,0.490904505,0.08349588
1764505186.1774964,-3.61662,-0.59514,-0.28994,-0.8508279,0.490904505,0.08349588
1764505186.1774964,-3.61662,-0.59514,-0.28994,-0.8508279,0.490904505,0.08349588
1764505186.223046,-3.61662,-0.59514,-0.28994,-0.8508279,0.490904505,0.08349588
1764505186.223046,-3.61662,-0.59514,-0.28994,-0.8508279,0.490904505,0.08349588
1764505186.223046,-3.61662,-0.59514,-0.28994,-0.8508279,0.490904505,0.08349588
1764505186.223046,-3.61662,-0.59514,-0.28994,-0.8508279,0.490904505,0.08349588
1764505186.223046,-3.61662,-0.59514,-0.28994,-0.8508279,0.490904505,0.08349588
1764505186.223046,-3.61662,-0.59514,-0.28994,-0.8508279,0.490904505,0.08349588
1764505186.223046,-2.80784,-0.54936,0.01526,-0.85033962,0.492735555,0.08386209
1764505186.223046,-2.80784,-0.54936,0.01526,-0.85033962,0.492735555,0.08386209
1764505186.223046,-2.80784,-0.54936,0.01526,-0.85033962,0.492735555,0.08386209
1764505186.223046,-2.80784,-0.54936,0.01526,-0.85033962,0.492735555,0.08386209
1764505186.223046,-2.80784,-0.54936,0.01526,-0.85033962,0.492735555,0.08386209
1764505186.223046,-2.80784,-0.54936,0.01526,-0.85033962,0.492735555,0.08386209
1764505186.223046,-2.80784,-0.54936,0.01526,-0.85033962,0.492735555,0.08386209
1764505186.223046,-2.80784,-0.54936,0.01526,-0.85033962,0.492735555,0.08386209
1764505186.223046,-2.80784,-0.54936,0.01526,-0.85033962,0.492735555,0.08386209
1764505186.223046,-2.80784,-0.54936,0.01526,-0.85033962,0.492735555,0.08386209
1764505186.224067,-2.24322,-0.13734,-0.3815,-0.8498513400000001,0.49328487,0.08569314
1764505186.224067,-2.24322,-0.13734,-0.3815,-0.8498513400000001,0.49328487,0.08569314
1764505186.224067,-2.24322,-0.13734,-0.3815,-0.8498513400000001,0.49328487,0.08569314
1764505186.224067,-2.24322,-0.13734,-0.3815,-0.8498513400000001,0.49328487,0.08569314
1764505186.225657,-2.24322,-0.13734,-0.3815,-0.8498513400000001,0.49328487,0.08569314
1764505186.226056,-2.24322,-0.13734,-0.3815,-0.8498513400000001,0.49328487,0.08569314
1764505186.226056,-2.24322,-0.13734,-0.3815,-0.8498513400000001,0.49328487,0.08569314
1764505186.2270606,-2.24322,-0.13734,-0.3815,-0.8498513400000001,0.49328487,0.08569314
1764505186.2723486,-2.24322,-0.13734,-0.3815,-0.8498513400000001,0.49328487,0.08569314
1764505186.2723486,-2.24322,-0.13734,-0.3815,-0.8498513400000001,0.49328487,0.08569314
1764505186.2723486,-2.22796,0.3204599999999999,0.50358,-0.850034445,0.493101765,0.08691384
1764505186.2723486,-2.22796,0.3204599999999999,0.50358,-0.850034445,0.493101765,0.08691384
1764505186.2723486,-2.22796,0.3204599999999999,0.50358,-0.850034445,0.493101765,0.08691384
1764505186.2723486,-2.22796,0.3204599999999999,0.50358,-0.850034445,0.493101765,0.08691384
1764505186.2723486,-2.22796,0.3204599999999999,0.50358,-0.850034445,0.493101765,0.08691384
1764505186.2723486,-2.22796,0.3204599999999999,0.50358,-0.850034445,0.493101765,0.08691384
1764505186.2723486,-2.22796,0.3204599999999999,0.50358,-0.850034445,0.493101765,0.08691384
1764505186.2733958,-2.22796,0.3204599999999999,0.50358,-0.850034445,0.493101765,0.08691384
1764505186.2733958,-2.22796,0.3204599999999999,0.50358,-0.850034445,0.493101765,0.08691384
1764505186.2733958,-2.22796,0.3204599999999999,0.50358,-0.850034445,0.493101765,0.08691384
1764505186.2733958,-2.4416,0.2289,0.77826,-0.85058376,0.49365108,0.088317645
1764505186.2733958,-2.4416,0.2289,0.77826,-0.85058376,0.49365108,0.088317645
1764505186.2733958,-2.4416,0.2289,0.77826,-0.85058376,0.49365108,0.088317645
1764505186.2743611,-2.4416,0.2289,0.77826,-0.85058376,0.49365108,0.088317645
1764505186.2743611,-2.4416,0.2289,0.77826,-0.85058376,0.49365108,0.088317645
1764505186.2743611,-2.4416,0.2289,0.77826,-0.85058376,0.49365108,0.088317645
1764505186.2743611,-2.4416,0.2289,0.77826,-0.85058376,0.49365108,0.088317645
1764505186.274852,-2.4416,0.2289,0.77826,-0.85058376,0.49365108,0.088317645
1764505186.274852,-2.4416,0.2289,0.77826,-0.85058376,0.49365108,0.088317645
1764505186.274852,-2.4416,0.2289,0.77826,-0.85058376,0.49365108,0.088317645
1764505186.274852,-2.25848,0.56462,0.74774,-0.851377215,0.49352901,0.087463155
1764505186.274852,-2.25848,0.56462,0.74774,-0.851377215,0.49352901,0.087463155
1764505186.3158553,-2.25848,0.56462,0.74774,-0.851377215,0.49352901,0.087463155
1764505186.3158553,-2.25848,0.56462,0.74774,-0.851377215,0.49352901,0.087463155
1764505186.3158553,-2.25848,0.56462,0.74774,-0.851377215,0.49352901,0.087463155
1764505186.3158553,-2.25848,0.56462,0.74774,-0.851377215,0.49352901,0.087463155
1764505186.316886,-2.25848,0.56462,0.74774,-0.851377215,0.49352901,0.087463155
1764505186.316886,-2.25848,0.56462,0.74774,-0.851377215,0.49352901,0.087463155
1764505186.316886,-2.25848,0.56462,0.74774,-0.851377215,0.49352901,0.087463155
1764505186.316886,-2.25848,0.56462,0.74774,-0.851377215,0.49352901,0.087463155
1764505186.316886,-2.22796,0.57988,1.23606,-0.8514382500000001,0.49230831,0.08813454
1764505186.316886,-2.22796,0.57988,1.23606,-0.8514382500000001,0.49230831,0.08813454
1764505186.3184085,-2.22796,0.57988,1.23606,-0.8514382500000001,0.49230831,0.08813454
1764505186.3184085,-2.22796,0.57988,1.23606,-0.8514382500000001,0.49230831,0.08813454
1764505186.3184085,-2.22796,0.57988,1.23606,-0.8514382500000001,0.49230831,0.08813454
1764505186.3184085,-2.22796,0.57988,1.23606,-0.8514382500000001,0.49230831,0.08813454
1764505186.3184085,-2.22796,0.57988,1.23606,-0.8514382500000001,0.49230831,0.08813454
1764505186.3184085,-2.22796,0.57988,1.23606,-0.8514382500000001,0.49230831,0.08813454
1764505186.3184085,-2.22796,0.57988,1.23606,-0.8514382500000001,0.49230831,0.08813454
1764505186.3184085,-2.22796,0.57988,1.23606,-0.8514382500000001,0.49230831,0.08813454
1764505186.319434,-2.50264,0.97664,0.85456,-0.852842055,0.49243038,0.088805925
1764505186.319434,-2.50264,0.97664,0.85456,-0.852842055,0.49243038,0.088805925
1764505186.319434,-2.50264,0.97664,0.85456,-0.852842055,0.49243038,0.088805925
1764505186.319434,-2.50264,0.97664,0.85456,-0.852842055,0.49243038,0.088805925
1764505186.363364,-2.50264,0.97664,0.85456,-0.852842055,0.49243038,0.088805925
1764505186.363364,-2.50264,0.97664,0.85456,-0.852842055,0.49243038,0.088805925
1764505186.363364,-2.50264,0.97664,0.85456,-0.852842055,0.49243038,0.088805925
1764505186.363364,-2.50264,0.97664,0.85456,-0.852842055,0.49243038,0.088805925
1764505186.363364,-2.50264,0.97664,0.85456,-0.852842055,0.49243038,0.088805925
1764505186.363364,-2.50264,0.97664,0.85456,-0.852842055,0.49243038,0.088805925
1764505186.363364,-3.40298,1.08346,0.8392999999999999,-0.8524758450000001,0.492369345,0.09020973
1764505186.363364,-3.40298,1.08346,0.8392999999999999,-0.8524758450000001,0.492369345,0.09020973
1764505186.363364,-3.40298,1.08346,0.8392999999999999,-0.8524758450000001,0.492369345,0.09020973
1764505186.363364,-3.40298,1.08346,0.8392999999999999,-0.8524758450000001,0.492369345,0.09020973
1764505186.363364,-3.40298,1.08346,0.8392999999999999,-0.8524758450000001,0.492369345,0.09020973
1764505186.363364,-3.40298,1.08346,0.8392999999999999,-0.8524758450000001,0.492369345,0.09020973
1764505186.363364,-3.40298,1.08346,0.8392999999999999,-0.8524758450000001,0.492369345,0.09020973
1764505186.363364,-3.40298,1.08346,0.8392999999999999,-0.8524758450000001,0.492369345,0.09020973
1764505186.363364,-3.40298,1.08346,0.8392999999999999,-0.8524758450000001,0.492369345,0.09020973
1764505186.363364,-3.40298,1.08346,0.8392999999999999,-0.8524758450000001,0.492369345,0.09020973
1764505186.363364,-4.36436,1.84646,0.51884,-0.85107204,0.49169796,0.091491465
1764505186.363364,-4.36436,1.84646,0.51884,-0.85107204,0.49169796,0.091491465
1764505186.363364,-4.36436,1.84646,0.51884,-0.85107204,0.49169796,0.091491465
1764505186.363364,-4.36436,1.84646,0.51884,-0.85107204,0.49169796,0.091491465
1764505186.363364,-4.36436,1.84646,0.51884,-0.85107204,0.49169796,0.091491465
1764505186.363364,-4.36436,1.84646,0.51884,-0.85107204,0.49169796,0.091491465
1764505186.3643925,-4.36436,1.84646,0.51884,-0.85107204,0.49169796,0.091491465
1764505186.3643925,-4.36436,1.84646,0.51884,-0.85107204,0.49169796,0.091491465
1764505186.408187,-4.36436,1.84646,0.51884,-0.85107204,0.49169796,0.091491465
1764505186.408187,-4.36436,1.84646,0.51884,-0.85107204,0.49169796,0.091491465
1764505186.408187,-4.39488,2.33478,0.3357199999999999,-0.851011005,0.49120968,0.090881115
1764505186.408187,-4.39488,2.33478,0.3357199999999999,-0.851011005,0.49120968,0.090881115
1764505186.408187,-4.39488,2.33478,0.3357199999999999,-0.851011005,0.49120968,0.090881115
1764505186.408187,-4.39488,2.33478,0.3357199999999999,-0.851011005,0.49120968,0.090881115
1764505186.408187,-4.39488,2.33478,0.3357199999999999,-0.851011005,0.49120968,0.090881115
1764505186.408187,-4.39488,2.33478,0.3357199999999999,-0.851011005,0.49120968,0.090881115
1764505186.408187,-4.39488,2.33478,0.3357199999999999,-0.851011005,0.49120968,0.090881115
1764505186.408187,-4.39488,2.33478,0.3357199999999999,-0.851011005,0.49120968,0.090881115
1764505186.408187,-4.39488,2.33478,0.3357199999999999,-0.851011005,0.49120968,0.090881115
1764505186.4092026,-4.39488,2.33478,0.3357199999999999,-0.851011005,0.49120968,0.090881115
1764505186.4092026,-4.01338,2.24322,0.9156,-0.851743425,0.491392785,0.087707295
1764505186.4092026,-4.01338,2.24322,0.9156,-0.851743425,0.491392785,0.087707295
1764505186.4092026,-4.01338,2.24322,0.9156,-0.851743425,0.491392785,0.087707295
1764505186.4092026,-4.01338,2.24322,0.9156,-0.851743425,0.491392785,0.087707295
1764505186.4092026,-4.01338,2.24322,0.9156,-0.851743425,0.491392785,0.087707295
1764505186.4092026,-4.01338,2.24322,0.9156,-0.851743425,0.491392785,0.087707295
1764505186.4092026,-4.01338,2.24322,0.9156,-0.851743425,0.491392785,0.087707295
1764505186.4092026,-4.01338,2.24322,0.9156,-0.851743425,0.491392785,0.087707295
1764505186.4097111,-4.01338,2.24322,0.9156,-0.851743425,0.491392785,0.087707295
1764505186.4097111,-4.01338,2.24322,0.9156,-0.851743425,0.491392785,0.087707295
1764505186.4542737,-3.70818,0.54936,1.1445,-0.85180446,0.49230831,0.08728005
1764505186.4542737,-3.70818,0.54936,1.1445,-0.85180446,0.49230831,0.08728005
1764505186.4542737,-3.70818,0.54936,1.1445,-0.85180446,0.49230831,0.08728005
1764505186.4542737,-3.70818,0.54936,1.1445,-0.85180446,0.49230831,0.08728005
1764505186.4542737,-3.70818,0.54936,1.1445,-0.85180446,0.49230831,0.08728005
1764505186.4542737,-3.70818,0.54936,1.1445,-0.85180446,0.49230831,0.08728005
1764505186.4542737,-3.70818,0.54936,1.1445,-0.85180446,0.49230831,0.08728005
1764505186.4542737,-3.70818,0.54936,1.1445,-0.85180446,0.49230831,0.08728005
1764505186.4542737,-3.70818,0.54936,1.1445,-0.85180446,0.49230831,0.08728005
1764505186.4542737,-3.70818,0.54936,1.1445,-0.85180446,0.49230831,0.08728005
1764505186.4542737,-3.3572,0.39676,0.96138,-0.850644795,0.49218624,0.08837868
1764505186.4542737,-3.3572,0.39676,0.96138,-0.850644795,0.49218624,0.08837868
1764505186.4542737,-3.3572,0.39676,0.96138,-0.850644795,0.49218624,0.08837868
1764505186.4542737,-3.3572,0.39676,0.96138,-0.850644795,0.49218624,0.08837868
1764505186.4542737,-3.3572,0.39676,0.96138,-0.850644795,0.49218624,0.08837868
1764505186.4542737,-3.3572,0.39676,0.96138,-0.850644795,0.49218624,0.08837868
1764505186.4542737,-3.3572,0.39676,0.96138,-0.850644795,0.49218624,0.08837868
1764505186.4542737,-3.3572,0.39676,0.96138,-0.850644795,0.49218624,0.08837868
1764505186.4542737,-3.3572,0.39676,0.96138,-0.850644795,0.49218624,0.08837868
1764505186.455284,-3.3572,0.39676,0.96138,-0.850644795,0.49218624,0.08837868
1764505186.455284,-3.98286,1.43444,0.39676,-0.849424095,0.49169796,0.088683855
1764505186.455284,-3.98286,1.43444,0.39676,-0.849424095,0.49169796,0.088683855
1764505186.455284,-3.98286,1.43444,0.39676,-0.849424095,0.49169796,0.088683855
1764505186.455284,-3.98286,1.43444,0.39676,-0.849424095,0.49169796,0.088683855
1764505186.4985256,-3.98286,1.43444,0.39676,-0.849424095,0.49169796,0.088683855
1764505186.4985256,-3.98286,1.43444,0.39676,-0.849424095,0.49169796,0.088683855
1764505186.4985256,-3.98286,1.43444,0.39676,-0.849424095,0.49169796,0.088683855
1764505186.4985256,-3.98286,1.43444,0.39676,-0.849424095,0.49169796,0.088683855
1764505186.4985256,-3.98286,1.43444,0.39676,-0.849424095,0.49169796,0.088683855
1764505186.4985256,-3.98286,1.43444,0.39676,-0.849424095,0.49169796,0.088683855
1764505186.4985256,-4.15072,1.96854,1.17502,-0.85119411,0.49267452,0.08715798
1764505186.4985256,-4.15072,1.96854,1.17502,-0.85119411,0.49267452,0.08715798
1764505186.4985256,-4.15072,1.96854,1.17502,-0.85119411,0.49267452,0.08715798
1764505186.4985256,-4.15072,1.96854,1.17502,-0.85119411,0.49267452,0.08715798
1764505186.4985256,-4.15072,1.96854,1.17502,-0.85119411,0.49267452,0.08715798
1764505186.4985256,-4.15072,1.96854,1.17502,-0.85119411,0.49267452,0.08715798
1764505186.5000703,-4.15072,1.96854,1.17502,-0.85119411,0.49267452,0.08715798
1764505186.5000703,-4.15072,1.96854,1.17502,-0.85119411,0.49267452,0.08715798
1764505186.5000703,-4.15072,1.96854,1.17502,-0.85119411,0.49267452,0.08715798
1764505186.5000703,-4.15072,1.96854,1.17502,-0.85119411,0.49267452,0.08715798
1764505186.5000703,-3.60136,1.0682,1.35814,-0.853330335,0.494444535,0.08569314
1764505186.5000703,-3.60136,1.0682,1.35814,-0.853330335,0.494444535,0.08569314
1764505186.5000703,-3.60136,1.0682,1.35814,-0.853330335,0.494444535,0.08569314
1764505186.5000703,-3.60136,1.0682,1.35814,-0.853330335,0.494444535,0.08569314
1764505186.5000703,-3.60136,1.0682,1.35814,-0.853330335,0.494444535,0.08569314
1764505186.5000703,-3.60136,1.0682,1.35814,-0.853330335,0.494444535,0.08569314
1764505186.5495443,-3.60136,1.0682,1.35814,-0.853330335,0.494444535,0.08569314
1764505186.5495443,-3.60136,1.0682,1.35814,-0.853330335,0.494444535,0.08569314
1764505186.5495443,-3.60136,1.0682,1.35814,-0.853330335,0.494444535,0.08569314
1764505186.5495443,-3.60136,1.0682,1.35814,-0.853330335,0.494444535,0.08569314
1764505186.5495443,-4.51696,0.21364,0.6714399999999999,-0.853452405,0.49719111,0.085754175
1764505186.5495443,-4.51696,0.21364,0.6714399999999999,-0.853452405,0.49719111,0.085754175
1764505186.5495443,-4.51696,0.21364,0.6714399999999999,-0.853452405,0.49719111,0.085754175
1764505186.5495443,-4.51696,0.21364,0.6714399999999999,-0.853452405,0.49719111,0.085754175
1764505186.5495443,-4.51696,0.21364,0.6714399999999999,-0.853452405,0.49719111,0.085754175
1764505186.5495443,-4.51696,0.21364,0.6714399999999999,-0.853452405,0.49719111,0.085754175
1764505186.5495443,-4.51696,0.21364,0.6714399999999999,-0.853452405,0.49719111,0.085754175
1764505186.5495443,-4.51696,0.21364,0.6714399999999999,-0.853452405,0.49719111,0.085754175
1764505186.5495443,-4.51696,0.21364,0.6714399999999999,-0.853452405,0.49719111,0.085754175
1764505186.5495443,-4.51696,0.21364,0.6714399999999999,-0.853452405,0.49719111,0.085754175
1764505186.5495443,-4.8832,0.763,0.28994,-0.8514382500000001,0.497252145,0.084777615
1764505186.5495443,-4.8832,0.763,0.28994,-0.8514382500000001,0.497252145,0.084777615
1764505186.5495443,-4.8832,0.763,0.28994,-0.8514382500000001,0.497252145,0.084777615
1764505186.5495443,-4.8832,0.763,0.28994,-0.8514382500000001,0.497252145,0.084777615
1764505186.5495443,-4.8832,0.763,0.28994,-0.8514382500000001,0.497252145,0.084777615
1764505186.5495443,-4.8832,0.763,0.28994,-0.8514382500000001,0.497252145,0.084777615
1764505186.5495443,-4.8832,0.763,0.28994,-0.8514382500000001,0.497252145,0.084777615
1764505186.5495443,-4.8832,0.763,0.28994,-0.8514382500000001,0.497252145,0.084777615
1764505186.5940237,-4.8832,0.763,0.28994,-0.8514382500000001,0.497252145,0.084777615
1764505186.5940237,-4.8832,0.763,0.28994,-0.8514382500000001,0.497252145,0.084777615
1764505186.5940237,-4.79164,1.8312,0.8392999999999999,-0.8493630600000001,0.49536006,0.08471658
1764505186.5940237,-4.79164,1.8312,0.8392999999999999,-0.8493630600000001,0.49536006,0.08471658
1764505186.595039,-4.79164,1.8312,0.8392999999999999,-0.8493630600000001,0.49536006,0.08471658
1764505186.595039,-4.79164,1.8312,0.8392999999999999,-0.8493630600000001,0.49536006,0.08471658
1764505186.596025,-4.79164,1.8312,0.8392999999999999,-0.8493630600000001,0.49536006,0.08471658
1764505186.596025,-4.79164,1.8312,0.8392999999999999,-0.8493630600000001,0.49536006,0.08471658
1764505186.596025,-4.79164,1.8312,0.8392999999999999,-0.8493630600000001,0.49536006,0.08471658
1764505186.596025,-4.79164,1.8312,0.8392999999999999,-0.8493630600000001,0.49536006,0.08471658
1764505186.596025,-4.79164,1.8312,0.8392999999999999,-0.8493630600000001,0.49536006,0.08471658
1764505186.596025,-4.79164,1.8312,0.8392999999999999,-0.8493630600000001,0.49536006,0.08471658
1764505186.596025,-4.8832,1.93802,1.31236,-0.849302025,0.492735555,0.08496072
1764505186.596025,-4.8832,1.93802,1.31236,-0.849302025,0.492735555,0.08496072
1764505186.596025,-4.8832,1.93802,1.31236,-0.849302025,0.492735555,0.08496072
1764505186.596025,-4.8832,1.93802,1.31236,-0.849302025,0.492735555,0.08496072
1764505186.596025,-4.8832,1.93802,1.31236,-0.849302025,0.492735555,0.08496072
1764505186.596025,-4.8832,1.93802,1.31236,-0.849302025,0.492735555,0.08496072
1764505186.596025,-4.8832,1.93802,1.31236,-0.849302025,0.492735555,0.08496072
1764505186.596025,-4.8832,1.93802,1.31236,-0.849302025,0.492735555,0.08496072
1764505186.5970204,-4.8832,1.93802,1.31236,-0.849302025,0.492735555,0.08496072
1764505186.5970204,-4.8832,1.93802,1.31236,-0.849302025,0.492735555,0.08496072
1764505186.5970204,-4.577999999999999,1.69386,1.26658,-0.850034445,0.49182003,0.084411405
1764505186.5970204,-4.577999999999999,1.69386,1.26658,-0.850034445,0.49182003,0.084411405
1764505186.5970204,-4.577999999999999,1.69386,1.26658,-0.850034445,0.49182003,0.084411405
1764505186.5970204,-4.577999999999999,1.69386,1.26658,-0.850034445,0.49182003,0.084411405
1764505186.6431167,-4.577999999999999,1.69386,1.26658,-0.850034445,0.49182003,0.084411405
1764505186.6431167,-4.577999999999999,1.69386,1.26658,-0.850034445,0.49182003,0.084411405
1764505186.6431167,-4.577999999999999,1.69386,1.26658,-0.850034445,0.49182003,0.084411405
1764505186.6431167,-4.577999999999999,1.69386,1.26658,-0.850034445,0.49182003,0.084411405
1764505186.6431167,-4.577999999999999,1.69386,1.26658,-0.850034445,0.49182003,0.084411405
1764505186.6431167,-4.577999999999999,1.69386,1.26658,-0.850034445,0.49182003,0.084411405
1764505186.6431167,-4.08968,1.2055399999999998,1.4497,-0.850766865,0.491636925,0.08520486
1764505186.6431167,-4.08968,1.2055399999999998,1.4497,-0.850766865,0.491636925,0.08520486
1764505186.6431167,-4.08968,1.2055399999999998,1.4497,-0.850766865,0.491636925,0.08520486
1764505186.6431167,-4.08968,1.2055399999999998,1.4497,-0.850766865,0.491636925,0.08520486
1764505186.6431167,-4.08968,1.2055399999999998,1.4497,-0.850766865,0.491636925,0.08520486
1764505186.6431167,-4.08968,1.2055399999999998,1.4497,-0.850766865,0.491636925,0.08520486
1764505186.6437724,-4.08968,1.2055399999999998,1.4497,-0.850766865,0.491636925,0.08520486
1764505186.6437724,-4.08968,1.2055399999999998,1.4497,-0.850766865,0.491636925,0.08520486
1764505186.6437724,-4.08968,1.2055399999999998,1.4497,-0.850766865,0.491636925,0.08520486
1764505186.6437724,-4.08968,1.2055399999999998,1.4497,-0.850766865,0.491636925,0.08520486
1764505186.6437724,-3.17408,0.1525999999999999,1.526,-0.8524758450000001,0.49120968,0.08532693
1764505186.6447723,-3.17408,0.1525999999999999,1.526,-0.8524758450000001,0.49120968,0.08532693
1764505186.6447723,-3.17408,0.1525999999999999,1.526,-0.8524758450000001,0.49120968,0.08532693
1764505186.6447723,-3.17408,0.1525999999999999,1.526,-0.8524758450000001,0.49120968,0.08532693
1764505186.6447723,-3.17408,0.1525999999999999,1.526,-0.8524758450000001,0.49120968,0.08532693
1764505186.6447723,-3.17408,0.1525999999999999,1.526,-0.8524758450000001,0.49120968,0.08532693
1764505186.6888084,-3.17408,0.1525999999999999,1.526,-0.8524758450000001,0.49120968,0.08532693
1764505186.6888084,-3.17408,0.1525999999999999,1.526,-0.8524758450000001,0.49120968,0.08532693
1764505186.6888084,-3.17408,0.1525999999999999,1.526,-0.8524758450000001,0.49120968,0.08532693
1764505186.6888084,-3.17408,0.1525999999999999,1.526,-0.8524758450000001,0.49120968,0.08532693
1764505186.6898255,-1.41918,0.01526,2.47212,-0.852353775,0.49169796,0.08337381
1764505186.6898255,-1.41918,0.01526,2.47212,-0.852353775,0.49169796,0.08337381
1764505186.6898255,-1.41918,0.01526,2.47212,-0.852353775,0.49169796,0.08337381
1764505186.6898255,-1.41918,0.01526,2.47212,-0.852353775,0.49169796,0.08337381
1764505186.6898255,-1.41918,0.01526,2.47212,-0.852353775,0.49169796,0.08337381
1764505186.6898255,-1.41918,0.01526,2.47212,-0.852353775,0.49169796,0.08337381
1764505186.6898255,-1.41918,0.01526,2.47212,-0.852353775,0.49169796,0.08337381
1764505186.6898255,-1.41918,0.01526,2.47212,-0.852353775,0.49169796,0.08337381
1764505186.6898255,-1.41918,0.01526,2.47212,-0.852353775,0.49169796,0.08337381
1764505186.6898255,-1.41918,0.01526,2.47212,-0.852353775,0.49169796,0.08337381
1764505186.6898255,-0.3204599999999999,0.3204599999999999,2.31952,-0.8520486,0.493101765,0.08276346
1764505186.6898255,-0.3204599999999999,0.3204599999999999,2.31952,-0.8520486,0.493101765,0.08276346
1764505186.6898255,-0.3204599999999999,0.3204599999999999,2.31952,-0.8520486,0.493101765,0.08276346
1764505186.6898255,-0.3204599999999999,0.3204599999999999,2.31952,-0.8520486,0.493101765,0.08276346
1764505186.6898255,-0.3204599999999999,0.3204599999999999,2.31952,-0.8520486,0.493101765,0.08276346
1764505186.6898255,-0.3204599999999999,0.3204599999999999,2.31952,-0.8520486,0.493101765,0.08276346
1764505186.6898255,-0.3204599999999999,0.3204599999999999,2.31952,-0.8520486,0.493101765,0.08276346
1764505186.6898255,-0.3204599999999999,0.3204599999999999,2.31952,-0.8520486,0.493101765,0.08276346
1764505186.6898255,-0.3204599999999999,0.3204599999999999,2.31952,-0.8520486,0.493101765,0.08276346
1764505186.6898255,-0.3204599999999999,0.3204599999999999,2.31952,-0.8520486,0.493101765,0.08276346
1764505186.7360995,-0.25942,1.43444,2.22796,-0.85168239,0.49511592,0.083556915
1764505186.7360995,-0.25942,1.43444,2.22796,-0.85168239,0.49511592,0.083556915
1764505186.7360995,-0.25942,1.43444,2.22796,-0.85168239,0.49511592,0.083556915
1764505186.7360995,-0.25942,1.43444,2.22796,-0.85168239,0.49511592,0.083556915
1764505186.7360995,-0.25942,1.43444,2.22796,-0.85168239,0.49511592,0.083556915
1764505186.7360995,-0.25942,1.43444,2.22796,-0.85168239,0.49511592,0.083556915
1764505186.7360995,-0.25942,1.43444,2.22796,-0.85168239,0.49511592,0.083556915
1764505186.7360995,-0.25942,1.43444,2.22796,-0.85168239,0.49511592,0.083556915
1764505186.7360995,-0.25942,1.43444,2.22796,-0.85168239,0.49511592,0.083556915
1764505186.7360995,-0.25942,1.43444,2.22796,-0.85168239,0.49511592,0.083556915
1764505186.737718,-0.10682,1.93802,2.73154,-0.85119411,0.49499385,0.08532693
1764505186.737718,-0.10682,1.93802,2.73154,-0.85119411,0.49499385,0.08532693
1764505186.737718,-0.10682,1.93802,2.73154,-0.85119411,0.49499385,0.08532693
1764505186.737718,-0.10682,1.93802,2.73154,-0.85119411,0.49499385,0.08532693
1764505186.737718,-0.10682,1.93802,2.73154,-0.85119411,0.49499385,0.08532693
1764505186.737718,-0.10682,1.93802,2.73154,-0.85119411,0.49499385,0.08532693
1764505186.737718,-0.10682,1.93802,2.73154,-0.85119411,0.49499385,0.08532693
1764505186.737718,-0.10682,1.93802,2.73154,-0.85119411,0.49499385,0.08532693
1764505186.737718,-0.10682,1.93802,2.73154,-0.85119411,0.49499385,0.08532693
1764505186.737718,-0.10682,1.93802,2.73154,-0.85119411,0.49499385,0.08532693
1764505186.737718,1.6022999999999998,1.19028,4.91372,-0.8532693,0.493590045,0.08581521
1764505186.737718,1.6022999999999998,1.19028,4.91372,-0.8532693,0.493590045,0.08581521
1764505186.7825308,1.6022999999999998,1.19028,4.91372,-0.8532693,0.493590045,0.08581521
1764505186.7825308,1.6022999999999998,1.19028,4.91372,-0.8532693,0.493590045,0.08581521
1764505186.7825308,1.6022999999999998,1.19028,4.91372,-0.8532693,0.493590045,0.08581521
1764505186.7825308,1.6022999999999998,1.19028,4.91372,-0.8532693,0.493590045,0.08581521
1764505186.7825308,1.6022999999999998,1.19028,4.91372,-0.8532693,0.493590045,0.08581521
1764505186.7825308,1.6022999999999998,1.19028,4.91372,-0.8532693,0.493590045,0.08581521
1764505186.7825308,1.6022999999999998,1.19028,4.91372,-0.8532693,0.493590045,0.08581521
1764505186.7825308,1.6022999999999998,1.19028,4.91372,-0.8532693,0.493590045,0.08581521
1764505186.7825308,3.78448,1.2208,7.43162,-0.8556496650000001,0.491514855,0.08520486
1764505186.7825308,3.78448,1.2208,7.43162,-0.8556496650000001,0.491514855,0.08520486
1764505186.7825308,3.78448,1.2208,7.43162,-0.8556496650000001,0.491514855,0.08520486
1764505186.7825308,3.78448,1.2208,7.43162,-0.8556496650000001,0.491514855,0.08520486
1764505186.7825308,3.78448,1.2208,7.43162,-0.8556496650000001,0.491514855,0.08520486
1764505186.7825308,3.78448,1.2208,7.43162,-0.8556496650000001,0.491514855,0.08520486
1764505186.7825308,3.78448,1.2208,7.43162,-0.8556496650000001,0.491514855,0.08520486
1764505186.7840767,3.78448,1.2208,7.43162,-0.8556496650000001,0.491514855,0.08520486
1764505186.7840767,3.78448,1.2208,7.43162,-0.8556496650000001,0.491514855,0.08520486
1764505186.7840767,3.78448,1.2208,7.43162,-0.8556496650000001,0.491514855,0.08520486
1764505186.7840767,7.553699999999999,2.47212,10.36154,-0.85583277,0.486876195,0.084289335
1764505186.7840767,7.553699999999999,2.47212,10.36154,-0.85583277,0.486876195,0.084289335
1764505186.7840767,7.553699999999999,2.47212,10.36154,-0.85583277,0.486876195,0.084289335
1764505186.7840767,7.553699999999999,2.47212,10.36154,-0.85583277,0.486876195,0.084289335
1764505186.8282585,7.553699999999999,2.47212,10.36154,-0.85583277,0.486876195,0.084289335
1764505186.8282585,7.553699999999999,2.47212,10.36154,-0.85583277,0.486876195,0.084289335
1764505186.82926,7.553699999999999,2.47212,10.36154,-0.85583277,0.486876195,0.084289335
1764505186.82926,7.553699999999999,2.47212,10.36154,-0.85583277,0.486876195,0.084289335
1764505186.82926,7.553699999999999,2.47212,10.36154,-0.85583277,0.486876195,0.084289335
1764505186.82926,7.553699999999999,2.47212,10.36154,-0.85583277,0.486876195,0.084289335
1764505186.82926,10.3005,3.54032,12.10118,-0.854795175,0.48229857,0.08251932
1764505186.82926,10.3005,3.54032,12.10118,-0.854795175,0.48229857,0.08251932
1764505186.82926,10.3005,3.54032,12.10118,-0.854795175,0.48229857,0.08251932
1764505186.830254,10.3005,3.54032,12.10118,-0.854795175,0.48229857,0.08251932
1764505186.830254,10.3005,3.54032,12.10118,-0.854795175,0.48229857,0.08251932
1764505186.830254,10.3005,3.54032,12.10118,-0.854795175,0.48229857,0.08251932
1764505186.830254,10.3005,3.54032,12.10118,-0.854795175,0.48229857,0.08251932
1764505186.830254,10.3005,3.54032,12.10118,-0.854795175,0.48229857,0.08251932
1764505186.830254,10.3005,3.54032,12.10118,-0.854795175,0.48229857,0.08251932
1764505186.830254,10.3005,3.54032,12.10118,-0.854795175,0.48229857,0.08251932
1764505186.830254,12.00962,4.31858,12.5895,-0.85107204,0.47778198,0.08068827
1764505186.8312716,12.00962,4.31858,12.5895,-0.85107204,0.47778198,0.08068827
1764505186.8312716,12.00962,4.31858,12.5895,-0.85107204,0.47778198,0.08068827
1764505186.8312716,12.00962,4.31858,12.5895,-0.85107204,0.47778198,0.08068827
1764505186.8312716,12.00962,4.31858,12.5895,-0.85107204,0.47778198,0.08068827
1764505186.8312716,12.00962,4.31858,12.5895,-0.85107204,0.47778198,0.08068827
1764505186.8312716,12.00962,4.31858,12.5895,-0.85107204,0.47778198,0.08068827
1764505186.8312716,12.00962,4.31858,12.5895,-0.85107204,0.47778198,0.08068827
1764505186.875541,12.00962,4.31858,12.5895,-0.85107204,0.47778198,0.08068827
1764505186.875541,12.00962,4.31858,12.5895,-0.85107204,0.47778198,0.08068827
1764505186.875541,12.39112,5.27996,11.24662,-0.846250275,0.47717163,0.079284465
1764505186.875541,12.39112,5.27996,11.24662,-0.846250275,0.47717163,0.079284465
1764505186.875541,12.39112,5.27996,11.24662,-0.846250275,0.47717163,0.079284465
1764505186.875541,12.39112,5.27996,11.24662,-0.846250275,0.47717163,0.079284465
1764505186.875541,12.39112,5.27996,11.24662,-0.846250275,0.47717163,0.079284465
1764505186.875541,12.39112,5.27996,11.24662,-0.846250275,0.47717163,0.079284465
1764505186.875541,12.39112,5.27996,11.24662,-0.846250275,0.47717163,0.079284465
1764505186.875541,12.39112,5.27996,11.24662,-0.846250275,0.47717163,0.079284465
1764505186.875541,12.39112,5.27996,11.24662,-0.846250275,0.47717163,0.079284465
1764505186.875541,12.39112,5.27996,11.24662,-0.846250275,0.47717163,0.079284465
1764505186.875541,10.57518,4.68482,9.49172,-0.84277128,0.48156615,0.08129862
1764505186.875541,10.57518,4.68482,9.49172,-0.84277128,0.48156615,0.08129862
1764505186.875541,10.57518,4.68482,9.49172,-0.84277128,0.48156615,0.08129862
1764505186.875541,10.57518,4.68482,9.49172,-0.84277128,0.48156615,0.08129862
1764505186.875541,10.57518,4.68482,9.49172,-0.84277128,0.48156615,0.08129862
1764505186.875541,10.57518,4.68482,9.49172,-0.84277128,0.48156615,0.08129862
1764505186.875541,10.57518,4.68482,9.49172,-0.84277128,0.48156615,0.08129862
1764505186.875541,10.57518,4.68482,9.49172,-0.84277128,0.48156615,0.08129862
1764505186.875541,10.57518,4.68482,9.49172,-0.84277128,0.48156615,0.08129862
1764505186.875541,10.57518,4.68482,9.49172,-0.84277128,0.48156615,0.08129862
1764505186.876719,9.09496,2.63998,9.27808,-0.84264921,0.490050015,0.08581521
1764505186.876719,9.09496,2.63998,9.27808,-0.84264921,0.490050015,0.08581521
1764505186.9199543,9.09496,2.63998,9.27808,-0.84264921,0.490050015,0.08581521
1764505186.9199543,9.09496,2.63998,9.27808,-0.84264921,0.490050015,0.08581521
1764505186.9199543,9.09496,2.63998,9.27808,-0.84264921,0.490050015,0.08581521
1764505186.9199543,9.09496,2.63998,9.27808,-0.84264921,0.490050015,0.08581521
1764505186.9199543,9.09496,2.63998,9.27808,-0.84264921,0.490050015,0.08581521
1764505186.9199543,9.09496,2.63998,9.27808,-0.84264921,0.490050015,0.08581521
1764505186.9209807,9.09496,2.63998,9.27808,-0.84264921,0.490050015,0.08581521
1764505186.9209807,9.09496,2.63998,9.27808,-0.84264921,0.490050015,0.08581521
1764505186.9209807,6.5618,2.10588,8.51508,-0.84325956,0.500548035,0.087585225
1764505186.9209807,6.5618,2.10588,8.51508,-0.84325956,0.500548035,0.087585225
1764505186.9209807,6.5618,2.10588,8.51508,-0.84325956,0.500548035,0.087585225
1764505186.9209807,6.5618,2.10588,8.51508,-0.84325956,0.500548035,0.087585225
1764505186.9209807,6.5618,2.10588,8.51508,-0.84325956,0.500548035,0.087585225
1764505186.9209807,6.5618,2.10588,8.51508,-0.84325956,0.500548035,0.087585225
1764505186.9209807,6.5618,2.10588,8.51508,-0.84325956,0.500548035,0.087585225
1764505186.9209807,6.5618,2.10588,8.51508,-0.84325956,0.500548035,0.087585225
1764505186.9209807,6.5618,2.10588,8.51508,-0.84325956,0.500548035,0.087585225
1764505186.9209807,6.5618,2.10588,8.51508,-0.84325956,0.500548035,0.087585225
1764505186.921976,3.9676,1.54126,7.11116,-0.84240507,0.51244986,0.08679177
1764505186.921976,3.9676,1.54126,7.11116,-0.84240507,0.51244986,0.08679177
1764505186.921976,3.9676,1.54126,7.11116,-0.84240507,0.51244986,0.08679177
1764505186.921976,3.9676,1.54126,7.11116,-0.84240507,0.51244986,0.08679177
1764505186.921976,3.9676,1.54126,7.11116,-0.84240507,0.51244986,0.08679177
1764505186.921976,3.9676,1.54126,7.11116,-0.84240507,0.51244986,0.08679177
1764505186.9712715,3.9676,1.54126,7.11116,-0.84240507,0.51244986,0.08679177
1764505186.9712715,3.9676,1.54126,7.11116,-0.84240507,0.51244986,0.08679177
1764505186.9712715,3.9676,1.54126,7.11116,-0.84240507,0.51244986,0.08679177
1764505186.9727876,3.9676,1.54126,7.11116,-0.84240507,0.51244986,0.08679177
1764505186.9727876,0.94612,2.0601,5.32574,-0.840879195,0.52599963,0.083801055
1764505186.9727876,0.94612,2.0601,5.32574,-0.840879195,0.52599963,0.083801055
1764505186.9727876,0.94612,2.0601,5.32574,-0.840879195,0.52599963,0.083801055
1764505186.9727876,0.94612,2.0601,5.32574,-0.840879195,0.52599963,0.083801055
1764505186.9738104,0.94612,2.0601,5.32574,-0.840879195,0.52599963,0.083801055
1764505186.9738104,0.94612,2.0601,5.32574,-0.840879195,0.52599963,0.083801055
1764505186.9738104,0.94612,2.0601,5.32574,-0.840879195,0.52599963,0.083801055
1764505186.9738104,0.94612,2.0601,5.32574,-0.840879195,0.52599963,0.083801055
1764505186.9738104,0.94612,2.0601,5.32574,-0.840879195,0.52599963,0.083801055
1764505186.9738104,0.94612,2.0601,5.32574,-0.840879195,0.52599963,0.083801055
1764505186.9738104,-1.99906,1.92276,3.15882,-0.8372781300000001,0.53430039,0.079650675
1764505186.9738104,-1.99906,1.92276,3.15882,-0.8372781300000001,0.53430039,0.079650675
1764505186.9738104,-1.99906,1.92276,3.15882,-0.8372781300000001,0.53430039,0.079650675
1764505186.9738104,-1.99906,1.92276,3.15882,-0.8372781300000001,0.53430039,0.079650675
1764505186.9748025,-1.99906,1.92276,3.15882,-0.8372781300000001,0.53430039,0.079650675
1764505186.9748025,-1.99906,1.92276,3.15882,-0.8372781300000001,0.53430039,0.079650675
1764505186.9748025,-1.99906,1.92276,3.15882,-0.8372781300000001,0.53430039,0.079650675
1764505186.9748025,-1.99906,1.92276,3.15882,-0.8372781300000001,0.53430039,0.079650675
1764505186.9748025,-1.99906,1.92276,3.15882,-0.8372781300000001,0.53430039,0.079650675
1764505186.9748025,-1.99906,1.92276,3.15882,-0.8372781300000001,0.53430039,0.079650675
1764505187.0165408,-4.66956,2.56368,1.51074,-0.83324982,0.53881698,0.07604961
1764505187.0165408,-4.66956,2.56368,1.51074,-0.83324982,0.53881698,0.07604961
1764505187.0165408,-4.66956,2.56368,1.51074,-0.83324982,0.53881698,0.07604961
1764505187.0165408,-4.66956,2.56368,1.51074,-0.83324982,0.53881698,0.07604961
1764505187.0165408,-4.66956,2.56368,1.51074,-0.83324982,0.53881698,0.07604961
1764505187.0165408,-4.66956,2.56368,1.51074,-0.83324982,0.53881698,0.07604961
1764505187.0165408,-4.66956,2.56368,1.51074,-0.83324982,0.53881698,0.07604961
1764505187.0165408,-4.66956,2.56368,1.51074,-0.83324982,0.53881698,0.07604961
1764505187.0170512,-4.66956,2.56368,1.51074,-0.83324982,0.53881698,0.07604961
1764505187.0170512,-4.66956,2.56368,1.51074,-0.83324982,0.53881698,0.07604961
1764505187.0170512,-6.683879999999999,4.21176,0.10682,-0.827695635,0.540709065,0.073180965
1764505187.0170512,-6.683879999999999,4.21176,0.10682,-0.827695635,0.540709065,0.073180965
1764505187.0170512,-6.683879999999999,4.21176,0.10682,-0.827695635,0.540709065,0.073180965
1764505187.0170512,-6.683879999999999,4.21176,0.10682,-0.827695635,0.540709065,0.073180965
1764505187.0170512,-6.683879999999999,4.21176,0.10682,-0.827695635,0.540709065,0.073180965
1764505187.0170512,-6.683879999999999,4.21176,0.10682,-0.827695635,0.540709065,0.073180965
1764505187.0170512,-6.683879999999999,4.21176,0.10682,-0.827695635,0.540709065,0.073180965
1764505187.0170512,-6.683879999999999,4.21176,0.10682,-0.827695635,0.540709065,0.073180965
1764505187.0170512,-6.683879999999999,4.21176,0.10682,-0.827695635,0.540709065,0.073180965
1764505187.0170512,-6.683879999999999,4.21176,0.10682,-0.827695635,0.540709065,0.073180965
1764505187.0170512,-8.57612,7.15694,-0.74774,-0.825132165,0.53918319,0.070251285
1764505187.0170512,-8.57612,7.15694,-0.74774,-0.825132165,0.53918319,0.070251285
1764505187.061755,-8.57612,7.15694,-0.74774,-0.825132165,0.53918319,0.070251285
1764505187.061755,-8.57612,7.15694,-0.74774,-0.825132165,0.53918319,0.070251285
1764505187.061755,-8.57612,7.15694,-0.74774,-0.825132165,0.53918319,0.070251285
1764505187.061755,-8.57612,7.15694,-0.74774,-0.825132165,0.53918319,0.070251285
1764505187.061755,-8.57612,7.15694,-0.74774,-0.825132165,0.53918319,0.070251285
1764505187.061755,-8.57612,7.15694,-0.74774,-0.825132165,0.53918319,0.070251285
1764505187.061755,-8.57612,7.15694,-0.74774,-0.825132165,0.53918319,0.070251285
1764505187.061755,-8.57612,7.15694,-0.74774,-0.825132165,0.53918319,0.070251285
1764505187.061755,-11.00246,8.02676,1.2055399999999998,-0.8312967,0.538145595,0.065612625
1764505187.061755,-11.00246,8.02676,1.2055399999999998,-0.8312967,0.538145595,0.065612625
1764505187.061755,-11.00246,8.02676,1.2055399999999998,-0.8312967,0.538145595,0.065612625
1764505187.061755,-11.00246,8.02676,1.2055399999999998,-0.8312967,0.538145595,0.065612625
1764505187.061755,-11.00246,8.02676,1.2055399999999998,-0.8312967,0.538145595,0.065612625
1764505187.061755,-11.00246,8.02676,1.2055399999999998,-0.8312967,0.538145595,0.065612625
1764505187.061755,-11.00246,8.02676,1.2055399999999998,-0.8312967,0.538145595,0.065612625
1764505187.061755,-11.00246,8.02676,1.2055399999999998,-0.8312967,0.538145595,0.065612625
1764505187.061755,-11.00246,8.02676,1.2055399999999998,-0.8312967,0.538145595,0.065612625
1764505187.061755,-11.00246,8.02676,1.2055399999999998,-0.8312967,0.538145595,0.065612625
1764505187.061755,-15.67202,4.74586,1.57178,-0.84057402,0.535582125,0.06066879
1764505187.061755,-15.67202,4.74586,1.57178,-0.84057402,0.535582125,0.06066879
1764505187.061755,-15.67202,4.74586,1.57178,-0.84057402,0.535582125,0.06066879
1764505187.061755,-15.67202,4.74586,1.57178,-0.84057402,0.535582125,0.06066879
1764505187.1085896,-15.67202,4.74586,1.57178,-0.84057402,0.535582125,0.06066879
1764505187.1085896,-15.67202,4.74586,1.57178,-0.84057402,0.535582125,0.06066879
1764505187.1085896,-15.67202,4.74586,1.57178,-0.84057402,0.535582125,0.06066879
1764505187.1085896,-15.67202,4.74586,1.57178,-0.84057402,0.535582125,0.06066879
1764505187.1085896,-15.67202,4.74586,1.57178,-0.84057402,0.535582125,0.06066879
1764505187.1097057,-15.67202,4.74586,1.57178,-0.84057402,0.535582125,0.06066879
1764505187.1097057,-17.82368,3.60136,-0.25942,-0.84338163,0.526304805,0.06127914
1764505187.1097057,-17.82368,3.60136,-0.25942,-0.84338163,0.526304805,0.06127914
1764505187.1097057,-17.82368,3.60136,-0.25942,-0.84338163,0.526304805,0.06127914
1764505187.1097057,-17.82368,3.60136,-0.25942,-0.84338163,0.526304805,0.06127914
1764505187.1097057,-17.82368,3.60136,-0.25942,-0.84338163,0.526304805,0.06127914
1764505187.1097057,-17.82368,3.60136,-0.25942,-0.84338163,0.526304805,0.06127914
1764505187.1097057,-17.82368,3.60136,-0.25942,-0.84338163,0.526304805,0.06127914
1764505187.1097057,-17.82368,3.60136,-0.25942,-0.84338163,0.526304805,0.06127914
1764505187.1097057,-17.82368,3.60136,-0.25942,-0.84338163,0.526304805,0.06127914
1764505187.1097057,-17.82368,3.60136,-0.25942,-0.84338163,0.526304805,0.06127914
1764505187.1097057,-15.382079999999998,4.41014,-1.69386,-0.84496854,0.511168125,0.063049155
1764505187.1097057,-15.382079999999998,4.41014,-1.69386,-0.84496854,0.511168125,0.063049155
1764505187.1097057,-15.382079999999998,4.41014,-1.69386,-0.84496854,0.511168125,0.063049155
1764505187.1097057,-15.382079999999998,4.41014,-1.69386,-0.84496854,0.511168125,0.063049155
1764505187.1097057,-15.382079999999998,4.41014,-1.69386,-0.84496854,0.511168125,0.063049155
1764505187.1097057,-15.382079999999998,4.41014,-1.69386,-0.84496854,0.511168125,0.063049155
1764505187.1097057,-15.382079999999998,4.41014,-1.69386,-0.84496854,0.511168125,0.063049155
1764505187.1097057,-15.382079999999998,4.41014,-1.69386,-0.84496854,0.511168125,0.063049155
1764505187.1536283,-15.382079999999998,4.41014,-1.69386,-0.84496854,0.511168125,0.063049155
1764505187.1536283,-15.382079999999998,4.41014,-1.69386,-0.84496854,0.511168125,0.063049155
1764505187.1536283,-8.881319999999999,4.02864,-0.41202,-0.847593045,0.49694697,0.06335433
1764505187.1536283,-8.881319999999999,4.02864,-0.41202,-0.847593045,0.49694697,0.06335433
1764505187.1536283,-8.881319999999999,4.02864,-0.41202,-0.847593045,0.49694697,0.06335433
1764505187.1536283,-8.881319999999999,4.02864,-0.41202,-0.847593045,0.49694697,0.06335433
1764505187.1536283,-8.881319999999999,4.02864,-0.41202,-0.847593045,0.49694697,0.06335433
1764505187.1551895,-8.881319999999999,4.02864,-0.41202,-0.847593045,0.49694697,0.06335433
1764505187.1551895,-8.881319999999999,4.02864,-0.41202,-0.847593045,0.49694697,0.06335433
1764505187.1551895,-8.881319999999999,4.02864,-0.41202,-0.847593045,0.49694697,0.06335433
1764505187.1551895,-8.881319999999999,4.02864,-0.41202,-0.847593045,0.49694697,0.06335433
1764505187.1551895,-8.881319999999999,4.02864,-0.41202,-0.847593045,0.49694697,0.06335433
1764505187.1551895,-1.93802,1.69386,1.49548,-0.8483865,0.48998898,0.06262191
1764505187.1551895,-1.93802,1.69386,1.49548,-0.8483865,0.48998898,0.06262191
1764505187.1551895,-1.93802,1.69386,1.49548,-0.8483865,0.48998898,0.06262191
1764505187.1551895,-1.93802,1.69386,1.49548,-0.8483865,0.48998898,0.06262191
1764505187.1551895,-1.93802,1.69386,1.49548,-0.8483865,0.48998898,0.06262191
1764505187.1551895,-1.93802,1.69386,1.49548,-0.8483865,0.48998898,0.06262191
1764505187.1551895,-1.93802,1.69386,1.49548,-0.8483865,0.48998898,0.06262191
1764505187.1551895,-1.93802,1.69386,1.49548,-0.8483865,0.48998898,0.06262191
1764505187.1551895,-1.93802,1.69386,1.49548,-0.8483865,0.48998898,0.06262191
1764505187.1551895,-1.93802,1.69386,1.49548,-0.8483865,0.48998898,0.06262191
1764505187.1551895,3.55558,0.13734,0.7019599999999999,-0.849179955,0.492613485,0.060363615
1764505187.1551895,3.55558,0.13734,0.7019599999999999,-0.849179955,0.492613485,0.060363615
1764505187.2027776,3.55558,0.13734,0.7019599999999999,-0.849179955,0.492613485,0.060363615
1764505187.2027776,3.55558,0.13734,0.7019599999999999,-0.849179955,0.492613485,0.060363615
1764505187.2027776,3.55558,0.13734,0.7019599999999999,-0.849179955,0.492613485,0.060363615
1764505187.2027776,3.55558,0.13734,0.7019599999999999,-0.849179955,0.492613485,0.060363615
1764505187.2027776,3.55558,0.13734,0.7019599999999999,-0.849179955,0.492613485,0.060363615
1764505187.2027776,3.55558,0.13734,0.7019599999999999,-0.849179955,0.492613485,0.060363615
1764505187.2027776,3.55558,0.13734,0.7019599999999999,-0.849179955,0.492613485,0.060363615
1764505187.2027776,3.55558,0.13734,0.7019599999999999,-0.849179955,0.492613485,0.060363615
1764505187.2027776,5.93614,-1.48022,0.48832,-0.846860625,0.499815615,0.060241545
1764505187.2027776,5.93614,-1.48022,0.48832,-0.846860625,0.499815615,0.060241545
1764505187.2037952,5.93614,-1.48022,0.48832,-0.846860625,0.499815615,0.060241545
1764505187.2037952,5.93614,-1.48022,0.48832,-0.846860625,0.499815615,0.060241545
1764505187.2037952,5.93614,-1.48022,0.48832,-0.846860625,0.499815615,0.060241545
1764505187.2037952,5.93614,-1.48022,0.48832,-0.846860625,0.499815615,0.060241545
1764505187.2037952,5.93614,-1.48022,0.48832,-0.846860625,0.499815615,0.060241545
1764505187.2037952,5.93614,-1.48022,0.48832,-0.846860625,0.499815615,0.060241545
1764505187.2037952,5.93614,-1.48022,0.48832,-0.846860625,0.499815615,0.060241545
1764505187.2037952,5.93614,-1.48022,0.48832,-0.846860625,0.499815615,0.060241545
1764505187.2037952,4.1965,-1.09872,0.3815,-0.84191679,0.507872235,0.061035
1764505187.2037952,4.1965,-1.09872,0.3815,-0.84191679,0.507872235,0.061035
1764505187.2047894,4.1965,-1.09872,0.3815,-0.84191679,0.507872235,0.061035
1764505187.2047894,4.1965,-1.09872,0.3815,-0.84191679,0.507872235,0.061035
1764505187.2047894,4.1965,-1.09872,0.3815,-0.84191679,0.507872235,0.061035
1764505187.2047894,4.1965,-1.09872,0.3815,-0.84191679,0.507872235,0.061035
1764505187.248838,4.1965,-1.09872,0.3815,-0.84191679,0.507872235,0.061035
1764505187.248838,4.1965,-1.09872,0.3815,-0.84191679,0.507872235,0.061035
1764505187.248838,4.1965,-1.09872,0.3815,-0.84191679,0.507872235,0.061035
1764505187.2493792,4.1965,-1.09872,0.3815,-0.84191679,0.507872235,0.061035
1764505187.2493792,1.05294,0.2289,1.54126,-0.83959746,0.515196435,0.06286605
1764505187.2493792,1.05294,0.2289,1.54126,-0.83959746,0.515196435,0.06286605
1764505187.2493792,1.05294,0.2289,1.54126,-0.83959746,0.515196435,0.06286605
1764505187.2493792,1.05294,0.2289,1.54126,-0.83959746,0.515196435,0.06286605
1764505187.2493792,1.05294,0.2289,1.54126,-0.83959746,0.515196435,0.06286605
1764505187.2493792,1.05294,0.2289,1.54126,-0.83959746,0.515196435,0.06286605
1764505187.2493792,1.05294,0.2289,1.54126,-0.83959746,0.515196435,0.06286605
1764505187.2493792,1.05294,0.2289,1.54126,-0.83959746,0.515196435,0.06286605
1764505187.2493792,1.05294,0.2289,1.54126,-0.83959746,0.515196435,0.06286605
1764505187.2493792,1.05294,0.2289,1.54126,-0.83959746,0.515196435,0.06286605
1764505187.2493792,-0.9919,-0.57988,1.84646,-0.842466105,0.519468885,0.065612625
1764505187.2493792,-0.9919,-0.57988,1.84646,-0.842466105,0.519468885,0.065612625
1764505187.2493792,-0.9919,-0.57988,1.84646,-0.842466105,0.519468885,0.065612625
1764505187.2493792,-0.9919,-0.57988,1.84646,-0.842466105,0.519468885,0.065612625
1764505187.2493792,-0.9919,-0.57988,1.84646,-0.842466105,0.519468885,0.065612625
1764505187.2493792,-0.9919,-0.57988,1.84646,-0.842466105,0.519468885,0.065612625
1764505187.2493792,-0.9919,-0.57988,1.84646,-0.842466105,0.519468885,0.065612625
1764505187.2493792,-0.9919,-0.57988,1.84646,-0.842466105,0.519468885,0.065612625
1764505187.2925403,-0.9919,-0.57988,1.84646,-0.842466105,0.519468885,0.065612625
1764505187.293052,-0.9919,-0.57988,1.84646,-0.842466105,0.519468885,0.065612625
1764505187.293052,-3.93708,-1.00716,0.85456,-0.84521268,0.52233753,0.069518865
1764505187.293052,-3.93708,-1.00716,0.85456,-0.84521268,0.52233753,0.069518865
1764505187.293052,-3.93708,-1.00716,0.85456,-0.84521268,0.52233753,0.069518865
1764505187.293052,-3.93708,-1.00716,0.85456,-0.84521268,0.52233753,0.069518865
1764505187.293052,-3.93708,-1.00716,0.85456,-0.84521268,0.52233753,0.069518865
1764505187.293052,-3.93708,-1.00716,0.85456,-0.84521268,0.52233753,0.069518865
1764505187.293052,-3.93708,-1.00716,0.85456,-0.84521268,0.52233753,0.069518865
1764505187.293052,-3.93708,-1.00716,0.85456,-0.84521268,0.52233753,0.069518865
1764505187.293052,-3.93708,-1.00716,0.85456,-0.84521268,0.52233753,0.069518865
1764505187.293052,-3.93708,-1.00716,0.85456,-0.84521268,0.52233753,0.069518865
1764505187.293052,-6.3329,-0.77826,-1.35814,-0.84386991,0.52160511,0.071838195
1764505187.293052,-6.3329,-0.77826,-1.35814,-0.84386991,0.52160511,0.071838195
1764505187.293052,-6.3329,-0.77826,-1.35814,-0.84386991,0.52160511,0.071838195
1764505187.293052,-6.3329,-0.77826,-1.35814,-0.84386991,0.52160511,0.071838195
1764505187.293052,-6.3329,-0.77826,-1.35814,-0.84386991,0.52160511,0.071838195
1764505187.293052,-6.3329,-0.77826,-1.35814,-0.84386991,0.52160511,0.071838195
1764505187.293052,-6.3329,-0.77826,-1.35814,-0.84386991,0.52160511,0.071838195
1764505187.293052,-6.3329,-0.77826,-1.35814,-0.84386991,0.52160511,0.071838195
1764505187.293052,-6.3329,-0.77826,-1.35814,-0.84386991,0.52160511,0.071838195
1764505187.293052,-6.3329,-0.77826,-1.35814,-0.84386991,0.52160511,0.071838195
1764505187.293052,-6.91278,0.62566,-1.86172,-0.84216093,0.5191637100000001,0.072570615
1764505187.293052,-6.91278,0.62566,-1.86172,-0.84216093,0.5191637100000001,0.072570615
1764505187.3406634,-6.91278,0.62566,-1.86172,-0.84216093,0.5191637100000001,0.072570615
1764505187.3406634,-6.91278,0.62566,-1.86172,-0.84216093,0.5191637100000001,0.072570615
1764505187.3406634,-6.91278,0.62566,-1.86172,-0.84216093,0.5191637100000001,0.072570615
1764505187.3411784,-6.91278,0.62566,-1.86172,-0.84216093,0.5191637100000001,0.072570615
1764505187.3411784,-6.91278,0.62566,-1.86172,-0.84216093,0.5191637100000001,0.072570615
1764505187.3411784,-6.91278,0.62566,-1.86172,-0.84216093,0.5191637100000001,0.072570615
1764505187.3411784,-6.91278,0.62566,-1.86172,-0.84216093,0.5191637100000001,0.072570615
1764505187.3411784,-6.91278,0.62566,-1.86172,-0.84216093,0.5191637100000001,0.072570615
1764505187.3411784,-6.21082,0.06104,-0.3204599999999999,-0.841367475,0.51574575,0.07189923
1764505187.3411784,-6.21082,0.06104,-0.3204599999999999,-0.841367475,0.51574575,0.07189923
1764505187.3411784,-6.21082,0.06104,-0.3204599999999999,-0.841367475,0.51574575,0.07189923
1764505187.3411784,-6.21082,0.06104,-0.3204599999999999,-0.841367475,0.51574575,0.07189923
1764505187.3411784,-6.21082,0.06104,-0.3204599999999999,-0.841367475,0.51574575,0.07189923
1764505187.3411784,-6.21082,0.06104,-0.3204599999999999,-0.841367475,0.51574575,0.07189923
1764505187.3411784,-6.21082,0.06104,-0.3204599999999999,-0.841367475,0.51574575,0.07189923
1764505187.3411784,-6.21082,0.06104,-0.3204599999999999,-0.841367475,0.51574575,0.07189923
1764505187.3411784,-6.21082,0.06104,-0.3204599999999999,-0.841367475,0.51574575,0.07189923
1764505187.3411784,-6.21082,0.06104,-0.3204599999999999,-0.841367475,0.51574575,0.07189923
1764505187.3411784,-5.21892,-0.73248,0.73248,-0.84020781,0.51196158,0.072204405
1764505187.3411784,-5.21892,-0.73248,0.73248,-0.84020781,0.51196158,0.072204405
1764505187.3411784,-5.21892,-0.73248,0.73248,-0.84020781,0.51196158,0.072204405
1764505187.3411784,-5.21892,-0.73248,0.73248,-0.84020781,0.51196158,0.072204405
1764505187.3879435,-5.21892,-0.73248,0.73248,-0.84020781,0.51196158,0.072204405
1764505187.3879435,-5.21892,-0.73248,0.73248,-0.84020781,0.51196158,0.072204405
1764505187.3879435,-5.21892,-0.73248,0.73248,-0.84020781,0.51196158,0.072204405
1764505187.3879435,-5.21892,-0.73248,0.73248,-0.84020781,0.51196158,0.072204405
1764505187.3879435,-5.21892,-0.73248,0.73248,-0.84020781,0.51196158,0.072204405
1764505187.3879435,-5.21892,-0.73248,0.73248,-0.84020781,0.51196158,0.072204405
1764505187.3889637,-4.822159999999999,-0.27468,-0.12208,-0.84069609,0.50976432,0.073303035
1764505187.3889637,-4.822159999999999,-0.27468,-0.12208,-0.84069609,0.50976432,0.073303035
1764505187.3889637,-4.822159999999999,-0.27468,-0.12208,-0.84069609,0.50976432,0.073303035
1764505187.3889637,-4.822159999999999,-0.27468,-0.12208,-0.84069609,0.50976432,0.073303035
1764505187.3889637,-4.822159999999999,-0.27468,-0.12208,-0.84069609,0.50976432,0.073303035
1764505187.3889637,-4.822159999999999,-0.27468,-0.12208,-0.84069609,0.50976432,0.073303035
1764505187.3889637,-4.822159999999999,-0.27468,-0.12208,-0.84069609,0.50976432,0.073303035
1764505187.3889637,-4.822159999999999,-0.27468,-0.12208,-0.84069609,0.50976432,0.073303035
1764505187.3889637,-4.822159999999999,-0.27468,-0.12208,-0.84069609,0.50976432,0.073303035
1764505187.3889637,-4.822159999999999,-0.27468,-0.12208,-0.84069609,0.50976432,0.073303035
1764505187.3894796,-3.8913,-0.77826,-0.59514,-0.841977825,0.508238445,0.074157525
1764505187.3894796,-3.8913,-0.77826,-0.59514,-0.841977825,0.508238445,0.074157525
1764505187.3894796,-3.8913,-0.77826,-0.59514,-0.841977825,0.508238445,0.074157525
1764505187.3894796,-3.8913,-0.77826,-0.59514,-0.841977825,0.508238445,0.074157525
1764505187.3894796,-3.8913,-0.77826,-0.59514,-0.841977825,0.508238445,0.074157525
1764505187.3894796,-3.8913,-0.77826,-0.59514,-0.841977825,0.508238445,0.074157525
1764505187.3894796,-3.8913,-0.77826,-0.59514,-0.841977825,0.508238445,0.074157525
1764505187.3894796,-3.8913,-0.77826,-0.59514,-0.841977825,0.508238445,0.074157525
1764505187.3894796,-3.8913,-0.77826,-0.59514,-0.841977825,0.508238445,0.074157525
1764505187.3894796,-3.8913,-0.77826,-0.59514,-0.841977825,0.508238445,0.074157525
1764505187.4377158,-2.41108,-1.17502,0.18312,-0.841977825,0.507994305,0.073303035
1764505187.4377158,-2.41108,-1.17502,0.18312,-0.841977825,0.507994305,0.073303035
1764505187.4377158,-2.41108,-1.17502,0.18312,-0.841977825,0.507994305,0.073303035
1764505187.438267,-2.41108,-1.17502,0.18312,-0.841977825,0.507994305,0.073303035
1764505187.438267,-2.41108,-1.17502,0.18312,-0.841977825,0.507994305,0.073303035
1764505187.438267,-2.41108,-1.17502,0.18312,-0.841977825,0.507994305,0.073303035
1764505187.438267,-2.41108,-1.17502,0.18312,-0.841977825,0.507994305,0.073303035
1764505187.438267,-2.41108,-1.17502,0.18312,-0.841977825,0.507994305,0.073303035
1764505187.438267,-2.41108,-1.17502,0.18312,-0.841977825,0.507994305,0.073303035
1764505187.438267,-2.41108,-1.17502,0.18312,-0.841977825,0.507994305,0.073303035
1764505187.438267,-1.84646,-0.6103999999999999,0.57988,-0.841733685,0.509092935,0.07141095
1764505187.438267,-1.84646,-0.6103999999999999,0.57988,-0.841733685,0.509092935,0.07141095
1764505187.438267,-1.84646,-0.6103999999999999,0.57988,-0.841733685,0.509092935,0.07141095
1764505187.438267,-1.84646,-0.6103999999999999,0.57988,-0.841733685,0.509092935,0.07141095
1764505187.438267,-1.84646,-0.6103999999999999,0.57988,-0.841733685,0.509092935,0.07141095
1764505187.438267,-1.84646,-0.6103999999999999,0.57988,-0.841733685,0.509092935,0.07141095
1764505187.438267,-1.84646,-0.6103999999999999,0.57988,-0.841733685,0.509092935,0.07141095
1764505187.438267,-1.84646,-0.6103999999999999,0.57988,-0.841733685,0.509092935,0.07141095
1764505187.438267,-1.84646,-0.6103999999999999,0.57988,-0.841733685,0.509092935,0.07141095
1764505187.438267,-1.84646,-0.6103999999999999,0.57988,-0.841733685,0.509092935,0.07141095
1764505187.438267,-2.57894,-0.8698199999999999,0.1678599999999999,-0.84167265,0.51061881,0.07067853
1764505187.438267,-2.57894,-0.8698199999999999,0.1678599999999999,-0.84167265,0.51061881,0.07067853
1764505187.4826226,-2.57894,-0.8698199999999999,0.1678599999999999,-0.84167265,0.51061881,0.07067853
1764505187.4826226,-2.57894,-0.8698199999999999,0.1678599999999999,-0.84167265,0.51061881,0.07067853
1764505187.4826226,-2.57894,-0.8698199999999999,0.1678599999999999,-0.84167265,0.51061881,0.07067853
1764505187.4826226,-2.57894,-0.8698199999999999,0.1678599999999999,-0.84167265,0.51061881,0.07067853
1764505187.4826226,-2.57894,-0.8698199999999999,0.1678599999999999,-0.84167265,0.51061881,0.07067853
1764505187.4826226,-2.57894,-0.8698199999999999,0.1678599999999999,-0.84167265,0.51061881,0.07067853
1764505187.4826226,-2.57894,-0.8698199999999999,0.1678599999999999,-0.84167265,0.51061881,0.07067853
1764505187.4826226,-2.57894,-0.8698199999999999,0.1678599999999999,-0.84167265,0.51061881,0.07067853
1764505187.4826226,-3.3572,0.5341,-0.12208,-0.83898711,0.510923985,0.0720213
1764505187.4826226,-3.3572,0.5341,-0.12208,-0.83898711,0.510923985,0.0720213
1764505187.48364,-3.3572,0.5341,-0.12208,-0.83898711,0.510923985,0.0720213
1764505187.48364,-3.3572,0.5341,-0.12208,-0.83898711,0.510923985,0.0720213
1764505187.48364,-3.3572,0.5341,-0.12208,-0.83898711,0.510923985,0.0720213
1764505187.48364,-3.3572,0.5341,-0.12208,-0.83898711,0.510923985,0.0720213
1764505187.48364,-3.3572,0.5341,-0.12208,-0.83898711,0.510923985,0.0720213
1764505187.48364,-3.3572,0.5341,-0.12208,-0.83898711,0.510923985,0.0720213
1764505187.48364,-3.3572,0.5341,-0.12208,-0.83898711,0.510923985,0.0720213
1764505187.48364,-3.3572,0.5341,-0.12208,-0.83898711,0.510923985,0.0720213
1764505187.48364,-3.44876,0.93086,0.51884,-0.83923125,0.510069495,0.07311993
1764505187.48364,-3.44876,0.93086,0.51884,-0.83923125,0.510069495,0.07311993
1764505187.48364,-3.44876,0.93086,0.51884,-0.83923125,0.510069495,0.07311993
1764505187.48364,-3.44876,0.93086,0.51884,-0.83923125,0.510069495,0.07311993
1764505187.48364,-3.44876,0.93086,0.51884,-0.83923125,0.510069495,0.07311993
1764505187.48364,-3.44876,0.93086,0.51884,-0.83923125,0.510069495,0.07311993
1764505187.53102,-3.44876,0.93086,0.51884,-0.83923125,0.510069495,0.07311993
1764505187.53102,-3.44876,0.93086,0.51884,-0.83923125,0.510069495,0.07311993
1764505187.53102,-3.44876,0.93086,0.51884,-0.83923125,0.510069495,0.07311993
1764505187.53102,-3.44876,0.93086,0.51884,-0.83923125,0.510069495,0.07311993
1764505187.53102,-3.34194,0.5341,0.9003399999999999,-0.840757125,0.50915397,0.07299786
1764505187.53102,-3.34194,0.5341,0.9003399999999999,-0.840757125,0.50915397,0.07299786
1764505187.53102,-3.34194,0.5341,0.9003399999999999,-0.840757125,0.50915397,0.07299786
1764505187.53102,-3.34194,0.5341,0.9003399999999999,-0.840757125,0.50915397,0.07299786
1764505187.53102,-3.34194,0.5341,0.9003399999999999,-0.840757125,0.50915397,0.07299786
1764505187.53102,-3.34194,0.5341,0.9003399999999999,-0.840757125,0.50915397,0.07299786
1764505187.532553,-3.34194,0.5341,0.9003399999999999,-0.840757125,0.50915397,0.07299786
1764505187.532553,-3.34194,0.5341,0.9003399999999999,-0.840757125,0.50915397,0.07299786
1764505187.532553,-3.34194,0.5341,0.9003399999999999,-0.840757125,0.50915397,0.07299786
1764505187.532553,-3.34194,0.5341,0.9003399999999999,-0.840757125,0.50915397,0.07299786
1764505187.533567,-3.5861,-0.19838,0.74774,-0.841611615,0.50952018,0.07214337
1764505187.533567,-3.5861,-0.19838,0.74774,-0.841611615,0.50952018,0.07214337
1764505187.534068,-3.5861,-0.19838,0.74774,-0.841611615,0.50952018,0.07214337
1764505187.534068,-3.5861,-0.19838,0.74774,-0.841611615,0.50952018,0.07214337
1764505187.534068,-3.5861,-0.19838,0.74774,-0.841611615,0.50952018,0.07214337
1764505187.534068,-3.5861,-0.19838,0.74774,-0.841611615,0.50952018,0.07214337
1764505187.534068,-3.5861,-0.19838,0.74774,-0.841611615,0.50952018,0.07214337
1764505187.5350778,-3.5861,-0.19838,0.74774,-0.841611615,0.50952018,0.07214337
1764505187.5350778,-3.5861,-0.19838,0.74774,-0.841611615,0.50952018,0.07214337
1764505187.5350778,-3.5861,-0.19838,0.74774,-0.841611615,0.50952018,0.07214337
1764505187.576572,-3.2809,0.42728,0.42728,-0.842466105,0.510191565,0.07287579
1764505187.576572,-3.2809,0.42728,0.42728,-0.842466105,0.510191565,0.07287579
1764505187.576572,-3.2809,0.42728,0.42728,-0.842466105,0.510191565,0.07287579
1764505187.576572,-3.2809,0.42728,0.42728,-0.842466105,0.510191565,0.07287579
1764505187.576572,-3.2809,0.42728,0.42728,-0.842466105,0.510191565,0.07287579
1764505187.576572,-3.2809,0.42728,0.42728,-0.842466105,0.510191565,0.07287579
1764505187.576572,-3.2809,0.42728,0.42728,-0.842466105,0.510191565,0.07287579
1764505187.576572,-3.2809,0.42728,0.42728,-0.842466105,0.510191565,0.07287579
1764505187.576572,-3.2809,0.42728,0.42728,-0.842466105,0.510191565,0.07287579
1764505187.576572,-3.2809,0.42728,0.42728,-0.842466105,0.510191565,0.07287579
1764505187.576572,-3.38772,1.41918,0.27468,-0.842283,0.51049674,0.074035455
1764505187.576572,-3.38772,1.41918,0.27468,-0.842283,0.51049674,0.074035455
1764505187.5775716,-3.38772,1.41918,0.27468,-0.842283,0.51049674,0.074035455
1764505187.5775716,-3.38772,1.41918,0.27468,-0.842283,0.51049674,0.074035455
1764505187.5775716,-3.38772,1.41918,0.27468,-0.842283,0.51049674,0.074035455
1764505187.5775716,-3.38772,1.41918,0.27468,-0.842283,0.51049674,0.074035455
1764505187.5775716,-3.38772,1.41918,0.27468,-0.842283,0.51049674,0.074035455
1764505187.5775716,-3.38772,1.41918,0.27468,-0.842283,0.51049674,0.074035455
1764505187.5775716,-3.38772,1.41918,0.27468,-0.842283,0.51049674,0.074035455
1764505187.5775716,-3.38772,1.41918,0.27468,-0.842283,0.51049674,0.074035455
1764505187.5775716,-4.37962,1.58704,0.6867,-0.84313749,0.5123277900000001,0.07458477
1764505187.5775716,-4.37962,1.58704,0.6867,-0.84313749,0.5123277900000001,0.07458477
1764505187.6216202,-4.37962,1.58704,0.6867,-0.84313749,0.5123277900000001,0.07458477
1764505187.6216202,-4.37962,1.58704,0.6867,-0.84313749,0.5123277900000001,0.07458477
1764505187.6216202,-4.37962,1.58704,0.6867,-0.84313749,0.5123277900000001,0.07458477
1764505187.6216202,-4.37962,1.58704,0.6867,-0.84313749,0.5123277900000001,0.07458477
1764505187.6216202,-4.37962,1.58704,0.6867,-0.84313749,0.5123277900000001,0.07458477
1764505187.6216202,-4.37962,1.58704,0.6867,-0.84313749,0.5123277900000001,0.07458477
1764505187.6216202,-4.37962,1.58704,0.6867,-0.84313749,0.5123277900000001,0.07458477
1764505187.6226358,-4.37962,1.58704,0.6867,-0.84313749,0.5123277900000001,0.07458477
1764505187.6226358,-5.44782,2.2127,0.25942,-0.844663365,0.516050925,0.073547175
1764505187.6226358,-5.44782,2.2127,0.25942,-0.844663365,0.516050925,0.073547175
1764505187.6226358,-5.44782,2.2127,0.25942,-0.844663365,0.516050925,0.073547175
1764505187.6226358,-5.44782,2.2127,0.25942,-0.844663365,0.516050925,0.073547175
1764505187.6226358,-5.44782,2.2127,0.25942,-0.844663365,0.516050925,0.073547175
1764505187.6226358,-5.44782,2.2127,0.25942,-0.844663365,0.516050925,0.073547175
1764505187.6226358,-5.44782,2.2127,0.25942,-0.844663365,0.516050925,0.073547175
1764505187.6226358,-5.44782,2.2127,0.25942,-0.844663365,0.516050925,0.073547175
1764505187.6226358,-5.44782,2.2127,0.25942,-0.844663365,0.516050925,0.073547175
1764505187.62369,-5.44782,2.2127,0.25942,-0.844663365,0.516050925,0.073547175
1764505187.62369,-7.4011,2.39582,-0.6103999999999999,-0.84423612,0.519590955,0.07250958
1764505187.62369,-7.4011,2.39582,-0.6103999999999999,-0.84423612,0.519590955,0.07250958
1764505187.62369,-7.4011,2.39582,-0.6103999999999999,-0.84423612,0.519590955,0.07250958
1764505187.62369,-7.4011,2.39582,-0.6103999999999999,-0.84423612,0.519590955,0.07250958
1764505187.62369,-7.4011,2.39582,-0.6103999999999999,-0.84423612,0.519590955,0.07250958
1764505187.62369,-7.4011,2.39582,-0.6103999999999999,-0.84423612,0.519590955,0.07250958
1764505187.6675484,-7.4011,2.39582,-0.6103999999999999,-0.84423612,0.519590955,0.07250958
1764505187.6675484,-7.4011,2.39582,-0.6103999999999999,-0.84423612,0.519590955,0.07250958
1764505187.6675484,-7.4011,2.39582,-0.6103999999999999,-0.84423612,0.519590955,0.07250958
1764505187.6675484,-7.4011,2.39582,-0.6103999999999999,-0.84423612,0.519590955,0.07250958
1764505187.6675484,-8.89658,2.01432,-1.43444,-0.8420388600000001,0.5191637100000001,0.07287579
1764505187.6675484,-8.89658,2.01432,-1.43444,-0.8420388600000001,0.5191637100000001,0.07287579
1764505187.6675484,-8.89658,2.01432,-1.43444,-0.8420388600000001,0.5191637100000001,0.07287579
1764505187.6675484,-8.89658,2.01432,-1.43444,-0.8420388600000001,0.5191637100000001,0.07287579
1764505187.6675484,-8.89658,2.01432,-1.43444,-0.8420388600000001,0.5191637100000001,0.07287579
1764505187.6675484,-8.89658,2.01432,-1.43444,-0.8420388600000001,0.5191637100000001,0.07287579
1764505187.6687334,-8.89658,2.01432,-1.43444,-0.8420388600000001,0.5191637100000001,0.07287579
1764505187.6687334,-8.89658,2.01432,-1.43444,-0.8420388600000001,0.5191637100000001,0.07287579
1764505187.6687334,-8.89658,2.01432,-1.43444,-0.8420388600000001,0.5191637100000001,0.07287579
1764505187.6687334,-8.89658,2.01432,-1.43444,-0.8420388600000001,0.5191637100000001,0.07287579
1764505187.6687334,-8.28618,1.72438,-1.4497,-0.83971953,0.51415884,0.07397442
1764505187.6687334,-8.28618,1.72438,-1.4497,-0.83971953,0.51415884,0.07397442
1764505187.6687334,-8.28618,1.72438,-1.4497,-0.83971953,0.51415884,0.07397442
1764505187.6687334,-8.28618,1.72438,-1.4497,-0.83971953,0.51415884,0.07397442
1764505187.6687334,-8.28618,1.72438,-1.4497,-0.83971953,0.51415884,0.07397442
1764505187.6687334,-8.28618,1.72438,-1.4497,-0.83971953,0.51415884,0.07397442
1764505187.6687334,-8.28618,1.72438,-1.4497,-0.83971953,0.51415884,0.07397442
1764505187.6687334,-8.28618,1.72438,-1.4497,-0.83971953,0.51415884,0.07397442
1764505187.716574,-8.28618,1.72438,-1.4497,-0.83971953,0.51415884,0.07397442
1764505187.716574,-8.28618,1.72438,-1.4497,-0.83971953,0.51415884,0.07397442
1764505187.716574,-6.4855,2.38056,-0.44254,-0.837339165,0.50829948,0.07495098
1764505187.716574,-6.4855,2.38056,-0.44254,-0.837339165,0.50829948,0.07495098
1764505187.716574,-6.4855,2.38056,-0.44254,-0.837339165,0.50829948,0.07495098
1764505187.716574,-6.4855,2.38056,-0.44254,-0.837339165,0.50829948,0.07495098
1764505187.716574,-6.4855,2.38056,-0.44254,-0.837339165,0.50829948,0.07495098
1764505187.7175837,-6.4855,2.38056,-0.44254,-0.837339165,0.50829948,0.07495098
1764505187.7175837,-6.4855,2.38056,-0.44254,-0.837339165,0.50829948,0.07495098
1764505187.7175837,-6.4855,2.38056,-0.44254,-0.837339165,0.50829948,0.07495098
1764505187.7175837,-6.4855,2.38056,-0.44254,-0.837339165,0.50829948,0.07495098
1764505187.7175837,-6.4855,2.38056,-0.44254,-0.837339165,0.50829948,0.07495098
1764505187.7175837,-5.234179999999999,1.87698,0.51884,-0.8367898500000001,0.50683464,0.07373028
1764505187.7175837,-5.234179999999999,1.87698,0.51884,-0.8367898500000001,0.50683464,0.07373028
1764505187.7185855,-5.234179999999999,1.87698,0.51884,-0.8367898500000001,0.50683464,0.07373028
1764505187.7185855,-5.234179999999999,1.87698,0.51884,-0.8367898500000001,0.50683464,0.07373028
1764505187.7185855,-5.234179999999999,1.87698,0.51884,-0.8367898500000001,0.50683464,0.07373028
1764505187.7185855,-5.234179999999999,1.87698,0.51884,-0.8367898500000001,0.50683464,0.07373028
1764505187.7185855,-5.234179999999999,1.87698,0.51884,-0.8367898500000001,0.50683464,0.07373028
1764505187.7185855,-5.234179999999999,1.87698,0.51884,-0.8367898500000001,0.50683464,0.07373028
1764505187.7185855,-5.234179999999999,1.87698,0.51884,-0.8367898500000001,0.50683464,0.07373028
1764505187.7185855,-5.234179999999999,1.87698,0.51884,-0.8367898500000001,0.50683464,0.07373028
1764505187.7185855,-3.52506,1.70912,0.50358,-0.83715606,0.5090319,0.07275372
1764505187.7185855,-3.52506,1.70912,0.50358,-0.83715606,0.5090319,0.07275372
1764505187.7629645,-3.52506,1.70912,0.50358,-0.83715606,0.5090319,0.07275372
1764505187.7629645,-3.52506,1.70912,0.50358,-0.83715606,0.5090319,0.07275372
1764505187.7629645,-3.52506,1.70912,0.50358,-0.83715606,0.5090319,0.07275372
1764505187.7639818,-3.52506,1.70912,0.50358,-0.83715606,0.5090319,0.07275372
1764505187.7639818,-3.52506,1.70912,0.50358,-0.83715606,0.5090319,0.07275372
1764505187.7639818,-3.52506,1.70912,0.50358,-0.83715606,0.5090319,0.07275372
1764505187.7639818,-3.52506,1.70912,0.50358,-0.83715606,0.5090319,0.07275372
1764505187.7639818,-3.52506,1.70912,0.50358,-0.83715606,0.5090319,0.07275372
1764505187.7639818,-2.45686,1.70912,-0.6409199999999999,-0.83849883,0.5123277900000001,0.07250958
1764505187.7639818,-2.45686,1.70912,-0.6409199999999999,-0.83849883,0.5123277900000001,0.07250958
1764505187.7639818,-2.45686,1.70912,-0.6409199999999999,-0.83849883,0.5123277900000001,0.07250958
1764505187.7639818,-2.45686,1.70912,-0.6409199999999999,-0.83849883,0.5123277900000001,0.07250958
1764505187.7639818,-2.45686,1.70912,-0.6409199999999999,-0.83849883,0.5123277900000001,0.07250958
1764505187.7639818,-2.45686,1.70912,-0.6409199999999999,-0.83849883,0.5123277900000001,0.07250958
1764505187.7639818,-2.45686,1.70912,-0.6409199999999999,-0.83849883,0.5123277900000001,0.07250958
1764505187.7639818,-2.45686,1.70912,-0.6409199999999999,-0.83849883,0.5123277900000001,0.07250958
1764505187.7639818,-2.45686,1.70912,-0.6409199999999999,-0.83849883,0.5123277900000001,0.07250958
1764505187.7639818,-2.45686,1.70912,-0.6409199999999999,-0.83849883,0.5123277900000001,0.07250958
1764505187.7639818,-1.9838,1.78542,-1.2971,-0.8404519500000001,0.514219875,0.07116681
1764505187.7639818,-1.9838,1.78542,-1.2971,-0.8404519500000001,0.514219875,0.07116681
1764505187.7639818,-1.9838,1.78542,-1.2971,-0.8404519500000001,0.514219875,0.07116681
1764505187.7639818,-1.9838,1.78542,-1.2971,-0.8404519500000001,0.514219875,0.07116681
1764505187.7639818,-1.9838,1.78542,-1.2971,-0.8404519500000001,0.514219875,0.07116681
1764505187.7639818,-1.9838,1.78542,-1.2971,-0.8404519500000001,0.514219875,0.07116681
1764505187.8120146,-1.9838,1.78542,-1.2971,-0.8404519500000001,0.514219875,0.07116681
1764505187.8120146,-1.9838,1.78542,-1.2971,-0.8404519500000001,0.514219875,0.07116681
1764505187.8120146,-1.9838,1.78542,-1.2971,-0.8404519500000001,0.514219875,0.07116681
1764505187.8120146,-1.9838,1.78542,-1.2971,-0.8404519500000001,0.514219875,0.07116681
1764505187.8120146,-2.85362,1.63282,-0.88508,-0.843198525,0.51440298,0.06970197
1764505187.8120146,-2.85362,1.63282,-0.88508,-0.843198525,0.51440298,0.06970197
1764505187.8120146,-2.85362,1.63282,-0.88508,-0.843198525,0.51440298,0.06970197
1764505187.8120146,-2.85362,1.63282,-0.88508,-0.843198525,0.51440298,0.06970197
1764505187.8130286,-2.85362,1.63282,-0.88508,-0.843198525,0.51440298,0.06970197
1764505187.8130286,-2.85362,1.63282,-0.88508,-0.843198525,0.51440298,0.06970197
1764505187.813959,-2.85362,1.63282,-0.88508,-0.843198525,0.51440298,0.06970197
1764505187.813959,-2.85362,1.63282,-0.88508,-0.843198525,0.51440298,0.06970197
1764505187.813959,-2.85362,1.63282,-0.88508,-0.843198525,0.51440298,0.06970197
1764505187.813959,-2.85362,1.63282,-0.88508,-0.843198525,0.51440298,0.06970197
1764505187.813959,-5.06632,2.35004,-1.03768,-0.8430764550000001,0.5151354,0.06860334
1764505187.814976,-5.06632,2.35004,-1.03768,-0.8430764550000001,0.5151354,0.06860334
1764505187.814976,-5.06632,2.35004,-1.03768,-0.8430764550000001,0.5151354,0.06860334
1764505187.814976,-5.06632,2.35004,-1.03768,-0.8430764550000001,0.5151354,0.06860334
1764505187.814976,-5.06632,2.35004,-1.03768,-0.8430764550000001,0.5151354,0.06860334
1764505187.814976,-5.06632,2.35004,-1.03768,-0.8430764550000001,0.5151354,0.06860334
1764505187.814976,-5.06632,2.35004,-1.03768,-0.8430764550000001,0.5151354,0.06860334
1764505187.814976,-5.06632,2.35004,-1.03768,-0.8430764550000001,0.5151354,0.06860334
1764505187.814976,-5.06632,2.35004,-1.03768,-0.8430764550000001,0.5151354,0.06860334
1764505187.814976,-5.06632,2.35004,-1.03768,-0.8430764550000001,0.5151354,0.06860334
1764505187.858617,-5.7225,2.77732,-0.44254,-0.8420388600000001,0.515196435,0.06909162
1764505187.859627,-5.7225,2.77732,-0.44254,-0.8420388600000001,0.515196435,0.06909162
1764505187.859627,-5.7225,2.77732,-0.44254,-0.8420388600000001,0.515196435,0.06909162
1764505187.859627,-5.7225,2.77732,-0.44254,-0.8420388600000001,0.515196435,0.06909162
1764505187.859627,-5.7225,2.77732,-0.44254,-0.8420388600000001,0.515196435,0.06909162
1764505187.859627,-5.7225,2.77732,-0.44254,-0.8420388600000001,0.515196435,0.06909162
1764505187.859627,-5.7225,2.77732,-0.44254,-0.8420388600000001,0.515196435,0.06909162
1764505187.859627,-5.7225,2.77732,-0.44254,-0.8420388600000001,0.515196435,0.06909162
1764505187.859627,-5.7225,2.77732,-0.44254,-0.8420388600000001,0.515196435,0.06909162
1764505187.859627,-5.7225,2.77732,-0.44254,-0.8420388600000001,0.515196435,0.06909162
1764505187.859627,-4.60852,2.71628,-0.57988,-0.84191679,0.5114733,0.070129215
1764505187.859627,-4.60852,2.71628,-0.57988,-0.84191679,0.5114733,0.070129215
1764505187.859627,-4.60852,2.71628,-0.57988,-0.84191679,0.5114733,0.070129215
1764505187.859627,-4.60852,2.71628,-0.57988,-0.84191679,0.5114733,0.070129215
1764505187.859627,-4.60852,2.71628,-0.57988,-0.84191679,0.5114733,0.070129215
1764505187.859627,-4.60852,2.71628,-0.57988,-0.84191679,0.5114733,0.070129215
1764505187.859627,-4.60852,2.71628,-0.57988,-0.84191679,0.5114733,0.070129215
1764505187.859627,-4.60852,2.71628,-0.57988,-0.84191679,0.5114733,0.070129215
1764505187.859627,-4.60852,2.71628,-0.57988,-0.84191679,0.5114733,0.070129215
1764505187.859627,-4.60852,2.71628,-0.57988,-0.84191679,0.5114733,0.070129215
1764505187.859627,-3.052,2.79258,0.39676,-0.84362577,0.50695671,0.070007145
1764505187.859627,-3.052,2.79258,0.39676,-0.84362577,0.50695671,0.070007145
1764505187.859627,-3.052,2.79258,0.39676,-0.84362577,0.50695671,0.070007145
1764505187.859627,-3.052,2.79258,0.39676,-0.84362577,0.50695671,0.070007145
1764505187.9059477,-3.052,2.79258,0.39676,-0.84362577,0.50695671,0.070007145
1764505187.9059477,-3.052,2.79258,0.39676,-0.84362577,0.50695671,0.070007145
1764505187.9059477,-3.052,2.79258,0.39676,-0.84362577,0.50695671,0.070007145
1764505187.9059477,-3.052,2.79258,0.39676,-0.84362577,0.50695671,0.070007145
1764505187.9059477,-3.052,2.79258,0.39676,-0.84362577,0.50695671,0.070007145
1764505187.9069493,-3.052,2.79258,0.39676,-0.84362577,0.50695671,0.070007145
1764505187.9069493,-2.30426,1.28184,0.82404,-0.8477761500000001,0.503477715,0.068054025
1764505187.9069493,-2.30426,1.28184,0.82404,-0.8477761500000001,0.503477715,0.068054025
1764505187.9069493,-2.30426,1.28184,0.82404,-0.8477761500000001,0.503477715,0.068054025
1764505187.9069493,-2.30426,1.28184,0.82404,-0.8477761500000001,0.503477715,0.068054025
1764505187.9069493,-2.30426,1.28184,0.82404,-0.8477761500000001,0.503477715,0.068054025
1764505187.9069493,-2.30426,1.28184,0.82404,-0.8477761500000001,0.503477715,0.068054025
1764505187.9069493,-2.30426,1.28184,0.82404,-0.8477761500000001,0.503477715,0.068054025
1764505187.9069493,-2.30426,1.28184,0.82404,-0.8477761500000001,0.503477715,0.068054025
1764505187.9069493,-2.30426,1.28184,0.82404,-0.8477761500000001,0.503477715,0.068054025
1764505187.9069493,-2.30426,1.28184,0.82404,-0.8477761500000001,0.503477715,0.068054025
1764505187.9069493,-1.54126,-0.8698199999999999,0.41202,-0.84704373,0.503477715,0.067565745
1764505187.9069493,-1.54126,-0.8698199999999999,0.41202,-0.84704373,0.503477715,0.067565745
1764505187.9069493,-1.54126,-0.8698199999999999,0.41202,-0.84704373,0.503477715,0.067565745
1764505187.9069493,-1.54126,-0.8698199999999999,0.41202,-0.84704373,0.503477715,0.067565745
1764505187.9069493,-1.54126,-0.8698199999999999,0.41202,-0.84704373,0.503477715,0.067565745
1764505187.9069493,-1.54126,-0.8698199999999999,0.41202,-0.84704373,0.503477715,0.067565745
1764505187.9474726,-1.54126,-0.8698199999999999,0.41202,-0.84704373,0.503477715,0.067565745
1764505187.9474726,-1.54126,-0.8698199999999999,0.41202,-0.84704373,0.503477715,0.067565745
1764505187.9474726,-1.54126,-0.8698199999999999,0.41202,-0.84704373,0.503477715,0.067565745
1764505187.9474726,-1.54126,-0.8698199999999999,0.41202,-0.84704373,0.503477715,0.067565745
1764505187.9474726,-0.28994,-0.24416,-0.42728,-0.84313749,0.502745295,0.06945783
1764505187.9474726,-0.28994,-0.24416,-0.42728,-0.84313749,0.502745295,0.06945783
1764505187.9484923,-0.28994,-0.24416,-0.42728,-0.84313749,0.502745295,0.06945783
1764505187.9484923,-0.28994,-0.24416,-0.42728,-0.84313749,0.502745295,0.06945783
1764505187.9484923,-0.28994,-0.24416,-0.42728,-0.84313749,0.502745295,0.06945783
1764505187.9484923,-0.28994,-0.24416,-0.42728,-0.84313749,0.502745295,0.06945783
1764505187.9484923,-0.28994,-0.24416,-0.42728,-0.84313749,0.502745295,0.06945783
1764505187.9484923,-0.28994,-0.24416,-0.42728,-0.84313749,0.502745295,0.06945783
1764505187.9484923,-0.28994,-0.24416,-0.42728,-0.84313749,0.502745295,0.06945783
1764505187.9484923,-0.28994,-0.24416,-0.42728,-0.84313749,0.502745295,0.06945783
1764505187.9484923,0.19838,1.7549,-0.94612,-0.83959746,0.503599785,0.070373355
1764505187.9484923,0.19838,1.7549,-0.94612,-0.83959746,0.503599785,0.070373355
1764505187.949504,0.19838,1.7549,-0.94612,-0.83959746,0.503599785,0.070373355
1764505187.949504,0.19838,1.7549,-0.94612,-0.83959746,0.503599785,0.070373355
1764505187.949504,0.19838,1.7549,-0.94612,-0.83959746,0.503599785,0.070373355
1764505187.949504,0.19838,1.7549,-0.94612,-0.83959746,0.503599785,0.070373355
1764505187.949504,0.19838,1.7549,-0.94612,-0.83959746,0.503599785,0.070373355
1764505187.949504,0.19838,1.7549,-0.94612,-0.83959746,0.503599785,0.070373355
1764505187.9988685,0.19838,1.7549,-0.94612,-0.83959746,0.503599785,0.070373355
1764505187.9998918,0.19838,1.7549,-0.94612,-0.83959746,0.503599785,0.070373355
1764505187.9998918,0.04578,3.00622,0.77826,-0.841855755,0.508116375,0.0683592
1764505187.9998918,0.04578,3.00622,0.77826,-0.841855755,0.508116375,0.0683592
1764505187.9998918,0.04578,3.00622,0.77826,-0.841855755,0.508116375,0.0683592
1764505187.9998918,0.04578,3.00622,0.77826,-0.841855755,0.508116375,0.0683592
1764505187.9998918,0.04578,3.00622,0.77826,-0.841855755,0.508116375,0.0683592
1764505187.9998918,0.04578,3.00622,0.77826,-0.841855755,0.508116375,0.0683592
1764505187.9998918,0.04578,3.00622,0.77826,-0.841855755,0.508116375,0.0683592
1764505187.9998918,0.04578,3.00622,0.77826,-0.841855755,0.508116375,0.0683592
1764505187.9998918,0.04578,3.00622,0.77826,-0.841855755,0.508116375,0.0683592
1764505187.9998918,0.04578,3.00622,0.77826,-0.841855755,0.508116375,0.0683592
1764505187.9998918,-1.09872,0.09156,1.11398,-0.84484647,0.51440298,0.067443675
1764505187.9998918,-1.09872,0.09156,1.11398,-0.84484647,0.51440298,0.067443675
1764505187.9998918,-1.09872,0.09156,1.11398,-0.84484647,0.51440298,0.067443675
1764505187.9998918,-1.09872,0.09156,1.11398,-0.84484647,0.51440298,0.067443675
1764505187.9998918,-1.09872,0.09156,1.11398,-0.84484647,0.51440298,0.067443675
1764505187.9998918,-1.09872,0.09156,1.11398,-0.84484647,0.51440298,0.067443675
1764505187.9998918,-1.09872,0.09156,1.11398,-0.84484647,0.51440298,0.067443675
1764505187.9998918,-1.09872,0.09156,1.11398,-0.84484647,0.51440298,0.067443675
1764505187.9998918,-1.09872,0.09156,1.11398,-0.84484647,0.51440298,0.067443675
1764505187.9998918,-1.09872,0.09156,1.11398,-0.84484647,0.51440298,0.067443675
1764505187.9998918,-2.70102,-0.25942,-0.4578,-0.844907505,0.518004045,0.06787092
1764505187.9998918,-2.70102,-0.25942,-0.4578,-0.844907505,0.518004045,0.06787092
1764505188.046547,-2.70102,-0.25942,-0.4578,-0.844907505,0.518004045,0.06787092
1764505188.046547,-2.70102,-0.25942,-0.4578,-0.844907505,0.518004045,0.06787092
1764505188.046547,-2.70102,-0.25942,-0.4578,-0.844907505,0.518004045,0.06787092
1764505188.046547,-2.70102,-0.25942,-0.4578,-0.844907505,0.518004045,0.06787092
1764505188.046547,-2.70102,-0.25942,-0.4578,-0.844907505,0.518004045,0.06787092
1764505188.046547,-2.70102,-0.25942,-0.4578,-0.844907505,0.518004045,0.06787092
1764505188.046547,-2.70102,-0.25942,-0.4578,-0.844907505,0.518004045,0.06787092
1764505188.046547,-2.70102,-0.25942,-0.4578,-0.844907505,0.518004045,0.06787092
1764505188.046547,-4.08968,1.48022,-1.15976,-0.84240507,0.517027485,0.06933576
1764505188.046547,-4.08968,1.48022,-1.15976,-0.84240507,0.517027485,0.06933576
1764505188.047544,-4.08968,1.48022,-1.15976,-0.84240507,0.517027485,0.06933576
1764505188.047544,-4.08968,1.48022,-1.15976,-0.84240507,0.517027485,0.06933576
1764505188.047544,-4.08968,1.48022,-1.15976,-0.84240507,0.517027485,0.06933576
1764505188.047544,-4.08968,1.48022,-1.15976,-0.84240507,0.517027485,0.06933576
1764505188.047544,-4.08968,1.48022,-1.15976,-0.84240507,0.517027485,0.06933576
1764505188.047544,-4.08968,1.48022,-1.15976,-0.84240507,0.517027485,0.06933576
1764505188.047544,-4.08968,1.48022,-1.15976,-0.84240507,0.517027485,0.06933576
1764505188.047544,-4.08968,1.48022,-1.15976,-0.84240507,0.517027485,0.06933576
1764505188.047544,-4.53222,2.04484,0.1678599999999999,-0.841733685,0.513853665,0.069640935
1764505188.047544,-4.53222,2.04484,0.1678599999999999,-0.841733685,0.513853665,0.069640935
1764505188.047544,-4.53222,2.04484,0.1678599999999999,-0.841733685,0.513853665,0.069640935
1764505188.047544,-4.53222,2.04484,0.1678599999999999,-0.841733685,0.513853665,0.069640935
1764505188.047544,-4.53222,2.04484,0.1678599999999999,-0.841733685,0.513853665,0.069640935
1764505188.047544,-4.53222,2.04484,0.1678599999999999,-0.841733685,0.513853665,0.069640935
1764505188.0889542,-4.53222,2.04484,0.1678599999999999,-0.841733685,0.513853665,0.069640935
1764505188.0889542,-4.53222,2.04484,0.1678599999999999,-0.841733685,0.513853665,0.069640935
1764505188.0899897,-4.53222,2.04484,0.1678599999999999,-0.841733685,0.513853665,0.069640935
1764505188.0899897,-4.53222,2.04484,0.1678599999999999,-0.841733685,0.513853665,0.069640935
1764505188.0899897,-4.92898,2.50264,1.00716,-0.842832315,0.51159537,0.06994611
1764505188.090969,-4.92898,2.50264,1.00716,-0.842832315,0.51159537,0.06994611
1764505188.090969,-4.92898,2.50264,1.00716,-0.842832315,0.51159537,0.06994611
1764505188.090969,-4.92898,2.50264,1.00716,-0.842832315,0.51159537,0.06994611
1764505188.090969,-4.92898,2.50264,1.00716,-0.842832315,0.51159537,0.06994611
1764505188.090969,-4.92898,2.50264,1.00716,-0.842832315,0.51159537,0.06994611
1764505188.090969,-4.92898,2.50264,1.00716,-0.842832315,0.51159537,0.06994611
1764505188.090969,-4.92898,2.50264,1.00716,-0.842832315,0.51159537,0.06994611
1764505188.090969,-4.92898,2.50264,1.00716,-0.842832315,0.51159537,0.06994611
1764505188.090969,-4.92898,2.50264,1.00716,-0.842832315,0.51159537,0.06994611
1764505188.090969,-5.38678,2.54842,0.6867,-0.84399198,0.511656405,0.070373355
1764505188.090969,-5.38678,2.54842,0.6867,-0.84399198,0.511656405,0.070373355
1764505188.090969,-5.38678,2.54842,0.6867,-0.84399198,0.511656405,0.070373355
1764505188.090969,-5.38678,2.54842,0.6867,-0.84399198,0.511656405,0.070373355
1764505188.092486,-5.38678,2.54842,0.6867,-0.84399198,0.511656405,0.070373355
1764505188.092486,-5.38678,2.54842,0.6867,-0.84399198,0.511656405,0.070373355
1764505188.092486,-5.38678,2.54842,0.6867,-0.84399198,0.511656405,0.070373355
1764505188.092486,-5.38678,2.54842,0.6867,-0.84399198,0.511656405,0.070373355
1764505188.092486,-5.38678,2.54842,0.6867,-0.84399198,0.511656405,0.070373355
1764505188.092486,-5.38678,2.54842,0.6867,-0.84399198,0.511656405,0.070373355
1764505188.1376395,-4.74586,1.54126,-0.24416,-0.8447244,0.511656405,0.070861635
1764505188.1376395,-4.74586,1.54126,-0.24416,-0.8447244,0.511656405,0.070861635
1764505188.1376395,-4.74586,1.54126,-0.24416,-0.8447244,0.511656405,0.070861635
1764505188.1376395,-4.74586,1.54126,-0.24416,-0.8447244,0.511656405,0.070861635
1764505188.1376395,-4.74586,1.54126,-0.24416,-0.8447244,0.511656405,0.070861635
1764505188.1376395,-4.74586,1.54126,-0.24416,-0.8447244,0.511656405,0.070861635
1764505188.1376395,-4.74586,1.54126,-0.24416,-0.8447244,0.511656405,0.070861635
1764505188.1376395,-4.74586,1.54126,-0.24416,-0.8447244,0.511656405,0.070861635
1764505188.1376395,-4.74586,1.54126,-0.24416,-0.8447244,0.511656405,0.070861635
1764505188.1376395,-4.74586,1.54126,-0.24416,-0.8447244,0.511656405,0.070861635
1764505188.1376395,-3.23512,1.00716,0.28994,-0.844663365,0.50854362,0.069885075
1764505188.1376395,-3.23512,1.00716,0.28994,-0.844663365,0.50854362,0.069885075
1764505188.1376395,-3.23512,1.00716,0.28994,-0.844663365,0.50854362,0.069885075
1764505188.1376395,-3.23512,1.00716,0.28994,-0.844663365,0.50854362,0.069885075
1764505188.1376395,-3.23512,1.00716,0.28994,-0.844663365,0.50854362,0.069885075
1764505188.1376395,-3.23512,1.00716,0.28994,-0.844663365,0.50854362,0.069885075
1764505188.1408513,-3.23512,1.00716,0.28994,-0.844663365,0.50854362,0.069885075
1764505188.1408513,-3.23512,1.00716,0.28994,-0.844663365,0.50854362,0.069885075
1764505188.1408513,-3.23512,1.00716,0.28994,-0.844663365,0.50854362,0.069885075
1764505188.1408513,-3.23512,1.00716,0.28994,-0.844663365,0.50854362,0.069885075
1764505188.1408513,-1.78542,1.11398,0.6867,-0.843930945,0.506895675,0.067809885
1764505188.1408513,-1.78542,1.11398,0.6867,-0.843930945,0.506895675,0.067809885
1764505188.1408513,-1.78542,1.11398,0.6867,-0.843930945,0.506895675,0.067809885
1764505188.1408513,-1.78542,1.11398,0.6867,-0.843930945,0.506895675,0.067809885
1764505188.185213,-1.78542,1.11398,0.6867,-0.843930945,0.506895675,0.067809885
1764505188.185213,-1.78542,1.11398,0.6867,-0.843930945,0.506895675,0.067809885
1764505188.185213,-1.78542,1.11398,0.6867,-0.843930945,0.506895675,0.067809885
1764505188.185213,-1.78542,1.11398,0.6867,-0.843930945,0.506895675,0.067809885
1764505188.185213,-1.78542,1.11398,0.6867,-0.843930945,0.506895675,0.067809885
1764505188.185213,-1.78542,1.11398,0.6867,-0.843930945,0.506895675,0.067809885
1764505188.185213,-2.02958,1.15976,0.8392999999999999,-0.84313749,0.50756706,0.06640608
1764505188.185213,-2.02958,1.15976,0.8392999999999999,-0.84313749,0.50756706,0.06640608
1764505188.185213,-2.02958,1.15976,0.8392999999999999,-0.84313749,0.50756706,0.06640608
1764505188.185213,-2.02958,1.15976,0.8392999999999999,-0.84313749,0.50756706,0.06640608
1764505188.1862383,-2.02958,1.15976,0.8392999999999999,-0.84313749,0.50756706,0.06640608
1764505188.1862383,-2.02958,1.15976,0.8392999999999999,-0.84313749,0.50756706,0.06640608
1764505188.1862383,-2.02958,1.15976,0.8392999999999999,-0.84313749,0.50756706,0.06640608
1764505188.1862383,-2.02958,1.15976,0.8392999999999999,-0.84313749,0.50756706,0.06640608
1764505188.1862383,-2.02958,1.15976,0.8392999999999999,-0.84313749,0.50756706,0.06640608
1764505188.1862383,-2.02958,1.15976,0.8392999999999999,-0.84313749,0.50756706,0.06640608
1764505188.1862383,-2.5179,1.12924,0.0,-0.841367475,0.50927604,0.067443675
1764505188.1862383,-2.5179,1.12924,0.0,-0.841367475,0.50927604,0.067443675
1764505188.1862383,-2.5179,1.12924,0.0,-0.841367475,0.50927604,0.067443675
1764505188.1862383,-2.5179,1.12924,0.0,-0.841367475,0.50927604,0.067443675
1764505188.1882532,-2.5179,1.12924,0.0,-0.841367475,0.50927604,0.067443675
1764505188.1882532,-2.5179,1.12924,0.0,-0.841367475,0.50927604,0.067443675
1764505188.1882532,-2.5179,1.12924,0.0,-0.841367475,0.50927604,0.067443675
1764505188.1882532,-2.5179,1.12924,0.0,-0.841367475,0.50927604,0.067443675
1764505188.2315862,-2.5179,1.12924,0.0,-0.841367475,0.50927604,0.067443675
1764505188.2320986,-2.5179,1.12924,0.0,-0.841367475,0.50927604,0.067443675
1764505188.2320986,-3.8913,1.54126,-0.73248,-0.840879195,0.51086295,0.068420235
1764505188.2320986,-3.8913,1.54126,-0.73248,-0.840879195,0.51086295,0.068420235
1764505188.2320986,-3.8913,1.54126,-0.73248,-0.840879195,0.51086295,0.068420235
1764505188.2320986,-3.8913,1.54126,-0.73248,-0.840879195,0.51086295,0.068420235
1764505188.2320986,-3.8913,1.54126,-0.73248,-0.840879195,0.51086295,0.068420235
1764505188.2320986,-3.8913,1.54126,-0.73248,-0.840879195,0.51086295,0.068420235
1764505188.2320986,-3.8913,1.54126,-0.73248,-0.840879195,0.51086295,0.068420235
1764505188.2320986,-3.8913,1.54126,-0.73248,-0.840879195,0.51086295,0.068420235
1764505188.2320986,-3.8913,1.54126,-0.73248,-0.840879195,0.51086295,0.068420235
1764505188.2320986,-3.8913,1.54126,-0.73248,-0.840879195,0.51086295,0.068420235
1764505188.2320986,-4.54748,1.54126,-0.0762999999999999,-0.84289335,0.512388825,0.06896955
1764505188.2320986,-4.54748,1.54126,-0.0762999999999999,-0.84289335,0.512388825,0.06896955
1764505188.2320986,-4.54748,1.54126,-0.0762999999999999,-0.84289335,0.512388825,0.06896955
1764505188.2320986,-4.54748,1.54126,-0.0762999999999999,-0.84289335,0.512388825,0.06896955
1764505188.2320986,-4.54748,1.54126,-0.0762999999999999,-0.84289335,0.512388825,0.06896955
1764505188.2320986,-4.54748,1.54126,-0.0762999999999999,-0.84289335,0.512388825,0.06896955
1764505188.2320986,-4.54748,1.54126,-0.0762999999999999,-0.84289335,0.512388825,0.06896955
1764505188.2320986,-4.54748,1.54126,-0.0762999999999999,-0.84289335,0.512388825,0.06896955
1764505188.2320986,-4.54748,1.54126,-0.0762999999999999,-0.84289335,0.512388825,0.06896955
1764505188.2320986,-4.54748,1.54126,-0.0762999999999999,-0.84289335,0.512388825,0.06896955
1764505188.2789905,-5.40204,1.15976,-0.2289,-0.844419225,0.51306021,0.069885075
1764505188.2795253,-5.40204,1.15976,-0.2289,-0.844419225,0.51306021,0.069885075
1764505188.2795253,-5.40204,1.15976,-0.2289,-0.844419225,0.51306021,0.069885075
1764505188.2795253,-5.40204,1.15976,-0.2289,-0.844419225,0.51306021,0.069885075
1764505188.2795253,-5.40204,1.15976,-0.2289,-0.844419225,0.51306021,0.069885075
1764505188.2795253,-5.40204,1.15976,-0.2289,-0.844419225,0.51306021,0.069885075
1764505188.2795253,-5.40204,1.15976,-0.2289,-0.844419225,0.51306021,0.069885075
1764505188.2795253,-5.40204,1.15976,-0.2289,-0.844419225,0.51306021,0.069885075
1764505188.2795253,-5.40204,1.15976,-0.2289,-0.844419225,0.51306021,0.069885075
1764505188.2795253,-5.40204,1.15976,-0.2289,-0.844419225,0.51306021,0.069885075
1764505188.2795253,-5.40204,1.4497,-0.48832,-0.844907505,0.51318228,0.070983705
1764505188.2795253,-5.40204,1.4497,-0.48832,-0.844907505,0.51318228,0.070983705
1764505188.2795253,-5.40204,1.4497,-0.48832,-0.844907505,0.51318228,0.070983705
1764505188.2795253,-5.40204,1.4497,-0.48832,-0.844907505,0.51318228,0.070983705
1764505188.2795253,-5.40204,1.4497,-0.48832,-0.844907505,0.51318228,0.070983705
1764505188.2795253,-5.40204,1.4497,-0.48832,-0.844907505,0.51318228,0.070983705
1764505188.2795253,-5.40204,1.4497,-0.48832,-0.844907505,0.51318228,0.070983705
1764505188.2795253,-5.40204,1.4497,-0.48832,-0.844907505,0.51318228,0.070983705
1764505188.280539,-5.40204,1.4497,-0.48832,-0.844907505,0.51318228,0.070983705
1764505188.280539,-5.40204,1.4497,-0.48832,-0.844907505,0.51318228,0.070983705
1764505188.280539,-4.79164,2.07536,-1.17502,-0.84423612,0.512144685,0.070617495
1764505188.280539,-4.79164,2.07536,-1.17502,-0.84423612,0.512144685,0.070617495
1764505188.280539,-4.79164,2.07536,-1.17502,-0.84423612,0.512144685,0.070617495
1764505188.280539,-4.79164,2.07536,-1.17502,-0.84423612,0.512144685,0.070617495
1764505188.3245482,-4.79164,2.07536,-1.17502,-0.84423612,0.512144685,0.070617495
1764505188.3245482,-4.79164,2.07536,-1.17502,-0.84423612,0.512144685,0.070617495
1764505188.3245482,-4.79164,2.07536,-1.17502,-0.84423612,0.512144685,0.070617495
1764505188.3245482,-4.79164,2.07536,-1.17502,-0.84423612,0.512144685,0.070617495
1764505188.3245482,-4.79164,2.07536,-1.17502,-0.84423612,0.512144685,0.070617495
1764505188.3245482,-4.79164,2.07536,-1.17502,-0.84423612,0.512144685,0.070617495
1764505188.3245482,-5.69198,3.25038,-0.9003399999999999,-0.841367475,0.51220572,0.069152655
1764505188.3245482,-5.69198,3.25038,-0.9003399999999999,-0.841367475,0.51220572,0.069152655
1764505188.3245482,-5.69198,3.25038,-0.9003399999999999,-0.841367475,0.51220572,0.069152655
1764505188.3245482,-5.69198,3.25038,-0.9003399999999999,-0.841367475,0.51220572,0.069152655
1764505188.3250828,-5.69198,3.25038,-0.9003399999999999,-0.841367475,0.51220572,0.069152655
1764505188.3250828,-5.69198,3.25038,-0.9003399999999999,-0.841367475,0.51220572,0.069152655
1764505188.3250828,-5.69198,3.25038,-0.9003399999999999,-0.841367475,0.51220572,0.069152655
1764505188.3250828,-5.69198,3.25038,-0.9003399999999999,-0.841367475,0.51220572,0.069152655
1764505188.3250828,-5.69198,3.25038,-0.9003399999999999,-0.841367475,0.51220572,0.069152655
1764505188.3250828,-5.69198,3.25038,-0.9003399999999999,-0.841367475,0.51220572,0.069152655
1764505188.3250828,-6.28712,4.440659999999999,-1.70912,-0.839292285,0.50915397,0.06750471
1764505188.3250828,-6.28712,4.440659999999999,-1.70912,-0.839292285,0.50915397,0.06750471
1764505188.3260994,-6.28712,4.440659999999999,-1.70912,-0.839292285,0.50915397,0.06750471
1764505188.3260994,-6.28712,4.440659999999999,-1.70912,-0.839292285,0.50915397,0.06750471
1764505188.3753414,-6.28712,4.440659999999999,-1.70912,-0.839292285,0.50915397,0.06750471
1764505188.3753414,-6.28712,4.440659999999999,-1.70912,-0.839292285,0.50915397,0.06750471
1764505188.3753414,-6.28712,4.440659999999999,-1.70912,-0.839292285,0.50915397,0.06750471
1764505188.3753414,-6.28712,4.440659999999999,-1.70912,-0.839292285,0.50915397,0.06750471
1764505188.3753414,-6.28712,4.440659999999999,-1.70912,-0.839292285,0.50915397,0.06750471
1764505188.3753414,-6.28712,4.440659999999999,-1.70912,-0.839292285,0.50915397,0.06750471
1764505188.3753414,-6.22608,4.02864,-1.38866,-0.84032988,0.50622429,0.06640608
1764505188.3753414,-6.22608,4.02864,-1.38866,-0.84032988,0.50622429,0.06640608
1764505188.3753414,-6.22608,4.02864,-1.38866,-0.84032988,0.50622429,0.06640608
1764505188.3753414,-6.22608,4.02864,-1.38866,-0.84032988,0.50622429,0.06640608
1764505188.3753414,-6.22608,4.02864,-1.38866,-0.84032988,0.50622429,0.06640608
1764505188.3753414,-6.22608,4.02864,-1.38866,-0.84032988,0.50622429,0.06640608
1764505188.37634,-6.22608,4.02864,-1.38866,-0.84032988,0.50622429,0.06640608
1764505188.37634,-6.22608,4.02864,-1.38866,-0.84032988,0.50622429,0.06640608
1764505188.37634,-6.22608,4.02864,-1.38866,-0.84032988,0.50622429,0.06640608
1764505188.37634,-6.22608,4.02864,-1.38866,-0.84032988,0.50622429,0.06640608
1764505188.37634,-5.46308,2.62472,-0.9156,-0.84216093,0.50549187,0.06555159
1764505188.37634,-5.46308,2.62472,-0.9156,-0.84216093,0.50549187,0.06555159
1764505188.37634,-5.46308,2.62472,-0.9156,-0.84216093,0.50549187,0.06555159
1764505188.37634,-5.46308,2.62472,-0.9156,-0.84216093,0.50549187,0.06555159
1764505188.37634,-5.46308,2.62472,-0.9156,-0.84216093,0.50549187,0.06555159
1764505188.37634,-5.46308,2.62472,-0.9156,-0.84216093,0.50549187,0.06555159
1764505188.37634,-5.46308,2.62472,-0.9156,-0.84216093,0.50549187,0.06555159
1764505188.37634,-5.46308,2.62472,-0.9156,-0.84216093,0.50549187,0.06555159
1764505188.4186752,-5.46308,2.62472,-0.9156,-0.84216093,0.50549187,0.06555159
1764505188.41969,-5.46308,2.62472,-0.9156,-0.84216093,0.50549187,0.06555159
1764505188.41969,-5.508859999999999,1.3734,0.39676,-0.843320595,0.5053698,0.065246415
1764505188.41969,-5.508859999999999,1.3734,0.39676,-0.843320595,0.5053698,0.065246415
1764505188.41969,-5.508859999999999,1.3734,0.39676,-0.843320595,0.5053698,0.065246415
1764505188.41969,-5.508859999999999,1.3734,0.39676,-0.843320595,0.5053698,0.065246415
1764505188.41969,-5.508859999999999,1.3734,0.39676,-0.843320595,0.5053698,0.065246415
1764505188.420694,-5.508859999999999,1.3734,0.39676,-0.843320595,0.5053698,0.065246415
1764505188.420694,-5.508859999999999,1.3734,0.39676,-0.843320595,0.5053698,0.065246415
1764505188.420694,-5.508859999999999,1.3734,0.39676,-0.843320595,0.5053698,0.065246415
1764505188.420694,-5.508859999999999,1.3734,0.39676,-0.843320595,0.5053698,0.065246415
1764505188.420694,-5.508859999999999,1.3734,0.39676,-0.843320595,0.5053698,0.065246415
1764505188.420694,-4.76112,1.03768,0.4578,-0.844175085,0.505430835,0.06494124
1764505188.420694,-4.76112,1.03768,0.4578,-0.844175085,0.505430835,0.06494124
1764505188.421688,-4.76112,1.03768,0.4578,-0.844175085,0.505430835,0.06494124
1764505188.421688,-4.76112,1.03768,0.4578,-0.844175085,0.505430835,0.06494124
1764505188.421688,-4.76112,1.03768,0.4578,-0.844175085,0.505430835,0.06494124
1764505188.421688,-4.76112,1.03768,0.4578,-0.844175085,0.505430835,0.06494124
1764505188.421688,-4.76112,1.03768,0.4578,-0.844175085,0.505430835,0.06494124
1764505188.421688,-4.76112,1.03768,0.4578,-0.844175085,0.505430835,0.06494124
1764505188.421688,-4.76112,1.03768,0.4578,-0.844175085,0.505430835,0.06494124
1764505188.421688,-4.76112,1.03768,0.4578,-0.844175085,0.505430835,0.06494124
1764505188.4229343,-4.48644,1.35814,0.59514,-0.84521268,0.5060411850000001,0.065246415
1764505188.4229343,-4.48644,1.35814,0.59514,-0.84521268,0.5060411850000001,0.065246415
1764505188.463159,-4.48644,1.35814,0.59514,-0.84521268,0.5060411850000001,0.065246415
1764505188.463159,-4.48644,1.35814,0.59514,-0.84521268,0.5060411850000001,0.065246415
1764505188.464177,-4.48644,1.35814,0.59514,-0.84521268,0.5060411850000001,0.065246415
1764505188.464177,-4.48644,1.35814,0.59514,-0.84521268,0.5060411850000001,0.065246415
1764505188.464177,-4.48644,1.35814,0.59514,-0.84521268,0.5060411850000001,0.065246415
1764505188.464177,-4.48644,1.35814,0.59514,-0.84521268,0.5060411850000001,0.065246415
1764505188.464177,-4.48644,1.35814,0.59514,-0.84521268,0.5060411850000001,0.065246415
1764505188.464177,-4.48644,1.35814,0.59514,-0.84521268,0.5060411850000001,0.065246415
1764505188.464177,-4.0439,1.69386,0.82404,-0.845884065,0.50768913,0.06567366
1764505188.464177,-4.0439,1.69386,0.82404,-0.845884065,0.50768913,0.06567366
1764505188.464177,-4.0439,1.69386,0.82404,-0.845884065,0.50768913,0.06567366
1764505188.464177,-4.0439,1.69386,0.82404,-0.845884065,0.50768913,0.06567366
1764505188.464177,-4.0439,1.69386,0.82404,-0.845884065,0.50768913,0.06567366
1764505188.464177,-4.0439,1.69386,0.82404,-0.845884065,0.50768913,0.06567366
1764505188.464177,-4.0439,1.69386,0.82404,-0.845884065,0.50768913,0.06567366
1764505188.464177,-4.0439,1.69386,0.82404,-0.845884065,0.50768913,0.06567366
1764505188.464177,-4.0439,1.69386,0.82404,-0.845884065,0.50768913,0.06567366
1764505188.464177,-4.0439,1.69386,0.82404,-0.845884065,0.50768913,0.06567366
1764505188.464177,-4.18124,1.4039199999999998,0.3357199999999999,-0.84557889,0.50854362,0.065978835
1764505188.464177,-4.18124,1.4039199999999998,0.3357199999999999,-0.84557889,0.50854362,0.065978835
1764505188.464177,-4.18124,1.4039199999999998,0.3357199999999999,-0.84557889,0.50854362,0.065978835
1764505188.464177,-4.18124,1.4039199999999998,0.3357199999999999,-0.84557889,0.50854362,0.065978835
1764505188.465177,-4.18124,1.4039199999999998,0.3357199999999999,-0.84557889,0.50854362,0.065978835
1764505188.465177,-4.18124,1.4039199999999998,0.3357199999999999,-0.84557889,0.50854362,0.065978835
1764505188.465177,-4.18124,1.4039199999999998,0.3357199999999999,-0.84557889,0.50854362,0.065978835
1764505188.465177,-4.18124,1.4039199999999998,0.3357199999999999,-0.84557889,0.50854362,0.065978835
1764505188.513817,-4.18124,1.4039199999999998,0.3357199999999999,-0.84557889,0.50854362,0.065978835
1764505188.513817,-4.18124,1.4039199999999998,0.3357199999999999,-0.84557889,0.50854362,0.065978835
1764505188.513817,-4.51696,1.12924,0.3815,-0.845517855,0.51000846,0.066345045
1764505188.513817,-4.51696,1.12924,0.3815,-0.845517855,0.51000846,0.066345045
1764505188.513817,-4.51696,1.12924,0.3815,-0.845517855,0.51000846,0.066345045
1764505188.513817,-4.51696,1.12924,0.3815,-0.845517855,0.51000846,0.066345045
1764505188.513817,-4.51696,1.12924,0.3815,-0.845517855,0.51000846,0.066345045
1764505188.513817,-4.51696,1.12924,0.3815,-0.845517855,0.51000846,0.066345045
1764505188.513817,-4.51696,1.12924,0.3815,-0.845517855,0.51000846,0.066345045
1764505188.513817,-4.51696,1.12924,0.3815,-0.845517855,0.51000846,0.066345045
1764505188.513817,-4.51696,1.12924,0.3815,-0.845517855,0.51000846,0.066345045
1764505188.513817,-4.51696,1.12924,0.3815,-0.845517855,0.51000846,0.066345045
1764505188.513817,-4.94424,1.0682,0.44254,-0.84484647,0.50927604,0.06640608
1764505188.513817,-4.94424,1.0682,0.44254,-0.84484647,0.50927604,0.06640608
1764505188.513817,-4.94424,1.0682,0.44254,-0.84484647,0.50927604,0.06640608
1764505188.513817,-4.94424,1.0682,0.44254,-0.84484647,0.50927604,0.06640608
1764505188.513817,-4.94424,1.0682,0.44254,-0.84484647,0.50927604,0.06640608
1764505188.513817,-4.94424,1.0682,0.44254,-0.84484647,0.50927604,0.06640608
1764505188.513817,-4.94424,1.0682,0.44254,-0.84484647,0.50927604,0.06640608
1764505188.513817,-4.94424,1.0682,0.44254,-0.84484647,0.50927604,0.06640608
1764505188.513817,-4.94424,1.0682,0.44254,-0.84484647,0.50927604,0.06640608
1764505188.513817,-4.94424,1.0682,0.44254,-0.84484647,0.50927604,0.06640608
1764505188.559136,-5.38678,1.46496,0.3204599999999999,-0.84423612,0.5086656900000001,0.06530745
1764505188.559136,-5.38678,1.46496,0.3204599999999999,-0.84423612,0.5086656900000001,0.06530745
1764505188.559136,-5.38678,1.46496,0.3204599999999999,-0.84423612,0.5086656900000001,0.06530745
1764505188.5596416,-5.38678,1.46496,0.3204599999999999,-0.84423612,0.5086656900000001,0.06530745
1764505188.5596416,-5.38678,1.46496,0.3204599999999999,-0.84423612,0.5086656900000001,0.06530745
1764505188.5596416,-5.38678,1.46496,0.3204599999999999,-0.84423612,0.5086656900000001,0.06530745
1764505188.5596416,-5.38678,1.46496,0.3204599999999999,-0.84423612,0.5086656900000001,0.06530745
1764505188.5596416,-5.38678,1.46496,0.3204599999999999,-0.84423612,0.5086656900000001,0.06530745
1764505188.5596416,-5.38678,1.46496,0.3204599999999999,-0.84423612,0.5086656900000001,0.06530745
1764505188.5596416,-5.38678,1.46496,0.3204599999999999,-0.84423612,0.5086656900000001,0.06530745
1764505188.5596416,-5.31048,1.46496,0.25942,-0.843808875,0.506529465,0.06481917
1764505188.5596416,-5.31048,1.46496,0.25942,-0.843808875,0.506529465,0.06481917
1764505188.5596416,-5.31048,1.46496,0.25942,-0.843808875,0.506529465,0.06481917
1764505188.5596416,-5.31048,1.46496,0.25942,-0.843808875,0.506529465,0.06481917
1764505188.5596416,-5.31048,1.46496,0.25942,-0.843808875,0.506529465,0.06481917
1764505188.5596416,-5.31048,1.46496,0.25942,-0.843808875,0.506529465,0.06481917
1764505188.5596416,-5.31048,1.46496,0.25942,-0.843808875,0.506529465,0.06481917
1764505188.5596416,-5.31048,1.46496,0.25942,-0.843808875,0.506529465,0.06481917
1764505188.5596416,-5.31048,1.46496,0.25942,-0.843808875,0.506529465,0.06481917
1764505188.5596416,-5.31048,1.46496,0.25942,-0.843808875,0.506529465,0.06481917
1764505188.5596416,-4.59326,1.4039199999999998,0.85456,-0.84362577,0.5044542750000001,0.064269855
1764505188.5596416,-4.59326,1.4039199999999998,0.85456,-0.84362577,0.5044542750000001,0.064269855
1764505188.5596416,-4.59326,1.4039199999999998,0.85456,-0.84362577,0.5044542750000001,0.064269855
1764505188.5596416,-4.59326,1.4039199999999998,0.85456,-0.84362577,0.5044542750000001,0.064269855
1764505188.607894,-4.59326,1.4039199999999998,0.85456,-0.84362577,0.5044542750000001,0.064269855
1764505188.607894,-4.59326,1.4039199999999998,0.85456,-0.84362577,0.5044542750000001,0.064269855
1764505188.607894,-4.59326,1.4039199999999998,0.85456,-0.84362577,0.5044542750000001,0.064269855
1764505188.608406,-4.59326,1.4039199999999998,0.85456,-0.84362577,0.5044542750000001,0.064269855
1764505188.608406,-4.59326,1.4039199999999998,0.85456,-0.84362577,0.5044542750000001,0.064269855
1764505188.608406,-4.59326,1.4039199999999998,0.85456,-0.84362577,0.5044542750000001,0.064269855
1764505188.608406,-3.54032,0.50358,0.9003399999999999,-0.84521268,0.504332205,0.064758135
1764505188.608406,-3.54032,0.50358,0.9003399999999999,-0.84521268,0.504332205,0.064758135
1764505188.608406,-3.54032,0.50358,0.9003399999999999,-0.84521268,0.504332205,0.064758135
1764505188.608406,-3.54032,0.50358,0.9003399999999999,-0.84521268,0.504332205,0.064758135
1764505188.608406,-3.54032,0.50358,0.9003399999999999,-0.84521268,0.504332205,0.064758135
1764505188.608406,-3.54032,0.50358,0.9003399999999999,-0.84521268,0.504332205,0.064758135
1764505188.608406,-3.54032,0.50358,0.9003399999999999,-0.84521268,0.504332205,0.064758135
1764505188.608406,-3.54032,0.50358,0.9003399999999999,-0.84521268,0.504332205,0.064758135
1764505188.608406,-3.54032,0.50358,0.9003399999999999,-0.84521268,0.504332205,0.064758135
1764505188.608406,-3.54032,0.50358,0.9003399999999999,-0.84521268,0.504332205,0.064758135
1764505188.608406,-2.99096,0.09156,0.59514,-0.84448026,0.506407395,0.06652815
1764505188.608406,-2.99096,0.09156,0.59514,-0.84448026,0.506407395,0.06652815
1764505188.608406,-2.99096,0.09156,0.59514,-0.84448026,0.506407395,0.06652815
1764505188.608406,-2.99096,0.09156,0.59514,-0.84448026,0.506407395,0.06652815
1764505188.608406,-2.99096,0.09156,0.59514,-0.84448026,0.506407395,0.06652815
1764505188.608406,-2.99096,0.09156,0.59514,-0.84448026,0.506407395,0.06652815
1764505188.608406,-2.99096,0.09156,0.59514,-0.84448026,0.506407395,0.06652815
1764505188.608406,-2.99096,0.09156,0.59514,-0.84448026,0.506407395,0.06652815
1764505188.6576476,-2.99096,0.09156,0.59514,-0.84448026,0.506407395,0.06652815
1764505188.6576476,-2.99096,0.09156,0.59514,-0.84448026,0.506407395,0.06652815
1764505188.6576476,-4.15072,0.73248,0.10682,-0.843198525,0.508116375,0.068054025
1764505188.6576476,-4.15072,0.73248,0.10682,-0.843198525,0.508116375,0.068054025
1764505188.6576476,-4.15072,0.73248,0.10682,-0.843198525,0.508116375,0.068054025
1764505188.6576476,-4.15072,0.73248,0.10682,-0.843198525,0.508116375,0.068054025
1764505188.6576476,-4.15072,0.73248,0.10682,-0.843198525,0.508116375,0.068054025
1764505188.6576476,-4.15072,0.73248,0.10682,-0.843198525,0.508116375,0.068054025
1764505188.6576476,-4.15072,0.73248,0.10682,-0.843198525,0.508116375,0.068054025
1764505188.6576476,-4.15072,0.73248,0.10682,-0.843198525,0.508116375,0.068054025
1764505188.6576476,-4.15072,0.73248,0.10682,-0.843198525,0.508116375,0.068054025
1764505188.6576476,-4.15072,0.73248,0.10682,-0.843198525,0.508116375,0.068054025
1764505188.6576476,-4.77638,1.2971,0.3051999999999999,-0.84338163,0.51000846,0.066955395
1764505188.6576476,-4.77638,1.2971,0.3051999999999999,-0.84338163,0.51000846,0.066955395
1764505188.6576476,-4.77638,1.2971,0.3051999999999999,-0.84338163,0.51000846,0.066955395
1764505188.6586547,-4.77638,1.2971,0.3051999999999999,-0.84338163,0.51000846,0.066955395
1764505188.6586547,-4.77638,1.2971,0.3051999999999999,-0.84338163,0.51000846,0.066955395
1764505188.6586547,-4.77638,1.2971,0.3051999999999999,-0.84338163,0.51000846,0.066955395
1764505188.6586547,-4.77638,1.2971,0.3051999999999999,-0.84338163,0.51000846,0.066955395
1764505188.6586547,-4.77638,1.2971,0.3051999999999999,-0.84338163,0.51000846,0.066955395
1764505188.6586547,-4.77638,1.2971,0.3051999999999999,-0.84338163,0.51000846,0.066955395
1764505188.6586547,-4.77638,1.2971,0.3051999999999999,-0.84338163,0.51000846,0.066955395
1764505188.6586547,-4.852679999999999,0.3204599999999999,1.03768,-0.84521268,0.512694,0.065856765
1764505188.6586547,-4.852679999999999,0.3204599999999999,1.03768,-0.84521268,0.512694,0.065856765
1764505188.702199,-4.852679999999999,0.3204599999999999,1.03768,-0.84521268,0.512694,0.065856765
1764505188.702199,-4.852679999999999,0.3204599999999999,1.03768,-0.84521268,0.512694,0.065856765
1764505188.702199,-4.852679999999999,0.3204599999999999,1.03768,-0.84521268,0.512694,0.065856765
1764505188.7027085,-4.852679999999999,0.3204599999999999,1.03768,-0.84521268,0.512694,0.065856765
1764505188.7027085,-4.852679999999999,0.3204599999999999,1.03768,-0.84521268,0.512694,0.065856765
1764505188.7027085,-4.852679999999999,0.3204599999999999,1.03768,-0.84521268,0.512694,0.065856765
1764505188.7027085,-4.852679999999999,0.3204599999999999,1.03768,-0.84521268,0.512694,0.065856765
1764505188.7027085,-4.852679999999999,0.3204599999999999,1.03768,-0.84521268,0.512694,0.065856765
1764505188.7027085,-5.24944,0.01526,-0.21364,-0.845395785,0.513731595,0.06628401
1764505188.7027085,-5.24944,0.01526,-0.21364,-0.845395785,0.513731595,0.06628401
1764505188.7027085,-5.24944,0.01526,-0.21364,-0.845395785,0.513731595,0.06628401
1764505188.7027085,-5.24944,0.01526,-0.21364,-0.845395785,0.513731595,0.06628401
1764505188.7027085,-5.24944,0.01526,-0.21364,-0.845395785,0.513731595,0.06628401
1764505188.7027085,-5.24944,0.01526,-0.21364,-0.845395785,0.513731595,0.06628401
1764505188.7027085,-5.24944,0.01526,-0.21364,-0.845395785,0.513731595,0.06628401
1764505188.7027085,-5.24944,0.01526,-0.21364,-0.845395785,0.513731595,0.06628401
1764505188.7027085,-5.24944,0.01526,-0.21364,-0.845395785,0.513731595,0.06628401
1764505188.7027085,-5.24944,0.01526,-0.21364,-0.845395785,0.513731595,0.06628401
1764505188.7037215,-5.12736,1.03768,-0.50358,-0.843808875,0.512755035,0.068054025
1764505188.7037215,-5.12736,1.03768,-0.50358,-0.843808875,0.512755035,0.068054025
1764505188.7042346,-5.12736,1.03768,-0.50358,-0.843808875,0.512755035,0.068054025
1764505188.7042346,-5.12736,1.03768,-0.50358,-0.843808875,0.512755035,0.068054025
1764505188.7042346,-5.12736,1.03768,-0.50358,-0.843808875,0.512755035,0.068054025
1764505188.7042346,-5.12736,1.03768,-0.50358,-0.843808875,0.512755035,0.068054025
1764505188.7517748,-5.12736,1.03768,-0.50358,-0.843808875,0.512755035,0.068054025
1764505188.7517748,-5.12736,1.03768,-0.50358,-0.843808875,0.512755035,0.068054025
1764505188.7517748,-5.12736,1.03768,-0.50358,-0.843808875,0.512755035,0.068054025
1764505188.7517748,-5.12736,1.03768,-0.50358,-0.843808875,0.512755035,0.068054025
1764505188.7517748,-5.753019999999999,1.4497,-0.28994,-0.84240507,0.51049674,0.06799299
1764505188.7517748,-5.753019999999999,1.4497,-0.28994,-0.84240507,0.51049674,0.06799299
1764505188.7517748,-5.753019999999999,1.4497,-0.28994,-0.84240507,0.51049674,0.06799299
1764505188.7517748,-5.753019999999999,1.4497,-0.28994,-0.84240507,0.51049674,0.06799299
1764505188.7517748,-5.753019999999999,1.4497,-0.28994,-0.84240507,0.51049674,0.06799299
1764505188.7527838,-5.753019999999999,1.4497,-0.28994,-0.84240507,0.51049674,0.06799299
1764505188.7527838,-5.753019999999999,1.4497,-0.28994,-0.84240507,0.51049674,0.06799299
1764505188.7527838,-5.753019999999999,1.4497,-0.28994,-0.84240507,0.51049674,0.06799299
1764505188.7527838,-5.753019999999999,1.4497,-0.28994,-0.84240507,0.51049674,0.06799299
1764505188.7527838,-5.753019999999999,1.4497,-0.28994,-0.84240507,0.51049674,0.06799299
1764505188.7527838,-6.60758,1.12924,0.73248,-0.842344035,0.50939811,0.0683592
1764505188.7527838,-6.60758,1.12924,0.73248,-0.842344035,0.50939811,0.0683592
1764505188.7527838,-6.60758,1.12924,0.73248,-0.842344035,0.50939811,0.0683592
1764505188.7527838,-6.60758,1.12924,0.73248,-0.842344035,0.50939811,0.0683592
1764505188.7527838,-6.60758,1.12924,0.73248,-0.842344035,0.50939811,0.0683592
1764505188.7527838,-6.60758,1.12924,0.73248,-0.842344035,0.50939811,0.0683592
1764505188.7527838,-6.60758,1.12924,0.73248,-0.842344035,0.50939811,0.0683592
1764505188.7527838,-6.60758,1.12924,0.73248,-0.842344035,0.50939811,0.0683592
1764505188.7527838,-6.60758,1.12924,0.73248,-0.842344035,0.50939811,0.0683592
1764505188.7527838,-6.60758,1.12924,0.73248,-0.842344035,0.50939811,0.0683592
1764505188.796033,-6.97382,1.12924,0.65618,-0.842710245,0.50878776,0.06945783
1764505188.796033,-6.97382,1.12924,0.65618,-0.842710245,0.50878776,0.06945783
1764505188.796033,-6.97382,1.12924,0.65618,-0.842710245,0.50878776,0.06945783
1764505188.7975757,-6.97382,1.12924,0.65618,-0.842710245,0.50878776,0.06945783
1764505188.7975757,-6.97382,1.12924,0.65618,-0.842710245,0.50878776,0.06945783
1764505188.7975757,-6.97382,1.12924,0.65618,-0.842710245,0.50878776,0.06945783
1764505188.7975757,-6.97382,1.12924,0.65618,-0.842710245,0.50878776,0.06945783
1764505188.7975757,-6.97382,1.12924,0.65618,-0.842710245,0.50878776,0.06945783
1764505188.7975757,-6.97382,1.12924,0.65618,-0.842710245,0.50878776,0.06945783
1764505188.7975757,-6.97382,1.12924,0.65618,-0.842710245,0.50878776,0.06945783
1764505188.7975757,-6.34816,1.0682,0.97664,-0.843686805,0.50732292,0.069885075
1764505188.7975757,-6.34816,1.0682,0.97664,-0.843686805,0.50732292,0.069885075
1764505188.7975757,-6.34816,1.0682,0.97664,-0.843686805,0.50732292,0.069885075
1764505188.7975757,-6.34816,1.0682,0.97664,-0.843686805,0.50732292,0.069885075
1764505188.7975757,-6.34816,1.0682,0.97664,-0.843686805,0.50732292,0.069885075
1764505188.799585,-6.34816,1.0682,0.97664,-0.843686805,0.50732292,0.069885075
1764505188.799585,-6.34816,1.0682,0.97664,-0.843686805,0.50732292,0.069885075
1764505188.799585,-6.34816,1.0682,0.97664,-0.843686805,0.50732292,0.069885075
1764505188.799585,-6.34816,1.0682,0.97664,-0.843686805,0.50732292,0.069885075
1764505188.799585,-6.34816,1.0682,0.97664,-0.843686805,0.50732292,0.069885075
1764505188.799585,-5.81406,0.8698199999999999,1.4039199999999998,-0.8446023300000001,0.50646843,0.06896955
1764505188.799585,-5.81406,0.8698199999999999,1.4039199999999998,-0.8446023300000001,0.50646843,0.06896955
1764505188.8449292,-5.81406,0.8698199999999999,1.4039199999999998,-0.8446023300000001,0.50646843,0.06896955
1764505188.8449292,-5.81406,0.8698199999999999,1.4039199999999998,-0.8446023300000001,0.50646843,0.06896955
1764505188.8449292,-5.81406,0.8698199999999999,1.4039199999999998,-0.8446023300000001,0.50646843,0.06896955
1764505188.8449292,-5.81406,0.8698199999999999,1.4039199999999998,-0.8446023300000001,0.50646843,0.06896955
1764505188.8449292,-5.81406,0.8698199999999999,1.4039199999999998,-0.8446023300000001,0.50646843,0.06896955
1764505188.84593,-5.81406,0.8698199999999999,1.4039199999999998,-0.8446023300000001,0.50646843,0.06896955
1764505188.84593,-5.81406,0.8698199999999999,1.4039199999999998,-0.8446023300000001,0.50646843,0.06896955
1764505188.84593,-5.81406,0.8698199999999999,1.4039199999999998,-0.8446023300000001,0.50646843,0.06896955
1764505188.84593,-4.59326,0.57988,1.48022,-0.8446023300000001,0.5065905,0.067809885
1764505188.84593,-4.59326,0.57988,1.48022,-0.8446023300000001,0.5065905,0.067809885
1764505188.84593,-4.59326,0.57988,1.48022,-0.8446023300000001,0.5065905,0.067809885
1764505188.84593,-4.59326,0.57988,1.48022,-0.8446023300000001,0.5065905,0.067809885
1764505188.8477883,-4.59326,0.57988,1.48022,-0.8446023300000001,0.5065905,0.067809885
1764505188.8477883,-4.59326,0.57988,1.48022,-0.8446023300000001,0.5065905,0.067809885
1764505188.8477883,-4.59326,0.57988,1.48022,-0.8446023300000001,0.5065905,0.067809885
1764505188.8477883,-4.59326,0.57988,1.48022,-0.8446023300000001,0.5065905,0.067809885
1764505188.8477883,-4.59326,0.57988,1.48022,-0.8446023300000001,0.5065905,0.067809885
1764505188.8477883,-4.59326,0.57988,1.48022,-0.8446023300000001,0.5065905,0.067809885
1764505188.8477883,-3.83026,0.7019599999999999,1.25132,-0.844907505,0.50756706,0.067321605
1764505188.8477883,-3.83026,0.7019599999999999,1.25132,-0.844907505,0.50756706,0.067321605
1764505188.8477883,-3.83026,0.7019599999999999,1.25132,-0.844907505,0.50756706,0.067321605
1764505188.8477883,-3.83026,0.7019599999999999,1.25132,-0.844907505,0.50756706,0.067321605
1764505188.8477883,-3.83026,0.7019599999999999,1.25132,-0.844907505,0.50756706,0.067321605
1764505188.8477883,-3.83026,0.7019599999999999,1.25132,-0.844907505,0.50756706,0.067321605
1764505188.8930678,-3.83026,0.7019599999999999,1.25132,-0.844907505,0.50756706,0.067321605
1764505188.8930678,-3.83026,0.7019599999999999,1.25132,-0.844907505,0.50756706,0.067321605
1764505188.8936496,-3.83026,0.7019599999999999,1.25132,-0.844907505,0.50756706,0.067321605
1764505188.8936496,-3.83026,0.7019599999999999,1.25132,-0.844907505,0.50756706,0.067321605
1764505188.8936496,-3.54032,0.763,0.25942,-0.844419225,0.50793327,0.069274725
1764505188.8936496,-3.54032,0.763,0.25942,-0.844419225,0.50793327,0.069274725
1764505188.8936496,-3.54032,0.763,0.25942,-0.844419225,0.50793327,0.069274725
1764505188.8936496,-3.54032,0.763,0.25942,-0.844419225,0.50793327,0.069274725
1764505188.894665,-3.54032,0.763,0.25942,-0.844419225,0.50793327,0.069274725
1764505188.894665,-3.54032,0.763,0.25942,-0.844419225,0.50793327,0.069274725
1764505188.894665,-3.54032,0.763,0.25942,-0.844419225,0.50793327,0.069274725
1764505188.894665,-3.54032,0.763,0.25942,-0.844419225,0.50793327,0.069274725
1764505188.894665,-3.54032,0.763,0.25942,-0.844419225,0.50793327,0.069274725
1764505188.894665,-3.54032,0.763,0.25942,-0.844419225,0.50793327,0.069274725
1764505188.894665,-5.15788,2.07536,0.763,-0.84338163,0.507994305,0.06982404
1764505188.894665,-5.15788,2.07536,0.763,-0.84338163,0.507994305,0.06982404
1764505188.894665,-5.15788,2.07536,0.763,-0.84338163,0.507994305,0.06982404
1764505188.894665,-5.15788,2.07536,0.763,-0.84338163,0.507994305,0.06982404
1764505188.894665,-5.15788,2.07536,0.763,-0.84338163,0.507994305,0.06982404
1764505188.894665,-5.15788,2.07536,0.763,-0.84338163,0.507994305,0.06982404
1764505188.894665,-5.15788,2.07536,0.763,-0.84338163,0.507994305,0.06982404
1764505188.894665,-5.15788,2.07536,0.763,-0.84338163,0.507994305,0.06982404
1764505188.894665,-5.15788,2.07536,0.763,-0.84338163,0.507994305,0.06982404
1764505188.894665,-5.15788,2.07536,0.763,-0.84338163,0.507994305,0.06982404
1764505188.938255,-5.84458,1.26658,0.9919,-0.84386991,0.50878776,0.07006818
1764505188.938255,-5.84458,1.26658,0.9919,-0.84386991,0.50878776,0.07006818
1764505188.938255,-5.84458,1.26658,0.9919,-0.84386991,0.50878776,0.07006818
1764505188.9395533,-5.84458,1.26658,0.9919,-0.84386991,0.50878776,0.07006818
1764505188.9395533,-5.84458,1.26658,0.9919,-0.84386991,0.50878776,0.07006818
1764505188.9395533,-5.84458,1.26658,0.9919,-0.84386991,0.50878776,0.07006818
1764505188.9395533,-5.84458,1.26658,0.9919,-0.84386991,0.50878776,0.07006818
1764505188.940569,-5.84458,1.26658,0.9919,-0.84386991,0.50878776,0.07006818
1764505188.940569,-5.84458,1.26658,0.9919,-0.84386991,0.50878776,0.07006818
1764505188.940569,-5.84458,1.26658,0.9919,-0.84386991,0.50878776,0.07006818
1764505188.940569,-5.78354,-0.01526,0.9156,-0.844907505,0.50976432,0.070129215
1764505188.940569,-5.78354,-0.01526,0.9156,-0.844907505,0.50976432,0.070129215
1764505188.941572,-5.78354,-0.01526,0.9156,-0.844907505,0.50976432,0.070129215
1764505188.941572,-5.78354,-0.01526,0.9156,-0.844907505,0.50976432,0.070129215
1764505188.941572,-5.78354,-0.01526,0.9156,-0.844907505,0.50976432,0.070129215
1764505188.941572,-5.78354,-0.01526,0.9156,-0.844907505,0.50976432,0.070129215
1764505188.941572,-5.78354,-0.01526,0.9156,-0.844907505,0.50976432,0.070129215
1764505188.941572,-5.78354,-0.01526,0.9156,-0.844907505,0.50976432,0.070129215
1764505188.9430814,-5.78354,-0.01526,0.9156,-0.844907505,0.50976432,0.070129215
1764505188.9430814,-5.78354,-0.01526,0.9156,-0.844907505,0.50976432,0.070129215
1764505188.9430814,-5.93614,0.12208,-0.1525999999999999,-0.844907505,0.51013053,0.07055646
1764505188.943624,-5.93614,0.12208,-0.1525999999999999,-0.844907505,0.51013053,0.07055646
1764505188.943624,-5.93614,0.12208,-0.1525999999999999,-0.844907505,0.51013053,0.07055646
1764505188.9440937,-5.93614,0.12208,-0.1525999999999999,-0.844907505,0.51013053,0.07055646
1764505188.9897883,-5.93614,0.12208,-0.1525999999999999,-0.844907505,0.51013053,0.07055646
1764505188.9897883,-5.93614,0.12208,-0.1525999999999999,-0.844907505,0.51013053,0.07055646
1764505188.9897883,-5.93614,0.12208,-0.1525999999999999,-0.844907505,0.51013053,0.07055646
1764505188.9897883,-5.93614,0.12208,-0.1525999999999999,-0.844907505,0.51013053,0.07055646
1764505188.9897883,-5.93614,0.12208,-0.1525999999999999,-0.844907505,0.51013053,0.07055646
1764505188.9897883,-5.93614,0.12208,-0.1525999999999999,-0.844907505,0.51013053,0.07055646
1764505188.9897883,-5.7225,1.58704,-0.1678599999999999,-0.843442665,0.510313635,0.07031232
1764505188.9897883,-5.7225,1.58704,-0.1678599999999999,-0.843442665,0.510313635,0.07031232
1764505188.9897883,-5.7225,1.58704,-0.1678599999999999,-0.843442665,0.510313635,0.07031232
1764505188.9907866,-5.7225,1.58704,-0.1678599999999999,-0.843442665,0.510313635,0.07031232
1764505188.9907866,-5.7225,1.58704,-0.1678599999999999,-0.843442665,0.510313635,0.07031232
1764505188.9907866,-5.7225,1.58704,-0.1678599999999999,-0.843442665,0.510313635,0.07031232
1764505188.9907866,-5.7225,1.58704,-0.1678599999999999,-0.843442665,0.510313635,0.07031232
1764505188.9907866,-5.7225,1.58704,-0.1678599999999999,-0.843442665,0.510313635,0.07031232
1764505188.9907866,-5.7225,1.58704,-0.1678599999999999,-0.843442665,0.510313635,0.07031232
1764505188.9907866,-5.7225,1.58704,-0.1678599999999999,-0.843442665,0.510313635,0.07031232
1764505188.9907866,-5.93614,1.43444,0.19838,-0.8425271400000001,0.50939811,0.0695799
1764505188.9907866,-5.93614,1.43444,0.19838,-0.8425271400000001,0.50939811,0.0695799
1764505188.9907866,-5.93614,1.43444,0.19838,-0.8425271400000001,0.50939811,0.0695799
1764505188.9907866,-5.93614,1.43444,0.19838,-0.8425271400000001,0.50939811,0.0695799
1764505188.9907866,-5.93614,1.43444,0.19838,-0.8425271400000001,0.50939811,0.0695799
1764505188.9907866,-5.93614,1.43444,0.19838,-0.8425271400000001,0.50939811,0.0695799
1764505188.9907866,-5.93614,1.43444,0.19838,-0.8425271400000001,0.50939811,0.0695799
1764505188.9907866,-5.93614,1.43444,0.19838,-0.8425271400000001,0.50939811,0.0695799
1764505189.0320897,-5.93614,1.43444,0.19838,-0.8425271400000001,0.50939811,0.0695799
1764505189.0320897,-5.93614,1.43444,0.19838,-0.8425271400000001,0.50939811,0.0695799
1764505189.0320897,-5.43256,1.2971,0.24416,-0.842283,0.508970865,0.06896955
1764505189.0320897,-5.43256,1.2971,0.24416,-0.842283,0.508970865,0.06896955
1764505189.0330992,-5.43256,1.2971,0.24416,-0.842283,0.508970865,0.06896955
1764505189.0330992,-5.43256,1.2971,0.24416,-0.842283,0.508970865,0.06896955
1764505189.0330992,-5.43256,1.2971,0.24416,-0.842283,0.508970865,0.06896955
1764505189.0330992,-5.43256,1.2971,0.24416,-0.842283,0.508970865,0.06896955
1764505189.0330992,-5.43256,1.2971,0.24416,-0.842283,0.508970865,0.06896955
1764505189.0330992,-5.43256,1.2971,0.24416,-0.842283,0.508970865,0.06896955
1764505189.0330992,-5.43256,1.2971,0.24416,-0.842283,0.508970865,0.06896955
1764505189.0330992,-5.43256,1.2971,0.24416,-0.842283,0.508970865,0.06896955
1764505189.0330992,-5.08158,1.0682,0.2289,-0.842221965,0.508360515,0.0683592
1764505189.0330992,-5.08158,1.0682,0.2289,-0.842221965,0.508360515,0.0683592
1764505189.0330992,-5.08158,1.0682,0.2289,-0.842221965,0.508360515,0.0683592
1764505189.0330992,-5.08158,1.0682,0.2289,-0.842221965,0.508360515,0.0683592
1764505189.0351183,-5.08158,1.0682,0.2289,-0.842221965,0.508360515,0.0683592
1764505189.0351183,-5.08158,1.0682,0.2289,-0.842221965,0.508360515,0.0683592
1764505189.0351183,-5.08158,1.0682,0.2289,-0.842221965,0.508360515,0.0683592
1764505189.0351183,-5.08158,1.0682,0.2289,-0.842221965,0.508360515,0.0683592
1764505189.0351183,-5.08158,1.0682,0.2289,-0.842221965,0.508360515,0.0683592
1764505189.0351183,-5.08158,1.0682,0.2289,-0.842221965,0.508360515,0.0683592
1764505189.080507,-4.45592,1.2971,0.0762999999999999,-0.842954385,0.509337075,0.06860334
1764505189.080507,-4.45592,1.2971,0.0762999999999999,-0.842954385,0.509337075,0.06860334
1764505189.080507,-4.45592,1.2971,0.0762999999999999,-0.842954385,0.509337075,0.06860334
1764505189.080507,-4.45592,1.2971,0.0762999999999999,-0.842954385,0.509337075,0.06860334
1764505189.080507,-4.45592,1.2971,0.0762999999999999,-0.842954385,0.509337075,0.06860334
1764505189.080507,-4.45592,1.2971,0.0762999999999999,-0.842954385,0.509337075,0.06860334
1764505189.080507,-4.45592,1.2971,0.0762999999999999,-0.842954385,0.509337075,0.06860334
1764505189.080507,-4.45592,1.2971,0.0762999999999999,-0.842954385,0.509337075,0.06860334
1764505189.080507,-4.45592,1.2971,0.0762999999999999,-0.842954385,0.509337075,0.06860334
1764505189.080507,-4.45592,1.2971,0.0762999999999999,-0.842954385,0.509337075,0.06860334
1764505189.080507,-4.45592,0.18312,0.47306,-0.84423612,0.509581215,0.068908515
1764505189.080507,-4.45592,0.18312,0.47306,-0.84423612,0.509581215,0.068908515
1764505189.080507,-4.45592,0.18312,0.47306,-0.84423612,0.509581215,0.068908515
1764505189.080507,-4.45592,0.18312,0.47306,-0.84423612,0.509581215,0.068908515
1764505189.080507,-4.45592,0.18312,0.47306,-0.84423612,0.509581215,0.068908515
1764505189.080507,-4.45592,0.18312,0.47306,-0.84423612,0.509581215,0.068908515
1764505189.080507,-4.45592,0.18312,0.47306,-0.84423612,0.509581215,0.068908515
1764505189.080507,-4.45592,0.18312,0.47306,-0.84423612,0.509581215,0.068908515
1764505189.080507,-4.45592,0.18312,0.47306,-0.84423612,0.509581215,0.068908515
1764505189.0815144,-4.45592,0.18312,0.47306,-0.84423612,0.509581215,0.068908515
1764505189.0815144,-3.99812,0.06104,0.1678599999999999,-0.843808875,0.50964225,0.069396795
1764505189.0815144,-3.99812,0.06104,0.1678599999999999,-0.843808875,0.50964225,0.069396795
1764505189.0815144,-3.99812,0.06104,0.1678599999999999,-0.843808875,0.50964225,0.069396795
1764505189.0815144,-3.99812,0.06104,0.1678599999999999,-0.843808875,0.50964225,0.069396795
1764505189.1261585,-3.99812,0.06104,0.1678599999999999,-0.843808875,0.50964225,0.069396795
1764505189.1261585,-3.99812,0.06104,0.1678599999999999,-0.843808875,0.50964225,0.069396795
1764505189.1261585,-3.99812,0.06104,0.1678599999999999,-0.843808875,0.50964225,0.069396795
1764505189.1261585,-3.99812,0.06104,0.1678599999999999,-0.843808875,0.50964225,0.069396795
1764505189.1261585,-3.99812,0.06104,0.1678599999999999,-0.843808875,0.50964225,0.069396795
1764505189.1261585,-3.99812,0.06104,0.1678599999999999,-0.843808875,0.50964225,0.069396795
1764505189.1261585,-4.25754,1.77016,0.59514,-0.84313749,0.508970865,0.06921369
1764505189.1261585,-4.25754,1.77016,0.59514,-0.84313749,0.508970865,0.06921369
1764505189.1261585,-4.25754,1.77016,0.59514,-0.84313749,0.508970865,0.06921369
1764505189.1261585,-4.25754,1.77016,0.59514,-0.84313749,0.508970865,0.06921369
1764505189.1261585,-4.25754,1.77016,0.59514,-0.84313749,0.508970865,0.06921369
1764505189.1261585,-4.25754,1.77016,0.59514,-0.84313749,0.508970865,0.06921369
1764505189.1261585,-4.25754,1.77016,0.59514,-0.84313749,0.508970865,0.06921369
1764505189.1261585,-4.25754,1.77016,0.59514,-0.84313749,0.508970865,0.06921369
1764505189.1261585,-4.25754,1.77016,0.59514,-0.84313749,0.508970865,0.06921369
1764505189.1261585,-4.25754,1.77016,0.59514,-0.84313749,0.508970865,0.06921369
1764505189.1261585,-4.77638,1.49548,0.03052,-0.8430764550000001,0.51037467,0.06909162
1764505189.1261585,-4.77638,1.49548,0.03052,-0.8430764550000001,0.51037467,0.06909162
1764505189.1261585,-4.77638,1.49548,0.03052,-0.8430764550000001,0.51037467,0.06909162
1764505189.1261585,-4.77638,1.49548,0.03052,-0.8430764550000001,0.51037467,0.06909162
1764505189.1277118,-4.77638,1.49548,0.03052,-0.8430764550000001,0.51037467,0.06909162
1764505189.1277118,-4.77638,1.49548,0.03052,-0.8430764550000001,0.51037467,0.06909162
1764505189.1712534,-4.77638,1.49548,0.03052,-0.8430764550000001,0.51037467,0.06909162
1764505189.1712534,-4.77638,1.49548,0.03052,-0.8430764550000001,0.51037467,0.06909162
1764505189.1712534,-4.77638,1.49548,0.03052,-0.8430764550000001,0.51037467,0.06909162
1764505189.1712534,-4.77638,1.49548,0.03052,-0.8430764550000001,0.51037467,0.06909162
1764505189.1712534,-5.17314,1.41918,0.36624,-0.84338163,0.510557775,0.0695799
1764505189.1712534,-5.17314,1.41918,0.36624,-0.84338163,0.510557775,0.0695799
1764505189.1712534,-5.17314,1.41918,0.36624,-0.84338163,0.510557775,0.0695799
1764505189.1712534,-5.17314,1.41918,0.36624,-0.84338163,0.510557775,0.0695799
1764505189.1712534,-5.17314,1.41918,0.36624,-0.84338163,0.510557775,0.0695799
1764505189.1712534,-5.17314,1.41918,0.36624,-0.84338163,0.510557775,0.0695799
1764505189.1712534,-5.17314,1.41918,0.36624,-0.84338163,0.510557775,0.0695799
1764505189.1712534,-5.17314,1.41918,0.36624,-0.84338163,0.510557775,0.0695799
1764505189.1712534,-5.17314,1.41918,0.36624,-0.84338163,0.510557775,0.0695799
1764505189.1712534,-5.17314,1.41918,0.36624,-0.84338163,0.510557775,0.0695799
1764505189.1712534,-5.40204,1.09872,0.41202,-0.844175085,0.509215005,0.07055646
1764505189.1712534,-5.40204,1.09872,0.41202,-0.844175085,0.509215005,0.07055646
1764505189.172326,-5.40204,1.09872,0.41202,-0.844175085,0.509215005,0.07055646
1764505189.172326,-5.40204,1.09872,0.41202,-0.844175085,0.509215005,0.07055646
1764505189.172326,-5.40204,1.09872,0.41202,-0.844175085,0.509215005,0.07055646
1764505189.172326,-5.40204,1.09872,0.41202,-0.844175085,0.509215005,0.07055646
1764505189.172326,-5.40204,1.09872,0.41202,-0.844175085,0.509215005,0.07055646
1764505189.172326,-5.40204,1.09872,0.41202,-0.844175085,0.509215005,0.07055646
1764505189.172326,-5.40204,1.09872,0.41202,-0.844175085,0.509215005,0.07055646
1764505189.172326,-5.40204,1.09872,0.41202,-0.844175085,0.509215005,0.07055646
1764505189.2188709,-5.44782,0.51884,0.54936,-0.846616485,0.508604655,0.070373355
1764505189.2188709,-5.44782,0.51884,0.54936,-0.846616485,0.508604655,0.070373355
1764505189.2188709,-5.44782,0.51884,0.54936,-0.846616485,0.508604655,0.070373355
1764505189.2188709,-5.44782,0.51884,0.54936,-0.846616485,0.508604655,0.070373355
1764505189.2188709,-5.44782,0.51884,0.54936,-0.846616485,0.508604655,0.070373355
1764505189.2188709,-5.44782,0.51884,0.54936,-0.846616485,0.508604655,0.070373355
1764505189.2188709,-5.44782,0.51884,0.54936,-0.846616485,0.508604655,0.070373355
1764505189.2188709,-5.44782,0.51884,0.54936,-0.846616485,0.508604655,0.070373355
1764505189.2188709,-5.44782,0.51884,0.54936,-0.846616485,0.508604655,0.070373355
1764505189.2188709,-5.44782,0.51884,0.54936,-0.846616485,0.508604655,0.070373355
1764505189.2198894,-5.12736,0.65618,0.27468,-0.84679959,0.50829948,0.06921369
1764505189.2198894,-5.12736,0.65618,0.27468,-0.84679959,0.50829948,0.06921369
1764505189.2198894,-5.12736,0.65618,0.27468,-0.84679959,0.50829948,0.06921369
1764505189.2198894,-5.12736,0.65618,0.27468,-0.84679959,0.50829948,0.06921369
1764505189.2198894,-5.12736,0.65618,0.27468,-0.84679959,0.50829948,0.06921369
1764505189.2198894,-5.12736,0.65618,0.27468,-0.84679959,0.50829948,0.06921369
1764505189.2198894,-5.12736,0.65618,0.27468,-0.84679959,0.50829948,0.06921369
1764505189.2198894,-5.12736,0.65618,0.27468,-0.84679959,0.50829948,0.06921369
1764505189.2198894,-5.12736,0.65618,0.27468,-0.84679959,0.50829948,0.06921369
1764505189.2198894,-5.12736,0.65618,0.27468,-0.84679959,0.50829948,0.06921369
1764505189.2198894,-5.371519999999999,0.6103999999999999,0.6103999999999999,-0.84667752,0.508482585,0.068176095
1764505189.2198894,-5.371519999999999,0.6103999999999999,0.6103999999999999,-0.84667752,0.508482585,0.068176095
1764505189.221408,-5.371519999999999,0.6103999999999999,0.6103999999999999,-0.84667752,0.508482585,0.068176095
1764505189.221408,-5.371519999999999,0.6103999999999999,0.6103999999999999,-0.84667752,0.508482585,0.068176095
1764505189.266811,-5.371519999999999,0.6103999999999999,0.6103999999999999,-0.84667752,0.508482585,0.068176095
1764505189.266811,-5.371519999999999,0.6103999999999999,0.6103999999999999,-0.84667752,0.508482585,0.068176095
1764505189.2673223,-5.371519999999999,0.6103999999999999,0.6103999999999999,-0.84667752,0.508482585,0.068176095
1764505189.2673223,-5.371519999999999,0.6103999999999999,0.6103999999999999,-0.84667752,0.508482585,0.068176095
1764505189.2673223,-5.371519999999999,0.6103999999999999,0.6103999999999999,-0.84667752,0.508482585,0.068176095
1764505189.2673223,-5.371519999999999,0.6103999999999999,0.6103999999999999,-0.84667752,0.508482585,0.068176095
1764505189.2673223,-4.7306,0.12208,0.04578,-0.846982695,0.508970865,0.06860334
1764505189.2673223,-4.7306,0.12208,0.04578,-0.846982695,0.508970865,0.06860334
1764505189.2673223,-4.7306,0.12208,0.04578,-0.846982695,0.508970865,0.06860334
1764505189.2673223,-4.7306,0.12208,0.04578,-0.846982695,0.508970865,0.06860334
1764505189.2673223,-4.7306,0.12208,0.04578,-0.846982695,0.508970865,0.06860334
1764505189.2673223,-4.7306,0.12208,0.04578,-0.846982695,0.508970865,0.06860334
1764505189.2673223,-4.7306,0.12208,0.04578,-0.846982695,0.508970865,0.06860334
1764505189.2673223,-4.7306,0.12208,0.04578,-0.846982695,0.508970865,0.06860334
1764505189.2673223,-4.7306,0.12208,0.04578,-0.846982695,0.508970865,0.06860334
1764505189.2673223,-4.7306,0.12208,0.04578,-0.846982695,0.508970865,0.06860334
1764505189.2673223,-3.83026,-0.13734,-0.1678599999999999,-0.84533475,0.507872235,0.0695799
1764505189.2673223,-3.83026,-0.13734,-0.1678599999999999,-0.84533475,0.507872235,0.0695799
1764505189.2673223,-3.83026,-0.13734,-0.1678599999999999,-0.84533475,0.507872235,0.0695799
1764505189.2673223,-3.83026,-0.13734,-0.1678599999999999,-0.84533475,0.507872235,0.0695799
1764505189.2673223,-3.83026,-0.13734,-0.1678599999999999,-0.84533475,0.507872235,0.0695799
1764505189.2673223,-3.83026,-0.13734,-0.1678599999999999,-0.84533475,0.507872235,0.0695799
1764505189.3115044,-3.83026,-0.13734,-0.1678599999999999,-0.84533475,0.507872235,0.0695799
1764505189.3115044,-3.83026,-0.13734,-0.1678599999999999,-0.84533475,0.507872235,0.0695799
1764505189.3115044,-3.83026,-0.13734,-0.1678599999999999,-0.84533475,0.507872235,0.0695799
1764505189.3115044,-3.83026,-0.13734,-0.1678599999999999,-0.84533475,0.507872235,0.0695799
1764505189.3115044,-3.52506,0.56462,0.2289,-0.84325956,0.5070787800000001,0.071594055
1764505189.313053,-3.52506,0.56462,0.2289,-0.84325956,0.5070787800000001,0.071594055
1764505189.313053,-3.52506,0.56462,0.2289,-0.84325956,0.5070787800000001,0.071594055
1764505189.313053,-3.52506,0.56462,0.2289,-0.84325956,0.5070787800000001,0.071594055
1764505189.313053,-3.52506,0.56462,0.2289,-0.84325956,0.5070787800000001,0.071594055
1764505189.313053,-3.52506,0.56462,0.2289,-0.84325956,0.5070787800000001,0.071594055
1764505189.313053,-3.52506,0.56462,0.2289,-0.84325956,0.5070787800000001,0.071594055
1764505189.313053,-3.52506,0.56462,0.2289,-0.84325956,0.5070787800000001,0.071594055
1764505189.313578,-3.52506,0.56462,0.2289,-0.84325956,0.5070787800000001,0.071594055
1764505189.313578,-3.52506,0.56462,0.2289,-0.84325956,0.5070787800000001,0.071594055
1764505189.313578,-4.83742,1.25132,-0.10682,-0.8420388600000001,0.50634636,0.071594055
1764505189.313578,-4.83742,1.25132,-0.10682,-0.8420388600000001,0.50634636,0.071594055
1764505189.313578,-4.83742,1.25132,-0.10682,-0.8420388600000001,0.50634636,0.071594055
1764505189.313578,-4.83742,1.25132,-0.10682,-0.8420388600000001,0.50634636,0.071594055
1764505189.313578,-4.83742,1.25132,-0.10682,-0.8420388600000001,0.50634636,0.071594055
1764505189.313578,-4.83742,1.25132,-0.10682,-0.8420388600000001,0.50634636,0.071594055
1764505189.313578,-4.83742,1.25132,-0.10682,-0.8420388600000001,0.50634636,0.071594055
1764505189.313578,-4.83742,1.25132,-0.10682,-0.8420388600000001,0.50634636,0.071594055
1764505189.313578,-4.83742,1.25132,-0.10682,-0.8420388600000001,0.50634636,0.071594055
1764505189.313578,-4.83742,1.25132,-0.10682,-0.8420388600000001,0.50634636,0.071594055
1764505189.3576407,-5.2647,1.6022999999999998,0.6867,-0.8430764550000001,0.50793327,0.06994611
1764505189.3586802,-5.2647,1.6022999999999998,0.6867,-0.8430764550000001,0.50793327,0.06994611
1764505189.3586802,-5.2647,1.6022999999999998,0.6867,-0.8430764550000001,0.50793327,0.06994611
1764505189.3591945,-5.2647,1.6022999999999998,0.6867,-0.8430764550000001,0.50793327,0.06994611
1764505189.3591945,-5.2647,1.6022999999999998,0.6867,-0.8430764550000001,0.50793327,0.06994611
1764505189.3591945,-5.2647,1.6022999999999998,0.6867,-0.8430764550000001,0.50793327,0.06994611
1764505189.3591945,-5.2647,1.6022999999999998,0.6867,-0.8430764550000001,0.50793327,0.06994611
1764505189.3591945,-5.2647,1.6022999999999998,0.6867,-0.8430764550000001,0.50793327,0.06994611
1764505189.3591945,-5.2647,1.6022999999999998,0.6867,-0.8430764550000001,0.50793327,0.06994611
1764505189.3602188,-5.2647,1.6022999999999998,0.6867,-0.8430764550000001,0.50793327,0.06994611
1764505189.3602188,-4.94424,0.0,0.6714399999999999,-0.84484647,0.51000846,0.070007145
1764505189.3602188,-4.94424,0.0,0.6714399999999999,-0.84484647,0.51000846,0.070007145
1764505189.3602188,-4.94424,0.0,0.6714399999999999,-0.84484647,0.51000846,0.070007145
1764505189.3602188,-4.94424,0.0,0.6714399999999999,-0.84484647,0.51000846,0.070007145
1764505189.3612244,-4.94424,0.0,0.6714399999999999,-0.84484647,0.51000846,0.070007145
1764505189.3612244,-4.94424,0.0,0.6714399999999999,-0.84484647,0.51000846,0.070007145
1764505189.3612244,-4.94424,0.0,0.6714399999999999,-0.84484647,0.51000846,0.070007145
1764505189.3612244,-4.94424,0.0,0.6714399999999999,-0.84484647,0.51000846,0.070007145
1764505189.3622246,-4.94424,0.0,0.6714399999999999,-0.84484647,0.51000846,0.070007145
1764505189.3622246,-4.94424,0.0,0.6714399999999999,-0.84484647,0.51000846,0.070007145
1764505189.3622246,-5.17314,-1.64808,-0.3204599999999999,-0.84484647,0.51110709,0.07153302
1764505189.3622246,-5.17314,-1.64808,-0.3204599999999999,-0.84484647,0.51110709,0.07153302
1764505189.4082017,-5.17314,-1.64808,-0.3204599999999999,-0.84484647,0.51110709,0.07153302
1764505189.4082017,-5.17314,-1.64808,-0.3204599999999999,-0.84484647,0.51110709,0.07153302
1764505189.4082017,-5.17314,-1.64808,-0.3204599999999999,-0.84484647,0.51110709,0.07153302
1764505189.4082017,-5.17314,-1.64808,-0.3204599999999999,-0.84484647,0.51110709,0.07153302
1764505189.4082017,-5.17314,-1.64808,-0.3204599999999999,-0.84484647,0.51110709,0.07153302
1764505189.4082017,-5.17314,-1.64808,-0.3204599999999999,-0.84484647,0.51110709,0.07153302
1764505189.4082017,-5.17314,-1.64808,-0.3204599999999999,-0.84484647,0.51110709,0.07153302
1764505189.4082017,-5.17314,-1.64808,-0.3204599999999999,-0.84484647,0.51110709,0.07153302
1764505189.4082017,-5.14262,0.21364,-0.7019599999999999,-0.8425271400000001,0.51037467,0.07263165
1764505189.4082017,-5.14262,0.21364,-0.7019599999999999,-0.8425271400000001,0.51037467,0.07263165
1764505189.4082017,-5.14262,0.21364,-0.7019599999999999,-0.8425271400000001,0.51037467,0.07263165
1764505189.4088848,-5.14262,0.21364,-0.7019599999999999,-0.8425271400000001,0.51037467,0.07263165
1764505189.4088848,-5.14262,0.21364,-0.7019599999999999,-0.8425271400000001,0.51037467,0.07263165
1764505189.4088848,-5.14262,0.21364,-0.7019599999999999,-0.8425271400000001,0.51037467,0.07263165
1764505189.4088848,-5.14262,0.21364,-0.7019599999999999,-0.8425271400000001,0.51037467,0.07263165
1764505189.4088848,-5.14262,0.21364,-0.7019599999999999,-0.8425271400000001,0.51037467,0.07263165
1764505189.4088848,-5.14262,0.21364,-0.7019599999999999,-0.8425271400000001,0.51037467,0.07263165
1764505189.4088848,-5.14262,0.21364,-0.7019599999999999,-0.8425271400000001,0.51037467,0.07263165
1764505189.4088848,-4.92898,1.58704,0.18312,-0.840512985,0.510435705,0.07250958
1764505189.4088848,-4.92898,1.58704,0.18312,-0.840512985,0.510435705,0.07250958
1764505189.4088848,-4.92898,1.58704,0.18312,-0.840512985,0.510435705,0.07250958
1764505189.4088848,-4.92898,1.58704,0.18312,-0.840512985,0.510435705,0.07250958
1764505189.4088848,-4.92898,1.58704,0.18312,-0.840512985,0.510435705,0.07250958
1764505189.4088848,-4.92898,1.58704,0.18312,-0.840512985,0.510435705,0.07250958
1764505189.453604,-4.92898,1.58704,0.18312,-0.840512985,0.510435705,0.07250958
1764505189.453604,-4.92898,1.58704,0.18312,-0.840512985,0.510435705,0.07250958
1764505189.453604,-4.92898,1.58704,0.18312,-0.840512985,0.510435705,0.07250958
1764505189.453604,-4.92898,1.58704,0.18312,-0.840512985,0.510435705,0.07250958
1764505189.4543073,-5.14262,1.19028,0.41202,-0.841123335,0.5097032850000001,0.07238751
1764505189.4543073,-5.14262,1.19028,0.41202,-0.841123335,0.5097032850000001,0.07238751
1764505189.4543073,-5.14262,1.19028,0.41202,-0.841123335,0.5097032850000001,0.07238751
1764505189.4543073,-5.14262,1.19028,0.41202,-0.841123335,0.5097032850000001,0.07238751
1764505189.4543073,-5.14262,1.19028,0.41202,-0.841123335,0.5097032850000001,0.07238751
1764505189.4543073,-5.14262,1.19028,0.41202,-0.841123335,0.5097032850000001,0.07238751
1764505189.4543073,-5.14262,1.19028,0.41202,-0.841123335,0.5097032850000001,0.07238751
1764505189.4553194,-5.14262,1.19028,0.41202,-0.841123335,0.5097032850000001,0.07238751
1764505189.4553194,-5.14262,1.19028,0.41202,-0.841123335,0.5097032850000001,0.07238751
1764505189.4553194,-5.14262,1.19028,0.41202,-0.841123335,0.5097032850000001,0.07238751
1764505189.4553194,-5.55464,1.4039199999999998,0.4578,-0.84167265,0.509825355,0.073058895
1764505189.4553194,-5.55464,1.4039199999999998,0.4578,-0.84167265,0.509825355,0.073058895
1764505189.4553194,-5.55464,1.4039199999999998,0.4578,-0.84167265,0.509825355,0.073058895
1764505189.4553194,-5.55464,1.4039199999999998,0.4578,-0.84167265,0.509825355,0.073058895
1764505189.4553194,-5.55464,1.4039199999999998,0.4578,-0.84167265,0.509825355,0.073058895
1764505189.4553194,-5.55464,1.4039199999999998,0.4578,-0.84167265,0.509825355,0.073058895
1764505189.4553194,-5.55464,1.4039199999999998,0.4578,-0.84167265,0.509825355,0.073058895
1764505189.4553194,-5.55464,1.4039199999999998,0.4578,-0.84167265,0.509825355,0.073058895
1764505189.4553194,-5.55464,1.4039199999999998,0.4578,-0.84167265,0.509825355,0.073058895
1764505189.4553194,-5.55464,1.4039199999999998,0.4578,-0.84167265,0.509825355,0.073058895
1764505189.4987342,-5.92088,1.69386,0.62566,-0.84289335,0.50976432,0.07360821
1764505189.499261,-5.92088,1.69386,0.62566,-0.84289335,0.50976432,0.07360821
1764505189.499261,-5.92088,1.69386,0.62566,-0.84289335,0.50976432,0.07360821
1764505189.499261,-5.92088,1.69386,0.62566,-0.84289335,0.50976432,0.07360821
1764505189.499261,-5.92088,1.69386,0.62566,-0.84289335,0.50976432,0.07360821
1764505189.499261,-5.92088,1.69386,0.62566,-0.84289335,0.50976432,0.07360821
1764505189.499261,-5.92088,1.69386,0.62566,-0.84289335,0.50976432,0.07360821
1764505189.499261,-5.92088,1.69386,0.62566,-0.84289335,0.50976432,0.07360821
1764505189.499261,-5.92088,1.69386,0.62566,-0.84289335,0.50976432,0.07360821
1764505189.499261,-5.92088,1.69386,0.62566,-0.84289335,0.50976432,0.07360821
1764505189.499261,-6.027699999999999,1.41918,1.17502,-0.84338163,0.508604655,0.07336407
1764505189.499261,-6.027699999999999,1.41918,1.17502,-0.84338163,0.508604655,0.07336407
1764505189.499261,-6.027699999999999,1.41918,1.17502,-0.84338163,0.508604655,0.07336407
1764505189.499261,-6.027699999999999,1.41918,1.17502,-0.84338163,0.508604655,0.07336407
1764505189.499261,-6.027699999999999,1.41918,1.17502,-0.84338163,0.508604655,0.07336407
1764505189.499261,-6.027699999999999,1.41918,1.17502,-0.84338163,0.508604655,0.07336407
1764505189.499261,-6.027699999999999,1.41918,1.17502,-0.84338163,0.508604655,0.07336407
1764505189.499261,-6.027699999999999,1.41918,1.17502,-0.84338163,0.508604655,0.07336407
1764505189.499261,-6.027699999999999,1.41918,1.17502,-0.84338163,0.508604655,0.07336407
1764505189.499261,-6.027699999999999,1.41918,1.17502,-0.84338163,0.508604655,0.07336407
1764505189.499261,-5.44782,-0.01526,0.56462,-0.843930945,0.50768913,0.072570615
1764505189.499261,-5.44782,-0.01526,0.56462,-0.843930945,0.50768913,0.072570615
1764505189.499261,-5.44782,-0.01526,0.56462,-0.843930945,0.50768913,0.072570615
1764505189.499261,-5.44782,-0.01526,0.56462,-0.843930945,0.50768913,0.072570615
1764505189.5475843,-5.44782,-0.01526,0.56462,-0.843930945,0.50768913,0.072570615
1764505189.5475843,-5.44782,-0.01526,0.56462,-0.843930945,0.50768913,0.072570615
1764505189.5475843,-5.44782,-0.01526,0.56462,-0.843930945,0.50768913,0.072570615
1764505189.5475843,-5.44782,-0.01526,0.56462,-0.843930945,0.50768913,0.072570615
1764505189.5475843,-5.44782,-0.01526,0.56462,-0.843930945,0.50768913,0.072570615
1764505189.5485463,-5.44782,-0.01526,0.56462,-0.843930945,0.50768913,0.072570615
1764505189.5485463,-3.83026,0.3051999999999999,0.3051999999999999,-0.843686805,0.50610222,0.072204405
1764505189.5485463,-3.83026,0.3051999999999999,0.3051999999999999,-0.843686805,0.50610222,0.072204405
1764505189.5485463,-3.83026,0.3051999999999999,0.3051999999999999,-0.843686805,0.50610222,0.072204405
1764505189.5485463,-3.83026,0.3051999999999999,0.3051999999999999,-0.843686805,0.50610222,0.072204405
1764505189.5485463,-3.83026,0.3051999999999999,0.3051999999999999,-0.843686805,0.50610222,0.072204405
1764505189.549589,-3.83026,0.3051999999999999,0.3051999999999999,-0.843686805,0.50610222,0.072204405
1764505189.549589,-3.83026,0.3051999999999999,0.3051999999999999,-0.843686805,0.50610222,0.072204405
1764505189.549589,-3.83026,0.3051999999999999,0.3051999999999999,-0.843686805,0.50610222,0.072204405
1764505189.549589,-3.83026,0.3051999999999999,0.3051999999999999,-0.843686805,0.50610222,0.072204405
1764505189.549589,-3.83026,0.3051999999999999,0.3051999999999999,-0.843686805,0.50610222,0.072204405
1764505189.549589,-3.47928,1.4497,0.1525999999999999,-0.84338163,0.505674975,0.07238751
1764505189.549589,-3.47928,1.4497,0.1525999999999999,-0.84338163,0.505674975,0.07238751
1764505189.549589,-3.47928,1.4497,0.1525999999999999,-0.84338163,0.505674975,0.07238751
1764505189.549589,-3.47928,1.4497,0.1525999999999999,-0.84338163,0.505674975,0.07238751
1764505189.549589,-3.47928,1.4497,0.1525999999999999,-0.84338163,0.505674975,0.07238751
1764505189.549589,-3.47928,1.4497,0.1525999999999999,-0.84338163,0.505674975,0.07238751
1764505189.5932484,-3.47928,1.4497,0.1525999999999999,-0.84338163,0.505674975,0.07238751
1764505189.5932484,-3.47928,1.4497,0.1525999999999999,-0.84338163,0.505674975,0.07238751
1764505189.5932484,-3.47928,1.4497,0.1525999999999999,-0.84338163,0.505674975,0.07238751
1764505189.5932484,-3.47928,1.4497,0.1525999999999999,-0.84338163,0.505674975,0.07238751
1764505189.5943346,-5.17314,2.0601,0.06104,-0.84289335,0.507383955,0.072204405
1764505189.5943346,-5.17314,2.0601,0.06104,-0.84289335,0.507383955,0.072204405
1764505189.5943346,-5.17314,2.0601,0.06104,-0.84289335,0.507383955,0.072204405
1764505189.5943346,-5.17314,2.0601,0.06104,-0.84289335,0.507383955,0.072204405
1764505189.5943346,-5.17314,2.0601,0.06104,-0.84289335,0.507383955,0.072204405
1764505189.5943346,-5.17314,2.0601,0.06104,-0.84289335,0.507383955,0.072204405
1764505189.5943346,-5.17314,2.0601,0.06104,-0.84289335,0.507383955,0.072204405
1764505189.5943346,-5.17314,2.0601,0.06104,-0.84289335,0.507383955,0.072204405
1764505189.5943346,-5.17314,2.0601,0.06104,-0.84289335,0.507383955,0.072204405
1764505189.5943346,-5.17314,2.0601,0.06104,-0.84289335,0.507383955,0.072204405
1764505189.5943346,-5.9514,1.63282,0.50358,-0.84240507,0.509215005,0.071716125
1764505189.5943346,-5.9514,1.63282,0.50358,-0.84240507,0.509215005,0.071716125
1764505189.5943346,-5.9514,1.63282,0.50358,-0.84240507,0.509215005,0.071716125
1764505189.5943346,-5.9514,1.63282,0.50358,-0.84240507,0.509215005,0.071716125
1764505189.5943346,-5.9514,1.63282,0.50358,-0.84240507,0.509215005,0.071716125
1764505189.5943346,-5.9514,1.63282,0.50358,-0.84240507,0.509215005,0.071716125
1764505189.5943346,-5.9514,1.63282,0.50358,-0.84240507,0.509215005,0.071716125
1764505189.5943346,-5.9514,1.63282,0.50358,-0.84240507,0.509215005,0.071716125
1764505189.6386278,-5.9514,1.63282,0.50358,-0.84240507,0.509215005,0.071716125
1764505189.6386278,-5.9514,1.63282,0.50358,-0.84240507,0.509215005,0.071716125
1764505189.6386278,-6.958559999999999,1.57178,0.71722,-0.843442665,0.50964225,0.072448545
1764505189.6386278,-6.958559999999999,1.57178,0.71722,-0.843442665,0.50964225,0.072448545
1764505189.6386278,-6.958559999999999,1.57178,0.71722,-0.843442665,0.50964225,0.072448545
1764505189.6386278,-6.958559999999999,1.57178,0.71722,-0.843442665,0.50964225,0.072448545
1764505189.6386278,-6.958559999999999,1.57178,0.71722,-0.843442665,0.50964225,0.072448545
1764505189.6386278,-6.958559999999999,1.57178,0.71722,-0.843442665,0.50964225,0.072448545
1764505189.6386278,-6.958559999999999,1.57178,0.71722,-0.843442665,0.50964225,0.072448545
1764505189.6386278,-6.958559999999999,1.57178,0.71722,-0.843442665,0.50964225,0.072448545
1764505189.6386278,-6.958559999999999,1.57178,0.71722,-0.843442665,0.50964225,0.072448545
1764505189.6386278,-6.958559999999999,1.57178,0.71722,-0.843442665,0.50964225,0.072448545
1764505189.6386278,-6.50076,1.35814,-0.0762999999999999,-0.84362577,0.507750165,0.073303035
1764505189.6386278,-6.50076,1.35814,-0.0762999999999999,-0.84362577,0.507750165,0.073303035
1764505189.6386278,-6.50076,1.35814,-0.0762999999999999,-0.84362577,0.507750165,0.073303035
1764505189.6386278,-6.50076,1.35814,-0.0762999999999999,-0.84362577,0.507750165,0.073303035
1764505189.6386278,-6.50076,1.35814,-0.0762999999999999,-0.84362577,0.507750165,0.073303035
1764505189.6386278,-6.50076,1.35814,-0.0762999999999999,-0.84362577,0.507750165,0.073303035
1764505189.6386278,-6.50076,1.35814,-0.0762999999999999,-0.84362577,0.507750165,0.073303035
1764505189.639641,-6.50076,1.35814,-0.0762999999999999,-0.84362577,0.507750165,0.073303035
1764505189.639641,-6.50076,1.35814,-0.0762999999999999,-0.84362577,0.507750165,0.073303035
1764505189.639641,-6.50076,1.35814,-0.0762999999999999,-0.84362577,0.507750165,0.073303035
1764505189.639641,-5.4936,1.63282,-0.09156,-0.84301542,0.50573601,0.073669245
1764505189.639641,-5.4936,1.63282,-0.09156,-0.84301542,0.50573601,0.073669245
1764505189.6841905,-5.4936,1.63282,-0.09156,-0.84301542,0.50573601,0.073669245
1764505189.6841905,-5.4936,1.63282,-0.09156,-0.84301542,0.50573601,0.073669245
1764505189.6841905,-5.4936,1.63282,-0.09156,-0.84301542,0.50573601,0.073669245
1764505189.6841905,-5.4936,1.63282,-0.09156,-0.84301542,0.50573601,0.073669245
1764505189.6841905,-5.4936,1.63282,-0.09156,-0.84301542,0.50573601,0.073669245
1764505189.6841905,-5.4936,1.63282,-0.09156,-0.84301542,0.50573601,0.073669245
1764505189.6841905,-5.4936,1.63282,-0.09156,-0.84301542,0.50573601,0.073669245
1764505189.6841905,-5.4936,1.63282,-0.09156,-0.84301542,0.50573601,0.073669245
1764505189.6841905,-4.76112,2.02958,0.1525999999999999,-0.843320595,0.50549187,0.073791315
1764505189.6841905,-4.76112,2.02958,0.1525999999999999,-0.843320595,0.50549187,0.073791315
1764505189.6841905,-4.76112,2.02958,0.1525999999999999,-0.843320595,0.50549187,0.073791315
1764505189.6841905,-4.76112,2.02958,0.1525999999999999,-0.843320595,0.50549187,0.073791315
1764505189.6841905,-4.76112,2.02958,0.1525999999999999,-0.843320595,0.50549187,0.073791315
1764505189.6841905,-4.76112,2.02958,0.1525999999999999,-0.843320595,0.50549187,0.073791315
1764505189.6841905,-4.76112,2.02958,0.1525999999999999,-0.843320595,0.50549187,0.073791315
1764505189.6841905,-4.76112,2.02958,0.1525999999999999,-0.843320595,0.50549187,0.073791315
1764505189.6847186,-4.76112,2.02958,0.1525999999999999,-0.843320595,0.50549187,0.073791315
1764505189.6847186,-4.76112,2.02958,0.1525999999999999,-0.843320595,0.50549187,0.073791315
1764505189.6867318,-4.47118,2.02958,0.3357199999999999,-0.843320595,0.50549187,0.07177716
1764505189.6873574,-4.47118,2.02958,0.3357199999999999,-0.843320595,0.50549187,0.07177716
1764505189.6873574,-4.47118,2.02958,0.3357199999999999,-0.843320595,0.50549187,0.07177716
1764505189.68773,-4.47118,2.02958,0.3357199999999999,-0.843320595,0.50549187,0.07177716
1764505189.68773,-4.47118,2.02958,0.3357199999999999,-0.843320595,0.50549187,0.07177716
1764505189.68773,-4.47118,2.02958,0.3357199999999999,-0.843320595,0.50549187,0.07177716
1764505189.7329197,-4.47118,2.02958,0.3357199999999999,-0.843320595,0.50549187,0.07177716
1764505189.7329197,-4.47118,2.02958,0.3357199999999999,-0.843320595,0.50549187,0.07177716
1764505189.7329197,-4.47118,2.02958,0.3357199999999999,-0.843320595,0.50549187,0.07177716
1764505189.7329197,-4.47118,2.02958,0.3357199999999999,-0.843320595,0.50549187,0.07177716
1764505189.7329197,-4.41014,1.51074,0.39676,-0.84289335,0.507139815,0.07043439
1764505189.7329197,-4.41014,1.51074,0.39676,-0.84289335,0.507139815,0.07043439
1764505189.733932,-4.41014,1.51074,0.39676,-0.84289335,0.507139815,0.07043439
1764505189.733932,-4.41014,1.51074,0.39676,-0.84289335,0.507139815,0.07043439
1764505189.733932,-4.41014,1.51074,0.39676,-0.84289335,0.507139815,0.07043439
1764505189.733932,-4.41014,1.51074,0.39676,-0.84289335,0.507139815,0.07043439
1764505189.733932,-4.41014,1.51074,0.39676,-0.84289335,0.507139815,0.07043439
1764505189.7349346,-4.41014,1.51074,0.39676,-0.84289335,0.507139815,0.07043439
1764505189.7349346,-4.41014,1.51074,0.39676,-0.84289335,0.507139815,0.07043439
1764505189.7349346,-4.41014,1.51074,0.39676,-0.84289335,0.507139815,0.07043439
1764505189.7354462,-3.9676,0.24416,0.6103999999999999,-0.84289335,0.50890983,0.07177716
1764505189.7354462,-3.9676,0.24416,0.6103999999999999,-0.84289335,0.50890983,0.07177716
1764505189.7354462,-3.9676,0.24416,0.6103999999999999,-0.84289335,0.50890983,0.07177716
1764505189.7354462,-3.9676,0.24416,0.6103999999999999,-0.84289335,0.50890983,0.07177716
1764505189.7354462,-3.9676,0.24416,0.6103999999999999,-0.84289335,0.50890983,0.07177716
1764505189.7354462,-3.9676,0.24416,0.6103999999999999,-0.84289335,0.50890983,0.07177716
1764505189.7354462,-3.9676,0.24416,0.6103999999999999,-0.84289335,0.50890983,0.07177716
1764505189.7354462,-3.9676,0.24416,0.6103999999999999,-0.84289335,0.50890983,0.07177716
1764505189.7811131,-3.9676,0.24416,0.6103999999999999,-0.84289335,0.50890983,0.07177716
1764505189.7811131,-3.9676,0.24416,0.6103999999999999,-0.84289335,0.50890983,0.07177716
1764505189.7811131,-3.54032,-0.3815,0.54936,-0.843808875,0.509947425,0.072936825
1764505189.7811131,-3.54032,-0.3815,0.54936,-0.843808875,0.509947425,0.072936825
1764505189.7811131,-3.54032,-0.3815,0.54936,-0.843808875,0.509947425,0.072936825
1764505189.7811131,-3.54032,-0.3815,0.54936,-0.843808875,0.509947425,0.072936825
1764505189.7811131,-3.54032,-0.3815,0.54936,-0.843808875,0.509947425,0.072936825
1764505189.7811131,-3.54032,-0.3815,0.54936,-0.843808875,0.509947425,0.072936825
1764505189.7811131,-3.54032,-0.3815,0.54936,-0.843808875,0.509947425,0.072936825
1764505189.7811131,-3.54032,-0.3815,0.54936,-0.843808875,0.509947425,0.072936825
1764505189.7811131,-3.54032,-0.3815,0.54936,-0.843808875,0.509947425,0.072936825
1764505189.7811131,-3.54032,-0.3815,0.54936,-0.843808875,0.509947425,0.072936825
1764505189.7811131,-3.92182,0.1678599999999999,0.96138,-0.8430764550000001,0.5114733,0.07311993
1764505189.7811131,-3.92182,0.1678599999999999,0.96138,-0.8430764550000001,0.5114733,0.07311993
1764505189.7811131,-3.92182,0.1678599999999999,0.96138,-0.8430764550000001,0.5114733,0.07311993
1764505189.7811131,-3.92182,0.1678599999999999,0.96138,-0.8430764550000001,0.5114733,0.07311993
1764505189.7811131,-3.92182,0.1678599999999999,0.96138,-0.8430764550000001,0.5114733,0.07311993
1764505189.7811131,-3.92182,0.1678599999999999,0.96138,-0.8430764550000001,0.5114733,0.07311993
1764505189.7811131,-3.92182,0.1678599999999999,0.96138,-0.8430764550000001,0.5114733,0.07311993
1764505189.7811131,-3.92182,0.1678599999999999,0.96138,-0.8430764550000001,0.5114733,0.07311993
1764505189.7821095,-3.92182,0.1678599999999999,0.96138,-0.8430764550000001,0.5114733,0.07311993
1764505189.7821095,-3.92182,0.1678599999999999,0.96138,-0.8430764550000001,0.5114733,0.07311993
1764505189.7821095,-4.440659999999999,0.79352,0.7019599999999999,-0.8430764550000001,0.512999175,0.073303035
1764505189.7821095,-4.440659999999999,0.79352,0.7019599999999999,-0.8430764550000001,0.512999175,0.073303035
1764505189.8243873,-4.440659999999999,0.79352,0.7019599999999999,-0.8430764550000001,0.512999175,0.073303035
1764505189.8243873,-4.440659999999999,0.79352,0.7019599999999999,-0.8430764550000001,0.512999175,0.073303035
1764505189.8243873,-4.440659999999999,0.79352,0.7019599999999999,-0.8430764550000001,0.512999175,0.073303035
1764505189.825384,-4.440659999999999,0.79352,0.7019599999999999,-0.8430764550000001,0.512999175,0.073303035
1764505189.825384,-4.440659999999999,0.79352,0.7019599999999999,-0.8430764550000001,0.512999175,0.073303035
1764505189.825384,-4.440659999999999,0.79352,0.7019599999999999,-0.8430764550000001,0.512999175,0.073303035
1764505189.825384,-4.440659999999999,0.79352,0.7019599999999999,-0.8430764550000001,0.512999175,0.073303035
1764505189.825384,-4.440659999999999,0.79352,0.7019599999999999,-0.8430764550000001,0.512999175,0.073303035
1764505189.825384,-5.08158,1.58704,-0.1678599999999999,-0.841611615,0.5133653850000001,0.07311993
1764505189.8268943,-5.08158,1.58704,-0.1678599999999999,-0.841611615,0.5133653850000001,0.07311993
1764505189.8268943,-5.08158,1.58704,-0.1678599999999999,-0.841611615,0.5133653850000001,0.07311993
1764505189.8268943,-5.08158,1.58704,-0.1678599999999999,-0.841611615,0.5133653850000001,0.07311993
1764505189.8268943,-5.08158,1.58704,-0.1678599999999999,-0.841611615,0.5133653850000001,0.07311993
1764505189.8268943,-5.08158,1.58704,-0.1678599999999999,-0.841611615,0.5133653850000001,0.07311993
1764505189.827907,-5.08158,1.58704,-0.1678599999999999,-0.841611615,0.5133653850000001,0.07311993
1764505189.827907,-5.08158,1.58704,-0.1678599999999999,-0.841611615,0.5133653850000001,0.07311993
1764505189.827907,-5.08158,1.58704,-0.1678599999999999,-0.841611615,0.5133653850000001,0.07311993
1764505189.827907,-5.08158,1.58704,-0.1678599999999999,-0.841611615,0.5133653850000001,0.07311993
1764505189.827907,-5.646199999999999,2.12114,-0.28994,-0.840879195,0.51183951,0.074035455
1764505189.827907,-5.646199999999999,2.12114,-0.28994,-0.840879195,0.51183951,0.074035455
1764505189.828907,-5.646199999999999,2.12114,-0.28994,-0.840879195,0.51183951,0.074035455
1764505189.828907,-5.646199999999999,2.12114,-0.28994,-0.840879195,0.51183951,0.074035455
1764505189.828907,-5.646199999999999,2.12114,-0.28994,-0.840879195,0.51183951,0.074035455
1764505189.828907,-5.646199999999999,2.12114,-0.28994,-0.840879195,0.51183951,0.074035455
1764505189.8701289,-5.646199999999999,2.12114,-0.28994,-0.840879195,0.51183951,0.074035455
1764505189.8701289,-5.646199999999999,2.12114,-0.28994,-0.840879195,0.51183951,0.074035455
1764505189.8701289,-5.646199999999999,2.12114,-0.28994,-0.840879195,0.51183951,0.074035455
1764505189.8701289,-5.646199999999999,2.12114,-0.28994,-0.840879195,0.51183951,0.074035455
1764505189.8701289,-5.7988,1.4497,0.42728,-0.84155058,0.510313635,0.074279595
1764505189.8701289,-5.7988,1.4497,0.42728,-0.84155058,0.510313635,0.074279595
1764505189.8701289,-5.7988,1.4497,0.42728,-0.84155058,0.510313635,0.074279595
1764505189.8701289,-5.7988,1.4497,0.42728,-0.84155058,0.510313635,0.074279595
1764505189.8701289,-5.7988,1.4497,0.42728,-0.84155058,0.510313635,0.074279595
1764505189.8701289,-5.7988,1.4497,0.42728,-0.84155058,0.510313635,0.074279595
1764505189.8701289,-5.7988,1.4497,0.42728,-0.84155058,0.510313635,0.074279595
1764505189.8701289,-5.7988,1.4497,0.42728,-0.84155058,0.510313635,0.074279595
1764505189.8701289,-5.7988,1.4497,0.42728,-0.84155058,0.510313635,0.074279595
1764505189.8711088,-5.7988,1.4497,0.42728,-0.84155058,0.510313635,0.074279595
1764505189.8711088,-5.31048,1.15976,0.4578,-0.84277128,0.509092935,0.073669245
1764505189.8711088,-5.31048,1.15976,0.4578,-0.84277128,0.509092935,0.073669245
1764505189.8711088,-5.31048,1.15976,0.4578,-0.84277128,0.509092935,0.073669245
1764505189.8711088,-5.31048,1.15976,0.4578,-0.84277128,0.509092935,0.073669245
1764505189.8716187,-5.31048,1.15976,0.4578,-0.84277128,0.509092935,0.073669245
1764505189.8716187,-5.31048,1.15976,0.4578,-0.84277128,0.509092935,0.073669245
1764505189.8716187,-5.31048,1.15976,0.4578,-0.84277128,0.509092935,0.073669245
1764505189.8716187,-5.31048,1.15976,0.4578,-0.84277128,0.509092935,0.073669245
1764505189.9172912,-5.31048,1.15976,0.4578,-0.84277128,0.509092935,0.073669245
1764505189.9172912,-5.31048,1.15976,0.4578,-0.84277128,0.509092935,0.073669245
1764505189.9172912,-5.05106,0.77826,0.1678599999999999,-0.844297155,0.507750165,0.07287579
1764505189.9172912,-5.05106,0.77826,0.1678599999999999,-0.844297155,0.507750165,0.07287579
1764505189.9172912,-5.05106,0.77826,0.1678599999999999,-0.844297155,0.507750165,0.07287579
1764505189.9172912,-5.05106,0.77826,0.1678599999999999,-0.844297155,0.507750165,0.07287579
1764505189.9172912,-5.05106,0.77826,0.1678599999999999,-0.844297155,0.507750165,0.07287579
1764505189.9172912,-5.05106,0.77826,0.1678599999999999,-0.844297155,0.507750165,0.07287579
1764505189.9172912,-5.05106,0.77826,0.1678599999999999,-0.844297155,0.507750165,0.07287579
1764505189.9172912,-5.05106,0.77826,0.1678599999999999,-0.844297155,0.507750165,0.07287579
1764505189.9172912,-5.05106,0.77826,0.1678599999999999,-0.844297155,0.507750165,0.07287579
1764505189.9172912,-5.05106,0.77826,0.1678599999999999,-0.844297155,0.507750165,0.07287579
1764505189.9182854,-4.60852,0.3815,-0.27468,-0.844541295,0.5065905,0.073425105
1764505189.9182854,-4.60852,0.3815,-0.27468,-0.844541295,0.5065905,0.073425105
1764505189.9182854,-4.60852,0.3815,-0.27468,-0.844541295,0.5065905,0.073425105
1764505189.9182854,-4.60852,0.3815,-0.27468,-0.844541295,0.5065905,0.073425105
1764505189.9182854,-4.60852,0.3815,-0.27468,-0.844541295,0.5065905,0.073425105
1764505189.9182854,-4.60852,0.3815,-0.27468,-0.844541295,0.5065905,0.073425105
1764505189.9182854,-4.60852,0.3815,-0.27468,-0.844541295,0.5065905,0.073425105
1764505189.9182854,-4.60852,0.3815,-0.27468,-0.844541295,0.5065905,0.073425105
1764505189.9182854,-4.60852,0.3815,-0.27468,-0.844541295,0.5065905,0.073425105
1764505189.9182854,-4.60852,0.3815,-0.27468,-0.844541295,0.5065905,0.073425105
1764505189.9203658,-3.83026,0.96138,-0.24416,-0.844297155,0.505308765,0.07348614
1764505189.9203658,-3.83026,0.96138,-0.24416,-0.844297155,0.505308765,0.07348614
1764505189.9649878,-3.83026,0.96138,-0.24416,-0.844297155,0.505308765,0.07348614
1764505189.9649878,-3.83026,0.96138,-0.24416,-0.844297155,0.505308765,0.07348614
1764505189.9649878,-3.83026,0.96138,-0.24416,-0.844297155,0.505308765,0.07348614
1764505189.9649878,-3.83026,0.96138,-0.24416,-0.844297155,0.505308765,0.07348614
1764505189.9649878,-3.83026,0.96138,-0.24416,-0.844297155,0.505308765,0.07348614
1764505189.9649878,-3.83026,0.96138,-0.24416,-0.844297155,0.505308765,0.07348614
1764505189.966005,-3.83026,0.96138,-0.24416,-0.844297155,0.505308765,0.07348614
1764505189.966005,-3.83026,0.96138,-0.24416,-0.844297155,0.505308765,0.07348614
1764505189.966005,-3.93708,1.34288,0.44254,-0.84484647,0.504942555,0.073180965
1764505189.966005,-3.93708,1.34288,0.44254,-0.84484647,0.504942555,0.073180965
1764505189.966005,-3.93708,1.34288,0.44254,-0.84484647,0.504942555,0.073180965
1764505189.966005,-3.93708,1.34288,0.44254,-0.84484647,0.504942555,0.073180965
1764505189.966005,-3.93708,1.34288,0.44254,-0.84484647,0.504942555,0.073180965
1764505189.966005,-3.93708,1.34288,0.44254,-0.84484647,0.504942555,0.073180965
1764505189.966005,-3.93708,1.34288,0.44254,-0.84484647,0.504942555,0.073180965
1764505189.966005,-3.93708,1.34288,0.44254,-0.84484647,0.504942555,0.073180965
1764505189.966005,-3.93708,1.34288,0.44254,-0.84484647,0.504942555,0.073180965
1764505189.966005,-3.93708,1.34288,0.44254,-0.84484647,0.504942555,0.073180965
1764505189.966005,-3.02148,0.6867,0.41202,-0.844419225,0.5060411850000001,0.07336407
1764505189.966005,-3.02148,0.6867,0.41202,-0.844419225,0.5060411850000001,0.07336407
1764505189.966005,-3.02148,0.6867,0.41202,-0.844419225,0.5060411850000001,0.07336407
1764505189.966005,-3.02148,0.6867,0.41202,-0.844419225,0.5060411850000001,0.07336407
1764505189.966005,-3.02148,0.6867,0.41202,-0.844419225,0.5060411850000001,0.07336407
1764505189.966005,-3.02148,0.6867,0.41202,-0.844419225,0.5060411850000001,0.07336407
1764505190.0124133,-3.02148,0.6867,0.41202,-0.844419225,0.5060411850000001,0.07336407
1764505190.0124133,-3.02148,0.6867,0.41202,-0.844419225,0.5060411850000001,0.07336407
1764505190.0124133,-3.02148,0.6867,0.41202,-0.844419225,0.5060411850000001,0.07336407
1764505190.0124133,-3.02148,0.6867,0.41202,-0.844419225,0.5060411850000001,0.07336407
1764505190.0124133,-3.7387,0.74774,-0.0762999999999999,-0.84264921,0.508238445,0.074767875
1764505190.0124133,-3.7387,0.74774,-0.0762999999999999,-0.84264921,0.508238445,0.074767875
1764505190.0124133,-3.7387,0.74774,-0.0762999999999999,-0.84264921,0.508238445,0.074767875
1764505190.013422,-3.7387,0.74774,-0.0762999999999999,-0.84264921,0.508238445,0.074767875
1764505190.013422,-3.7387,0.74774,-0.0762999999999999,-0.84264921,0.508238445,0.074767875
1764505190.013422,-3.7387,0.74774,-0.0762999999999999,-0.84264921,0.508238445,0.074767875
1764505190.013422,-3.7387,0.74774,-0.0762999999999999,-0.84264921,0.508238445,0.074767875
1764505190.013422,-3.7387,0.74774,-0.0762999999999999,-0.84264921,0.508238445,0.074767875
1764505190.013422,-3.7387,0.74774,-0.0762999999999999,-0.84264921,0.508238445,0.074767875
1764505190.013422,-3.7387,0.74774,-0.0762999999999999,-0.84264921,0.508238445,0.074767875
1764505190.013422,-4.89846,1.48022,0.19838,-0.84240507,0.50890983,0.073303035
1764505190.013422,-4.89846,1.48022,0.19838,-0.84240507,0.50890983,0.073303035
1764505190.013422,-4.89846,1.48022,0.19838,-0.84240507,0.50890983,0.073303035
1764505190.013422,-4.89846,1.48022,0.19838,-0.84240507,0.50890983,0.073303035
1764505190.013422,-4.89846,1.48022,0.19838,-0.84240507,0.50890983,0.073303035
1764505190.013422,-4.89846,1.48022,0.19838,-0.84240507,0.50890983,0.073303035
1764505190.013422,-4.89846,1.48022,0.19838,-0.84240507,0.50890983,0.073303035
1764505190.013422,-4.89846,1.48022,0.19838,-0.84240507,0.50890983,0.073303035
1764505190.0578065,-4.89846,1.48022,0.19838,-0.84240507,0.50890983,0.073303035
1764505190.0578065,-4.89846,1.48022,0.19838,-0.84240507,0.50890983,0.073303035
1764505190.0578065,-4.94424,1.4497,0.763,-0.8446023300000001,0.510435705,0.072326475
1764505190.0578065,-4.94424,1.4497,0.763,-0.8446023300000001,0.510435705,0.072326475
1764505190.0578065,-4.94424,1.4497,0.763,-0.8446023300000001,0.510435705,0.072326475
1764505190.0578065,-4.94424,1.4497,0.763,-0.8446023300000001,0.510435705,0.072326475
1764505190.0578065,-4.94424,1.4497,0.763,-0.8446023300000001,0.510435705,0.072326475
1764505190.0578065,-4.94424,1.4497,0.763,-0.8446023300000001,0.510435705,0.072326475
1764505190.0588212,-4.94424,1.4497,0.763,-0.8446023300000001,0.510435705,0.072326475
1764505190.0588212,-4.94424,1.4497,0.763,-0.8446023300000001,0.510435705,0.072326475
1764505190.0588212,-4.94424,1.4497,0.763,-0.8446023300000001,0.510435705,0.072326475
1764505190.0588212,-4.94424,1.4497,0.763,-0.8446023300000001,0.510435705,0.072326475
1764505190.0588212,-4.852679999999999,-0.10682,0.25942,-0.8451516450000001,0.51171744,0.072814755
1764505190.0588212,-4.852679999999999,-0.10682,0.25942,-0.8451516450000001,0.51171744,0.072814755
1764505190.0588212,-4.852679999999999,-0.10682,0.25942,-0.8451516450000001,0.51171744,0.072814755
1764505190.0588212,-4.852679999999999,-0.10682,0.25942,-0.8451516450000001,0.51171744,0.072814755
1764505190.0588212,-4.852679999999999,-0.10682,0.25942,-0.8451516450000001,0.51171744,0.072814755
1764505190.0588212,-4.852679999999999,-0.10682,0.25942,-0.8451516450000001,0.51171744,0.072814755
1764505190.0588212,-4.852679999999999,-0.10682,0.25942,-0.8451516450000001,0.51171744,0.072814755
1764505190.0588212,-4.852679999999999,-0.10682,0.25942,-0.8451516450000001,0.51171744,0.072814755
1764505190.0588212,-4.852679999999999,-0.10682,0.25942,-0.8451516450000001,0.51171744,0.072814755
1764505190.0588212,-4.852679999999999,-0.10682,0.25942,-0.8451516450000001,0.51171744,0.072814755
1764505190.0588212,-5.340999999999999,0.12208,-0.62566,-0.84338163,0.510435705,0.074645805
1764505190.0588212,-5.340999999999999,0.12208,-0.62566,-0.84338163,0.510435705,0.074645805
1764505190.104695,-5.340999999999999,0.12208,-0.62566,-0.84338163,0.510435705,0.074645805
1764505190.104695,-5.340999999999999,0.12208,-0.62566,-0.84338163,0.510435705,0.074645805
1764505190.104695,-5.340999999999999,0.12208,-0.62566,-0.84338163,0.510435705,0.074645805
1764505190.104695,-5.340999999999999,0.12208,-0.62566,-0.84338163,0.510435705,0.074645805
1764505190.104695,-5.340999999999999,0.12208,-0.62566,-0.84338163,0.510435705,0.074645805
1764505190.104695,-5.340999999999999,0.12208,-0.62566,-0.84338163,0.510435705,0.074645805
1764505190.104695,-5.340999999999999,0.12208,-0.62566,-0.84338163,0.510435705,0.074645805
1764505190.104695,-5.340999999999999,0.12208,-0.62566,-0.84338163,0.510435705,0.074645805
1764505190.104695,-4.92898,2.1364,-0.12208,-0.842099895,0.50768913,0.074645805
1764505190.104695,-4.92898,2.1364,-0.12208,-0.842099895,0.50768913,0.074645805
1764505190.104695,-4.92898,2.1364,-0.12208,-0.842099895,0.50768913,0.074645805
1764505190.104695,-4.92898,2.1364,-0.12208,-0.842099895,0.50768913,0.074645805
1764505190.104695,-4.92898,2.1364,-0.12208,-0.842099895,0.50768913,0.074645805
1764505190.104695,-4.92898,2.1364,-0.12208,-0.842099895,0.50768913,0.074645805
1764505190.104695,-4.92898,2.1364,-0.12208,-0.842099895,0.50768913,0.074645805
1764505190.104695,-4.92898,2.1364,-0.12208,-0.842099895,0.50768913,0.074645805
1764505190.104695,-4.92898,2.1364,-0.12208,-0.842099895,0.50768913,0.074645805
1764505190.104695,-4.92898,2.1364,-0.12208,-0.842099895,0.50768913,0.074645805
1764505190.104695,-4.94424,1.81594,0.50358,-0.842832315,0.5060411850000001,0.07409649
1764505190.104695,-4.94424,1.81594,0.50358,-0.842832315,0.5060411850000001,0.07409649
1764505190.104695,-4.94424,1.81594,0.50358,-0.842832315,0.5060411850000001,0.07409649
1764505190.104695,-4.94424,1.81594,0.50358,-0.842832315,0.5060411850000001,0.07409649
1764505190.1493273,-4.94424,1.81594,0.50358,-0.842832315,0.5060411850000001,0.07409649
1764505190.1493273,-4.94424,1.81594,0.50358,-0.842832315,0.5060411850000001,0.07409649
1764505190.1493273,-4.94424,1.81594,0.50358,-0.842832315,0.5060411850000001,0.07409649
1764505190.1498675,-4.94424,1.81594,0.50358,-0.842832315,0.5060411850000001,0.07409649
1764505190.1498675,-4.94424,1.81594,0.50358,-0.842832315,0.5060411850000001,0.07409649
1764505190.1498675,-4.94424,1.81594,0.50358,-0.842832315,0.5060411850000001,0.07409649
1764505190.1498675,-4.31858,1.09872,0.71722,-0.842954385,0.50549187,0.074401665
1764505190.1498675,-4.31858,1.09872,0.71722,-0.842954385,0.50549187,0.074401665
1764505190.1498675,-4.31858,1.09872,0.71722,-0.842954385,0.50549187,0.074401665
1764505190.1498675,-4.31858,1.09872,0.71722,-0.842954385,0.50549187,0.074401665
1764505190.1498675,-4.31858,1.09872,0.71722,-0.842954385,0.50549187,0.074401665
1764505190.1498675,-4.31858,1.09872,0.71722,-0.842954385,0.50549187,0.074401665
1764505190.1498675,-4.31858,1.09872,0.71722,-0.842954385,0.50549187,0.074401665
1764505190.1498675,-4.31858,1.09872,0.71722,-0.842954385,0.50549187,0.074401665
1764505190.1498675,-4.31858,1.09872,0.71722,-0.842954385,0.50549187,0.074401665
1764505190.1498675,-4.31858,1.09872,0.71722,-0.842954385,0.50549187,0.074401665
1764505190.1498675,-4.08968,0.79352,0.6409199999999999,-0.84399198,0.50549187,0.07543926
1764505190.1498675,-4.08968,0.79352,0.6409199999999999,-0.84399198,0.50549187,0.07543926
1764505190.1498675,-4.08968,0.79352,0.6409199999999999,-0.84399198,0.50549187,0.07543926
1764505190.1498675,-4.08968,0.79352,0.6409199999999999,-0.84399198,0.50549187,0.07543926
1764505190.1504018,-4.08968,0.79352,0.6409199999999999,-0.84399198,0.50549187,0.07543926
1764505190.1504018,-4.08968,0.79352,0.6409199999999999,-0.84399198,0.50549187,0.07543926
1764505190.1504018,-4.08968,0.79352,0.6409199999999999,-0.84399198,0.50549187,0.07543926
1764505190.1504018,-4.08968,0.79352,0.6409199999999999,-0.84399198,0.50549187,0.07543926
1764505190.2001443,-4.08968,0.79352,0.6409199999999999,-0.84399198,0.50549187,0.07543926
1764505190.2001443,-4.08968,0.79352,0.6409199999999999,-0.84399198,0.50549187,0.07543926
1764505190.2001443,-4.33384,0.6867,0.51884,-0.844175085,0.50671257,0.075378225
1764505190.2001443,-4.33384,0.6867,0.51884,-0.844175085,0.50671257,0.075378225
1764505190.2001443,-4.33384,0.6867,0.51884,-0.844175085,0.50671257,0.075378225
1764505190.2001443,-4.33384,0.6867,0.51884,-0.844175085,0.50671257,0.075378225
1764505190.2001443,-4.33384,0.6867,0.51884,-0.844175085,0.50671257,0.075378225
1764505190.2001443,-4.33384,0.6867,0.51884,-0.844175085,0.50671257,0.075378225
1764505190.2001443,-4.33384,0.6867,0.51884,-0.844175085,0.50671257,0.075378225
1764505190.2001443,-4.33384,0.6867,0.51884,-0.844175085,0.50671257,0.075378225
1764505190.2001443,-4.33384,0.6867,0.51884,-0.844175085,0.50671257,0.075378225
1764505190.2001443,-4.33384,0.6867,0.51884,-0.844175085,0.50671257,0.075378225
1764505190.2001443,-3.75396,1.09872,0.6867,-0.844297155,0.507261885,0.07556133
1764505190.2001443,-3.75396,1.09872,0.6867,-0.844297155,0.507261885,0.07556133
1764505190.2001443,-3.75396,1.09872,0.6867,-0.844297155,0.507261885,0.07556133
1764505190.2001443,-3.75396,1.09872,0.6867,-0.844297155,0.507261885,0.07556133
1764505190.2001443,-3.75396,1.09872,0.6867,-0.844297155,0.507261885,0.07556133
1764505190.2001443,-3.75396,1.09872,0.6867,-0.844297155,0.507261885,0.07556133
1764505190.2001443,-3.75396,1.09872,0.6867,-0.844297155,0.507261885,0.07556133
1764505190.2001443,-3.75396,1.09872,0.6867,-0.844297155,0.507261885,0.07556133
1764505190.2001443,-3.75396,1.09872,0.6867,-0.844297155,0.507261885,0.07556133
1764505190.2001443,-3.75396,1.09872,0.6867,-0.844297155,0.507261885,0.07556133
1764505190.2001443,-2.62472,1.58704,0.56462,-0.843930945,0.5086656900000001,0.074157525
1764505190.2001443,-2.62472,1.58704,0.56462,-0.843930945,0.5086656900000001,0.074157525
1764505190.2446966,-2.62472,1.58704,0.56462,-0.843930945,0.5086656900000001,0.074157525
1764505190.2446966,-2.62472,1.58704,0.56462,-0.843930945,0.5086656900000001,0.074157525
1764505190.2446966,-2.62472,1.58704,0.56462,-0.843930945,0.5086656900000001,0.074157525
1764505190.2457292,-2.62472,1.58704,0.56462,-0.843930945,0.5086656900000001,0.074157525
1764505190.2457292,-2.62472,1.58704,0.56462,-0.843930945,0.5086656900000001,0.074157525
1764505190.2457292,-2.62472,1.58704,0.56462,-0.843930945,0.5086656900000001,0.074157525
1764505190.2457292,-2.62472,1.58704,0.56462,-0.843930945,0.5086656900000001,0.074157525
1764505190.2457292,-2.62472,1.58704,0.56462,-0.843930945,0.5086656900000001,0.074157525
1764505190.2457292,-2.96044,1.28184,0.0,-0.84386991,0.51037467,0.073180965
1764505190.2457292,-2.96044,1.28184,0.0,-0.84386991,0.51037467,0.073180965
1764505190.2457292,-2.96044,1.28184,0.0,-0.84386991,0.51037467,0.073180965
1764505190.2457292,-2.96044,1.28184,0.0,-0.84386991,0.51037467,0.073180965
1764505190.2457292,-2.96044,1.28184,0.0,-0.84386991,0.51037467,0.073180965
1764505190.2457292,-2.96044,1.28184,0.0,-0.84386991,0.51037467,0.073180965
1764505190.2457292,-2.96044,1.28184,0.0,-0.84386991,0.51037467,0.073180965
1764505190.2457292,-2.96044,1.28184,0.0,-0.84386991,0.51037467,0.073180965
1764505190.2457292,-2.96044,1.28184,0.0,-0.84386991,0.51037467,0.073180965
1764505190.2457292,-2.96044,1.28184,0.0,-0.84386991,0.51037467,0.073180965
1764505190.2457292,-3.93708,0.79352,-0.3815,-0.8430764550000001,0.51208365,0.074035455
1764505190.2457292,-3.93708,0.79352,-0.3815,-0.8430764550000001,0.51208365,0.074035455
1764505190.2457292,-3.93708,0.79352,-0.3815,-0.8430764550000001,0.51208365,0.074035455
1764505190.2457292,-3.93708,0.79352,-0.3815,-0.8430764550000001,0.51208365,0.074035455
1764505190.2457292,-3.93708,0.79352,-0.3815,-0.8430764550000001,0.51208365,0.074035455
1764505190.2457292,-3.93708,0.79352,-0.3815,-0.8430764550000001,0.51208365,0.074035455
1764505190.2905974,-3.93708,0.79352,-0.3815,-0.8430764550000001,0.51208365,0.074035455
1764505190.2905974,-3.93708,0.79352,-0.3815,-0.8430764550000001,0.51208365,0.074035455
1764505190.2905974,-3.93708,0.79352,-0.3815,-0.8430764550000001,0.51208365,0.074035455
1764505190.2905974,-3.93708,0.79352,-0.3815,-0.8430764550000001,0.51208365,0.074035455
1764505190.2905974,-5.00528,1.8312,-0.04578,-0.842283,0.512022615,0.074401665
1764505190.2905974,-5.00528,1.8312,-0.04578,-0.842283,0.512022615,0.074401665
1764505190.2905974,-5.00528,1.8312,-0.04578,-0.842283,0.512022615,0.074401665
1764505190.2905974,-5.00528,1.8312,-0.04578,-0.842283,0.512022615,0.074401665
1764505190.2905974,-5.00528,1.8312,-0.04578,-0.842283,0.512022615,0.074401665
1764505190.2905974,-5.00528,1.8312,-0.04578,-0.842283,0.512022615,0.074401665
1764505190.2916124,-5.00528,1.8312,-0.04578,-0.842283,0.512022615,0.074401665
1764505190.2916124,-5.00528,1.8312,-0.04578,-0.842283,0.512022615,0.074401665
1764505190.2916124,-5.00528,1.8312,-0.04578,-0.842283,0.512022615,0.074401665
1764505190.2916124,-5.00528,1.8312,-0.04578,-0.842283,0.512022615,0.074401665
1764505190.2916124,-5.46308,1.55652,0.25942,-0.842466105,0.511656405,0.07360821
1764505190.2916124,-5.46308,1.55652,0.25942,-0.842466105,0.511656405,0.07360821
1764505190.2916124,-5.46308,1.55652,0.25942,-0.842466105,0.511656405,0.07360821
1764505190.2916124,-5.46308,1.55652,0.25942,-0.842466105,0.511656405,0.07360821
1764505190.2916124,-5.46308,1.55652,0.25942,-0.842466105,0.511656405,0.07360821
1764505190.2916124,-5.46308,1.55652,0.25942,-0.842466105,0.511656405,0.07360821
1764505190.2916124,-5.46308,1.55652,0.25942,-0.842466105,0.511656405,0.07360821
1764505190.2932892,-5.46308,1.55652,0.25942,-0.842466105,0.511656405,0.07360821
1764505190.337633,-5.46308,1.55652,0.25942,-0.842466105,0.511656405,0.07360821
1764505190.338169,-5.46308,1.55652,0.25942,-0.842466105,0.511656405,0.07360821
1764505190.338169,-5.27996,1.23606,-0.19838,-0.84264921,0.51061881,0.07373028
1764505190.338169,-5.27996,1.23606,-0.19838,-0.84264921,0.51061881,0.07373028
1764505190.338169,-5.27996,1.23606,-0.19838,-0.84264921,0.51061881,0.07373028
1764505190.338169,-5.27996,1.23606,-0.19838,-0.84264921,0.51061881,0.07373028
1764505190.338169,-5.27996,1.23606,-0.19838,-0.84264921,0.51061881,0.07373028
1764505190.338169,-5.27996,1.23606,-0.19838,-0.84264921,0.51061881,0.07373028
1764505190.338169,-5.27996,1.23606,-0.19838,-0.84264921,0.51061881,0.07373028
1764505190.338169,-5.27996,1.23606,-0.19838,-0.84264921,0.51061881,0.07373028
1764505190.338169,-5.27996,1.23606,-0.19838,-0.84264921,0.51061881,0.07373028
1764505190.338169,-5.27996,1.23606,-0.19838,-0.84264921,0.51061881,0.07373028
1764505190.338169,-4.577999999999999,1.57178,-0.28994,-0.8430764550000001,0.508726725,0.07482891
1764505190.338169,-4.577999999999999,1.57178,-0.28994,-0.8430764550000001,0.508726725,0.07482891
1764505190.338169,-4.577999999999999,1.57178,-0.28994,-0.8430764550000001,0.508726725,0.07482891
1764505190.338169,-4.577999999999999,1.57178,-0.28994,-0.8430764550000001,0.508726725,0.07482891
1764505190.338169,-4.577999999999999,1.57178,-0.28994,-0.8430764550000001,0.508726725,0.07482891
1764505190.338169,-4.577999999999999,1.57178,-0.28994,-0.8430764550000001,0.508726725,0.07482891
1764505190.338169,-4.577999999999999,1.57178,-0.28994,-0.8430764550000001,0.508726725,0.07482891
1764505190.338169,-4.577999999999999,1.57178,-0.28994,-0.8430764550000001,0.508726725,0.07482891
1764505190.3392005,-4.577999999999999,1.57178,-0.28994,-0.8430764550000001,0.508726725,0.07482891
1764505190.3392005,-4.577999999999999,1.57178,-0.28994,-0.8430764550000001,0.508726725,0.07482891
1764505190.3392005,-4.37962,1.31236,0.27468,-0.843320595,0.506651535,0.07385235
1764505190.3392005,-4.37962,1.31236,0.27468,-0.843320595,0.506651535,0.07385235
1764505190.383603,-4.37962,1.31236,0.27468,-0.843320595,0.506651535,0.07385235
1764505190.383603,-4.37962,1.31236,0.27468,-0.843320595,0.506651535,0.07385235
1764505190.383603,-4.37962,1.31236,0.27468,-0.843320595,0.506651535,0.07385235
1764505190.383603,-4.37962,1.31236,0.27468,-0.843320595,0.506651535,0.07385235
1764505190.383603,-4.37962,1.31236,0.27468,-0.843320595,0.506651535,0.07385235
1764505190.383603,-4.37962,1.31236,0.27468,-0.843320595,0.506651535,0.07385235
1764505190.383603,-4.37962,1.31236,0.27468,-0.843320595,0.506651535,0.07385235
1764505190.383603,-4.37962,1.31236,0.27468,-0.843320595,0.506651535,0.07385235
1764505190.383603,-4.21176,1.2971,0.3204599999999999,-0.8441140500000001,0.50524773,0.07360821
1764505190.383603,-4.21176,1.2971,0.3204599999999999,-0.8441140500000001,0.50524773,0.07360821
1764505190.3846154,-4.21176,1.2971,0.3204599999999999,-0.8441140500000001,0.50524773,0.07360821
1764505190.3846154,-4.21176,1.2971,0.3204599999999999,-0.8441140500000001,0.50524773,0.07360821
1764505190.3846154,-4.21176,1.2971,0.3204599999999999,-0.8441140500000001,0.50524773,0.07360821
1764505190.3846154,-4.21176,1.2971,0.3204599999999999,-0.8441140500000001,0.50524773,0.07360821
1764505190.3846154,-4.21176,1.2971,0.3204599999999999,-0.8441140500000001,0.50524773,0.07360821
1764505190.3846154,-4.21176,1.2971,0.3204599999999999,-0.8441140500000001,0.50524773,0.07360821
1764505190.3846154,-4.21176,1.2971,0.3204599999999999,-0.8441140500000001,0.50524773,0.07360821
1764505190.3846154,-4.21176,1.2971,0.3204599999999999,-0.8441140500000001,0.50524773,0.07360821
1764505190.3846154,-3.2046,1.3734,0.21364,-0.8446023300000001,0.505674975,0.07238751
1764505190.3846154,-3.2046,1.3734,0.21364,-0.8446023300000001,0.505674975,0.07238751
1764505190.3846154,-3.2046,1.3734,0.21364,-0.8446023300000001,0.505674975,0.07238751
1764505190.3846154,-3.2046,1.3734,0.21364,-0.8446023300000001,0.505674975,0.07238751
1764505190.3846154,-3.2046,1.3734,0.21364,-0.8446023300000001,0.505674975,0.07238751
1764505190.3846154,-3.2046,1.3734,0.21364,-0.8446023300000001,0.505674975,0.07238751
1764505190.433419,-3.2046,1.3734,0.21364,-0.8446023300000001,0.505674975,0.07238751
1764505190.433419,-3.2046,1.3734,0.21364,-0.8446023300000001,0.505674975,0.07238751
1764505190.433419,-3.2046,1.3734,0.21364,-0.8446023300000001,0.505674975,0.07238751
1764505190.433419,-3.2046,1.3734,0.21364,-0.8446023300000001,0.505674975,0.07238751
1764505190.433419,-2.63998,1.08346,0.10682,-0.844175085,0.506285325,0.07263165
1764505190.433419,-2.63998,1.08346,0.10682,-0.844175085,0.506285325,0.07263165
1764505190.433419,-2.63998,1.08346,0.10682,-0.844175085,0.506285325,0.07263165
1764505190.433419,-2.63998,1.08346,0.10682,-0.844175085,0.506285325,0.07263165
1764505190.433419,-2.63998,1.08346,0.10682,-0.844175085,0.506285325,0.07263165
1764505190.433419,-2.63998,1.08346,0.10682,-0.844175085,0.506285325,0.07263165
1764505190.433419,-2.63998,1.08346,0.10682,-0.844175085,0.506285325,0.07263165
1764505190.433419,-2.63998,1.08346,0.10682,-0.844175085,0.506285325,0.07263165
1764505190.433419,-2.63998,1.08346,0.10682,-0.844175085,0.506285325,0.07263165
1764505190.433419,-2.63998,1.08346,0.10682,-0.844175085,0.506285325,0.07263165
1764505190.433419,-2.289,0.39676,-0.13734,-0.84399198,0.50732292,0.073791315
1764505190.433419,-2.289,0.39676,-0.13734,-0.84399198,0.50732292,0.073791315
1764505190.433419,-2.289,0.39676,-0.13734,-0.84399198,0.50732292,0.073791315
1764505190.433419,-2.289,0.39676,-0.13734,-0.84399198,0.50732292,0.073791315
1764505190.433419,-2.289,0.39676,-0.13734,-0.84399198,0.50732292,0.073791315
1764505190.433419,-2.289,0.39676,-0.13734,-0.84399198,0.50732292,0.073791315
1764505190.433419,-2.289,0.39676,-0.13734,-0.84399198,0.50732292,0.073791315
1764505190.433419,-2.289,0.39676,-0.13734,-0.84399198,0.50732292,0.073791315
1764505190.4794388,-2.289,0.39676,-0.13734,-0.84399198,0.50732292,0.073791315
1764505190.4794388,-2.289,0.39676,-0.13734,-0.84399198,0.50732292,0.073791315
1764505190.4794388,-3.03674,0.5341,0.09156,-0.844053015,0.507872235,0.074279595
1764505190.4794388,-3.03674,0.5341,0.09156,-0.844053015,0.507872235,0.074279595
1764505190.4794388,-3.03674,0.5341,0.09156,-0.844053015,0.507872235,0.074279595
1764505190.4794388,-3.03674,0.5341,0.09156,-0.844053015,0.507872235,0.074279595
1764505190.4805548,-3.03674,0.5341,0.09156,-0.844053015,0.507872235,0.074279595
1764505190.4805548,-3.03674,0.5341,0.09156,-0.844053015,0.507872235,0.074279595
1764505190.4805548,-3.03674,0.5341,0.09156,-0.844053015,0.507872235,0.074279595
1764505190.4805548,-3.03674,0.5341,0.09156,-0.844053015,0.507872235,0.074279595
1764505190.4805548,-3.03674,0.5341,0.09156,-0.844053015,0.507872235,0.074279595
1764505190.4805548,-3.03674,0.5341,0.09156,-0.844053015,0.507872235,0.074279595
1764505190.4805548,-3.40298,0.94612,-0.1525999999999999,-0.84423612,0.508726725,0.073547175
1764505190.4805548,-3.40298,0.94612,-0.1525999999999999,-0.84423612,0.508726725,0.073547175
1764505190.4805548,-3.40298,0.94612,-0.1525999999999999,-0.84423612,0.508726725,0.073547175
1764505190.4805548,-3.40298,0.94612,-0.1525999999999999,-0.84423612,0.508726725,0.073547175
1764505190.4805548,-3.40298,0.94612,-0.1525999999999999,-0.84423612,0.508726725,0.073547175
1764505190.4805548,-3.40298,0.94612,-0.1525999999999999,-0.84423612,0.508726725,0.073547175
1764505190.4805548,-3.40298,0.94612,-0.1525999999999999,-0.84423612,0.508726725,0.073547175
1764505190.4805548,-3.40298,0.94612,-0.1525999999999999,-0.84423612,0.508726725,0.073547175
1764505190.4805548,-3.40298,0.94612,-0.1525999999999999,-0.84423612,0.508726725,0.073547175
1764505190.4805548,-3.40298,0.94612,-0.1525999999999999,-0.84423612,0.508726725,0.073547175
1764505190.4805548,-3.44876,1.2971,-0.19838,-0.84399198,0.51049674,0.07348614
1764505190.4805548,-3.44876,1.2971,-0.19838,-0.84399198,0.51049674,0.07348614
1764505190.5268898,-3.44876,1.2971,-0.19838,-0.84399198,0.51049674,0.07348614
1764505190.5268898,-3.44876,1.2971,-0.19838,-0.84399198,0.51049674,0.07348614
1764505190.5268898,-3.44876,1.2971,-0.19838,-0.84399198,0.51049674,0.07348614
1764505190.5268898,-3.44876,1.2971,-0.19838,-0.84399198,0.51049674,0.07348614
1764505190.5268898,-3.44876,1.2971,-0.19838,-0.84399198,0.51049674,0.07348614
1764505190.5268898,-3.44876,1.2971,-0.19838,-0.84399198,0.51049674,0.07348614
1764505190.5268898,-3.44876,1.2971,-0.19838,-0.84399198,0.51049674,0.07348614
1764505190.5268898,-3.44876,1.2971,-0.19838,-0.84399198,0.51049674,0.07348614
1764505190.5268898,-4.16598,1.2208,-0.04578,-0.843442665,0.510801915,0.07360821
1764505190.5268898,-4.16598,1.2208,-0.04578,-0.843442665,0.510801915,0.07360821
1764505190.5268898,-4.16598,1.2208,-0.04578,-0.843442665,0.510801915,0.07360821
1764505190.5268898,-4.16598,1.2208,-0.04578,-0.843442665,0.510801915,0.07360821
1764505190.5268898,-4.16598,1.2208,-0.04578,-0.843442665,0.510801915,0.07360821
1764505190.5268898,-4.16598,1.2208,-0.04578,-0.843442665,0.510801915,0.07360821
1764505190.5268898,-4.16598,1.2208,-0.04578,-0.843442665,0.510801915,0.07360821
1764505190.5268898,-4.16598,1.2208,-0.04578,-0.843442665,0.510801915,0.07360821
1764505190.5268898,-4.16598,1.2208,-0.04578,-0.843442665,0.510801915,0.07360821
1764505190.5268898,-4.16598,1.2208,-0.04578,-0.843442665,0.510801915,0.07360821
1764505190.5268898,-4.56274,1.05294,-0.1525999999999999,-0.842710245,0.50915397,0.07434063
1764505190.5268898,-4.56274,1.05294,-0.1525999999999999,-0.842710245,0.50915397,0.07434063
1764505190.5268898,-4.56274,1.05294,-0.1525999999999999,-0.842710245,0.50915397,0.07434063
1764505190.5268898,-4.56274,1.05294,-0.1525999999999999,-0.842710245,0.50915397,0.07434063
1764505190.5718217,-4.56274,1.05294,-0.1525999999999999,-0.842710245,0.50915397,0.07434063
1764505190.5718217,-4.56274,1.05294,-0.1525999999999999,-0.842710245,0.50915397,0.07434063
1764505190.5718217,-4.56274,1.05294,-0.1525999999999999,-0.842710245,0.50915397,0.07434063
1764505190.5718217,-4.56274,1.05294,-0.1525999999999999,-0.842710245,0.50915397,0.07434063
1764505190.5718217,-4.56274,1.05294,-0.1525999999999999,-0.842710245,0.50915397,0.07434063
1764505190.5718217,-4.56274,1.05294,-0.1525999999999999,-0.842710245,0.50915397,0.07434063
1764505190.5718217,-4.22702,0.97664,-0.06104,-0.84191679,0.5070787800000001,0.074401665
1764505190.5733356,-4.22702,0.97664,-0.06104,-0.84191679,0.5070787800000001,0.074401665
1764505190.5733356,-4.22702,0.97664,-0.06104,-0.84191679,0.5070787800000001,0.074401665
1764505190.5733356,-4.22702,0.97664,-0.06104,-0.84191679,0.5070787800000001,0.074401665
1764505190.5733356,-4.22702,0.97664,-0.06104,-0.84191679,0.5070787800000001,0.074401665
1764505190.5733356,-4.22702,0.97664,-0.06104,-0.84191679,0.5070787800000001,0.074401665
1764505190.5733356,-4.22702,0.97664,-0.06104,-0.84191679,0.5070787800000001,0.074401665
1764505190.5733356,-4.22702,0.97664,-0.06104,-0.84191679,0.5070787800000001,0.074401665
1764505190.5733356,-4.22702,0.97664,-0.06104,-0.84191679,0.5070787800000001,0.074401665
1764505190.574346,-4.22702,0.97664,-0.06104,-0.84191679,0.5070787800000001,0.074401665
1764505190.574346,-3.17408,1.1445,-0.0762999999999999,-0.84240507,0.5053698,0.073303035
1764505190.574346,-3.17408,1.1445,-0.0762999999999999,-0.84240507,0.5053698,0.073303035
1764505190.574346,-3.17408,1.1445,-0.0762999999999999,-0.84240507,0.5053698,0.073303035
1764505190.574346,-3.17408,1.1445,-0.0762999999999999,-0.84240507,0.5053698,0.073303035
1764505190.574346,-3.17408,1.1445,-0.0762999999999999,-0.84240507,0.5053698,0.073303035
1764505190.574346,-3.17408,1.1445,-0.0762999999999999,-0.84240507,0.5053698,0.073303035
1764505190.574346,-3.17408,1.1445,-0.0762999999999999,-0.84240507,0.5053698,0.073303035
1764505190.574346,-3.17408,1.1445,-0.0762999999999999,-0.84240507,0.5053698,0.073303035
1764505190.6187932,-3.17408,1.1445,-0.0762999999999999,-0.84240507,0.5053698,0.073303035
1764505190.6187932,-3.17408,1.1445,-0.0762999999999999,-0.84240507,0.5053698,0.073303035
1764505190.6187932,-2.47212,1.17502,0.50358,-0.843442665,0.505308765,0.072326475
1764505190.6187932,-2.47212,1.17502,0.50358,-0.843442665,0.505308765,0.072326475
1764505190.6187932,-2.47212,1.17502,0.50358,-0.843442665,0.505308765,0.072326475
1764505190.6187932,-2.47212,1.17502,0.50358,-0.843442665,0.505308765,0.072326475
1764505190.6187932,-2.47212,1.17502,0.50358,-0.843442665,0.505308765,0.072326475
1764505190.6187932,-2.47212,1.17502,0.50358,-0.843442665,0.505308765,0.072326475
1764505190.6187932,-2.47212,1.17502,0.50358,-0.843442665,0.505308765,0.072326475
1764505190.6187932,-2.47212,1.17502,0.50358,-0.843442665,0.505308765,0.072326475
1764505190.6187932,-2.47212,1.17502,0.50358,-0.843442665,0.505308765,0.072326475
1764505190.6187932,-2.47212,1.17502,0.50358,-0.843442665,0.505308765,0.072326475
1764505190.6187932,-2.15166,1.17502,-0.3815,-0.844175085,0.50732292,0.072082335
1764505190.6187932,-2.15166,1.17502,-0.3815,-0.844175085,0.50732292,0.072082335
1764505190.6187932,-2.15166,1.17502,-0.3815,-0.844175085,0.50732292,0.072082335
1764505190.6187932,-2.15166,1.17502,-0.3815,-0.844175085,0.50732292,0.072082335
1764505190.6187932,-2.15166,1.17502,-0.3815,-0.844175085,0.50732292,0.072082335
1764505190.6187932,-2.15166,1.17502,-0.3815,-0.844175085,0.50732292,0.072082335
1764505190.6187932,-2.15166,1.17502,-0.3815,-0.844175085,0.50732292,0.072082335
1764505190.6187932,-2.15166,1.17502,-0.3815,-0.844175085,0.50732292,0.072082335
1764505190.6187932,-2.15166,1.17502,-0.3815,-0.844175085,0.50732292,0.072082335
1764505190.6187932,-2.15166,1.17502,-0.3815,-0.844175085,0.50732292,0.072082335
1764505190.6187932,-2.57894,0.56462,-0.28994,-0.844785435,0.50927604,0.072326475
1764505190.6187932,-2.57894,0.56462,-0.28994,-0.844785435,0.50927604,0.072326475
1764505190.6646254,-2.57894,0.56462,-0.28994,-0.844785435,0.50927604,0.072326475
1764505190.6646254,-2.57894,0.56462,-0.28994,-0.844785435,0.50927604,0.072326475
1764505190.6646254,-2.57894,0.56462,-0.28994,-0.844785435,0.50927604,0.072326475
1764505190.6646254,-2.57894,0.56462,-0.28994,-0.844785435,0.50927604,0.072326475
1764505190.6646254,-2.57894,0.56462,-0.28994,-0.844785435,0.50927604,0.072326475
1764505190.6646254,-2.57894,0.56462,-0.28994,-0.844785435,0.50927604,0.072326475
1764505190.6646254,-2.57894,0.56462,-0.28994,-0.844785435,0.50927604,0.072326475
1764505190.6646254,-2.57894,0.56462,-0.28994,-0.844785435,0.50927604,0.072326475
1764505190.6646254,-3.03674,1.12924,-0.24416,-0.844541295,0.510069495,0.07311993
1764505190.6646254,-3.03674,1.12924,-0.24416,-0.844541295,0.510069495,0.07311993
1764505190.6646254,-3.03674,1.12924,-0.24416,-0.844541295,0.510069495,0.07311993
1764505190.6646254,-3.03674,1.12924,-0.24416,-0.844541295,0.510069495,0.07311993
1764505190.6646254,-3.03674,1.12924,-0.24416,-0.844541295,0.510069495,0.07311993
1764505190.6646254,-3.03674,1.12924,-0.24416,-0.844541295,0.510069495,0.07311993
1764505190.6646254,-3.03674,1.12924,-0.24416,-0.844541295,0.510069495,0.07311993
1764505190.6646254,-3.03674,1.12924,-0.24416,-0.844541295,0.510069495,0.07311993
1764505190.6646254,-3.03674,1.12924,-0.24416,-0.844541295,0.510069495,0.07311993
1764505190.6656258,-3.03674,1.12924,-0.24416,-0.844541295,0.510069495,0.07311993
1764505190.6656258,-4.53222,1.64808,0.04578,-0.8446023300000001,0.509947425,0.07360821
1764505190.6656258,-4.53222,1.64808,0.04578,-0.8446023300000001,0.509947425,0.07360821
1764505190.6656258,-4.53222,1.64808,0.04578,-0.8446023300000001,0.509947425,0.07360821
1764505190.6656258,-4.53222,1.64808,0.04578,-0.8446023300000001,0.509947425,0.07360821
1764505190.7142756,-4.53222,1.64808,0.04578,-0.8446023300000001,0.509947425,0.07360821
1764505190.7142756,-4.53222,1.64808,0.04578,-0.8446023300000001,0.509947425,0.07360821
1764505190.7142756,-4.53222,1.64808,0.04578,-0.8446023300000001,0.509947425,0.07360821
1764505190.7142756,-4.53222,1.64808,0.04578,-0.8446023300000001,0.509947425,0.07360821
1764505190.7142756,-4.53222,1.64808,0.04578,-0.8446023300000001,0.509947425,0.07360821
1764505190.7142756,-4.53222,1.64808,0.04578,-0.8446023300000001,0.509947425,0.07360821
1764505190.7142756,-4.8832,1.54126,0.27468,-0.844785435,0.50964225,0.072814755
1764505190.7142756,-4.8832,1.54126,0.27468,-0.844785435,0.50964225,0.072814755
1764505190.7142756,-4.8832,1.54126,0.27468,-0.844785435,0.50964225,0.072814755
1764505190.7142756,-4.8832,1.54126,0.27468,-0.844785435,0.50964225,0.072814755
1764505190.7142756,-4.8832,1.54126,0.27468,-0.844785435,0.50964225,0.072814755
1764505190.7142756,-4.8832,1.54126,0.27468,-0.844785435,0.50964225,0.072814755
1764505190.7142756,-4.8832,1.54126,0.27468,-0.844785435,0.50964225,0.072814755
1764505190.7142756,-4.8832,1.54126,0.27468,-0.844785435,0.50964225,0.072814755
1764505190.7142756,-4.8832,1.54126,0.27468,-0.844785435,0.50964225,0.072814755
1764505190.7142756,-4.8832,1.54126,0.27468,-0.844785435,0.50964225,0.072814755
1764505190.7142756,-3.98286,1.11398,0.10682,-0.844541295,0.50842155,0.073180965
1764505190.7157955,-3.98286,1.11398,0.10682,-0.844541295,0.50842155,0.073180965
1764505190.7157955,-3.98286,1.11398,0.10682,-0.844541295,0.50842155,0.073180965
1764505190.7157955,-3.98286,1.11398,0.10682,-0.844541295,0.50842155,0.073180965
1764505190.7157955,-3.98286,1.11398,0.10682,-0.844541295,0.50842155,0.073180965
1764505190.7157955,-3.98286,1.11398,0.10682,-0.844541295,0.50842155,0.073180965
1764505190.7157955,-3.98286,1.11398,0.10682,-0.844541295,0.50842155,0.073180965
1764505190.7157955,-3.98286,1.11398,0.10682,-0.844541295,0.50842155,0.073180965
1764505190.7597609,-3.98286,1.11398,0.10682,-0.844541295,0.50842155,0.073180965
1764505190.7597609,-3.98286,1.11398,0.10682,-0.844541295,0.50842155,0.073180965
1764505190.7597609,-3.26564,1.35814,0.09156,-0.844541295,0.5050035900000001,0.07238751
1764505190.7602706,-3.26564,1.35814,0.09156,-0.844541295,0.5050035900000001,0.07238751
1764505190.7602706,-3.26564,1.35814,0.09156,-0.844541295,0.5050035900000001,0.07238751
1764505190.7602706,-3.26564,1.35814,0.09156,-0.844541295,0.5050035900000001,0.07238751
1764505190.7602706,-3.26564,1.35814,0.09156,-0.844541295,0.5050035900000001,0.07238751
1764505190.7602706,-3.26564,1.35814,0.09156,-0.844541295,0.5050035900000001,0.07238751
1764505190.7602706,-3.26564,1.35814,0.09156,-0.844541295,0.5050035900000001,0.07238751
1764505190.7602706,-3.26564,1.35814,0.09156,-0.844541295,0.5050035900000001,0.07238751
1764505190.7602706,-3.26564,1.35814,0.09156,-0.844541295,0.5050035900000001,0.07238751
1764505190.7602706,-3.26564,1.35814,0.09156,-0.844541295,0.5050035900000001,0.07238751
1764505190.7602706,-2.47212,1.17502,0.28994,-0.8447244,0.50280633,0.07128888
1764505190.7602706,-2.47212,1.17502,0.28994,-0.8447244,0.50280633,0.07128888
1764505190.7602706,-2.47212,1.17502,0.28994,-0.8447244,0.50280633,0.07128888
1764505190.7602706,-2.47212,1.17502,0.28994,-0.8447244,0.50280633,0.07128888
1764505190.7602706,-2.47212,1.17502,0.28994,-0.8447244,0.50280633,0.07128888
1764505190.7602706,-2.47212,1.17502,0.28994,-0.8447244,0.50280633,0.07128888
1764505190.7602706,-2.47212,1.17502,0.28994,-0.8447244,0.50280633,0.07128888
1764505190.7602706,-2.47212,1.17502,0.28994,-0.8447244,0.50280633,0.07128888
1764505190.7602706,-2.47212,1.17502,0.28994,-0.8447244,0.50280633,0.07128888
1764505190.7602706,-2.47212,1.17502,0.28994,-0.8447244,0.50280633,0.07128888
1764505190.7602706,-1.32762,0.6409199999999999,0.39676,-0.84362577,0.502501155,0.0720213
1764505190.7602706,-1.32762,0.6409199999999999,0.39676,-0.84362577,0.502501155,0.0720213
1764505190.8057652,-1.32762,0.6409199999999999,0.39676,-0.84362577,0.502501155,0.0720213
1764505190.8057652,-1.32762,0.6409199999999999,0.39676,-0.84362577,0.502501155,0.0720213
1764505190.8057652,-1.32762,0.6409199999999999,0.39676,-0.84362577,0.502501155,0.0720213
1764505190.8057652,-1.32762,0.6409199999999999,0.39676,-0.84362577,0.502501155,0.0720213
1764505190.8057652,-1.32762,0.6409199999999999,0.39676,-0.84362577,0.502501155,0.0720213
1764505190.8057652,-1.32762,0.6409199999999999,0.39676,-0.84362577,0.502501155,0.0720213
1764505190.8057652,-1.32762,0.6409199999999999,0.39676,-0.84362577,0.502501155,0.0720213
1764505190.8057652,-1.32762,0.6409199999999999,0.39676,-0.84362577,0.502501155,0.0720213
1764505190.8057652,-1.64808,1.6022999999999998,-0.3051999999999999,-0.841367475,0.503477715,0.073547175
1764505190.8057652,-1.64808,1.6022999999999998,-0.3051999999999999,-0.841367475,0.503477715,0.073547175
1764505190.8057652,-1.64808,1.6022999999999998,-0.3051999999999999,-0.841367475,0.503477715,0.073547175
1764505190.8057652,-1.64808,1.6022999999999998,-0.3051999999999999,-0.841367475,0.503477715,0.073547175
1764505190.8057652,-1.64808,1.6022999999999998,-0.3051999999999999,-0.841367475,0.503477715,0.073547175
1764505190.8057652,-1.64808,1.6022999999999998,-0.3051999999999999,-0.841367475,0.503477715,0.073547175
1764505190.8057652,-1.64808,1.6022999999999998,-0.3051999999999999,-0.841367475,0.503477715,0.073547175
1764505190.8057652,-1.64808,1.6022999999999998,-0.3051999999999999,-0.841367475,0.503477715,0.073547175
1764505190.8057652,-1.64808,1.6022999999999998,-0.3051999999999999,-0.841367475,0.503477715,0.073547175
1764505190.8057652,-1.64808,1.6022999999999998,-0.3051999999999999,-0.841367475,0.503477715,0.073547175
1764505190.8057652,-2.71628,1.87698,0.3204599999999999,-0.84216093,0.506285325,0.072326475
1764505190.8067586,-2.71628,1.87698,0.3204599999999999,-0.84216093,0.506285325,0.072326475
1764505190.8067586,-2.71628,1.87698,0.3204599999999999,-0.84216093,0.506285325,0.072326475
1764505190.8067586,-2.71628,1.87698,0.3204599999999999,-0.84216093,0.506285325,0.072326475
1764505190.8067586,-2.71628,1.87698,0.3204599999999999,-0.84216093,0.506285325,0.072326475
1764505190.8067586,-2.71628,1.87698,0.3204599999999999,-0.84216093,0.506285325,0.072326475
1764505190.8508182,-2.71628,1.87698,0.3204599999999999,-0.84216093,0.506285325,0.072326475
1764505190.8508182,-2.71628,1.87698,0.3204599999999999,-0.84216093,0.506285325,0.072326475
1764505190.8508182,-2.71628,1.87698,0.3204599999999999,-0.84216093,0.506285325,0.072326475
1764505190.8508182,-2.71628,1.87698,0.3204599999999999,-0.84216093,0.506285325,0.072326475
1764505190.8508182,-2.7468,0.77826,0.96138,-0.84557889,0.509215005,0.07092267
1764505190.8508182,-2.7468,0.77826,0.96138,-0.84557889,0.509215005,0.07092267
1764505190.8508182,-2.7468,0.77826,0.96138,-0.84557889,0.509215005,0.07092267
1764505190.8508182,-2.7468,0.77826,0.96138,-0.84557889,0.509215005,0.07092267
1764505190.8508182,-2.7468,0.77826,0.96138,-0.84557889,0.509215005,0.07092267
1764505190.8508182,-2.7468,0.77826,0.96138,-0.84557889,0.509215005,0.07092267
1764505190.8508182,-2.7468,0.77826,0.96138,-0.84557889,0.509215005,0.07092267
1764505190.8508182,-2.7468,0.77826,0.96138,-0.84557889,0.509215005,0.07092267
1764505190.8508182,-2.7468,0.77826,0.96138,-0.84557889,0.509215005,0.07092267
1764505190.8508182,-2.7468,0.77826,0.96138,-0.84557889,0.509215005,0.07092267
1764505190.8508182,-3.2046,-0.24416,-0.24416,-0.84667752,0.511412265,0.071349915
1764505190.8508182,-3.2046,-0.24416,-0.24416,-0.84667752,0.511412265,0.071349915
1764505190.8508182,-3.2046,-0.24416,-0.24416,-0.84667752,0.511412265,0.071349915
1764505190.8508182,-3.2046,-0.24416,-0.24416,-0.84667752,0.511412265,0.071349915
1764505190.851831,-3.2046,-0.24416,-0.24416,-0.84667752,0.511412265,0.071349915
1764505190.851831,-3.2046,-0.24416,-0.24416,-0.84667752,0.511412265,0.071349915
1764505190.851831,-3.2046,-0.24416,-0.24416,-0.84667752,0.511412265,0.071349915
1764505190.851831,-3.2046,-0.24416,-0.24416,-0.84667752,0.511412265,0.071349915
1764505190.900405,-3.2046,-0.24416,-0.24416,-0.84667752,0.511412265,0.071349915
1764505190.900405,-3.2046,-0.24416,-0.24416,-0.84667752,0.511412265,0.071349915
1764505190.900405,-3.49454,1.23606,-1.00716,-0.84496854,0.510557775,0.07177716
1764505190.900405,-3.49454,1.23606,-1.00716,-0.84496854,0.510557775,0.07177716
1764505190.900405,-3.49454,1.23606,-1.00716,-0.84496854,0.510557775,0.07177716
1764505190.900405,-3.49454,1.23606,-1.00716,-0.84496854,0.510557775,0.07177716
1764505190.900405,-3.49454,1.23606,-1.00716,-0.84496854,0.510557775,0.07177716
1764505190.900405,-3.49454,1.23606,-1.00716,-0.84496854,0.510557775,0.07177716
1764505190.900405,-3.49454,1.23606,-1.00716,-0.84496854,0.510557775,0.07177716
1764505190.900405,-3.49454,1.23606,-1.00716,-0.84496854,0.510557775,0.07177716
1764505190.900405,-3.49454,1.23606,-1.00716,-0.84496854,0.510557775,0.07177716
1764505190.900405,-3.49454,1.23606,-1.00716,-0.84496854,0.510557775,0.07177716
1764505190.900405,-4.24228,1.63282,-0.44254,-0.8435647350000001,0.50854362,0.07226544
1764505190.900405,-4.24228,1.63282,-0.44254,-0.8435647350000001,0.50854362,0.07226544
1764505190.900405,-4.24228,1.63282,-0.44254,-0.8435647350000001,0.50854362,0.07226544
1764505190.900405,-4.24228,1.63282,-0.44254,-0.8435647350000001,0.50854362,0.07226544
1764505190.9014027,-4.24228,1.63282,-0.44254,-0.8435647350000001,0.50854362,0.07226544
1764505190.9014027,-4.24228,1.63282,-0.44254,-0.8435647350000001,0.50854362,0.07226544
1764505190.9014027,-4.24228,1.63282,-0.44254,-0.8435647350000001,0.50854362,0.07226544
1764505190.9014027,-4.24228,1.63282,-0.44254,-0.8435647350000001,0.50854362,0.07226544
1764505190.9014027,-4.24228,1.63282,-0.44254,-0.8435647350000001,0.50854362,0.07226544
1764505190.9014027,-4.24228,1.63282,-0.44254,-0.8435647350000001,0.50854362,0.07226544
1764505190.9014027,-4.7306,0.93086,0.2289,-0.84362577,0.50695671,0.07250958
1764505190.9014027,-4.7306,0.93086,0.2289,-0.84362577,0.50695671,0.07250958
1764505190.9452016,-4.7306,0.93086,0.2289,-0.84362577,0.50695671,0.07250958
1764505190.9452016,-4.7306,0.93086,0.2289,-0.84362577,0.50695671,0.07250958
1764505190.9452016,-4.7306,0.93086,0.2289,-0.84362577,0.50695671,0.07250958
1764505190.9452016,-4.7306,0.93086,0.2289,-0.84362577,0.50695671,0.07250958
1764505190.9452016,-4.7306,0.93086,0.2289,-0.84362577,0.50695671,0.07250958
1764505190.9452016,-4.7306,0.93086,0.2289,-0.84362577,0.50695671,0.07250958
1764505190.9452016,-4.7306,0.93086,0.2289,-0.84362577,0.50695671,0.07250958
1764505190.9452016,-4.7306,0.93086,0.2289,-0.84362577,0.50695671,0.07250958
1764505190.9452016,-5.12736,1.31236,-0.1678599999999999,-0.844175085,0.506285325,0.072814755
1764505190.9452016,-5.12736,1.31236,-0.1678599999999999,-0.844175085,0.506285325,0.072814755
1764505190.9452016,-5.12736,1.31236,-0.1678599999999999,-0.844175085,0.506285325,0.072814755
1764505190.9452016,-5.12736,1.31236,-0.1678599999999999,-0.844175085,0.506285325,0.072814755
1764505190.9452016,-5.12736,1.31236,-0.1678599999999999,-0.844175085,0.506285325,0.072814755
1764505190.9452016,-5.12736,1.31236,-0.1678599999999999,-0.844175085,0.506285325,0.072814755
1764505190.9452016,-5.12736,1.31236,-0.1678599999999999,-0.844175085,0.506285325,0.072814755
1764505190.9452016,-5.12736,1.31236,-0.1678599999999999,-0.844175085,0.506285325,0.072814755
1764505190.946739,-5.12736,1.31236,-0.1678599999999999,-0.844175085,0.506285325,0.072814755
1764505190.946739,-5.12736,1.31236,-0.1678599999999999,-0.844175085,0.506285325,0.072814755
1764505190.946739,-5.340999999999999,1.87698,-0.18312,-0.845273715,0.50646843,0.071960265
1764505190.9477532,-5.340999999999999,1.87698,-0.18312,-0.845273715,0.50646843,0.071960265
1764505190.9477532,-5.340999999999999,1.87698,-0.18312,-0.845273715,0.50646843,0.071960265
1764505190.9477532,-5.340999999999999,1.87698,-0.18312,-0.845273715,0.50646843,0.071960265
1764505190.9477532,-5.340999999999999,1.87698,-0.18312,-0.845273715,0.50646843,0.071960265
1764505190.9477532,-5.340999999999999,1.87698,-0.18312,-0.845273715,0.50646843,0.071960265
1764505190.990939,-5.340999999999999,1.87698,-0.18312,-0.845273715,0.50646843,0.071960265
1764505190.990939,-5.340999999999999,1.87698,-0.18312,-0.845273715,0.50646843,0.071960265
1764505190.990939,-5.340999999999999,1.87698,-0.18312,-0.845273715,0.50646843,0.071960265
1764505190.990939,-5.340999999999999,1.87698,-0.18312,-0.845273715,0.50646843,0.071960265
1764505190.990939,-4.70008,1.0682,-0.28994,-0.84545682,0.507261885,0.07067853
1764505190.990939,-4.70008,1.0682,-0.28994,-0.84545682,0.507261885,0.07067853
1764505190.990939,-4.70008,1.0682,-0.28994,-0.84545682,0.507261885,0.07067853
1764505190.990939,-4.70008,1.0682,-0.28994,-0.84545682,0.507261885,0.07067853
1764505190.990939,-4.70008,1.0682,-0.28994,-0.84545682,0.507261885,0.07067853
1764505190.990939,-4.70008,1.0682,-0.28994,-0.84545682,0.507261885,0.07067853
1764505190.990939,-4.70008,1.0682,-0.28994,-0.84545682,0.507261885,0.07067853
1764505190.9919498,-4.70008,1.0682,-0.28994,-0.84545682,0.507261885,0.07067853
1764505190.9919498,-4.70008,1.0682,-0.28994,-0.84545682,0.507261885,0.07067853
1764505190.993492,-4.70008,1.0682,-0.28994,-0.84545682,0.507261885,0.07067853
1764505190.993492,-4.39488,1.4497,0.18312,-0.845273715,0.50720085,0.07019025
1764505190.9945066,-4.39488,1.4497,0.18312,-0.845273715,0.50720085,0.07019025
1764505190.9945066,-4.39488,1.4497,0.18312,-0.845273715,0.50720085,0.07019025
1764505190.9945066,-4.39488,1.4497,0.18312,-0.845273715,0.50720085,0.07019025
1764505190.9945066,-4.39488,1.4497,0.18312,-0.845273715,0.50720085,0.07019025
1764505190.9945066,-4.39488,1.4497,0.18312,-0.845273715,0.50720085,0.07019025
1764505190.9945066,-4.39488,1.4497,0.18312,-0.845273715,0.50720085,0.07019025
1764505190.9945066,-4.39488,1.4497,0.18312,-0.845273715,0.50720085,0.07019025
1764505191.03883,-4.39488,1.4497,0.18312,-0.845273715,0.50720085,0.07019025
1764505191.0398648,-4.39488,1.4497,0.18312,-0.845273715,0.50720085,0.07019025
1764505191.0398648,-3.5861,1.48022,0.24416,-0.8447244,0.507506025,0.06860334
1764505191.0398648,-3.5861,1.48022,0.24416,-0.8447244,0.507506025,0.06860334
1764505191.0398648,-3.5861,1.48022,0.24416,-0.8447244,0.507506025,0.06860334
1764505191.0398648,-3.5861,1.48022,0.24416,-0.8447244,0.507506025,0.06860334
1764505191.0398648,-3.5861,1.48022,0.24416,-0.8447244,0.507506025,0.06860334
1764505191.0398648,-3.5861,1.48022,0.24416,-0.8447244,0.507506025,0.06860334
1764505191.0398648,-3.5861,1.48022,0.24416,-0.8447244,0.507506025,0.06860334
1764505191.0398648,-3.5861,1.48022,0.24416,-0.8447244,0.507506025,0.06860334
1764505191.0398648,-3.5861,1.48022,0.24416,-0.8447244,0.507506025,0.06860334
1764505191.0398648,-3.5861,1.48022,0.24416,-0.8447244,0.507506025,0.06860334
1764505191.0398648,-4.715339999999999,1.81594,0.18312,-0.84448026,0.50927604,0.06933576
1764505191.0398648,-4.715339999999999,1.81594,0.18312,-0.84448026,0.50927604,0.06933576
1764505191.0398648,-4.715339999999999,1.81594,0.18312,-0.84448026,0.50927604,0.06933576
1764505191.0398648,-4.715339999999999,1.81594,0.18312,-0.84448026,0.50927604,0.06933576
1764505191.0398648,-4.715339999999999,1.81594,0.18312,-0.84448026,0.50927604,0.06933576
1764505191.0398648,-4.715339999999999,1.81594,0.18312,-0.84448026,0.50927604,0.06933576
1764505191.0398648,-4.715339999999999,1.81594,0.18312,-0.84448026,0.50927604,0.06933576
1764505191.0398648,-4.715339999999999,1.81594,0.18312,-0.84448026,0.50927604,0.06933576
1764505191.0403757,-4.715339999999999,1.81594,0.18312,-0.84448026,0.50927604,0.06933576
1764505191.0403757,-4.715339999999999,1.81594,0.18312,-0.84448026,0.50927604,0.06933576
1764505191.0403757,-6.53128,2.57894,0.10682,-0.84325956,0.510069495,0.070739565
1764505191.0403757,-6.53128,2.57894,0.10682,-0.84325956,0.510069495,0.070739565
1764505191.0840263,-6.53128,2.57894,0.10682,-0.84325956,0.510069495,0.070739565
1764505191.0840263,-6.53128,2.57894,0.10682,-0.84325956,0.510069495,0.070739565
1764505191.0840263,-6.53128,2.57894,0.10682,-0.84325956,0.510069495,0.070739565
1764505191.0840263,-6.53128,2.57894,0.10682,-0.84325956,0.510069495,0.070739565
1764505191.0840263,-6.53128,2.57894,0.10682,-0.84325956,0.510069495,0.070739565
1764505191.0840263,-6.53128,2.57894,0.10682,-0.84325956,0.510069495,0.070739565
1764505191.0840263,-6.53128,2.57894,0.10682,-0.84325956,0.510069495,0.070739565
1764505191.0840263,-6.53128,2.57894,0.10682,-0.84325956,0.510069495,0.070739565
1764505191.0840263,-7.43162,2.47212,0.42728,-0.8430764550000001,0.510069495,0.07165509
1764505191.0840263,-7.43162,2.47212,0.42728,-0.8430764550000001,0.510069495,0.07165509
1764505191.0840263,-7.43162,2.47212,0.42728,-0.8430764550000001,0.510069495,0.07165509
1764505191.085572,-7.43162,2.47212,0.42728,-0.8430764550000001,0.510069495,0.07165509
1764505191.0861194,-7.43162,2.47212,0.42728,-0.8430764550000001,0.510069495,0.07165509
1764505191.0861194,-7.43162,2.47212,0.42728,-0.8430764550000001,0.510069495,0.07165509
1764505191.0861194,-7.43162,2.47212,0.42728,-0.8430764550000001,0.510069495,0.07165509
1764505191.0861194,-7.43162,2.47212,0.42728,-0.8430764550000001,0.510069495,0.07165509
1764505191.0861194,-7.43162,2.47212,0.42728,-0.8430764550000001,0.510069495,0.07165509
1764505191.0861194,-7.43162,2.47212,0.42728,-0.8430764550000001,0.510069495,0.07165509
1764505191.0861194,-7.477399999999999,1.4039199999999998,0.41202,-0.84362577,0.50744499,0.07299786
1764505191.0861194,-7.477399999999999,1.4039199999999998,0.41202,-0.84362577,0.50744499,0.07299786
1764505191.0861194,-7.477399999999999,1.4039199999999998,0.41202,-0.84362577,0.50744499,0.07299786
1764505191.0861194,-7.477399999999999,1.4039199999999998,0.41202,-0.84362577,0.50744499,0.07299786
1764505191.0861194,-7.477399999999999,1.4039199999999998,0.41202,-0.84362577,0.50744499,0.07299786
1764505191.0861194,-7.477399999999999,1.4039199999999998,0.41202,-0.84362577,0.50744499,0.07299786
1764505191.135218,-7.477399999999999,1.4039199999999998,0.41202,-0.84362577,0.50744499,0.07299786
1764505191.135218,-7.477399999999999,1.4039199999999998,0.41202,-0.84362577,0.50744499,0.07299786
1764505191.135218,-7.477399999999999,1.4039199999999998,0.41202,-0.84362577,0.50744499,0.07299786
1764505191.135218,-7.477399999999999,1.4039199999999998,0.41202,-0.84362577,0.50744499,0.07299786
1764505191.135218,-5.84458,1.6786,0.1678599999999999,-0.8447244,0.503477715,0.074645805
1764505191.135218,-5.84458,1.6786,0.1678599999999999,-0.8447244,0.503477715,0.074645805
1764505191.135218,-5.84458,1.6786,0.1678599999999999,-0.8447244,0.503477715,0.074645805
1764505191.135218,-5.84458,1.6786,0.1678599999999999,-0.8447244,0.503477715,0.074645805
1764505191.135218,-5.84458,1.6786,0.1678599999999999,-0.8447244,0.503477715,0.074645805
1764505191.135218,-5.84458,1.6786,0.1678599999999999,-0.8447244,0.503477715,0.074645805
1764505191.135218,-5.84458,1.6786,0.1678599999999999,-0.8447244,0.503477715,0.074645805
1764505191.135218,-5.84458,1.6786,0.1678599999999999,-0.8447244,0.503477715,0.074645805
1764505191.135218,-5.84458,1.6786,0.1678599999999999,-0.8447244,0.503477715,0.074645805
1764505191.135218,-5.84458,1.6786,0.1678599999999999,-0.8447244,0.503477715,0.074645805
1764505191.136227,-5.00528,1.58704,0.13734,-0.845517855,0.50085321,0.074279595
1764505191.136227,-5.00528,1.58704,0.13734,-0.845517855,0.50085321,0.074279595
1764505191.136227,-5.00528,1.58704,0.13734,-0.845517855,0.50085321,0.074279595
1764505191.136227,-5.00528,1.58704,0.13734,-0.845517855,0.50085321,0.074279595
1764505191.136227,-5.00528,1.58704,0.13734,-0.845517855,0.50085321,0.074279595
1764505191.136227,-5.00528,1.58704,0.13734,-0.845517855,0.50085321,0.074279595
1764505191.136227,-5.00528,1.58704,0.13734,-0.845517855,0.50085321,0.074279595
1764505191.136227,-5.00528,1.58704,0.13734,-0.845517855,0.50085321,0.074279595
1764505191.179766,-5.00528,1.58704,0.13734,-0.845517855,0.50085321,0.074279595
1764505191.179766,-5.00528,1.58704,0.13734,-0.845517855,0.50085321,0.074279595
1764505191.179766,-3.84552,0.8392999999999999,0.44254,-0.844907505,0.50146356,0.071960265
1764505191.179766,-3.84552,0.8392999999999999,0.44254,-0.844907505,0.50146356,0.071960265
1764505191.179766,-3.84552,0.8392999999999999,0.44254,-0.844907505,0.50146356,0.071960265
1764505191.179766,-3.84552,0.8392999999999999,0.44254,-0.844907505,0.50146356,0.071960265
1764505191.179766,-3.84552,0.8392999999999999,0.44254,-0.844907505,0.50146356,0.071960265
1764505191.179766,-3.84552,0.8392999999999999,0.44254,-0.844907505,0.50146356,0.071960265
1764505191.179766,-3.84552,0.8392999999999999,0.44254,-0.844907505,0.50146356,0.071960265
1764505191.179766,-3.84552,0.8392999999999999,0.44254,-0.844907505,0.50146356,0.071960265
1764505191.179766,-3.84552,0.8392999999999999,0.44254,-0.844907505,0.50146356,0.071960265
1764505191.179766,-3.84552,0.8392999999999999,0.44254,-0.844907505,0.50146356,0.071960265
1764505191.179766,-3.54032,0.6409199999999999,0.01526,-0.844907505,0.50219598,0.071227845
1764505191.179766,-3.54032,0.6409199999999999,0.01526,-0.844907505,0.50219598,0.071227845
1764505191.179766,-3.54032,0.6409199999999999,0.01526,-0.844907505,0.50219598,0.071227845
1764505191.179766,-3.54032,0.6409199999999999,0.01526,-0.844907505,0.50219598,0.071227845
1764505191.179766,-3.54032,0.6409199999999999,0.01526,-0.844907505,0.50219598,0.071227845
1764505191.179766,-3.54032,0.6409199999999999,0.01526,-0.844907505,0.50219598,0.071227845
1764505191.179766,-3.54032,0.6409199999999999,0.01526,-0.844907505,0.50219598,0.071227845
1764505191.179766,-3.54032,0.6409199999999999,0.01526,-0.844907505,0.50219598,0.071227845
1764505191.179766,-3.54032,0.6409199999999999,0.01526,-0.844907505,0.50219598,0.071227845
1764505191.179766,-3.54032,0.6409199999999999,0.01526,-0.844907505,0.50219598,0.071227845
1764505191.179766,-3.38772,0.97664,0.13734,-0.844419225,0.50402703,0.070129215
1764505191.179766,-3.38772,0.97664,0.13734,-0.844419225,0.50402703,0.070129215
1764505191.2284362,-3.38772,0.97664,0.13734,-0.844419225,0.50402703,0.070129215
1764505191.2284362,-3.38772,0.97664,0.13734,-0.844419225,0.50402703,0.070129215
1764505191.2284362,-3.38772,0.97664,0.13734,-0.844419225,0.50402703,0.070129215
1764505191.2284362,-3.38772,0.97664,0.13734,-0.844419225,0.50402703,0.070129215
1764505191.2284362,-3.38772,0.97664,0.13734,-0.844419225,0.50402703,0.070129215
1764505191.2284362,-3.38772,0.97664,0.13734,-0.844419225,0.50402703,0.070129215
1764505191.2284362,-3.38772,0.97664,0.13734,-0.844419225,0.50402703,0.070129215
1764505191.2284362,-3.38772,0.97664,0.13734,-0.844419225,0.50402703,0.070129215
1764505191.2284362,-4.02864,0.88508,0.71722,-0.84448026,0.506407395,0.07092267
1764505191.2284362,-4.02864,0.88508,0.71722,-0.84448026,0.506407395,0.07092267
1764505191.2284362,-4.02864,0.88508,0.71722,-0.84448026,0.506407395,0.07092267
1764505191.2284362,-4.02864,0.88508,0.71722,-0.84448026,0.506407395,0.07092267
1764505191.2284362,-4.02864,0.88508,0.71722,-0.84448026,0.506407395,0.07092267
1764505191.2284362,-4.02864,0.88508,0.71722,-0.84448026,0.506407395,0.07092267
1764505191.2284362,-4.02864,0.88508,0.71722,-0.84448026,0.506407395,0.07092267
1764505191.2284362,-4.02864,0.88508,0.71722,-0.84448026,0.506407395,0.07092267
1764505191.2284362,-4.02864,0.88508,0.71722,-0.84448026,0.506407395,0.07092267
1764505191.2294395,-4.02864,0.88508,0.71722,-0.84448026,0.506407395,0.07092267
1764505191.2294395,-4.5017,0.28994,0.39676,-0.84423612,0.507750165,0.07250958
1764505191.2294395,-4.5017,0.28994,0.39676,-0.84423612,0.507750165,0.07250958
1764505191.2294395,-4.5017,0.28994,0.39676,-0.84423612,0.507750165,0.07250958
1764505191.2294395,-4.5017,0.28994,0.39676,-0.84423612,0.507750165,0.07250958
1764505191.2294395,-4.5017,0.28994,0.39676,-0.84423612,0.507750165,0.07250958
1764505191.2294395,-4.5017,0.28994,0.39676,-0.84423612,0.507750165,0.07250958
1764505191.273985,-4.5017,0.28994,0.39676,-0.84423612,0.507750165,0.07250958
1764505191.273985,-4.5017,0.28994,0.39676,-0.84423612,0.507750165,0.07250958
1764505191.273985,-4.5017,0.28994,0.39676,-0.84423612,0.507750165,0.07250958
1764505191.273985,-4.5017,0.28994,0.39676,-0.84423612,0.507750165,0.07250958
1764505191.273985,-4.21176,0.85456,0.82404,-0.844907505,0.507750165,0.072692685
1764505191.273985,-4.21176,0.85456,0.82404,-0.844907505,0.507750165,0.072692685
1764505191.273985,-4.21176,0.85456,0.82404,-0.844907505,0.507750165,0.072692685
1764505191.273985,-4.21176,0.85456,0.82404,-0.844907505,0.507750165,0.072692685
1764505191.2744966,-4.21176,0.85456,0.82404,-0.844907505,0.507750165,0.072692685
1764505191.2744966,-4.21176,0.85456,0.82404,-0.844907505,0.507750165,0.072692685
1764505191.2744966,-4.21176,0.85456,0.82404,-0.844907505,0.507750165,0.072692685
1764505191.2744966,-4.21176,0.85456,0.82404,-0.844907505,0.507750165,0.072692685
1764505191.2744966,-4.21176,0.85456,0.82404,-0.844907505,0.507750165,0.072692685
1764505191.2744966,-4.21176,0.85456,0.82404,-0.844907505,0.507750165,0.072692685
1764505191.27551,-4.08968,1.23606,0.28994,-0.845639925,0.50732292,0.071716125
1764505191.27551,-4.08968,1.23606,0.28994,-0.845639925,0.50732292,0.071716125
1764505191.27551,-4.08968,1.23606,0.28994,-0.845639925,0.50732292,0.071716125
1764505191.27551,-4.08968,1.23606,0.28994,-0.845639925,0.50732292,0.071716125
1764505191.27551,-4.08968,1.23606,0.28994,-0.845639925,0.50732292,0.071716125
1764505191.27551,-4.08968,1.23606,0.28994,-0.845639925,0.50732292,0.071716125
1764505191.27551,-4.08968,1.23606,0.28994,-0.845639925,0.50732292,0.071716125
1764505191.27551,-4.08968,1.23606,0.28994,-0.845639925,0.50732292,0.071716125
1764505191.321597,-4.08968,1.23606,0.28994,-0.845639925,0.50732292,0.071716125
1764505191.321597,-4.08968,1.23606,0.28994,-0.845639925,0.50732292,0.071716125
1764505191.321597,-4.59326,1.28184,0.10682,-0.84496854,0.50842155,0.071471985
1764505191.321597,-4.59326,1.28184,0.10682,-0.84496854,0.50842155,0.071471985
1764505191.321597,-4.59326,1.28184,0.10682,-0.84496854,0.50842155,0.071471985
1764505191.321597,-4.59326,1.28184,0.10682,-0.84496854,0.50842155,0.071471985
1764505191.322595,-4.59326,1.28184,0.10682,-0.84496854,0.50842155,0.071471985
1764505191.322595,-4.59326,1.28184,0.10682,-0.84496854,0.50842155,0.071471985
1764505191.322595,-4.59326,1.28184,0.10682,-0.84496854,0.50842155,0.071471985
1764505191.322595,-4.59326,1.28184,0.10682,-0.84496854,0.50842155,0.071471985
1764505191.322595,-4.59326,1.28184,0.10682,-0.84496854,0.50842155,0.071471985
1764505191.322595,-4.59326,1.28184,0.10682,-0.84496854,0.50842155,0.071471985
1764505191.322595,-5.0358,1.28184,-0.03052,-0.84374784,0.507750165,0.07238751
1764505191.3235965,-5.0358,1.28184,-0.03052,-0.84374784,0.507750165,0.07238751
1764505191.3235965,-5.0358,1.28184,-0.03052,-0.84374784,0.507750165,0.07238751
1764505191.3235965,-5.0358,1.28184,-0.03052,-0.84374784,0.507750165,0.07238751
1764505191.3235965,-5.0358,1.28184,-0.03052,-0.84374784,0.507750165,0.07238751
1764505191.3241074,-5.0358,1.28184,-0.03052,-0.84374784,0.507750165,0.07238751
1764505191.3241074,-5.0358,1.28184,-0.03052,-0.84374784,0.507750165,0.07238751
1764505191.3241074,-5.0358,1.28184,-0.03052,-0.84374784,0.507750165,0.07238751
1764505191.3241074,-5.0358,1.28184,-0.03052,-0.84374784,0.507750165,0.07238751
1764505191.3241074,-5.0358,1.28184,-0.03052,-0.84374784,0.507750165,0.07238751
1764505191.3241074,-4.36436,1.19028,0.82404,-0.84325956,0.505674975,0.072936825
1764505191.3246162,-4.36436,1.19028,0.82404,-0.84325956,0.505674975,0.072936825
1764505191.3658123,-4.36436,1.19028,0.82404,-0.84325956,0.505674975,0.072936825
1764505191.366806,-4.36436,1.19028,0.82404,-0.84325956,0.505674975,0.072936825
1764505191.366806,-4.36436,1.19028,0.82404,-0.84325956,0.505674975,0.072936825
1764505191.366806,-4.36436,1.19028,0.82404,-0.84325956,0.505674975,0.072936825
1764505191.366806,-4.36436,1.19028,0.82404,-0.84325956,0.505674975,0.072936825
1764505191.366806,-4.36436,1.19028,0.82404,-0.84325956,0.505674975,0.072936825
1764505191.366806,-4.36436,1.19028,0.82404,-0.84325956,0.505674975,0.072936825
1764505191.366806,-4.36436,1.19028,0.82404,-0.84325956,0.505674975,0.072936825
1764505191.366806,-4.08968,1.32762,0.6867,-0.84386991,0.5053698,0.07226544
1764505191.366806,-4.08968,1.32762,0.6867,-0.84386991,0.5053698,0.07226544
1764505191.366806,-4.08968,1.32762,0.6867,-0.84386991,0.5053698,0.07226544
1764505191.366806,-4.08968,1.32762,0.6867,-0.84386991,0.5053698,0.07226544
1764505191.366806,-4.08968,1.32762,0.6867,-0.84386991,0.5053698,0.07226544
1764505191.366806,-4.08968,1.32762,0.6867,-0.84386991,0.5053698,0.07226544
1764505191.366806,-4.08968,1.32762,0.6867,-0.84386991,0.5053698,0.07226544
1764505191.366806,-4.08968,1.32762,0.6867,-0.84386991,0.5053698,0.07226544
1764505191.366806,-4.08968,1.32762,0.6867,-0.84386991,0.5053698,0.07226544
1764505191.366806,-4.08968,1.32762,0.6867,-0.84386991,0.5053698,0.07226544
1764505191.3683264,-4.07442,0.8087799999999999,0.7019599999999999,-0.84423612,0.50622429,0.070983705
1764505191.3683264,-4.07442,0.8087799999999999,0.7019599999999999,-0.84423612,0.50622429,0.070983705
1764505191.3683264,-4.07442,0.8087799999999999,0.7019599999999999,-0.84423612,0.50622429,0.070983705
1764505191.3683264,-4.07442,0.8087799999999999,0.7019599999999999,-0.84423612,0.50622429,0.070983705
1764505191.3693202,-4.07442,0.8087799999999999,0.7019599999999999,-0.84423612,0.50622429,0.070983705
1764505191.3693202,-4.07442,0.8087799999999999,0.7019599999999999,-0.84423612,0.50622429,0.070983705
1764505191.4127803,-4.07442,0.8087799999999999,0.7019599999999999,-0.84423612,0.50622429,0.070983705
1764505191.4127803,-4.07442,0.8087799999999999,0.7019599999999999,-0.84423612,0.50622429,0.070983705
1764505191.4127803,-4.07442,0.8087799999999999,0.7019599999999999,-0.84423612,0.50622429,0.070983705
1764505191.4127803,-4.07442,0.8087799999999999,0.7019599999999999,-0.84423612,0.50622429,0.070983705
1764505191.4127803,-4.59326,1.15976,0.3051999999999999,-0.84277128,0.508116375,0.07092267
1764505191.4127803,-4.59326,1.15976,0.3051999999999999,-0.84277128,0.508116375,0.07092267
1764505191.4127803,-4.59326,1.15976,0.3051999999999999,-0.84277128,0.508116375,0.07092267
1764505191.4127803,-4.59326,1.15976,0.3051999999999999,-0.84277128,0.508116375,0.07092267
1764505191.4127803,-4.59326,1.15976,0.3051999999999999,-0.84277128,0.508116375,0.07092267
1764505191.4127803,-4.59326,1.15976,0.3051999999999999,-0.84277128,0.508116375,0.07092267
1764505191.4127803,-4.59326,1.15976,0.3051999999999999,-0.84277128,0.508116375,0.07092267
1764505191.4127803,-4.59326,1.15976,0.3051999999999999,-0.84277128,0.508116375,0.07092267
1764505191.4127803,-4.59326,1.15976,0.3051999999999999,-0.84277128,0.508116375,0.07092267
1764505191.4127803,-4.59326,1.15976,0.3051999999999999,-0.84277128,0.508116375,0.07092267
1764505191.4127803,-4.83742,1.26658,0.03052,-0.84289335,0.50854362,0.071960265
1764505191.4127803,-4.83742,1.26658,0.03052,-0.84289335,0.50854362,0.071960265
1764505191.4127803,-4.83742,1.26658,0.03052,-0.84289335,0.50854362,0.071960265
1764505191.4127803,-4.83742,1.26658,0.03052,-0.84289335,0.50854362,0.071960265
1764505191.413335,-4.83742,1.26658,0.03052,-0.84289335,0.50854362,0.071960265
1764505191.413335,-4.83742,1.26658,0.03052,-0.84289335,0.50854362,0.071960265
1764505191.413335,-4.83742,1.26658,0.03052,-0.84289335,0.50854362,0.071960265
1764505191.413335,-4.83742,1.26658,0.03052,-0.84289335,0.50854362,0.071960265
1764505191.4574914,-4.83742,1.26658,0.03052,-0.84289335,0.50854362,0.071960265
1764505191.4574914,-4.83742,1.26658,0.03052,-0.84289335,0.50854362,0.071960265
1764505191.4574914,-4.97476,1.2971,0.10682,-0.84362577,0.508482585,0.0720213
1764505191.4574914,-4.97476,1.2971,0.10682,-0.84362577,0.508482585,0.0720213
1764505191.4574914,-4.97476,1.2971,0.10682,-0.84362577,0.508482585,0.0720213
1764505191.4574914,-4.97476,1.2971,0.10682,-0.84362577,0.508482585,0.0720213
1764505191.4574914,-4.97476,1.2971,0.10682,-0.84362577,0.508482585,0.0720213
1764505191.4574914,-4.97476,1.2971,0.10682,-0.84362577,0.508482585,0.0720213
1764505191.4574914,-4.97476,1.2971,0.10682,-0.84362577,0.508482585,0.0720213
1764505191.4574914,-4.97476,1.2971,0.10682,-0.84362577,0.508482585,0.0720213
1764505191.4574914,-4.97476,1.2971,0.10682,-0.84362577,0.508482585,0.0720213
1764505191.4574914,-4.97476,1.2971,0.10682,-0.84362577,0.508482585,0.0720213
1764505191.4574914,-5.7988,1.3734,0.3815,-0.843808875,0.508116375,0.0720213
1764505191.4574914,-5.7988,1.3734,0.3815,-0.843808875,0.508116375,0.0720213
1764505191.4574914,-5.7988,1.3734,0.3815,-0.843808875,0.508116375,0.0720213
1764505191.4574914,-5.7988,1.3734,0.3815,-0.843808875,0.508116375,0.0720213
1764505191.4574914,-5.7988,1.3734,0.3815,-0.843808875,0.508116375,0.0720213
1764505191.4574914,-5.7988,1.3734,0.3815,-0.843808875,0.508116375,0.0720213
1764505191.4574914,-5.7988,1.3734,0.3815,-0.843808875,0.508116375,0.0720213
1764505191.4574914,-5.7988,1.3734,0.3815,-0.843808875,0.508116375,0.0720213
1764505191.4574914,-5.7988,1.3734,0.3815,-0.843808875,0.508116375,0.0720213
1764505191.4574914,-5.7988,1.3734,0.3815,-0.843808875,0.508116375,0.0720213
1764505191.505364,-5.44782,1.41918,-0.18312,-0.843686805,0.50683464,0.07287579
1764505191.505364,-5.44782,1.41918,-0.18312,-0.843686805,0.50683464,0.07287579
1764505191.505364,-5.44782,1.41918,-0.18312,-0.843686805,0.50683464,0.07287579
1764505191.505364,-5.44782,1.41918,-0.18312,-0.843686805,0.50683464,0.07287579
1764505191.505364,-5.44782,1.41918,-0.18312,-0.843686805,0.50683464,0.07287579
1764505191.505364,-5.44782,1.41918,-0.18312,-0.843686805,0.50683464,0.07287579
1764505191.505364,-5.44782,1.41918,-0.18312,-0.843686805,0.50683464,0.07287579
1764505191.505364,-5.44782,1.41918,-0.18312,-0.843686805,0.50683464,0.07287579
1764505191.505364,-5.44782,1.41918,-0.18312,-0.843686805,0.50683464,0.07287579
1764505191.505364,-5.44782,1.41918,-0.18312,-0.843686805,0.50683464,0.07287579
1764505191.505364,-4.8069,1.61756,0.41202,-0.844175085,0.50573601,0.072326475
1764505191.505364,-4.8069,1.61756,0.41202,-0.844175085,0.50573601,0.072326475
1764505191.505364,-4.8069,1.61756,0.41202,-0.844175085,0.50573601,0.072326475
1764505191.505364,-4.8069,1.61756,0.41202,-0.844175085,0.50573601,0.072326475
1764505191.505364,-4.8069,1.61756,0.41202,-0.844175085,0.50573601,0.072326475
1764505191.505364,-4.8069,1.61756,0.41202,-0.844175085,0.50573601,0.072326475
1764505191.505364,-4.8069,1.61756,0.41202,-0.844175085,0.50573601,0.072326475
1764505191.505364,-4.8069,1.61756,0.41202,-0.844175085,0.50573601,0.072326475
1764505191.505364,-4.8069,1.61756,0.41202,-0.844175085,0.50573601,0.072326475
1764505191.5063722,-4.8069,1.61756,0.41202,-0.844175085,0.50573601,0.072326475
1764505191.5063722,-3.99812,1.08346,0.3357199999999999,-0.84521268,0.504698415,0.071471985
1764505191.5063722,-3.99812,1.08346,0.3357199999999999,-0.84521268,0.504698415,0.071471985
1764505191.5063722,-3.99812,1.08346,0.3357199999999999,-0.84521268,0.504698415,0.071471985
1764505191.5063722,-3.99812,1.08346,0.3357199999999999,-0.84521268,0.504698415,0.071471985
1764505191.5063722,-3.99812,1.08346,0.3357199999999999,-0.84521268,0.504698415,0.071471985
1764505191.5063722,-3.99812,1.08346,0.3357199999999999,-0.84521268,0.504698415,0.071471985
1764505191.549507,-3.99812,1.08346,0.3357199999999999,-0.84521268,0.504698415,0.071471985
1764505191.549507,-3.99812,1.08346,0.3357199999999999,-0.84521268,0.504698415,0.071471985
1764505191.549507,-3.99812,1.08346,0.3357199999999999,-0.84521268,0.504698415,0.071471985
1764505191.549507,-3.99812,1.08346,0.3357199999999999,-0.84521268,0.504698415,0.071471985
1764505191.549507,-4.63904,0.48832,0.3204599999999999,-0.844541295,0.504576345,0.07189923
1764505191.549507,-4.63904,0.48832,0.3204599999999999,-0.844541295,0.504576345,0.07189923
1764505191.549507,-4.63904,0.48832,0.3204599999999999,-0.844541295,0.504576345,0.07189923
1764505191.549507,-4.63904,0.48832,0.3204599999999999,-0.844541295,0.504576345,0.07189923
1764505191.549507,-4.63904,0.48832,0.3204599999999999,-0.844541295,0.504576345,0.07189923
1764505191.549507,-4.63904,0.48832,0.3204599999999999,-0.844541295,0.504576345,0.07189923
1764505191.549507,-4.63904,0.48832,0.3204599999999999,-0.844541295,0.504576345,0.07189923
1764505191.549507,-4.63904,0.48832,0.3204599999999999,-0.844541295,0.504576345,0.07189923
1764505191.549507,-4.63904,0.48832,0.3204599999999999,-0.844541295,0.504576345,0.07189923
1764505191.549507,-4.63904,0.48832,0.3204599999999999,-0.844541295,0.504576345,0.07189923
1764505191.549507,-4.48644,0.96138,0.03052,-0.842832315,0.503965995,0.07348614
1764505191.549507,-4.48644,0.96138,0.03052,-0.842832315,0.503965995,0.07348614
1764505191.549507,-4.48644,0.96138,0.03052,-0.842832315,0.503965995,0.07348614
1764505191.550946,-4.48644,0.96138,0.03052,-0.842832315,0.503965995,0.07348614
1764505191.550946,-4.48644,0.96138,0.03052,-0.842832315,0.503965995,0.07348614
1764505191.550946,-4.48644,0.96138,0.03052,-0.842832315,0.503965995,0.07348614
1764505191.550946,-4.48644,0.96138,0.03052,-0.842832315,0.503965995,0.07348614
1764505191.550946,-4.48644,0.96138,0.03052,-0.842832315,0.503965995,0.07348614
1764505191.5975811,-4.48644,0.96138,0.03052,-0.842832315,0.503965995,0.07348614
1764505191.5975811,-4.48644,0.96138,0.03052,-0.842832315,0.503965995,0.07348614
1764505191.5975811,-4.303319999999999,1.63282,0.13734,-0.84301542,0.5050035900000001,0.07360821
1764505191.5985973,-4.303319999999999,1.63282,0.13734,-0.84301542,0.5050035900000001,0.07360821
1764505191.5985973,-4.303319999999999,1.63282,0.13734,-0.84301542,0.5050035900000001,0.07360821
1764505191.5985973,-4.303319999999999,1.63282,0.13734,-0.84301542,0.5050035900000001,0.07360821
1764505191.5985973,-4.303319999999999,1.63282,0.13734,-0.84301542,0.5050035900000001,0.07360821
1764505191.5985973,-4.303319999999999,1.63282,0.13734,-0.84301542,0.5050035900000001,0.07360821
1764505191.5985973,-4.303319999999999,1.63282,0.13734,-0.84301542,0.5050035900000001,0.07360821
1764505191.5985973,-4.303319999999999,1.63282,0.13734,-0.84301542,0.5050035900000001,0.07360821
1764505191.5985973,-4.303319999999999,1.63282,0.13734,-0.84301542,0.5050035900000001,0.07360821
1764505191.5985973,-4.303319999999999,1.63282,0.13734,-0.84301542,0.5050035900000001,0.07360821
1764505191.5985973,-4.68482,1.38866,1.31236,-0.8461892400000001,0.5078112,0.071227845
1764505191.5985973,-4.68482,1.38866,1.31236,-0.8461892400000001,0.5078112,0.071227845
1764505191.5985973,-4.68482,1.38866,1.31236,-0.8461892400000001,0.5078112,0.071227845
1764505191.5985973,-4.68482,1.38866,1.31236,-0.8461892400000001,0.5078112,0.071227845
1764505191.5985973,-4.68482,1.38866,1.31236,-0.8461892400000001,0.5078112,0.071227845
1764505191.5985973,-4.68482,1.38866,1.31236,-0.8461892400000001,0.5078112,0.071227845
1764505191.5985973,-4.68482,1.38866,1.31236,-0.8461892400000001,0.5078112,0.071227845
1764505191.5985973,-4.68482,1.38866,1.31236,-0.8461892400000001,0.5078112,0.071227845
1764505191.5985973,-4.68482,1.38866,1.31236,-0.8461892400000001,0.5078112,0.071227845
1764505191.5985973,-4.68482,1.38866,1.31236,-0.8461892400000001,0.5078112,0.071227845
1764505191.5985973,-4.97476,-0.3815,0.8087799999999999,-0.84850857,0.51000846,0.0708006
1764505191.5985973,-4.97476,-0.3815,0.8087799999999999,-0.84850857,0.51000846,0.0708006
1764505191.646072,-4.97476,-0.3815,0.8087799999999999,-0.84850857,0.51000846,0.0708006
1764505191.646072,-4.97476,-0.3815,0.8087799999999999,-0.84850857,0.51000846,0.0708006
1764505191.646072,-4.97476,-0.3815,0.8087799999999999,-0.84850857,0.51000846,0.0708006
1764505191.646072,-4.97476,-0.3815,0.8087799999999999,-0.84850857,0.51000846,0.0708006
1764505191.646072,-4.97476,-0.3815,0.8087799999999999,-0.84850857,0.51000846,0.0708006
1764505191.646072,-4.97476,-0.3815,0.8087799999999999,-0.84850857,0.51000846,0.0708006
1764505191.646072,-4.97476,-0.3815,0.8087799999999999,-0.84850857,0.51000846,0.0708006
1764505191.646072,-4.97476,-0.3815,0.8087799999999999,-0.84850857,0.51000846,0.0708006
1764505191.646072,-4.51696,-0.10682,-0.47306,-0.847104765,0.50976432,0.072082335
1764505191.646072,-4.51696,-0.10682,-0.47306,-0.847104765,0.50976432,0.072082335
1764505191.646072,-4.51696,-0.10682,-0.47306,-0.847104765,0.50976432,0.072082335
1764505191.646072,-4.51696,-0.10682,-0.47306,-0.847104765,0.50976432,0.072082335
1764505191.646072,-4.51696,-0.10682,-0.47306,-0.847104765,0.50976432,0.072082335
1764505191.646072,-4.51696,-0.10682,-0.47306,-0.847104765,0.50976432,0.072082335
1764505191.646072,-4.51696,-0.10682,-0.47306,-0.847104765,0.50976432,0.072082335
1764505191.646072,-4.51696,-0.10682,-0.47306,-0.847104765,0.50976432,0.072082335
1764505191.646072,-4.51696,-0.10682,-0.47306,-0.847104765,0.50976432,0.072082335
1764505191.646072,-4.51696,-0.10682,-0.47306,-0.847104765,0.50976432,0.072082335
1764505191.646072,-4.5017,1.3734,-0.28994,-0.845029575,0.50732292,0.07299786
1764505191.646072,-4.5017,1.3734,-0.28994,-0.845029575,0.50732292,0.07299786
1764505191.646072,-4.5017,1.3734,-0.28994,-0.845029575,0.50732292,0.07299786
1764505191.646072,-4.5017,1.3734,-0.28994,-0.845029575,0.50732292,0.07299786
1764505191.646072,-4.5017,1.3734,-0.28994,-0.845029575,0.50732292,0.07299786
1764505191.646072,-4.5017,1.3734,-0.28994,-0.845029575,0.50732292,0.07299786
1764505191.6911404,-4.5017,1.3734,-0.28994,-0.845029575,0.50732292,0.07299786
1764505191.6911404,-4.5017,1.3734,-0.28994,-0.845029575,0.50732292,0.07299786
1764505191.6911404,-4.5017,1.3734,-0.28994,-0.845029575,0.50732292,0.07299786
1764505191.6911404,-4.5017,1.3734,-0.28994,-0.845029575,0.50732292,0.07299786
1764505191.6911404,-4.91372,1.4039199999999998,0.96138,-0.8435647350000001,0.505064625,0.073058895
1764505191.6911404,-4.91372,1.4039199999999998,0.96138,-0.8435647350000001,0.505064625,0.073058895
1764505191.6911404,-4.91372,1.4039199999999998,0.96138,-0.8435647350000001,0.505064625,0.073058895
1764505191.6911404,-4.91372,1.4039199999999998,0.96138,-0.8435647350000001,0.505064625,0.073058895
1764505191.6911404,-4.91372,1.4039199999999998,0.96138,-0.8435647350000001,0.505064625,0.073058895
1764505191.6911404,-4.91372,1.4039199999999998,0.96138,-0.8435647350000001,0.505064625,0.073058895
1764505191.6911404,-4.91372,1.4039199999999998,0.96138,-0.8435647350000001,0.505064625,0.073058895
1764505191.6911404,-4.91372,1.4039199999999998,0.96138,-0.8435647350000001,0.505064625,0.073058895
1764505191.6911404,-4.91372,1.4039199999999998,0.96138,-0.8435647350000001,0.505064625,0.073058895
1764505191.6911404,-4.91372,1.4039199999999998,0.96138,-0.8435647350000001,0.505064625,0.073058895
1764505191.6911404,-5.00528,1.2208,1.03768,-0.844297155,0.505797045,0.073547175
1764505191.692171,-5.00528,1.2208,1.03768,-0.844297155,0.505797045,0.073547175
1764505191.692171,-5.00528,1.2208,1.03768,-0.844297155,0.505797045,0.073547175
1764505191.692171,-5.00528,1.2208,1.03768,-0.844297155,0.505797045,0.073547175
1764505191.693709,-5.00528,1.2208,1.03768,-0.844297155,0.505797045,0.073547175
1764505191.693709,-5.00528,1.2208,1.03768,-0.844297155,0.505797045,0.073547175
1764505191.693709,-5.00528,1.2208,1.03768,-0.844297155,0.505797045,0.073547175
1764505191.693709,-5.00528,1.2208,1.03768,-0.844297155,0.505797045,0.073547175
1764505191.737812,-5.00528,1.2208,1.03768,-0.844297155,0.505797045,0.073547175
1764505191.7383418,-5.00528,1.2208,1.03768,-0.844297155,0.505797045,0.073547175
1764505191.7383418,-5.53938,0.9156,0.51884,-0.84545682,0.50585808,0.074279595
1764505191.7383418,-5.53938,0.9156,0.51884,-0.84545682,0.50585808,0.074279595
1764505191.7383418,-5.53938,0.9156,0.51884,-0.84545682,0.50585808,0.074279595
1764505191.7383418,-5.53938,0.9156,0.51884,-0.84545682,0.50585808,0.074279595
1764505191.7383418,-5.53938,0.9156,0.51884,-0.84545682,0.50585808,0.074279595
1764505191.7383418,-5.53938,0.9156,0.51884,-0.84545682,0.50585808,0.074279595
1764505191.7383418,-5.53938,0.9156,0.51884,-0.84545682,0.50585808,0.074279595
1764505191.7383418,-5.53938,0.9156,0.51884,-0.84545682,0.50585808,0.074279595
1764505191.7383418,-5.53938,0.9156,0.51884,-0.84545682,0.50585808,0.074279595
1764505191.7383418,-5.53938,0.9156,0.51884,-0.84545682,0.50585808,0.074279595
1764505191.7383418,-5.096839999999999,0.8392999999999999,0.3357199999999999,-0.845639925,0.50598015,0.073913385
1764505191.7383418,-5.096839999999999,0.8392999999999999,0.3357199999999999,-0.845639925,0.50598015,0.073913385
1764505191.7383418,-5.096839999999999,0.8392999999999999,0.3357199999999999,-0.845639925,0.50598015,0.073913385
1764505191.7383418,-5.096839999999999,0.8392999999999999,0.3357199999999999,-0.845639925,0.50598015,0.073913385
1764505191.7383418,-5.096839999999999,0.8392999999999999,0.3357199999999999,-0.845639925,0.50598015,0.073913385
1764505191.7383418,-5.096839999999999,0.8392999999999999,0.3357199999999999,-0.845639925,0.50598015,0.073913385
1764505191.7383418,-5.096839999999999,0.8392999999999999,0.3357199999999999,-0.845639925,0.50598015,0.073913385
1764505191.7383418,-5.096839999999999,0.8392999999999999,0.3357199999999999,-0.845639925,0.50598015,0.073913385
1764505191.7383418,-5.096839999999999,0.8392999999999999,0.3357199999999999,-0.845639925,0.50598015,0.073913385
1764505191.7388754,-5.096839999999999,0.8392999999999999,0.3357199999999999,-0.845639925,0.50598015,0.073913385
1764505191.7388754,-3.67766,0.13734,0.74774,-0.845517855,0.505186695,0.072814755
1764505191.7388754,-3.67766,0.13734,0.74774,-0.845517855,0.505186695,0.072814755
1764505191.7869685,-3.67766,0.13734,0.74774,-0.845517855,0.505186695,0.072814755
1764505191.7869685,-3.67766,0.13734,0.74774,-0.845517855,0.505186695,0.072814755
1764505191.7869685,-3.67766,0.13734,0.74774,-0.845517855,0.505186695,0.072814755
1764505191.7869685,-3.67766,0.13734,0.74774,-0.845517855,0.505186695,0.072814755
1764505191.7869685,-3.67766,0.13734,0.74774,-0.845517855,0.505186695,0.072814755
1764505191.7869685,-3.67766,0.13734,0.74774,-0.845517855,0.505186695,0.072814755
1764505191.7869685,-3.67766,0.13734,0.74774,-0.845517855,0.505186695,0.072814755
1764505191.7869685,-3.67766,0.13734,0.74774,-0.845517855,0.505186695,0.072814755
1764505191.7869685,-1.92276,0.0762999999999999,0.85456,-0.8461892400000001,0.50366082,0.071960265
1764505191.7869685,-1.92276,0.0762999999999999,0.85456,-0.8461892400000001,0.50366082,0.071960265
1764505191.7869685,-1.92276,0.0762999999999999,0.85456,-0.8461892400000001,0.50366082,0.071960265
1764505191.7869685,-1.92276,0.0762999999999999,0.85456,-0.8461892400000001,0.50366082,0.071960265
1764505191.7880995,-1.92276,0.0762999999999999,0.85456,-0.8461892400000001,0.50366082,0.071960265
1764505191.7880995,-1.92276,0.0762999999999999,0.85456,-0.8461892400000001,0.50366082,0.071960265
1764505191.7880995,-1.92276,0.0762999999999999,0.85456,-0.8461892400000001,0.50366082,0.071960265
1764505191.7880995,-1.92276,0.0762999999999999,0.85456,-0.8461892400000001,0.50366082,0.071960265
1764505191.7880995,-1.92276,0.0762999999999999,0.85456,-0.8461892400000001,0.50366082,0.071960265
1764505191.7880995,-1.92276,0.0762999999999999,0.85456,-0.8461892400000001,0.50366082,0.071960265
1764505191.7880995,-2.79258,-0.21364,-0.8698199999999999,-0.846860625,0.504210135,0.071227845
1764505191.7880995,-2.79258,-0.21364,-0.8698199999999999,-0.846860625,0.504210135,0.071227845
1764505191.7880995,-2.79258,-0.21364,-0.8698199999999999,-0.846860625,0.504210135,0.071227845
1764505191.7880995,-2.79258,-0.21364,-0.8698199999999999,-0.846860625,0.504210135,0.071227845
1764505191.8323345,-2.79258,-0.21364,-0.8698199999999999,-0.846860625,0.504210135,0.071227845
1764505191.8323345,-2.79258,-0.21364,-0.8698199999999999,-0.846860625,0.504210135,0.071227845
1764505191.8333354,-2.79258,-0.21364,-0.8698199999999999,-0.846860625,0.504210135,0.071227845
1764505191.8333354,-2.79258,-0.21364,-0.8698199999999999,-0.846860625,0.504210135,0.071227845
1764505191.8333354,-2.79258,-0.21364,-0.8698199999999999,-0.846860625,0.504210135,0.071227845
1764505191.8338518,-2.79258,-0.21364,-0.8698199999999999,-0.846860625,0.504210135,0.071227845
1764505191.8338518,-3.18934,-0.9156,-2.47212,-0.84606717,0.50231805,0.07397442
1764505191.8338518,-3.18934,-0.9156,-2.47212,-0.84606717,0.50231805,0.07397442
1764505191.8348825,-3.18934,-0.9156,-2.47212,-0.84606717,0.50231805,0.07397442
1764505191.8348825,-3.18934,-0.9156,-2.47212,-0.84606717,0.50231805,0.07397442
1764505191.8348825,-3.18934,-0.9156,-2.47212,-0.84606717,0.50231805,0.07397442
1764505191.8348825,-3.18934,-0.9156,-2.47212,-0.84606717,0.50231805,0.07397442
1764505191.8358688,-3.18934,-0.9156,-2.47212,-0.84606717,0.50231805,0.07397442
1764505191.8358688,-3.18934,-0.9156,-2.47212,-0.84606717,0.50231805,0.07397442
1764505191.8358688,-3.18934,-0.9156,-2.47212,-0.84606717,0.50231805,0.07397442
1764505191.8358688,-3.18934,-0.9156,-2.47212,-0.84606717,0.50231805,0.07397442
1764505191.8368535,-2.41108,-0.51884,-4.33384,-0.8467385550000001,0.492613485,0.07543926
1764505191.8368535,-2.41108,-0.51884,-4.33384,-0.8467385550000001,0.492613485,0.07543926
1764505191.8373375,-2.41108,-0.51884,-4.33384,-0.8467385550000001,0.492613485,0.07543926
1764505191.8373375,-2.41108,-0.51884,-4.33384,-0.8467385550000001,0.492613485,0.07543926
1764505191.83786,-2.41108,-0.51884,-4.33384,-0.8467385550000001,0.492613485,0.07543926
1764505191.83786,-2.41108,-0.51884,-4.33384,-0.8467385550000001,0.492613485,0.07543926
1764505191.83786,-2.41108,-0.51884,-4.33384,-0.8467385550000001,0.492613485,0.07543926
1764505191.83786,-2.41108,-0.51884,-4.33384,-0.8467385550000001,0.492613485,0.07543926
1764505191.878743,-2.41108,-0.51884,-4.33384,-0.8467385550000001,0.492613485,0.07543926
1764505191.878743,-2.41108,-0.51884,-4.33384,-0.8467385550000001,0.492613485,0.07543926
1764505191.878743,3.64714,0.9003399999999999,-7.56896,-0.850522725,0.47473023,0.073425105
1764505191.878743,3.64714,0.9003399999999999,-7.56896,-0.850522725,0.47473023,0.073425105
1764505191.878743,3.64714,0.9003399999999999,-7.56896,-0.850522725,0.47473023,0.073425105
1764505191.878743,3.64714,0.9003399999999999,-7.56896,-0.850522725,0.47473023,0.073425105
1764505191.878743,3.64714,0.9003399999999999,-7.56896,-0.850522725,0.47473023,0.073425105
1764505191.878743,3.64714,0.9003399999999999,-7.56896,-0.850522725,0.47473023,0.073425105
1764505191.878743,3.64714,0.9003399999999999,-7.56896,-0.850522725,0.47473023,0.073425105
1764505191.878743,3.64714,0.9003399999999999,-7.56896,-0.850522725,0.47473023,0.073425105
1764505191.878743,3.64714,0.9003399999999999,-7.56896,-0.850522725,0.47473023,0.073425105
1764505191.878743,3.64714,0.9003399999999999,-7.56896,-0.850522725,0.47473023,0.073425105
1764505191.878743,14.69538,4.13546,-9.47646,-0.860410395,0.45568731,0.06921369
1764505191.878743,14.69538,4.13546,-9.47646,-0.860410395,0.45568731,0.06921369
1764505191.878743,14.69538,4.13546,-9.47646,-0.860410395,0.45568731,0.06921369
1764505191.880262,14.69538,4.13546,-9.47646,-0.860410395,0.45568731,0.06921369
1764505191.880262,14.69538,4.13546,-9.47646,-0.860410395,0.45568731,0.06921369
1764505191.880262,14.69538,4.13546,-9.47646,-0.860410395,0.45568731,0.06921369
1764505191.880262,14.69538,4.13546,-9.47646,-0.860410395,0.45568731,0.06921369
1764505191.880262,14.69538,4.13546,-9.47646,-0.860410395,0.45568731,0.06921369
1764505191.880262,14.69538,4.13546,-9.47646,-0.860410395,0.45568731,0.06921369
1764505191.880262,14.69538,4.13546,-9.47646,-0.860410395,0.45568731,0.06921369
1764505191.880262,24.17184,3.54032,-13.77978,-0.8724342900000001,0.4406727,0.06323226
1764505191.880262,24.17184,3.54032,-13.77978,-0.8724342900000001,0.4406727,0.06323226
1764505191.9274623,24.17184,3.54032,-13.77978,-0.8724342900000001,0.4406727,0.06323226
1764505191.9274623,24.17184,3.54032,-13.77978,-0.8724342900000001,0.4406727,0.06323226
1764505191.9274623,24.17184,3.54032,-13.77978,-0.8724342900000001,0.4406727,0.06323226
1764505191.9274623,24.17184,3.54032,-13.77978,-0.8724342900000001,0.4406727,0.06323226
1764505191.9274623,24.17184,3.54032,-13.77978,-0.8724342900000001,0.4406727,0.06323226
1764505191.928995,24.17184,3.54032,-13.77978,-0.8724342900000001,0.4406727,0.06323226
1764505191.929301,24.17184,3.54032,-13.77978,-0.8724342900000001,0.4406727,0.06323226
1764505191.929301,24.17184,3.54032,-13.77978,-0.8724342900000001,0.4406727,0.06323226
1764505191.929301,32.25964,0.8087799999999999,-20.03638,-0.876645705,0.42993054,0.05834946
1764505191.929301,32.25964,0.8087799999999999,-20.03638,-0.876645705,0.42993054,0.05834946
1764505191.929301,32.25964,0.8087799999999999,-20.03638,-0.876645705,0.42993054,0.05834946
1764505191.930033,32.25964,0.8087799999999999,-20.03638,-0.876645705,0.42993054,0.05834946
1764505191.930033,32.25964,0.8087799999999999,-20.03638,-0.876645705,0.42993054,0.05834946
1764505191.930033,32.25964,0.8087799999999999,-20.03638,-0.876645705,0.42993054,0.05834946
1764505191.930033,32.25964,0.8087799999999999,-20.03638,-0.876645705,0.42993054,0.05834946
1764505191.930033,32.25964,0.8087799999999999,-20.03638,-0.876645705,0.42993054,0.05834946
1764505191.930033,32.25964,0.8087799999999999,-20.03638,-0.876645705,0.42993054,0.05834946
1764505191.930033,32.25964,0.8087799999999999,-20.03638,-0.876645705,0.42993054,0.05834946
1764505191.930033,44.87966,2.8231,-22.84422,-0.871152555,0.42785535,0.05688462
1764505191.930033,44.87966,2.8231,-22.84422,-0.871152555,0.42785535,0.05688462
1764505191.930033,44.87966,2.8231,-22.84422,-0.871152555,0.42785535,0.05688462
1764505191.930033,44.87966,2.8231,-22.84422,-0.871152555,0.42785535,0.05688462
1764505191.930033,44.87966,2.8231,-22.84422,-0.871152555,0.42785535,0.05688462
1764505191.930033,44.87966,2.8231,-22.84422,-0.871152555,0.42785535,0.05688462
1764505191.973898,44.87966,2.8231,-22.84422,-0.871152555,0.42785535,0.05688462
1764505191.973898,44.87966,2.8231,-22.84422,-0.871152555,0.42785535,0.05688462
1764505191.973898,44.87966,2.8231,-22.84422,-0.871152555,0.42785535,0.05688462
1764505191.973898,44.87966,2.8231,-22.84422,-0.871152555,0.42785535,0.05688462
1764505191.973898,62.23028,3.02148,-16.83178,-0.869199435,0.43432506,0.061950525
1764505191.973898,62.23028,3.02148,-16.83178,-0.869199435,0.43432506,0.061950525
1764505191.973898,62.23028,3.02148,-16.83178,-0.869199435,0.43432506,0.061950525
1764505191.973898,62.23028,3.02148,-16.83178,-0.869199435,0.43432506,0.061950525
1764505191.973898,62.23028,3.02148,-16.83178,-0.869199435,0.43432506,0.061950525
1764505191.973898,62.23028,3.02148,-16.83178,-0.869199435,0.43432506,0.061950525
1764505191.973898,62.23028,3.02148,-16.83178,-0.869199435,0.43432506,0.061950525
1764505191.973898,62.23028,3.02148,-16.83178,-0.869199435,0.43432506,0.061950525
1764505191.973898,62.23028,3.02148,-16.83178,-0.869199435,0.43432506,0.061950525
1764505191.973898,62.23028,3.02148,-16.83178,-0.869199435,0.43432506,0.061950525
1764505191.973898,66.12158,-1.9838,-12.52846,-0.871030485,0.44970588,0.065734695
1764505191.973898,66.12158,-1.9838,-12.52846,-0.871030485,0.44970588,0.065734695
1764505191.975406,66.12158,-1.9838,-12.52846,-0.871030485,0.44970588,0.065734695
1764505191.975406,66.12158,-1.9838,-12.52846,-0.871030485,0.44970588,0.065734695
1764505191.975406,66.12158,-1.9838,-12.52846,-0.871030485,0.44970588,0.065734695
1764505191.975406,66.12158,-1.9838,-12.52846,-0.871030485,0.44970588,0.065734695
1764505191.975406,66.12158,-1.9838,-12.52846,-0.871030485,0.44970588,0.065734695
1764505191.975406,66.12158,-1.9838,-12.52846,-0.871030485,0.44970588,0.065734695
1764505191.975406,66.12158,-1.9838,-12.52846,-0.871030485,0.44970588,0.065734695
1764505191.975406,66.12158,-1.9838,-12.52846,-0.871030485,0.44970588,0.065734695
1764505192.0195315,53.05902,-2.56368,-13.23042,-0.8640114600000001,0.477843015,0.05773911
1764505192.0195315,53.05902,-2.56368,-13.23042,-0.8640114600000001,0.477843015,0.05773911
1764505192.0195315,53.05902,-2.56368,-13.23042,-0.8640114600000001,0.477843015,0.05773911
1764505192.0195315,53.05902,-2.56368,-13.23042,-0.8640114600000001,0.477843015,0.05773911
1764505192.0195315,53.05902,-2.56368,-13.23042,-0.8640114600000001,0.477843015,0.05773911
1764505192.0195315,53.05902,-2.56368,-13.23042,-0.8640114600000001,0.477843015,0.05773911
1764505192.0195315,53.05902,-2.56368,-13.23042,-0.8640114600000001,0.477843015,0.05773911
1764505192.0195315,53.05902,-2.56368,-13.23042,-0.8640114600000001,0.477843015,0.05773911
1764505192.0195315,53.05902,-2.56368,-13.23042,-0.8640114600000001,0.477843015,0.05773911
1764505192.0195315,53.05902,-2.56368,-13.23042,-0.8640114600000001,0.477843015,0.05773911
1764505192.020753,37.2344,3.55558,-12.49794,-0.85009548,0.50634636,0.04345692
1764505192.020753,37.2344,3.55558,-12.49794,-0.85009548,0.50634636,0.04345692
1764505192.020753,37.2344,3.55558,-12.49794,-0.85009548,0.50634636,0.04345692
1764505192.020753,37.2344,3.55558,-12.49794,-0.85009548,0.50634636,0.04345692
1764505192.020753,37.2344,3.55558,-12.49794,-0.85009548,0.50634636,0.04345692
1764505192.020753,37.2344,3.55558,-12.49794,-0.85009548,0.50634636,0.04345692
1764505192.020753,37.2344,3.55558,-12.49794,-0.85009548,0.50634636,0.04345692
1764505192.020753,37.2344,3.55558,-12.49794,-0.85009548,0.50634636,0.04345692
1764505192.021738,37.2344,3.55558,-12.49794,-0.85009548,0.50634636,0.04345692
1764505192.021738,37.2344,3.55558,-12.49794,-0.85009548,0.50634636,0.04345692
1764505192.021738,34.36552,6.66862,-10.19368,-0.8410623,0.521788215,0.03149406
1764505192.021738,34.36552,6.66862,-10.19368,-0.8410623,0.521788215,0.03149406
1764505192.021738,34.36552,6.66862,-10.19368,-0.8410623,0.521788215,0.03149406
1764505192.021738,34.36552,6.66862,-10.19368,-0.8410623,0.521788215,0.03149406
1764505192.0686672,34.36552,6.66862,-10.19368,-0.8410623,0.521788215,0.03149406
1764505192.0686672,34.36552,6.66862,-10.19368,-0.8410623,0.521788215,0.03149406
1764505192.0686672,34.36552,6.66862,-10.19368,-0.8410623,0.521788215,0.03149406
1764505192.0686672,34.36552,6.66862,-10.19368,-0.8410623,0.521788215,0.03149406
1764505192.0686672,34.36552,6.66862,-10.19368,-0.8410623,0.521788215,0.03149406
1764505192.0686672,34.36552,6.66862,-10.19368,-0.8410623,0.521788215,0.03149406
1764505192.0686672,32.13756,6.165039999999999,-7.996239999999999,-0.842588175,0.528990345,0.026672295
1764505192.069684,32.13756,6.165039999999999,-7.996239999999999,-0.842588175,0.528990345,0.026672295
1764505192.069684,32.13756,6.165039999999999,-7.996239999999999,-0.842588175,0.528990345,0.026672295
1764505192.069684,32.13756,6.165039999999999,-7.996239999999999,-0.842588175,0.528990345,0.026672295
1764505192.069684,32.13756,6.165039999999999,-7.996239999999999,-0.842588175,0.528990345,0.026672295
1764505192.069684,32.13756,6.165039999999999,-7.996239999999999,-0.842588175,0.528990345,0.026672295
1764505192.069684,32.13756,6.165039999999999,-7.996239999999999,-0.842588175,0.528990345,0.026672295
1764505192.069684,32.13756,6.165039999999999,-7.996239999999999,-0.842588175,0.528990345,0.026672295
1764505192.069684,32.13756,6.165039999999999,-7.996239999999999,-0.842588175,0.528990345,0.026672295
1764505192.069684,32.13756,6.165039999999999,-7.996239999999999,-0.842588175,0.528990345,0.026672295
1764505192.069684,24.23288,5.52412,-6.72966,-0.8493630600000001,0.533018655,0.030212325
1764505192.069684,24.23288,5.52412,-6.72966,-0.8493630600000001,0.533018655,0.030212325
1764505192.069684,24.23288,5.52412,-6.72966,-0.8493630600000001,0.533018655,0.030212325
1764505192.069684,24.23288,5.52412,-6.72966,-0.8493630600000001,0.533018655,0.030212325
1764505192.069684,24.23288,5.52412,-6.72966,-0.8493630600000001,0.533018655,0.030212325
1764505192.069684,24.23288,5.52412,-6.72966,-0.8493630600000001,0.533018655,0.030212325
1764505192.1147497,24.23288,5.52412,-6.72966,-0.8493630600000001,0.533018655,0.030212325
1764505192.1147497,24.23288,5.52412,-6.72966,-0.8493630600000001,0.533018655,0.030212325
1764505192.1157644,24.23288,5.52412,-6.72966,-0.8493630600000001,0.533018655,0.030212325
1764505192.1157644,24.23288,5.52412,-6.72966,-0.8493630600000001,0.533018655,0.030212325
1764505192.1157644,13.97816,9.67484,-6.04296,-0.849179955,0.53295762,0.03186027
1764505192.1157644,13.97816,9.67484,-6.04296,-0.849179955,0.53295762,0.03186027
1764505192.1157644,13.97816,9.67484,-6.04296,-0.849179955,0.53295762,0.03186027
1764505192.1157644,13.97816,9.67484,-6.04296,-0.849179955,0.53295762,0.03186027
1764505192.1157644,13.97816,9.67484,-6.04296,-0.849179955,0.53295762,0.03186027
1764505192.1167662,13.97816,9.67484,-6.04296,-0.849179955,0.53295762,0.03186027
1764505192.1167662,13.97816,9.67484,-6.04296,-0.849179955,0.53295762,0.03186027
1764505192.1167662,13.97816,9.67484,-6.04296,-0.849179955,0.53295762,0.03186027
1764505192.1167662,13.97816,9.67484,-6.04296,-0.849179955,0.53295762,0.03186027
1764505192.1167662,13.97816,9.67484,-6.04296,-0.849179955,0.53295762,0.03186027
1764505192.1167662,7.996239999999999,15.85514,-4.6543,-0.84863064,0.5353990200000001,0.02990715
1764505192.1167662,7.996239999999999,15.85514,-4.6543,-0.84863064,0.5353990200000001,0.02990715
1764505192.1167662,7.996239999999999,15.85514,-4.6543,-0.84863064,0.5353990200000001,0.02990715
1764505192.1167662,7.996239999999999,15.85514,-4.6543,-0.84863064,0.5353990200000001,0.02990715
1764505192.1167662,7.996239999999999,15.85514,-4.6543,-0.84863064,0.5353990200000001,0.02990715
1764505192.1167662,7.996239999999999,15.85514,-4.6543,-0.84863064,0.5353990200000001,0.02990715
1764505192.1167662,7.996239999999999,15.85514,-4.6543,-0.84863064,0.5353990200000001,0.02990715
1764505192.1167662,7.996239999999999,15.85514,-4.6543,-0.84863064,0.5353990200000001,0.02990715
1764505192.1167662,7.996239999999999,15.85514,-4.6543,-0.84863064,0.5353990200000001,0.02990715
1764505192.1167662,7.996239999999999,15.85514,-4.6543,-0.84863064,0.5353990200000001,0.02990715
1764505192.165306,6.66862,12.10118,-0.3509799999999999,-0.85265895,0.5358873,0.025695735
1764505192.165306,6.66862,12.10118,-0.3509799999999999,-0.85265895,0.5358873,0.025695735
1764505192.165306,6.66862,12.10118,-0.3509799999999999,-0.85265895,0.5358873,0.025695735
1764505192.165306,6.66862,12.10118,-0.3509799999999999,-0.85265895,0.5358873,0.025695735
1764505192.165306,6.66862,12.10118,-0.3509799999999999,-0.85265895,0.5358873,0.025695735
1764505192.165306,6.66862,12.10118,-0.3509799999999999,-0.85265895,0.5358873,0.025695735
1764505192.165306,6.66862,12.10118,-0.3509799999999999,-0.85265895,0.5358873,0.025695735
1764505192.165306,6.66862,12.10118,-0.3509799999999999,-0.85265895,0.5358873,0.025695735
1764505192.165306,6.66862,12.10118,-0.3509799999999999,-0.85265895,0.5358873,0.025695735
1764505192.165306,6.66862,12.10118,-0.3509799999999999,-0.85265895,0.5358873,0.025695735
1764505192.165306,2.65524,8.59138,4.97476,-0.853696545,0.53686386,0.01916499
1764505192.165306,2.65524,8.59138,4.97476,-0.853696545,0.53686386,0.01916499
1764505192.165306,2.65524,8.59138,4.97476,-0.853696545,0.53686386,0.01916499
1764505192.165306,2.65524,8.59138,4.97476,-0.853696545,0.53686386,0.01916499
1764505192.165306,2.65524,8.59138,4.97476,-0.853696545,0.53686386,0.01916499
1764505192.165306,2.65524,8.59138,4.97476,-0.853696545,0.53686386,0.01916499
1764505192.165306,2.65524,8.59138,4.97476,-0.853696545,0.53686386,0.01916499
1764505192.165306,2.65524,8.59138,4.97476,-0.853696545,0.53686386,0.01916499
1764505192.165306,2.65524,8.59138,4.97476,-0.853696545,0.53686386,0.01916499
1764505192.165306,2.65524,8.59138,4.97476,-0.853696545,0.53686386,0.01916499
1764505192.165306,-4.715339999999999,7.79786,8.042019999999999,-0.84606717,0.540464925,0.01489254
1764505192.165306,-4.715339999999999,7.79786,8.042019999999999,-0.84606717,0.540464925,0.01489254
1764505192.2124276,-4.715339999999999,7.79786,8.042019999999999,-0.84606717,0.540464925,0.01489254
1764505192.2124276,-4.715339999999999,7.79786,8.042019999999999,-0.84606717,0.540464925,0.01489254
1764505192.2124276,-4.715339999999999,7.79786,8.042019999999999,-0.84606717,0.540464925,0.01489254
1764505192.2124276,-4.715339999999999,7.79786,8.042019999999999,-0.84606717,0.540464925,0.01489254
1764505192.2124276,-4.715339999999999,7.79786,8.042019999999999,-0.84606717,0.540464925,0.01489254
1764505192.2124276,-4.715339999999999,7.79786,8.042019999999999,-0.84606717,0.540464925,0.01489254
1764505192.2124276,-4.715339999999999,7.79786,8.042019999999999,-0.84606717,0.540464925,0.01489254
1764505192.2124276,-4.715339999999999,7.79786,8.042019999999999,-0.84606717,0.540464925,0.01489254
1764505192.2124276,-11.70442,9.81218,12.80314,-0.8409402300000001,0.544127025,0.01513668
1764505192.2124276,-11.70442,9.81218,12.80314,-0.8409402300000001,0.544127025,0.01513668
1764505192.213432,-11.70442,9.81218,12.80314,-0.8409402300000001,0.544127025,0.01513668
1764505192.213432,-11.70442,9.81218,12.80314,-0.8409402300000001,0.544127025,0.01513668
1764505192.213432,-11.70442,9.81218,12.80314,-0.8409402300000001,0.544127025,0.01513668
1764505192.213432,-11.70442,9.81218,12.80314,-0.8409402300000001,0.544127025,0.01513668
1764505192.213432,-11.70442,9.81218,12.80314,-0.8409402300000001,0.544127025,0.01513668
1764505192.213432,-11.70442,9.81218,12.80314,-0.8409402300000001,0.544127025,0.01513668
1764505192.213432,-11.70442,9.81218,12.80314,-0.8409402300000001,0.544127025,0.01513668
1764505192.213432,-11.70442,9.81218,12.80314,-0.8409402300000001,0.544127025,0.01513668
1764505192.213432,-21.27244,8.6982,17.2438,-0.840879195,0.547178775,0.015319785
1764505192.213432,-21.27244,8.6982,17.2438,-0.840879195,0.547178775,0.015319785
1764505192.2144415,-21.27244,8.6982,17.2438,-0.840879195,0.547178775,0.015319785
1764505192.2144415,-21.27244,8.6982,17.2438,-0.840879195,0.547178775,0.015319785
1764505192.2144415,-21.27244,8.6982,17.2438,-0.840879195,0.547178775,0.015319785
1764505192.2144415,-21.27244,8.6982,17.2438,-0.840879195,0.547178775,0.015319785
1764505192.2144415,-21.27244,8.6982,17.2438,-0.840879195,0.547178775,0.015319785
1764505192.2149506,-21.27244,8.6982,17.2438,-0.840879195,0.547178775,0.015319785
1764505192.2580824,-21.27244,8.6982,17.2438,-0.840879195,0.547178775,0.015319785
1764505192.2580824,-21.27244,8.6982,17.2438,-0.840879195,0.547178775,0.015319785
1764505192.2580824,-31.4356,7.172199999999999,20.32632,-0.84069609,0.55029156,0.016662555
1764505192.2580824,-31.4356,7.172199999999999,20.32632,-0.84069609,0.55029156,0.016662555
1764505192.2580824,-31.4356,7.172199999999999,20.32632,-0.84069609,0.55029156,0.016662555
1764505192.2580824,-31.4356,7.172199999999999,20.32632,-0.84069609,0.55029156,0.016662555
1764505192.2580824,-31.4356,7.172199999999999,20.32632,-0.84069609,0.55029156,0.016662555
1764505192.2580824,-31.4356,7.172199999999999,20.32632,-0.84069609,0.55029156,0.016662555
1764505192.2580824,-31.4356,7.172199999999999,20.32632,-0.84069609,0.55029156,0.016662555
1764505192.2580824,-31.4356,7.172199999999999,20.32632,-0.84069609,0.55029156,0.016662555
1764505192.2580824,-31.4356,7.172199999999999,20.32632,-0.84069609,0.55029156,0.016662555
1764505192.2580824,-31.4356,7.172199999999999,20.32632,-0.84069609,0.55029156,0.016662555
1764505192.2580824,-44.51342,10.54466,25.942,-0.840512985,0.559751985,0.01391598
1764505192.2580824,-44.51342,10.54466,25.942,-0.840512985,0.559751985,0.01391598
1764505192.2580824,-44.51342,10.54466,25.942,-0.840512985,0.559751985,0.01391598
1764505192.2580824,-44.51342,10.54466,25.942,-0.840512985,0.559751985,0.01391598
1764505192.2580824,-44.51342,10.54466,25.942,-0.840512985,0.559751985,0.01391598
1764505192.2580824,-44.51342,10.54466,25.942,-0.840512985,0.559751985,0.01391598
1764505192.2580824,-44.51342,10.54466,25.942,-0.840512985,0.559751985,0.01391598
1764505192.2580824,-44.51342,10.54466,25.942,-0.840512985,0.559751985,0.01391598
1764505192.2580824,-44.51342,10.54466,25.942,-0.840512985,0.559751985,0.01391598
1764505192.2580824,-44.51342,10.54466,25.942,-0.840512985,0.559751985,0.01391598
1764505192.3033369,-54.5545,9.156,30.77942,-0.838681935,0.57055518,0.01806636
1764505192.3033369,-54.5545,9.156,30.77942,-0.838681935,0.57055518,0.01806636
1764505192.3033369,-54.5545,9.156,30.77942,-0.838681935,0.57055518,0.01806636
1764505192.3033369,-54.5545,9.156,30.77942,-0.838681935,0.57055518,0.01806636
1764505192.3033369,-54.5545,9.156,30.77942,-0.838681935,0.57055518,0.01806636
1764505192.3033369,-54.5545,9.156,30.77942,-0.838681935,0.57055518,0.01806636
1764505192.3038795,-54.5545,9.156,30.77942,-0.838681935,0.57055518,0.01806636
1764505192.3038795,-54.5545,9.156,30.77942,-0.838681935,0.57055518,0.01806636
1764505192.3058956,-54.5545,9.156,30.77942,-0.838681935,0.57055518,0.01806636
1764505192.3068917,-54.5545,9.156,30.77942,-0.838681935,0.57055518,0.01806636
1764505192.3068917,-65.12968,7.90468,34.38078,-0.835752255,0.57604833,0.02465814
1764505192.3068917,-65.12968,7.90468,34.38078,-0.835752255,0.57604833,0.02465814
1764505192.3077383,-65.12968,7.90468,34.38078,-0.835752255,0.57604833,0.02465814
1764505192.3077383,-65.12968,7.90468,34.38078,-0.835752255,0.57604833,0.02465814
1764505192.3077383,-65.12968,7.90468,34.38078,-0.835752255,0.57604833,0.02465814
1764505192.3077383,-65.12968,7.90468,34.38078,-0.835752255,0.57604833,0.02465814
1764505192.3077383,-65.12968,7.90468,34.38078,-0.835752255,0.57604833,0.02465814
1764505192.3087554,-65.12968,7.90468,34.38078,-0.835752255,0.57604833,0.02465814
1764505192.3087554,-65.12968,7.90468,34.38078,-0.835752255,0.57604833,0.02465814
1764505192.3087554,-65.12968,7.90468,34.38078,-0.835752255,0.57604833,0.02465814
1764505192.3087554,-68.2122,6.867,38.74514,-0.832822575,0.571470705,0.03320304
1764505192.3087554,-68.2122,6.867,38.74514,-0.832822575,0.571470705,0.03320304
1764505192.3087554,-68.2122,6.867,38.74514,-0.832822575,0.571470705,0.03320304
1764505192.3087554,-68.2122,6.867,38.74514,-0.832822575,0.571470705,0.03320304
1764505192.3521943,-68.2122,6.867,38.74514,-0.832822575,0.571470705,0.03320304
1764505192.3521943,-68.2122,6.867,38.74514,-0.832822575,0.571470705,0.03320304
1764505192.3521943,-68.2122,6.867,38.74514,-0.832822575,0.571470705,0.03320304
1764505192.3521943,-68.2122,6.867,38.74514,-0.832822575,0.571470705,0.03320304
1764505192.3521943,-68.2122,6.867,38.74514,-0.832822575,0.571470705,0.03320304
1764505192.3521943,-68.2122,6.867,38.74514,-0.832822575,0.571470705,0.03320304
1764505192.3521943,-65.67904,0.71722,45.52058,-0.8374002,0.563292015,0.04113759
1764505192.3521943,-65.67904,0.71722,45.52058,-0.8374002,0.563292015,0.04113759
1764505192.3521943,-65.67904,0.71722,45.52058,-0.8374002,0.563292015,0.04113759
1764505192.3537042,-65.67904,0.71722,45.52058,-0.8374002,0.563292015,0.04113759
1764505192.3537042,-65.67904,0.71722,45.52058,-0.8374002,0.563292015,0.04113759
1764505192.3537042,-65.67904,0.71722,45.52058,-0.8374002,0.563292015,0.04113759
1764505192.3537042,-65.67904,0.71722,45.52058,-0.8374002,0.563292015,0.04113759
1764505192.3537042,-65.67904,0.71722,45.52058,-0.8374002,0.563292015,0.04113759
1764505192.3537042,-65.67904,0.71722,45.52058,-0.8374002,0.563292015,0.04113759
1764505192.3537042,-65.67904,0.71722,45.52058,-0.8374002,0.563292015,0.04113759
1764505192.3537042,-63.34426,-5.55464,51.41094,-0.83910918,0.558043005,0.045349005
1764505192.3537042,-63.34426,-5.55464,51.41094,-0.83910918,0.558043005,0.045349005
1764505192.3537042,-63.34426,-5.55464,51.41094,-0.83910918,0.558043005,0.045349005
1764505192.3537042,-63.34426,-5.55464,51.41094,-0.83910918,0.558043005,0.045349005
1764505192.3537042,-63.34426,-5.55464,51.41094,-0.83910918,0.558043005,0.045349005
1764505192.3537042,-63.34426,-5.55464,51.41094,-0.83910918,0.558043005,0.045349005
1764505192.3537042,-63.34426,-5.55464,51.41094,-0.83910918,0.558043005,0.045349005
1764505192.3537042,-63.34426,-5.55464,51.41094,-0.83910918,0.558043005,0.045349005
1764505192.397682,-63.34426,-5.55464,51.41094,-0.83910918,0.558043005,0.045349005
1764505192.397682,-63.34426,-5.55464,51.41094,-0.83910918,0.558043005,0.045349005
1764505192.397682,-61.23838,-4.92898,55.51588,-0.8362405350000001,0.553282275,0.04492176
1764505192.397682,-61.23838,-4.92898,55.51588,-0.8362405350000001,0.553282275,0.04492176
1764505192.397682,-61.23838,-4.92898,55.51588,-0.8362405350000001,0.553282275,0.04492176
1764505192.397682,-61.23838,-4.92898,55.51588,-0.8362405350000001,0.553282275,0.04492176
1764505192.3987136,-61.23838,-4.92898,55.51588,-0.8362405350000001,0.553282275,0.04492176
1764505192.3987136,-61.23838,-4.92898,55.51588,-0.8362405350000001,0.553282275,0.04492176
1764505192.3987136,-61.23838,-4.92898,55.51588,-0.8362405350000001,0.553282275,0.04492176
1764505192.3987136,-61.23838,-4.92898,55.51588,-0.8362405350000001,0.553282275,0.04492176
1764505192.3987136,-61.23838,-4.92898,55.51588,-0.8362405350000001,0.553282275,0.04492176
1764505192.3987136,-61.23838,-4.92898,55.51588,-0.8362405350000001,0.553282275,0.04492176
1764505192.3987136,-60.56694,-3.15882,57.54546,-0.826597005,0.55346538,0.038879295
1764505192.3987136,-60.56694,-3.15882,57.54546,-0.826597005,0.55346538,0.038879295
1764505192.3987136,-60.56694,-3.15882,57.54546,-0.826597005,0.55346538,0.038879295
1764505192.3987136,-60.56694,-3.15882,57.54546,-0.826597005,0.55346538,0.038879295
1764505192.3987136,-60.56694,-3.15882,57.54546,-0.826597005,0.55346538,0.038879295
1764505192.3987136,-60.56694,-3.15882,57.54546,-0.826597005,0.55346538,0.038879295
1764505192.3987136,-60.56694,-3.15882,57.54546,-0.826597005,0.55346538,0.038879295
1764505192.3987136,-60.56694,-3.15882,57.54546,-0.826597005,0.55346538,0.038879295
1764505192.3987136,-60.56694,-3.15882,57.54546,-0.826597005,0.55346538,0.038879295
1764505192.3987136,-60.56694,-3.15882,57.54546,-0.826597005,0.55346538,0.038879295
1764505192.3987136,-61.10104,-2.62472,59.86498,-0.8157938100000001,0.562437525,0.033752355
1764505192.3987136,-61.10104,-2.62472,59.86498,-0.8157938100000001,0.562437525,0.033752355
1764505192.441887,-61.10104,-2.62472,59.86498,-0.8157938100000001,0.562437525,0.033752355
1764505192.441887,-61.10104,-2.62472,59.86498,-0.8157938100000001,0.562437525,0.033752355
1764505192.441887,-61.10104,-2.62472,59.86498,-0.8157938100000001,0.562437525,0.033752355
1764505192.441887,-61.10104,-2.62472,59.86498,-0.8157938100000001,0.562437525,0.033752355
1764505192.441887,-61.10104,-2.62472,59.86498,-0.8157938100000001,0.562437525,0.033752355
1764505192.441887,-61.10104,-2.62472,59.86498,-0.8157938100000001,0.562437525,0.033752355
1764505192.441887,-61.10104,-2.62472,59.86498,-0.8157938100000001,0.562437525,0.033752355
1764505192.441887,-61.10104,-2.62472,59.86498,-0.8157938100000001,0.562437525,0.033752355
1764505192.441887,-43.21632,-4.959499999999999,70.5012,-0.809140995,0.56408547,0.038024805
1764505192.441887,-43.21632,-4.959499999999999,70.5012,-0.809140995,0.56408547,0.038024805
1764505192.441887,-43.21632,-4.959499999999999,70.5012,-0.809140995,0.56408547,0.038024805
1764505192.4429183,-43.21632,-4.959499999999999,70.5012,-0.809140995,0.56408547,0.038024805
1764505192.4434252,-43.21632,-4.959499999999999,70.5012,-0.809140995,0.56408547,0.038024805
1764505192.4434252,-43.21632,-4.959499999999999,70.5012,-0.809140995,0.56408547,0.038024805
1764505192.4434252,-43.21632,-4.959499999999999,70.5012,-0.809140995,0.56408547,0.038024805
1764505192.4434252,-43.21632,-4.959499999999999,70.5012,-0.809140995,0.56408547,0.038024805
1764505192.4434252,-43.21632,-4.959499999999999,70.5012,-0.809140995,0.56408547,0.038024805
1764505192.4434252,-43.21632,-4.959499999999999,70.5012,-0.809140995,0.56408547,0.038024805
1764505192.4449668,-21.8218,-12.16222,82.25139999999999,-0.804014055,0.56835792,0.046325565
1764505192.4449668,-21.8218,-12.16222,82.25139999999999,-0.804014055,0.56835792,0.046325565
1764505192.4449668,-21.8218,-12.16222,82.25139999999999,-0.804014055,0.56835792,0.046325565
1764505192.4449668,-21.8218,-12.16222,82.25139999999999,-0.804014055,0.56835792,0.046325565
1764505192.4904478,-21.8218,-12.16222,82.25139999999999,-0.804014055,0.56835792,0.046325565
1764505192.4904478,-21.8218,-12.16222,82.25139999999999,-0.804014055,0.56835792,0.046325565
1764505192.4914632,-21.8218,-12.16222,82.25139999999999,-0.804014055,0.56835792,0.046325565
1764505192.4914632,-21.8218,-12.16222,82.25139999999999,-0.804014055,0.56835792,0.046325565
1764505192.4914632,-21.8218,-12.16222,82.25139999999999,-0.804014055,0.56835792,0.046325565
1764505192.4914632,-21.8218,-12.16222,82.25139999999999,-0.804014055,0.56835792,0.046325565
1764505192.4914632,8.07254,-14.5733,89.24047999999999,-0.8037699150000001,0.56652687,0.055236675
1764505192.4914632,8.07254,-14.5733,89.24047999999999,-0.8037699150000001,0.56652687,0.055236675
1764505192.4914632,8.07254,-14.5733,89.24047999999999,-0.8037699150000001,0.56652687,0.055236675
1764505192.492447,8.07254,-14.5733,89.24047999999999,-0.8037699150000001,0.56652687,0.055236675
1764505192.492447,8.07254,-14.5733,89.24047999999999,-0.8037699150000001,0.56652687,0.055236675
1764505192.492447,8.07254,-14.5733,89.24047999999999,-0.8037699150000001,0.56652687,0.055236675
1764505192.492447,8.07254,-14.5733,89.24047999999999,-0.8037699150000001,0.56652687,0.055236675
1764505192.492447,8.07254,-14.5733,89.24047999999999,-0.8037699150000001,0.56652687,0.055236675
1764505192.4934452,8.07254,-14.5733,89.24047999999999,-0.8037699150000001,0.56652687,0.055236675
1764505192.4934452,8.07254,-14.5733,89.24047999999999,-0.8037699150000001,0.56652687,0.055236675
1764505192.493955,29.02452,-19.5328,91.28532,-0.80151162,0.569151375,0.060485685
1764505192.493955,29.02452,-19.5328,91.28532,-0.80151162,0.569151375,0.060485685
1764505192.493955,29.02452,-19.5328,91.28532,-0.80151162,0.569151375,0.060485685
1764505192.493955,29.02452,-19.5328,91.28532,-0.80151162,0.569151375,0.060485685
1764505192.493955,29.02452,-19.5328,91.28532,-0.80151162,0.569151375,0.060485685
1764505192.493955,29.02452,-19.5328,91.28532,-0.80151162,0.569151375,0.060485685
1764505192.537705,29.02452,-19.5328,91.28532,-0.80151162,0.569151375,0.060485685
1764505192.537705,29.02452,-19.5328,91.28532,-0.80151162,0.569151375,0.060485685
1764505192.537705,29.02452,-19.5328,91.28532,-0.80151162,0.569151375,0.060485685
1764505192.537705,29.02452,-19.5328,91.28532,-0.80151162,0.569151375,0.060485685
1764505192.537705,30.18428,-18.43408,86.55471999999999,-0.79394328,0.57787938,0.057311865
1764505192.537705,30.18428,-18.43408,86.55471999999999,-0.79394328,0.57787938,0.057311865
1764505192.537705,30.18428,-18.43408,86.55471999999999,-0.79394328,0.57787938,0.057311865
1764505192.537705,30.18428,-18.43408,86.55471999999999,-0.79394328,0.57787938,0.057311865
1764505192.537705,30.18428,-18.43408,86.55471999999999,-0.79394328,0.57787938,0.057311865
1764505192.537705,30.18428,-18.43408,86.55471999999999,-0.79394328,0.57787938,0.057311865
1764505192.537705,30.18428,-18.43408,86.55471999999999,-0.79394328,0.57787938,0.057311865
1764505192.537705,30.18428,-18.43408,86.55471999999999,-0.79394328,0.57787938,0.057311865
1764505192.537705,30.18428,-18.43408,86.55471999999999,-0.79394328,0.57787938,0.057311865
1764505192.537705,30.18428,-18.43408,86.55471999999999,-0.79394328,0.57787938,0.057311865
1764505192.537705,16.29768,-10.01056,80.22182,-0.78686322,0.597349545,0.05261217
1764505192.538916,16.29768,-10.01056,80.22182,-0.78686322,0.597349545,0.05261217
1764505192.538916,16.29768,-10.01056,80.22182,-0.78686322,0.597349545,0.05261217
1764505192.538916,16.29768,-10.01056,80.22182,-0.78686322,0.597349545,0.05261217
1764505192.538916,16.29768,-10.01056,80.22182,-0.78686322,0.597349545,0.05261217
1764505192.538916,16.29768,-10.01056,80.22182,-0.78686322,0.597349545,0.05261217
1764505192.538916,16.29768,-10.01056,80.22182,-0.78686322,0.597349545,0.05261217
1764505192.538916,16.29768,-10.01056,80.22182,-0.78686322,0.597349545,0.05261217
1764505192.538916,16.29768,-10.01056,80.22182,-0.78686322,0.597349545,0.05261217
1764505192.538916,16.29768,-10.01056,80.22182,-0.78686322,0.597349545,0.05261217
1764505192.5820272,9.5375,-9.65958,74.83503999999999,-0.781309035,0.617857305,0.05566392
1764505192.5820272,9.5375,-9.65958,74.83503999999999,-0.781309035,0.617857305,0.05566392
1764505192.5820272,9.5375,-9.65958,74.83503999999999,-0.781309035,0.617857305,0.05566392
1764505192.582541,9.5375,-9.65958,74.83503999999999,-0.781309035,0.617857305,0.05566392
1764505192.582541,9.5375,-9.65958,74.83503999999999,-0.781309035,0.617857305,0.05566392
1764505192.582541,9.5375,-9.65958,74.83503999999999,-0.781309035,0.617857305,0.05566392
1764505192.582541,9.5375,-9.65958,74.83503999999999,-0.781309035,0.617857305,0.05566392
1764505192.582541,9.5375,-9.65958,74.83503999999999,-0.781309035,0.617857305,0.05566392
1764505192.582541,9.5375,-9.65958,74.83503999999999,-0.781309035,0.617857305,0.05566392
1764505192.582541,9.5375,-9.65958,74.83503999999999,-0.781309035,0.617857305,0.05566392
1764505192.582541,3.90656,-9.14074,68.42584,-0.771055155,0.634580895,0.065490555
1764505192.582541,3.90656,-9.14074,68.42584,-0.771055155,0.634580895,0.065490555
1764505192.582541,3.90656,-9.14074,68.42584,-0.771055155,0.634580895,0.065490555
1764505192.582541,3.90656,-9.14074,68.42584,-0.771055155,0.634580895,0.065490555
1764505192.582541,3.90656,-9.14074,68.42584,-0.771055155,0.634580895,0.065490555
1764505192.582541,3.90656,-9.14074,68.42584,-0.771055155,0.634580895,0.065490555
1764505192.582541,3.90656,-9.14074,68.42584,-0.771055155,0.634580895,0.065490555
1764505192.582541,3.90656,-9.14074,68.42584,-0.771055155,0.634580895,0.065490555
1764505192.582541,3.90656,-9.14074,68.42584,-0.771055155,0.634580895,0.065490555
1764505192.582541,3.90656,-9.14074,68.42584,-0.771055155,0.634580895,0.065490555
1764505192.5835507,-6.9433,-1.63282,62.58126,-0.76074024,0.6480696300000001,0.07702617
1764505192.5835507,-6.9433,-1.63282,62.58126,-0.76074024,0.6480696300000001,0.07702617
1764505192.5835507,-6.9433,-1.63282,62.58126,-0.76074024,0.6480696300000001,0.07702617
1764505192.5835507,-6.9433,-1.63282,62.58126,-0.76074024,0.6480696300000001,0.07702617
1764505192.63096,-6.9433,-1.63282,62.58126,-0.76074024,0.6480696300000001,0.07702617
1764505192.63096,-6.9433,-1.63282,62.58126,-0.76074024,0.6480696300000001,0.07702617
1764505192.63096,-6.9433,-1.63282,62.58126,-0.76074024,0.6480696300000001,0.07702617
1764505192.6319566,-6.9433,-1.63282,62.58126,-0.76074024,0.6480696300000001,0.07702617
1764505192.6319566,-6.9433,-1.63282,62.58126,-0.76074024,0.6480696300000001,0.07702617
1764505192.6319566,-6.9433,-1.63282,62.58126,-0.76074024,0.6480696300000001,0.07702617
1764505192.6319566,-23.14942,6.37868,56.44674,-0.75414846,0.6569807400000001,0.08215311
1764505192.6319566,-23.14942,6.37868,56.44674,-0.75414846,0.6569807400000001,0.08215311
1764505192.6319566,-23.14942,6.37868,56.44674,-0.75414846,0.6569807400000001,0.08215311
1764505192.6319566,-23.14942,6.37868,56.44674,-0.75414846,0.6569807400000001,0.08215311
1764505192.6319566,-23.14942,6.37868,56.44674,-0.75414846,0.6569807400000001,0.08215311
1764505192.6319566,-23.14942,6.37868,56.44674,-0.75414846,0.6569807400000001,0.08215311
1764505192.6319566,-23.14942,6.37868,56.44674,-0.75414846,0.6569807400000001,0.08215311
1764505192.6319566,-23.14942,6.37868,56.44674,-0.75414846,0.6569807400000001,0.08215311
1764505192.6319566,-23.14942,6.37868,56.44674,-0.75414846,0.6569807400000001,0.08215311
1764505192.6319566,-23.14942,6.37868,56.44674,-0.75414846,0.6569807400000001,0.08215311
1764505192.6319566,-42.56014,9.94952,46.90924,-0.746030805,0.660703875,0.081359655
1764505192.6319566,-42.56014,9.94952,46.90924,-0.746030805,0.660703875,0.081359655
1764505192.6319566,-42.56014,9.94952,46.90924,-0.746030805,0.660703875,0.081359655
1764505192.6319566,-42.56014,9.94952,46.90924,-0.746030805,0.660703875,0.081359655
1764505192.6319566,-42.56014,9.94952,46.90924,-0.746030805,0.660703875,0.081359655
1764505192.6319566,-42.56014,9.94952,46.90924,-0.746030805,0.660703875,0.081359655
1764505192.6319566,-42.56014,9.94952,46.90924,-0.746030805,0.660703875,0.081359655
1764505192.6319566,-42.56014,9.94952,46.90924,-0.746030805,0.660703875,0.081359655
1764505192.676745,-42.56014,9.94952,46.90924,-0.746030805,0.660703875,0.081359655
1764505192.676745,-42.56014,9.94952,46.90924,-0.746030805,0.660703875,0.081359655
1764505192.676745,-59.16302,13.4288,38.86722,-0.740171445,0.65954421,0.076720995
1764505192.676745,-59.16302,13.4288,38.86722,-0.740171445,0.65954421,0.076720995
1764505192.676745,-59.16302,13.4288,38.86722,-0.740171445,0.65954421,0.076720995
1764505192.676745,-59.16302,13.4288,38.86722,-0.740171445,0.65954421,0.076720995
1764505192.676745,-59.16302,13.4288,38.86722,-0.740171445,0.65954421,0.076720995
1764505192.676745,-59.16302,13.4288,38.86722,-0.740171445,0.65954421,0.076720995
1764505192.6777585,-59.16302,13.4288,38.86722,-0.740171445,0.65954421,0.076720995
1764505192.6777585,-59.16302,13.4288,38.86722,-0.740171445,0.65954421,0.076720995
1764505192.6777585,-59.16302,13.4288,38.86722,-0.740171445,0.65954421,0.076720995
1764505192.6777585,-59.16302,13.4288,38.86722,-0.740171445,0.65954421,0.076720995
1764505192.6787715,-69.11254,16.358719999999998,33.526219999999995,-0.7377300450000001,0.655210725,0.072082335
1764505192.679772,-69.11254,16.358719999999998,33.526219999999995,-0.7377300450000001,0.655210725,0.072082335
1764505192.679772,-69.11254,16.358719999999998,33.526219999999995,-0.7377300450000001,0.655210725,0.072082335
1764505192.679772,-69.11254,16.358719999999998,33.526219999999995,-0.7377300450000001,0.655210725,0.072082335
1764505192.679772,-69.11254,16.358719999999998,33.526219999999995,-0.7377300450000001,0.655210725,0.072082335
1764505192.679772,-69.11254,16.358719999999998,33.526219999999995,-0.7377300450000001,0.655210725,0.072082335
1764505192.6807697,-69.11254,16.358719999999998,33.526219999999995,-0.7377300450000001,0.655210725,0.072082335
1764505192.6807697,-69.11254,16.358719999999998,33.526219999999995,-0.7377300450000001,0.655210725,0.072082335
1764505192.6807697,-69.11254,16.358719999999998,33.526219999999995,-0.7377300450000001,0.655210725,0.072082335
1764505192.6807697,-69.11254,16.358719999999998,33.526219999999995,-0.7377300450000001,0.655210725,0.072082335
1764505192.7270477,-72.8665,15.68728,29.51284,-0.738828675,0.648863085,0.07336407
1764505192.7270477,-72.8665,15.68728,29.51284,-0.738828675,0.648863085,0.07336407
1764505192.7270477,-72.8665,15.68728,29.51284,-0.738828675,0.648863085,0.07336407
1764505192.7270477,-72.8665,15.68728,29.51284,-0.738828675,0.648863085,0.07336407
1764505192.7270477,-72.8665,15.68728,29.51284,-0.738828675,0.648863085,0.07336407
1764505192.7281792,-72.8665,15.68728,29.51284,-0.738828675,0.648863085,0.07336407
1764505192.7281792,-72.8665,15.68728,29.51284,-0.738828675,0.648863085,0.07336407
1764505192.7281792,-72.8665,15.68728,29.51284,-0.738828675,0.648863085,0.07336407
1764505192.7281792,-72.8665,15.68728,29.51284,-0.738828675,0.648863085,0.07336407
1764505192.7281792,-72.8665,15.68728,29.51284,-0.738828675,0.648863085,0.07336407
1764505192.7281792,-70.83691999999999,14.69538,26.30824,-0.73766901,0.6396468,0.07885722
1764505192.7281792,-70.83691999999999,14.69538,26.30824,-0.73766901,0.6396468,0.07885722
1764505192.7281792,-70.83691999999999,14.69538,26.30824,-0.73766901,0.6396468,0.07885722
1764505192.7281792,-70.83691999999999,14.69538,26.30824,-0.73766901,0.6396468,0.07885722
1764505192.7281792,-70.83691999999999,14.69538,26.30824,-0.73766901,0.6396468,0.07885722
1764505192.7281792,-70.83691999999999,14.69538,26.30824,-0.73766901,0.6396468,0.07885722
1764505192.7281792,-70.83691999999999,14.69538,26.30824,-0.73766901,0.6396468,0.07885722
1764505192.7281792,-70.83691999999999,14.69538,26.30824,-0.73766901,0.6396468,0.07885722
1764505192.7281792,-70.83691999999999,14.69538,26.30824,-0.73766901,0.6396468,0.07885722
1764505192.7281792,-70.83691999999999,14.69538,26.30824,-0.73766901,0.6396468,0.07885722
1764505192.7281792,-62.97802,14.1918,23.8056,-0.735288645,0.625059435,0.08728005
1764505192.7281792,-62.97802,14.1918,23.8056,-0.735288645,0.625059435,0.08728005
1764505192.7281792,-62.97802,14.1918,23.8056,-0.735288645,0.625059435,0.08728005
1764505192.7281792,-62.97802,14.1918,23.8056,-0.735288645,0.625059435,0.08728005
1764505192.7713954,-62.97802,14.1918,23.8056,-0.735288645,0.625059435,0.08728005
1764505192.7713954,-62.97802,14.1918,23.8056,-0.735288645,0.625059435,0.08728005
1764505192.7713954,-62.97802,14.1918,23.8056,-0.735288645,0.625059435,0.08728005
1764505192.7713954,-62.97802,14.1918,23.8056,-0.735288645,0.625059435,0.08728005
1764505192.7713954,-62.97802,14.1918,23.8056,-0.735288645,0.625059435,0.08728005
1764505192.7713954,-62.97802,14.1918,23.8056,-0.735288645,0.625059435,0.08728005
1764505192.7713954,-48.17582,13.23042,23.21046,-0.73657038,0.61181484,0.095153565
1764505192.7713954,-48.17582,13.23042,23.21046,-0.73657038,0.61181484,0.095153565
1764505192.7713954,-48.17582,13.23042,23.21046,-0.73657038,0.61181484,0.095153565
1764505192.7713954,-48.17582,13.23042,23.21046,-0.73657038,0.61181484,0.095153565
1764505192.7713954,-48.17582,13.23042,23.21046,-0.73657038,0.61181484,0.095153565
1764505192.7713954,-48.17582,13.23042,23.21046,-0.73657038,0.61181484,0.095153565
1764505192.7713954,-48.17582,13.23042,23.21046,-0.73657038,0.61181484,0.095153565
1764505192.7724152,-48.17582,13.23042,23.21046,-0.73657038,0.61181484,0.095153565
1764505192.7724152,-48.17582,13.23042,23.21046,-0.73657038,0.61181484,0.095153565
1764505192.7724152,-48.17582,13.23042,23.21046,-0.73657038,0.61181484,0.095153565
1764505192.7724152,-30.47422,6.027699999999999,23.71404,-0.738706605,0.606382725,0.098205315
1764505192.7724152,-30.47422,6.027699999999999,23.71404,-0.738706605,0.606382725,0.098205315
1764505192.7724152,-30.47422,6.027699999999999,23.71404,-0.738706605,0.606382725,0.098205315
1764505192.7724152,-30.47422,6.027699999999999,23.71404,-0.738706605,0.606382725,0.098205315
1764505192.7724152,-30.47422,6.027699999999999,23.71404,-0.738706605,0.606382725,0.098205315
1764505192.7724152,-30.47422,6.027699999999999,23.71404,-0.738706605,0.606382725,0.098205315
1764505192.8169315,-30.47422,6.027699999999999,23.71404,-0.738706605,0.606382725,0.098205315
1764505192.8169315,-30.47422,6.027699999999999,23.71404,-0.738706605,0.606382725,0.098205315
1764505192.8169315,-30.47422,6.027699999999999,23.71404,-0.738706605,0.606382725,0.098205315
1764505192.8169315,-30.47422,6.027699999999999,23.71404,-0.738706605,0.606382725,0.098205315
1764505192.8169315,-12.8184,-2.19744,22.2796,-0.73827936,0.607847565,0.103454325
1764505192.8169315,-12.8184,-2.19744,22.2796,-0.73827936,0.607847565,0.103454325
1764505192.8174396,-12.8184,-2.19744,22.2796,-0.73827936,0.607847565,0.103454325
1764505192.8174396,-12.8184,-2.19744,22.2796,-0.73827936,0.607847565,0.103454325
1764505192.8174396,-12.8184,-2.19744,22.2796,-0.73827936,0.607847565,0.103454325
1764505192.8194768,-12.8184,-2.19744,22.2796,-0.73827936,0.607847565,0.103454325
1764505192.8194768,-12.8184,-2.19744,22.2796,-0.73827936,0.607847565,0.103454325
1764505192.8194768,-12.8184,-2.19744,22.2796,-0.73827936,0.607847565,0.103454325
1764505192.8194768,-12.8184,-2.19744,22.2796,-0.73827936,0.607847565,0.103454325
1764505192.8194768,-12.8184,-2.19744,22.2796,-0.73827936,0.607847565,0.103454325
1764505192.8194768,-4.66956,-2.88414,18.89188,-0.73669245,0.60925137,0.10827609
1764505192.8194768,-4.66956,-2.88414,18.89188,-0.73669245,0.60925137,0.10827609
1764505192.8194768,-4.66956,-2.88414,18.89188,-0.73669245,0.60925137,0.10827609
1764505192.8194768,-4.66956,-2.88414,18.89188,-0.73669245,0.60925137,0.10827609
1764505192.8194768,-4.66956,-2.88414,18.89188,-0.73669245,0.60925137,0.10827609
1764505192.8194768,-4.66956,-2.88414,18.89188,-0.73669245,0.60925137,0.10827609
1764505192.8194768,-4.66956,-2.88414,18.89188,-0.73669245,0.60925137,0.10827609
1764505192.8194768,-4.66956,-2.88414,18.89188,-0.73669245,0.60925137,0.10827609
1764505192.8194768,-4.66956,-2.88414,18.89188,-0.73669245,0.60925137,0.10827609
1764505192.8194768,-4.66956,-2.88414,18.89188,-0.73669245,0.60925137,0.10827609
1764505192.8636248,0.3357199999999999,-1.46496,15.21422,-0.73107723,0.61376796,0.10790988
1764505192.8636248,0.3357199999999999,-1.46496,15.21422,-0.73107723,0.61376796,0.10790988
1764505192.8636248,0.3357199999999999,-1.46496,15.21422,-0.73107723,0.61376796,0.10790988
1764505192.8636248,0.3357199999999999,-1.46496,15.21422,-0.73107723,0.61376796,0.10790988
1764505192.8636248,0.3357199999999999,-1.46496,15.21422,-0.73107723,0.61376796,0.10790988
1764505192.8636248,0.3357199999999999,-1.46496,15.21422,-0.73107723,0.61376796,0.10790988
1764505192.8636248,0.3357199999999999,-1.46496,15.21422,-0.73107723,0.61376796,0.10790988
1764505192.8646529,0.3357199999999999,-1.46496,15.21422,-0.73107723,0.61376796,0.10790988
1764505192.8646529,0.3357199999999999,-1.46496,15.21422,-0.73107723,0.61376796,0.10790988
1764505192.8646529,0.3357199999999999,-1.46496,15.21422,-0.73107723,0.61376796,0.10790988
1764505192.8646529,5.4173,-2.22796,10.74304,-0.72704892,0.6208480200000001,0.108459195
1764505192.8656366,5.4173,-2.22796,10.74304,-0.72704892,0.6208480200000001,0.108459195
1764505192.8656366,5.4173,-2.22796,10.74304,-0.72704892,0.6208480200000001,0.108459195
1764505192.8656366,5.4173,-2.22796,10.74304,-0.72704892,0.6208480200000001,0.108459195
1764505192.8656366,5.4173,-2.22796,10.74304,-0.72704892,0.6208480200000001,0.108459195
1764505192.8656366,5.4173,-2.22796,10.74304,-0.72704892,0.6208480200000001,0.108459195
1764505192.8656366,5.4173,-2.22796,10.74304,-0.72704892,0.6208480200000001,0.108459195
1764505192.8656366,5.4173,-2.22796,10.74304,-0.72704892,0.6208480200000001,0.108459195
1764505192.8656366,5.4173,-2.22796,10.74304,-0.72704892,0.6208480200000001,0.108459195
1764505192.8656366,5.4173,-2.22796,10.74304,-0.72704892,0.6208480200000001,0.108459195
1764505192.8656366,6.76018,-1.57178,8.82028,-0.72338682,0.637632645,0.11376924
1764505192.866668,6.76018,-1.57178,8.82028,-0.72338682,0.637632645,0.11376924
1764505192.866668,6.76018,-1.57178,8.82028,-0.72338682,0.637632645,0.11376924
1764505192.866668,6.76018,-1.57178,8.82028,-0.72338682,0.637632645,0.11376924
1764505192.9137094,6.76018,-1.57178,8.82028,-0.72338682,0.637632645,0.11376924
1764505192.9137094,6.76018,-1.57178,8.82028,-0.72338682,0.637632645,0.11376924
1764505192.9137094,6.76018,-1.57178,8.82028,-0.72338682,0.637632645,0.11376924
1764505192.9137094,6.76018,-1.57178,8.82028,-0.72338682,0.637632645,0.11376924
1764505192.9137094,6.76018,-1.57178,8.82028,-0.72338682,0.637632645,0.11376924
1764505192.9137094,6.76018,-1.57178,8.82028,-0.72338682,0.637632645,0.11376924
1764505192.9137094,-1.8312,2.3653,7.27902,-0.716856075,0.65942214,0.119079285
1764505192.9137094,-1.8312,2.3653,7.27902,-0.716856075,0.65942214,0.119079285
1764505192.9137094,-1.8312,2.3653,7.27902,-0.716856075,0.65942214,0.119079285
1764505192.9137094,-1.8312,2.3653,7.27902,-0.716856075,0.65942214,0.119079285
1764505192.9137094,-1.8312,2.3653,7.27902,-0.716856075,0.65942214,0.119079285
1764505192.914727,-1.8312,2.3653,7.27902,-0.716856075,0.65942214,0.119079285
1764505192.914727,-1.8312,2.3653,7.27902,-0.716856075,0.65942214,0.119079285
1764505192.914727,-1.8312,2.3653,7.27902,-0.716856075,0.65942214,0.119079285
1764505192.914727,-1.8312,2.3653,7.27902,-0.716856075,0.65942214,0.119079285
1764505192.914727,-1.8312,2.3653,7.27902,-0.716856075,0.65942214,0.119079285
1764505192.914727,-16.084039999999998,6.1803,7.27902,-0.708189105,0.68127267,0.121276545
1764505192.914727,-16.084039999999998,6.1803,7.27902,-0.708189105,0.68127267,0.121276545
1764505192.914727,-16.084039999999998,6.1803,7.27902,-0.708189105,0.68127267,0.121276545
1764505192.914727,-16.084039999999998,6.1803,7.27902,-0.708189105,0.68127267,0.121276545
1764505192.914727,-16.084039999999998,6.1803,7.27902,-0.708189105,0.68127267,0.121276545
1764505192.914727,-16.084039999999998,6.1803,7.27902,-0.708189105,0.68127267,0.121276545
1764505192.914727,-16.084039999999998,6.1803,7.27902,-0.708189105,0.68127267,0.121276545
1764505192.914727,-16.084039999999998,6.1803,7.27902,-0.708189105,0.68127267,0.121276545
1764505192.9593558,-16.084039999999998,6.1803,7.27902,-0.708189105,0.68127267,0.121276545
1764505192.9593558,-16.084039999999998,6.1803,7.27902,-0.708189105,0.68127267,0.121276545
1764505192.9593558,-27.74268,8.86606,7.38584,-0.6968365950000001,0.698179365,0.12207
1764505192.9593558,-27.74268,8.86606,7.38584,-0.6968365950000001,0.698179365,0.12207
1764505192.9593558,-27.74268,8.86606,7.38584,-0.6968365950000001,0.698179365,0.12207
1764505192.9593558,-27.74268,8.86606,7.38584,-0.6968365950000001,0.698179365,0.12207
1764505192.9593558,-27.74268,8.86606,7.38584,-0.6968365950000001,0.698179365,0.12207
1764505192.9593558,-27.74268,8.86606,7.38584,-0.6968365950000001,0.698179365,0.12207
1764505192.9593558,-27.74268,8.86606,7.38584,-0.6968365950000001,0.698179365,0.12207
1764505192.9593558,-27.74268,8.86606,7.38584,-0.6968365950000001,0.698179365,0.12207
1764505192.9593558,-27.74268,8.86606,7.38584,-0.6968365950000001,0.698179365,0.12207
1764505192.9593558,-27.74268,8.86606,7.38584,-0.6968365950000001,0.698179365,0.12207
1764505192.9593558,-31.6645,11.7502,9.7664,-0.688413765,0.7083722100000001,0.11999481
1764505192.9593558,-31.6645,11.7502,9.7664,-0.688413765,0.7083722100000001,0.11999481
1764505192.9593558,-31.6645,11.7502,9.7664,-0.688413765,0.7083722100000001,0.11999481
1764505192.9593558,-31.6645,11.7502,9.7664,-0.688413765,0.7083722100000001,0.11999481
1764505192.9593558,-31.6645,11.7502,9.7664,-0.688413765,0.7083722100000001,0.11999481
1764505192.9593558,-31.6645,11.7502,9.7664,-0.688413765,0.7083722100000001,0.11999481
1764505192.9593558,-31.6645,11.7502,9.7664,-0.688413765,0.7083722100000001,0.11999481
1764505192.9593558,-31.6645,11.7502,9.7664,-0.688413765,0.7083722100000001,0.11999481
1764505192.9593558,-31.6645,11.7502,9.7664,-0.688413765,0.7083722100000001,0.11999481
1764505192.9593558,-31.6645,11.7502,9.7664,-0.688413765,0.7083722100000001,0.11999481
1764505192.9593558,-30.73364,12.52846,11.46026,-0.6848127,0.7094098050000001,0.116271675
1764505192.9603715,-30.73364,12.52846,11.46026,-0.6848127,0.7094098050000001,0.116271675
1764505193.0037184,-30.73364,12.52846,11.46026,-0.6848127,0.7094098050000001,0.116271675
1764505193.0037184,-30.73364,12.52846,11.46026,-0.6848127,0.7094098050000001,0.116271675
1764505193.0037184,-30.73364,12.52846,11.46026,-0.6848127,0.7094098050000001,0.116271675
1764505193.0037184,-30.73364,12.52846,11.46026,-0.6848127,0.7094098050000001,0.116271675
1764505193.0037184,-30.73364,12.52846,11.46026,-0.6848127,0.7094098050000001,0.116271675
1764505193.0037184,-30.73364,12.52846,11.46026,-0.6848127,0.7094098050000001,0.116271675
1764505193.0037184,-30.73364,12.52846,11.46026,-0.6848127,0.7094098050000001,0.116271675
1764505193.0059752,-30.73364,12.52846,11.46026,-0.6848127,0.7094098050000001,0.116271675
1764505193.0059752,-31.83236,13.23042,11.03298,-0.685850295,0.7057477050000001,0.111388875
1764505193.0059752,-31.83236,13.23042,11.03298,-0.685850295,0.7057477050000001,0.111388875
1764505193.0059752,-31.83236,13.23042,11.03298,-0.685850295,0.7057477050000001,0.111388875
1764505193.0059752,-31.83236,13.23042,11.03298,-0.685850295,0.7057477050000001,0.111388875
1764505193.0059752,-31.83236,13.23042,11.03298,-0.685850295,0.7057477050000001,0.111388875
1764505193.0059752,-31.83236,13.23042,11.03298,-0.685850295,0.7057477050000001,0.111388875
1764505193.0059752,-31.83236,13.23042,11.03298,-0.685850295,0.7057477050000001,0.111388875
1764505193.0059752,-31.83236,13.23042,11.03298,-0.685850295,0.7057477050000001,0.111388875
1764505193.0059752,-31.83236,13.23042,11.03298,-0.685850295,0.7057477050000001,0.111388875
1764505193.0059752,-31.83236,13.23042,11.03298,-0.685850295,0.7057477050000001,0.111388875
1764505193.0059752,-31.25248,11.47552,8.392999999999999,-0.688535835,0.700986975,0.111266805
1764505193.0059752,-31.25248,11.47552,8.392999999999999,-0.688535835,0.700986975,0.111266805
1764505193.0059752,-31.25248,11.47552,8.392999999999999,-0.688535835,0.700986975,0.111266805
1764505193.0059752,-31.25248,11.47552,8.392999999999999,-0.688535835,0.700986975,0.111266805
1764505193.0495749,-31.25248,11.47552,8.392999999999999,-0.688535835,0.700986975,0.111266805
1764505193.0495749,-31.25248,11.47552,8.392999999999999,-0.688535835,0.700986975,0.111266805
1764505193.0500865,-31.25248,11.47552,8.392999999999999,-0.688535835,0.700986975,0.111266805
1764505193.0500865,-31.25248,11.47552,8.392999999999999,-0.688535835,0.700986975,0.111266805
1764505193.0500865,-31.25248,11.47552,8.392999999999999,-0.688535835,0.700986975,0.111266805
1764505193.0500865,-31.25248,11.47552,8.392999999999999,-0.688535835,0.700986975,0.111266805
1764505193.0500865,-27.13228,11.6739,6.47024,-0.69030585,0.693784845,0.11608857
1764505193.0500865,-27.13228,11.6739,6.47024,-0.69030585,0.693784845,0.11608857
1764505193.0500865,-27.13228,11.6739,6.47024,-0.69030585,0.693784845,0.11608857
1764505193.0500865,-27.13228,11.6739,6.47024,-0.69030585,0.693784845,0.11608857
1764505193.0500865,-27.13228,11.6739,6.47024,-0.69030585,0.693784845,0.11608857
1764505193.0500865,-27.13228,11.6739,6.47024,-0.69030585,0.693784845,0.11608857
1764505193.0500865,-27.13228,11.6739,6.47024,-0.69030585,0.693784845,0.11608857
1764505193.0500865,-27.13228,11.6739,6.47024,-0.69030585,0.693784845,0.11608857
1764505193.0500865,-27.13228,11.6739,6.47024,-0.69030585,0.693784845,0.11608857
1764505193.0500865,-27.13228,11.6739,6.47024,-0.69030585,0.693784845,0.11608857
1764505193.0500865,-26.03356,15.6415,5.9514,-0.692686215,0.68786445,0.114440625
1764505193.0500865,-26.03356,15.6415,5.9514,-0.692686215,0.68786445,0.114440625
1764505193.0500865,-26.03356,15.6415,5.9514,-0.692686215,0.68786445,0.114440625
1764505193.0500865,-26.03356,15.6415,5.9514,-0.692686215,0.68786445,0.114440625
1764505193.0500865,-26.03356,15.6415,5.9514,-0.692686215,0.68786445,0.114440625
1764505193.0500865,-26.03356,15.6415,5.9514,-0.692686215,0.68786445,0.114440625
1764505193.097405,-26.03356,15.6415,5.9514,-0.692686215,0.68786445,0.114440625
1764505193.097913,-26.03356,15.6415,5.9514,-0.692686215,0.68786445,0.114440625
1764505193.097913,-26.03356,15.6415,5.9514,-0.692686215,0.68786445,0.114440625
1764505193.097913,-26.03356,15.6415,5.9514,-0.692686215,0.68786445,0.114440625
1764505193.097913,-23.33254,14.43596,4.08968,-0.695615895,0.6860334,0.110656455
1764505193.097913,-23.33254,14.43596,4.08968,-0.695615895,0.6860334,0.110656455
1764505193.097913,-23.33254,14.43596,4.08968,-0.695615895,0.6860334,0.110656455
1764505193.097913,-23.33254,14.43596,4.08968,-0.695615895,0.6860334,0.110656455
1764505193.097913,-23.33254,14.43596,4.08968,-0.695615895,0.6860334,0.110656455
1764505193.097913,-23.33254,14.43596,4.08968,-0.695615895,0.6860334,0.110656455
1764505193.097913,-23.33254,14.43596,4.08968,-0.695615895,0.6860334,0.110656455
1764505193.097913,-23.33254,14.43596,4.08968,-0.695615895,0.6860334,0.110656455
1764505193.097913,-23.33254,14.43596,4.08968,-0.695615895,0.6860334,0.110656455
1764505193.097913,-23.33254,14.43596,4.08968,-0.695615895,0.6860334,0.110656455
1764505193.097913,-18.5409,11.33818,3.46402,-0.700010415,0.684507525,0.1159665
1764505193.097913,-18.5409,11.33818,3.46402,-0.700010415,0.684507525,0.1159665
1764505193.097913,-18.5409,11.33818,3.46402,-0.700010415,0.684507525,0.1159665
1764505193.097913,-18.5409,11.33818,3.46402,-0.700010415,0.684507525,0.1159665
1764505193.097913,-18.5409,11.33818,3.46402,-0.700010415,0.684507525,0.1159665
1764505193.097913,-18.5409,11.33818,3.46402,-0.700010415,0.684507525,0.1159665
1764505193.097913,-18.5409,11.33818,3.46402,-0.700010415,0.684507525,0.1159665
1764505193.097913,-18.5409,11.33818,3.46402,-0.700010415,0.684507525,0.1159665
1764505193.097913,-18.5409,11.33818,3.46402,-0.700010415,0.684507525,0.1159665
1764505193.097913,-18.5409,11.33818,3.46402,-0.700010415,0.684507525,0.1159665
1764505193.1466994,-14.8022,11.70442,3.18934,-0.70300113,0.6774885,0.12268035
1764505193.1466994,-14.8022,11.70442,3.18934,-0.70300113,0.6774885,0.12268035
1764505193.1466994,-14.8022,11.70442,3.18934,-0.70300113,0.6774885,0.12268035
1764505193.1466994,-14.8022,11.70442,3.18934,-0.70300113,0.6774885,0.12268035
1764505193.1466994,-14.8022,11.70442,3.18934,-0.70300113,0.6774885,0.12268035
1764505193.1466994,-14.8022,11.70442,3.18934,-0.70300113,0.6774885,0.12268035
1764505193.1466994,-14.8022,11.70442,3.18934,-0.70300113,0.6774885,0.12268035
1764505193.1466994,-14.8022,11.70442,3.18934,-0.70300113,0.6774885,0.12268035
1764505193.1466994,-14.8022,11.70442,3.18934,-0.70300113,0.6774885,0.12268035
1764505193.1466994,-14.8022,11.70442,3.18934,-0.70300113,0.6774885,0.12268035
1764505193.147719,-11.5976,12.33008,2.8994,-0.704404935,0.669370845,0.12646452
1764505193.147719,-11.5976,12.33008,2.8994,-0.704404935,0.669370845,0.12646452
1764505193.147719,-11.5976,12.33008,2.8994,-0.704404935,0.669370845,0.12646452
1764505193.147719,-11.5976,12.33008,2.8994,-0.704404935,0.669370845,0.12646452
1764505193.147719,-11.5976,12.33008,2.8994,-0.704404935,0.669370845,0.12646452
1764505193.147719,-11.5976,12.33008,2.8994,-0.704404935,0.669370845,0.12646452
1764505193.147719,-11.5976,12.33008,2.8994,-0.704404935,0.669370845,0.12646452
1764505193.147719,-11.5976,12.33008,2.8994,-0.704404935,0.669370845,0.12646452
1764505193.147719,-11.5976,12.33008,2.8994,-0.704404935,0.669370845,0.12646452
1764505193.147719,-11.5976,12.33008,2.8994,-0.704404935,0.669370845,0.12646452
1764505193.147719,-10.19368,9.55276,3.87604,-0.70666323,0.66760083,0.12658659
1764505193.147719,-10.19368,9.55276,3.87604,-0.70666323,0.66760083,0.12658659
1764505193.147719,-10.19368,9.55276,3.87604,-0.70666323,0.66760083,0.12658659
1764505193.147719,-10.19368,9.55276,3.87604,-0.70666323,0.66760083,0.12658659
1764505193.147719,-10.19368,9.55276,3.87604,-0.70666323,0.66760083,0.12658659
1764505193.147719,-10.19368,9.55276,3.87604,-0.70666323,0.66760083,0.12658659
1764505193.19233,-10.19368,9.55276,3.87604,-0.70666323,0.66760083,0.12658659
1764505193.19233,-10.19368,9.55276,3.87604,-0.70666323,0.66760083,0.12658659
1764505193.19233,-10.19368,9.55276,3.87604,-0.70666323,0.66760083,0.12658659
1764505193.19233,-10.19368,9.55276,3.87604,-0.70666323,0.66760083,0.12658659
1764505193.19233,-9.3086,5.1884,5.646199999999999,-0.706358055,0.6716901750000001,0.12744108
1764505193.19233,-9.3086,5.1884,5.646199999999999,-0.706358055,0.6716901750000001,0.12744108
1764505193.19233,-9.3086,5.1884,5.646199999999999,-0.706358055,0.6716901750000001,0.12744108
1764505193.19233,-9.3086,5.1884,5.646199999999999,-0.706358055,0.6716901750000001,0.12744108
1764505193.19233,-9.3086,5.1884,5.646199999999999,-0.706358055,0.6716901750000001,0.12744108
1764505193.19233,-9.3086,5.1884,5.646199999999999,-0.706358055,0.6716901750000001,0.12744108
1764505193.19233,-9.3086,5.1884,5.646199999999999,-0.706358055,0.6716901750000001,0.12744108
1764505193.19233,-9.3086,5.1884,5.646199999999999,-0.706358055,0.6716901750000001,0.12744108
1764505193.19233,-9.3086,5.1884,5.646199999999999,-0.706358055,0.6716901750000001,0.12744108
1764505193.19233,-9.3086,5.1884,5.646199999999999,-0.706358055,0.6716901750000001,0.12744108
1764505193.19233,-7.095899999999999,3.84552,6.958559999999999,-0.70348941,0.678281955,0.12878385
1764505193.19233,-7.095899999999999,3.84552,6.958559999999999,-0.70348941,0.678281955,0.12878385
1764505193.19233,-7.095899999999999,3.84552,6.958559999999999,-0.70348941,0.678281955,0.12878385
1764505193.19233,-7.095899999999999,3.84552,6.958559999999999,-0.70348941,0.678281955,0.12878385
1764505193.19233,-7.095899999999999,3.84552,6.958559999999999,-0.70348941,0.678281955,0.12878385
1764505193.19233,-7.095899999999999,3.84552,6.958559999999999,-0.70348941,0.678281955,0.12878385
1764505193.19233,-7.095899999999999,3.84552,6.958559999999999,-0.70348941,0.678281955,0.12878385
1764505193.19233,-7.095899999999999,3.84552,6.958559999999999,-0.70348941,0.678281955,0.12878385
1764505193.236688,-7.095899999999999,3.84552,6.958559999999999,-0.70348941,0.678281955,0.12878385
1764505193.236688,-7.095899999999999,3.84552,6.958559999999999,-0.70348941,0.678281955,0.12878385
1764505193.236688,-4.715339999999999,2.02958,8.19462,-0.69872868,0.68432442,0.12805143
1764505193.236688,-4.715339999999999,2.02958,8.19462,-0.69872868,0.68432442,0.12805143
1764505193.236688,-4.715339999999999,2.02958,8.19462,-0.69872868,0.68432442,0.12805143
1764505193.236688,-4.715339999999999,2.02958,8.19462,-0.69872868,0.68432442,0.12805143
1764505193.236688,-4.715339999999999,2.02958,8.19462,-0.69872868,0.68432442,0.12805143
1764505193.236688,-4.715339999999999,2.02958,8.19462,-0.69872868,0.68432442,0.12805143
1764505193.2376957,-4.715339999999999,2.02958,8.19462,-0.69872868,0.68432442,0.12805143
1764505193.2376957,-4.715339999999999,2.02958,8.19462,-0.69872868,0.68432442,0.12805143
1764505193.2376957,-4.715339999999999,2.02958,8.19462,-0.69872868,0.68432442,0.12805143
1764505193.2376957,-4.715339999999999,2.02958,8.19462,-0.69872868,0.68432442,0.12805143
1764505193.2376957,-3.3572,1.38866,8.7745,-0.696104175,0.68884101,0.126891765
1764505193.2376957,-3.3572,1.38866,8.7745,-0.696104175,0.68884101,0.126891765
1764505193.2376957,-3.3572,1.38866,8.7745,-0.696104175,0.68884101,0.126891765
1764505193.2376957,-3.3572,1.38866,8.7745,-0.696104175,0.68884101,0.126891765
1764505193.2376957,-3.3572,1.38866,8.7745,-0.696104175,0.68884101,0.126891765
1764505193.2376957,-3.3572,1.38866,8.7745,-0.696104175,0.68884101,0.126891765
1764505193.2376957,-3.3572,1.38866,8.7745,-0.696104175,0.68884101,0.126891765
1764505193.2376957,-3.3572,1.38866,8.7745,-0.696104175,0.68884101,0.126891765
1764505193.2376957,-3.3572,1.38866,8.7745,-0.696104175,0.68884101,0.126891765
1764505193.238205,-3.3572,1.38866,8.7745,-0.696104175,0.68884101,0.126891765
1764505193.282333,-8.530339999999999,0.41202,6.08874,-0.69323553,0.694639335,0.124450365
1764505193.282333,-8.530339999999999,0.41202,6.08874,-0.69323553,0.694639335,0.124450365
1764505193.282333,-8.530339999999999,0.41202,6.08874,-0.69323553,0.694639335,0.124450365
1764505193.282333,-8.530339999999999,0.41202,6.08874,-0.69323553,0.694639335,0.124450365
1764505193.282333,-8.530339999999999,0.41202,6.08874,-0.69323553,0.694639335,0.124450365
1764505193.282333,-8.530339999999999,0.41202,6.08874,-0.69323553,0.694639335,0.124450365
1764505193.282333,-8.530339999999999,0.41202,6.08874,-0.69323553,0.694639335,0.124450365
1764505193.282333,-8.530339999999999,0.41202,6.08874,-0.69323553,0.694639335,0.124450365
1764505193.2837098,-8.530339999999999,0.41202,6.08874,-0.69323553,0.694639335,0.124450365
1764505193.2837098,-8.530339999999999,0.41202,6.08874,-0.69323553,0.694639335,0.124450365
1764505193.284721,-13.61192,1.31236,2.38056,-0.686948925,0.69836247,0.125182785
1764505193.284721,-13.61192,1.31236,2.38056,-0.686948925,0.69836247,0.125182785
1764505193.284721,-13.61192,1.31236,2.38056,-0.686948925,0.69836247,0.125182785
1764505193.284721,-13.61192,1.31236,2.38056,-0.686948925,0.69836247,0.125182785
1764505193.284721,-13.61192,1.31236,2.38056,-0.686948925,0.69836247,0.125182785
1764505193.284721,-13.61192,1.31236,2.38056,-0.686948925,0.69836247,0.125182785
1764505193.284721,-13.61192,1.31236,2.38056,-0.686948925,0.69836247,0.125182785
1764505193.284721,-13.61192,1.31236,2.38056,-0.686948925,0.69836247,0.125182785
1764505193.284721,-13.61192,1.31236,2.38056,-0.686948925,0.69836247,0.125182785
1764505193.284721,-13.61192,1.31236,2.38056,-0.686948925,0.69836247,0.125182785
1764505193.284721,-15.74832,5.05106,0.6409199999999999,-0.67919748,0.69958317,0.12609831
1764505193.284721,-15.74832,5.05106,0.6409199999999999,-0.67919748,0.69958317,0.12609831
1764505193.284721,-15.74832,5.05106,0.6409199999999999,-0.67919748,0.69958317,0.12609831
1764505193.284721,-15.74832,5.05106,0.6409199999999999,-0.67919748,0.69958317,0.12609831
1764505193.3316286,-15.74832,5.05106,0.6409199999999999,-0.67919748,0.69958317,0.12609831
1764505193.3316286,-15.74832,5.05106,0.6409199999999999,-0.67919748,0.69958317,0.12609831
1764505193.3316286,-15.74832,5.05106,0.6409199999999999,-0.67919748,0.69958317,0.12609831
1764505193.3316286,-15.74832,5.05106,0.6409199999999999,-0.67919748,0.69958317,0.12609831
1764505193.3316286,-15.74832,5.05106,0.6409199999999999,-0.67919748,0.69958317,0.12609831
1764505193.3316286,-15.74832,5.05106,0.6409199999999999,-0.67919748,0.69958317,0.12609831
1764505193.3326435,-17.3201,10.28524,3.17408,-0.67529124,0.698179365,0.124328295
1764505193.3326435,-17.3201,10.28524,3.17408,-0.67529124,0.698179365,0.124328295
1764505193.3326435,-17.3201,10.28524,3.17408,-0.67529124,0.698179365,0.124328295
1764505193.3326435,-17.3201,10.28524,3.17408,-0.67529124,0.698179365,0.124328295
1764505193.3326435,-17.3201,10.28524,3.17408,-0.67529124,0.698179365,0.124328295
1764505193.3326435,-17.3201,10.28524,3.17408,-0.67529124,0.698179365,0.124328295
1764505193.3326435,-17.3201,10.28524,3.17408,-0.67529124,0.698179365,0.124328295
1764505193.3326435,-17.3201,10.28524,3.17408,-0.67529124,0.698179365,0.124328295
1764505193.3326435,-17.3201,10.28524,3.17408,-0.67529124,0.698179365,0.124328295
1764505193.3326435,-17.3201,10.28524,3.17408,-0.67529124,0.698179365,0.124328295
1764505193.3326435,-16.54184,10.9109,5.52412,-0.679868865,0.69897282,0.122863455
1764505193.3326435,-16.54184,10.9109,5.52412,-0.679868865,0.69897282,0.122863455
1764505193.3326435,-16.54184,10.9109,5.52412,-0.679868865,0.69897282,0.122863455
1764505193.3326435,-16.54184,10.9109,5.52412,-0.679868865,0.69897282,0.122863455
1764505193.3326435,-16.54184,10.9109,5.52412,-0.679868865,0.69897282,0.122863455
1764505193.3326435,-16.54184,10.9109,5.52412,-0.679868865,0.69897282,0.122863455
1764505193.3326435,-16.54184,10.9109,5.52412,-0.679868865,0.69897282,0.122863455
1764505193.3326435,-16.54184,10.9109,5.52412,-0.679868865,0.69897282,0.122863455
1764505193.379994,-16.54184,10.9109,5.52412,-0.679868865,0.69897282,0.122863455
1764505193.379994,-16.54184,10.9109,5.52412,-0.679868865,0.69897282,0.122863455
1764505193.379994,-13.09308,9.52224,6.97382,-0.682798545,0.69921696,0.12438933
1764505193.379994,-13.09308,9.52224,6.97382,-0.682798545,0.69921696,0.12438933
1764505193.379994,-13.09308,9.52224,6.97382,-0.682798545,0.69921696,0.12438933
1764505193.379994,-13.09308,9.52224,6.97382,-0.682798545,0.69921696,0.12438933
1764505193.379994,-13.09308,9.52224,6.97382,-0.682798545,0.69921696,0.12438933
1764505193.379994,-13.09308,9.52224,6.97382,-0.682798545,0.69921696,0.12438933
1764505193.379994,-13.09308,9.52224,6.97382,-0.682798545,0.69921696,0.12438933
1764505193.379994,-13.09308,9.52224,6.97382,-0.682798545,0.69921696,0.12438933
1764505193.3810227,-13.09308,9.52224,6.97382,-0.682798545,0.69921696,0.12438933
1764505193.3810227,-13.09308,9.52224,6.97382,-0.682798545,0.69921696,0.12438933
1764505193.3810227,-8.43878,9.6138,6.31764,-0.681699915,0.69799626,0.12499968
1764505193.3810227,-8.43878,9.6138,6.31764,-0.681699915,0.69799626,0.12499968
1764505193.3810227,-8.43878,9.6138,6.31764,-0.681699915,0.69799626,0.12499968
1764505193.3810227,-8.43878,9.6138,6.31764,-0.681699915,0.69799626,0.12499968
1764505193.3810227,-8.43878,9.6138,6.31764,-0.681699915,0.69799626,0.12499968
1764505193.3810227,-8.43878,9.6138,6.31764,-0.681699915,0.69799626,0.12499968
1764505193.3810227,-8.43878,9.6138,6.31764,-0.681699915,0.69799626,0.12499968
1764505193.3810227,-8.43878,9.6138,6.31764,-0.681699915,0.69799626,0.12499968
1764505193.3810227,-8.43878,9.6138,6.31764,-0.681699915,0.69799626,0.12499968
1764505193.3810227,-8.43878,9.6138,6.31764,-0.681699915,0.69799626,0.12499968
1764505193.3810227,-4.18124,9.82744,6.50076,-0.6842633850000001,0.69445623,0.12707487
1764505193.3810227,-4.18124,9.82744,6.50076,-0.6842633850000001,0.69445623,0.12707487
1764505193.42444,-4.18124,9.82744,6.50076,-0.6842633850000001,0.69445623,0.12707487
1764505193.42444,-4.18124,9.82744,6.50076,-0.6842633850000001,0.69445623,0.12707487
1764505193.42444,-4.18124,9.82744,6.50076,-0.6842633850000001,0.69445623,0.12707487
1764505193.4254608,-4.18124,9.82744,6.50076,-0.6842633850000001,0.69445623,0.12707487
1764505193.4254608,-4.18124,9.82744,6.50076,-0.6842633850000001,0.69445623,0.12707487
1764505193.4254608,-4.18124,9.82744,6.50076,-0.6842633850000001,0.69445623,0.12707487
1764505193.4254608,-4.18124,9.82744,6.50076,-0.6842633850000001,0.69445623,0.12707487
1764505193.4254608,-4.18124,9.82744,6.50076,-0.6842633850000001,0.69445623,0.12707487
1764505193.4254608,-2.65524,8.28618,8.606639999999999,-0.688169625,0.691709655,0.12780729
1764505193.4254608,-2.65524,8.28618,8.606639999999999,-0.688169625,0.691709655,0.12780729
1764505193.4254608,-2.65524,8.28618,8.606639999999999,-0.688169625,0.691709655,0.12780729
1764505193.4254608,-2.65524,8.28618,8.606639999999999,-0.688169625,0.691709655,0.12780729
1764505193.4254608,-2.65524,8.28618,8.606639999999999,-0.688169625,0.691709655,0.12780729
1764505193.4254608,-2.65524,8.28618,8.606639999999999,-0.688169625,0.691709655,0.12780729
1764505193.4254608,-2.65524,8.28618,8.606639999999999,-0.688169625,0.691709655,0.12780729
1764505193.4254608,-2.65524,8.28618,8.606639999999999,-0.688169625,0.691709655,0.12780729
1764505193.4254608,-2.65524,8.28618,8.606639999999999,-0.688169625,0.691709655,0.12780729
1764505193.4254608,-2.65524,8.28618,8.606639999999999,-0.688169625,0.691709655,0.12780729
1764505193.4254608,-4.7306,5.1121,8.72872,-0.692686215,0.690488955,0.12780729
1764505193.4254608,-4.7306,5.1121,8.72872,-0.692686215,0.690488955,0.12780729
1764505193.4254608,-4.7306,5.1121,8.72872,-0.692686215,0.690488955,0.12780729
1764505193.4254608,-4.7306,5.1121,8.72872,-0.692686215,0.690488955,0.12780729
1764505193.4689274,-4.7306,5.1121,8.72872,-0.692686215,0.690488955,0.12780729
1764505193.4689274,-4.7306,5.1121,8.72872,-0.692686215,0.690488955,0.12780729
1764505193.4689274,-4.7306,5.1121,8.72872,-0.692686215,0.690488955,0.12780729
1764505193.4689274,-4.7306,5.1121,8.72872,-0.692686215,0.690488955,0.12780729
1764505193.4689274,-4.7306,5.1121,8.72872,-0.692686215,0.690488955,0.12780729
1764505193.4689274,-4.7306,5.1121,8.72872,-0.692686215,0.690488955,0.12780729
1764505193.4689274,-7.81312,1.46496,4.66956,-0.69494451,0.69140448,0.12963834
1764505193.4689274,-7.81312,1.46496,4.66956,-0.69494451,0.69140448,0.12963834
1764505193.4689274,-7.81312,1.46496,4.66956,-0.69494451,0.69140448,0.12963834
1764505193.4689274,-7.81312,1.46496,4.66956,-0.69494451,0.69140448,0.12963834
1764505193.4689274,-7.81312,1.46496,4.66956,-0.69494451,0.69140448,0.12963834
1764505193.4689274,-7.81312,1.46496,4.66956,-0.69494451,0.69140448,0.12963834
1764505193.4689274,-7.81312,1.46496,4.66956,-0.69494451,0.69140448,0.12963834
1764505193.4689274,-7.81312,1.46496,4.66956,-0.69494451,0.69140448,0.12963834
1764505193.4689274,-7.81312,1.46496,4.66956,-0.69494451,0.69140448,0.12963834
1764505193.4689274,-7.81312,1.46496,4.66956,-0.69494451,0.69140448,0.12963834
1764505193.4689274,-10.97194,4.6543,3.64714,-0.69531072,0.69323553,0.132018705
1764505193.4689274,-10.97194,4.6543,3.64714,-0.69531072,0.69323553,0.132018705
1764505193.4689274,-10.97194,4.6543,3.64714,-0.69531072,0.69323553,0.132018705
1764505193.4689274,-10.97194,4.6543,3.64714,-0.69531072,0.69323553,0.132018705
1764505193.4689274,-10.97194,4.6543,3.64714,-0.69531072,0.69323553,0.132018705
1764505193.4689274,-10.97194,4.6543,3.64714,-0.69531072,0.69323553,0.132018705
1764505193.5158556,-10.97194,4.6543,3.64714,-0.69531072,0.69323553,0.132018705
1764505193.5158556,-10.97194,4.6543,3.64714,-0.69531072,0.69323553,0.132018705
1764505193.5158556,-10.97194,4.6543,3.64714,-0.69531072,0.69323553,0.132018705
1764505193.5168717,-10.97194,4.6543,3.64714,-0.69531072,0.69323553,0.132018705
1764505193.5168717,-17.060679999999998,7.63,1.526,-0.69616521,0.6931744950000001,0.129333165
1764505193.5168717,-17.060679999999998,7.63,1.526,-0.69616521,0.6931744950000001,0.129333165
1764505193.5168717,-17.060679999999998,7.63,1.526,-0.69616521,0.6931744950000001,0.129333165
1764505193.5168717,-17.060679999999998,7.63,1.526,-0.69616521,0.6931744950000001,0.129333165
1764505193.5168717,-17.060679999999998,7.63,1.526,-0.69616521,0.6931744950000001,0.129333165
1764505193.5168717,-17.060679999999998,7.63,1.526,-0.69616521,0.6931744950000001,0.129333165
1764505193.5168717,-17.060679999999998,7.63,1.526,-0.69616521,0.6931744950000001,0.129333165
1764505193.5168717,-17.060679999999998,7.63,1.526,-0.69616521,0.6931744950000001,0.129333165
1764505193.5168717,-17.060679999999998,7.63,1.526,-0.69616521,0.6931744950000001,0.129333165
1764505193.5168717,-17.060679999999998,7.63,1.526,-0.69616521,0.6931744950000001,0.129333165
1764505193.5168717,-13.84082,4.822159999999999,-0.97664,-0.70031559,0.687315135,0.12951627
1764505193.5168717,-13.84082,4.822159999999999,-0.97664,-0.70031559,0.687315135,0.12951627
1764505193.5168717,-13.84082,4.822159999999999,-0.97664,-0.70031559,0.687315135,0.12951627
1764505193.5168717,-13.84082,4.822159999999999,-0.97664,-0.70031559,0.687315135,0.12951627
1764505193.517867,-13.84082,4.822159999999999,-0.97664,-0.70031559,0.687315135,0.12951627
1764505193.517867,-13.84082,4.822159999999999,-0.97664,-0.70031559,0.687315135,0.12951627
1764505193.517867,-13.84082,4.822159999999999,-0.97664,-0.70031559,0.687315135,0.12951627
1764505193.517867,-13.84082,4.822159999999999,-0.97664,-0.70031559,0.687315135,0.12951627
1764505193.517867,-13.84082,4.822159999999999,-0.97664,-0.70031559,0.687315135,0.12951627
1764505193.517867,-13.84082,4.822159999999999,-0.97664,-0.70031559,0.687315135,0.12951627
1764505193.5650055,-8.07254,3.86078,-3.7387,-0.7025738850000001,0.67675608,0.132384915
1764505193.5650055,-8.07254,3.86078,-3.7387,-0.7025738850000001,0.67675608,0.132384915
1764505193.5650055,-8.07254,3.86078,-3.7387,-0.7025738850000001,0.67675608,0.132384915
1764505193.5650055,-8.07254,3.86078,-3.7387,-0.7025738850000001,0.67675608,0.132384915
1764505193.5650055,-8.07254,3.86078,-3.7387,-0.7025738850000001,0.67675608,0.132384915
1764505193.5650055,-8.07254,3.86078,-3.7387,-0.7025738850000001,0.67675608,0.132384915
1764505193.5660062,-8.07254,3.86078,-3.7387,-0.7025738850000001,0.67675608,0.132384915
1764505193.5660062,-8.07254,3.86078,-3.7387,-0.7025738850000001,0.67675608,0.132384915
1764505193.5660062,-8.07254,3.86078,-3.7387,-0.7025738850000001,0.67675608,0.132384915
1764505193.5660062,-8.07254,3.86078,-3.7387,-0.7025738850000001,0.67675608,0.132384915
1764505193.5660062,-2.24322,2.4416,-3.78448,-0.70446597,0.671568105,0.13220181
1764505193.5660062,-2.24322,2.4416,-3.78448,-0.70446597,0.671568105,0.13220181
1764505193.5660062,-2.24322,2.4416,-3.78448,-0.70446597,0.671568105,0.13220181
1764505193.5660062,-2.24322,2.4416,-3.78448,-0.70446597,0.671568105,0.13220181
1764505193.5660062,-2.24322,2.4416,-3.78448,-0.70446597,0.671568105,0.13220181
1764505193.5660062,-2.24322,2.4416,-3.78448,-0.70446597,0.671568105,0.13220181
1764505193.5660062,-2.24322,2.4416,-3.78448,-0.70446597,0.671568105,0.13220181
1764505193.5660062,-2.24322,2.4416,-3.78448,-0.70446597,0.671568105,0.13220181
1764505193.5660062,-2.24322,2.4416,-3.78448,-0.70446597,0.671568105,0.13220181
1764505193.5660062,-2.24322,2.4416,-3.78448,-0.70446597,0.671568105,0.13220181
1764505193.5660062,0.9003399999999999,-1.54126,-1.92276,-0.702818025,0.67736643,0.129089025
1764505193.5660062,0.9003399999999999,-1.54126,-1.92276,-0.702818025,0.67736643,0.129089025
1764505193.5660062,0.9003399999999999,-1.54126,-1.92276,-0.702818025,0.67736643,0.129089025
1764505193.5660062,0.9003399999999999,-1.54126,-1.92276,-0.702818025,0.67736643,0.129089025
1764505193.610615,0.9003399999999999,-1.54126,-1.92276,-0.702818025,0.67736643,0.129089025
1764505193.610615,0.9003399999999999,-1.54126,-1.92276,-0.702818025,0.67736643,0.129089025
1764505193.6116276,0.9003399999999999,-1.54126,-1.92276,-0.702818025,0.67736643,0.129089025
1764505193.6116276,0.9003399999999999,-1.54126,-1.92276,-0.702818025,0.67736643,0.129089025
1764505193.6116276,0.9003399999999999,-1.54126,-1.92276,-0.702818025,0.67736643,0.129089025
1764505193.6116276,0.9003399999999999,-1.54126,-1.92276,-0.702818025,0.67736643,0.129089025
1764505193.6116276,0.5341,-3.5861,1.49548,-0.693784845,0.690122745,0.12683073
1764505193.6116276,0.5341,-3.5861,1.49548,-0.693784845,0.690122745,0.12683073
1764505193.6116276,0.5341,-3.5861,1.49548,-0.693784845,0.690122745,0.12683073
1764505193.6116276,0.5341,-3.5861,1.49548,-0.693784845,0.690122745,0.12683073
1764505193.6126254,0.5341,-3.5861,1.49548,-0.693784845,0.690122745,0.12683073
1764505193.6126254,0.5341,-3.5861,1.49548,-0.693784845,0.690122745,0.12683073
1764505193.6136284,0.5341,-3.5861,1.49548,-0.693784845,0.690122745,0.12683073
1764505193.6136284,0.5341,-3.5861,1.49548,-0.693784845,0.690122745,0.12683073
1764505193.6136284,0.5341,-3.5861,1.49548,-0.693784845,0.690122745,0.12683073
1764505193.6136284,0.5341,-3.5861,1.49548,-0.693784845,0.690122745,0.12683073
1764505193.6146798,0.2289,-4.25754,4.54748,-0.685117875,0.70361148,0.12463347
1764505193.6146798,0.2289,-4.25754,4.54748,-0.685117875,0.70361148,0.12463347
1764505193.6146798,0.2289,-4.25754,4.54748,-0.685117875,0.70361148,0.12463347
1764505193.6146798,0.2289,-4.25754,4.54748,-0.685117875,0.70361148,0.12463347
1764505193.6146798,0.2289,-4.25754,4.54748,-0.685117875,0.70361148,0.12463347
1764505193.6150951,0.2289,-4.25754,4.54748,-0.685117875,0.70361148,0.12463347
1764505193.6150951,0.2289,-4.25754,4.54748,-0.685117875,0.70361148,0.12463347
1764505193.615681,0.2289,-4.25754,4.54748,-0.685117875,0.70361148,0.12463347
1764505193.660105,0.2289,-4.25754,4.54748,-0.685117875,0.70361148,0.12463347
1764505193.660105,0.2289,-4.25754,4.54748,-0.685117875,0.70361148,0.12463347
1764505193.660105,-1.8006799999999998,-1.99906,5.90562,-0.67761057,0.71227845,0.122375175
1764505193.660105,-1.8006799999999998,-1.99906,5.90562,-0.67761057,0.71227845,0.122375175
1764505193.660105,-1.8006799999999998,-1.99906,5.90562,-0.67761057,0.71227845,0.122375175
1764505193.660105,-1.8006799999999998,-1.99906,5.90562,-0.67761057,0.71227845,0.122375175
1764505193.660105,-1.8006799999999998,-1.99906,5.90562,-0.67761057,0.71227845,0.122375175
1764505193.660105,-1.8006799999999998,-1.99906,5.90562,-0.67761057,0.71227845,0.122375175
1764505193.660105,-1.8006799999999998,-1.99906,5.90562,-0.67761057,0.71227845,0.122375175
1764505193.660105,-1.8006799999999998,-1.99906,5.90562,-0.67761057,0.71227845,0.122375175
1764505193.660105,-1.8006799999999998,-1.99906,5.90562,-0.67761057,0.71227845,0.122375175
1764505193.6611116,-1.8006799999999998,-1.99906,5.90562,-0.67761057,0.71227845,0.122375175
1764505193.6611116,-4.92898,-0.19838,5.06632,-0.67248363,0.715391235,0.12036102
1764505193.6611116,-4.92898,-0.19838,5.06632,-0.67248363,0.715391235,0.12036102
1764505193.6611116,-4.92898,-0.19838,5.06632,-0.67248363,0.715391235,0.12036102
1764505193.6611116,-4.92898,-0.19838,5.06632,-0.67248363,0.715391235,0.12036102
1764505193.6611116,-4.92898,-0.19838,5.06632,-0.67248363,0.715391235,0.12036102
1764505193.6621115,-4.92898,-0.19838,5.06632,-0.67248363,0.715391235,0.12036102
1764505193.6621115,-4.92898,-0.19838,5.06632,-0.67248363,0.715391235,0.12036102
1764505193.6621115,-4.92898,-0.19838,5.06632,-0.67248363,0.715391235,0.12036102
1764505193.6621115,-4.92898,-0.19838,5.06632,-0.67248363,0.715391235,0.12036102
1764505193.6621115,-4.92898,-0.19838,5.06632,-0.67248363,0.715391235,0.12036102
1764505193.6621115,-8.469299999999999,1.46496,3.76922,-0.671323965,0.714292605,0.12145965
1764505193.6621115,-8.469299999999999,1.46496,3.76922,-0.671323965,0.714292605,0.12145965
1764505193.702793,-8.469299999999999,1.46496,3.76922,-0.671323965,0.714292605,0.12145965
1764505193.7033062,-8.469299999999999,1.46496,3.76922,-0.671323965,0.714292605,0.12145965
1764505193.7033062,-8.469299999999999,1.46496,3.76922,-0.671323965,0.714292605,0.12145965
1764505193.7033062,-8.469299999999999,1.46496,3.76922,-0.671323965,0.714292605,0.12145965
1764505193.7033062,-8.469299999999999,1.46496,3.76922,-0.671323965,0.714292605,0.12145965
1764505193.7033062,-8.469299999999999,1.46496,3.76922,-0.671323965,0.714292605,0.12145965
1764505193.7038484,-8.469299999999999,1.46496,3.76922,-0.671323965,0.714292605,0.12145965
1764505193.7038484,-8.469299999999999,1.46496,3.76922,-0.671323965,0.714292605,0.12145965
1764505193.7038484,-10.1479,2.54842,2.15166,-0.67236156,0.71105775,0.123351735
1764505193.7038484,-10.1479,2.54842,2.15166,-0.67236156,0.71105775,0.123351735
1764505193.7048616,-10.1479,2.54842,2.15166,-0.67236156,0.71105775,0.123351735
1764505193.7048616,-10.1479,2.54842,2.15166,-0.67236156,0.71105775,0.123351735
1764505193.7048616,-10.1479,2.54842,2.15166,-0.67236156,0.71105775,0.123351735
1764505193.7048616,-10.1479,2.54842,2.15166,-0.67236156,0.71105775,0.123351735
1764505193.7048616,-10.1479,2.54842,2.15166,-0.67236156,0.71105775,0.123351735
1764505193.7048616,-10.1479,2.54842,2.15166,-0.67236156,0.71105775,0.123351735
1764505193.7048616,-10.1479,2.54842,2.15166,-0.67236156,0.71105775,0.123351735
1764505193.7048616,-10.1479,2.54842,2.15166,-0.67236156,0.71105775,0.123351735
1764505193.7058842,-10.13264,2.15166,0.9919,-0.67370433,0.706480125,0.124816575
1764505193.7058842,-10.13264,2.15166,0.9919,-0.67370433,0.706480125,0.124816575
1764505193.7058842,-10.13264,2.15166,0.9919,-0.67370433,0.706480125,0.124816575
1764505193.7058842,-10.13264,2.15166,0.9919,-0.67370433,0.706480125,0.124816575
1764505193.7519193,-10.13264,2.15166,0.9919,-0.67370433,0.706480125,0.124816575
1764505193.7519193,-10.13264,2.15166,0.9919,-0.67370433,0.706480125,0.124816575
1764505193.7519193,-10.13264,2.15166,0.9919,-0.67370433,0.706480125,0.124816575
1764505193.7519193,-10.13264,2.15166,0.9919,-0.67370433,0.706480125,0.124816575
1764505193.7529228,-10.13264,2.15166,0.9919,-0.67370433,0.706480125,0.124816575
1764505193.7529228,-10.13264,2.15166,0.9919,-0.67370433,0.706480125,0.124816575
1764505193.7529228,-7.721559999999999,2.02958,1.48022,-0.6748029600000001,0.6994611000000001,0.12719694
1764505193.7529228,-7.721559999999999,2.02958,1.48022,-0.6748029600000001,0.6994611000000001,0.12719694
1764505193.7529228,-7.721559999999999,2.02958,1.48022,-0.6748029600000001,0.6994611000000001,0.12719694
1764505193.7529228,-7.721559999999999,2.02958,1.48022,-0.6748029600000001,0.6994611000000001,0.12719694
1764505193.7529228,-7.721559999999999,2.02958,1.48022,-0.6748029600000001,0.6994611000000001,0.12719694
1764505193.7529228,-7.721559999999999,2.02958,1.48022,-0.6748029600000001,0.6994611000000001,0.12719694
1764505193.7529228,-7.721559999999999,2.02958,1.48022,-0.6748029600000001,0.6994611000000001,0.12719694
1764505193.7529228,-7.721559999999999,2.02958,1.48022,-0.6748029600000001,0.6994611000000001,0.12719694
1764505193.7529228,-7.721559999999999,2.02958,1.48022,-0.6748029600000001,0.6994611000000001,0.12719694
1764505193.7529228,-7.721559999999999,2.02958,1.48022,-0.6748029600000001,0.6994611000000001,0.12719694
1764505193.7529228,-6.027699999999999,1.78542,2.02958,-0.6762678,0.69164862,0.12768522
1764505193.7529228,-6.027699999999999,1.78542,2.02958,-0.6762678,0.69164862,0.12768522
1764505193.7529228,-6.027699999999999,1.78542,2.02958,-0.6762678,0.69164862,0.12768522
1764505193.7529228,-6.027699999999999,1.78542,2.02958,-0.6762678,0.69164862,0.12768522
1764505193.7529228,-6.027699999999999,1.78542,2.02958,-0.6762678,0.69164862,0.12768522
1764505193.7529228,-6.027699999999999,1.78542,2.02958,-0.6762678,0.69164862,0.12768522
1764505193.7529228,-6.027699999999999,1.78542,2.02958,-0.6762678,0.69164862,0.12768522
1764505193.7529228,-6.027699999999999,1.78542,2.02958,-0.6762678,0.69164862,0.12768522
1764505193.7992227,-6.027699999999999,1.78542,2.02958,-0.6762678,0.69164862,0.12768522
1764505193.8121593,-6.027699999999999,1.78542,2.02958,-0.6762678,0.69164862,0.12768522
1764505193.8121593,-4.92898,1.34288,2.27374,-0.679502655,0.68884101,0.127135905
1764505193.8121593,-4.92898,1.34288,2.27374,-0.679502655,0.68884101,0.127135905
1764505193.8121593,-4.92898,1.34288,2.27374,-0.679502655,0.68884101,0.127135905
1764505193.8121593,-4.92898,1.34288,2.27374,-0.679502655,0.68884101,0.127135905
1764505193.8121593,-4.92898,1.34288,2.27374,-0.679502655,0.68884101,0.127135905
1764505193.8121593,-4.92898,1.34288,2.27374,-0.679502655,0.68884101,0.127135905
1764505193.8121593,-4.92898,1.34288,2.27374,-0.679502655,0.68884101,0.127135905
1764505193.8121593,-4.92898,1.34288,2.27374,-0.679502655,0.68884101,0.127135905
1764505193.8136923,-4.92898,1.34288,2.27374,-0.679502655,0.68884101,0.127135905
1764505193.8136923,-4.92898,1.34288,2.27374,-0.679502655,0.68884101,0.127135905
1764505193.8136923,-3.052,1.12924,1.89224,-0.680235075,0.68908515,0.125793135
1764505193.8136923,-3.052,1.12924,1.89224,-0.680235075,0.68908515,0.125793135
1764505193.8136923,-3.052,1.12924,1.89224,-0.680235075,0.68908515,0.125793135
1764505193.8136923,-3.052,1.12924,1.89224,-0.680235075,0.68908515,0.125793135
1764505193.8136923,-3.052,1.12924,1.89224,-0.680235075,0.68908515,0.125793135
1764505193.8136923,-3.052,1.12924,1.89224,-0.680235075,0.68908515,0.125793135
1764505193.8136923,-3.052,1.12924,1.89224,-0.680235075,0.68908515,0.125793135
1764505193.8136923,-3.052,1.12924,1.89224,-0.680235075,0.68908515,0.125793135
1764505193.8136923,-3.052,1.12924,1.89224,-0.680235075,0.68908515,0.125793135
1764505193.8136923,-3.052,1.12924,1.89224,-0.680235075,0.68908515,0.125793135
1764505193.8489232,-2.99096,1.89224,0.96138,-0.679868865,0.69067206,0.12487761
1764505193.8489232,-2.99096,1.89224,0.96138,-0.679868865,0.69067206,0.12487761
1764505193.8489232,-2.99096,1.89224,0.96138,-0.679868865,0.69067206,0.12487761
1764505193.8489232,-2.99096,1.89224,0.96138,-0.679868865,0.69067206,0.12487761
1764505193.8489232,-2.99096,1.89224,0.96138,-0.679868865,0.69067206,0.12487761
1764505193.8489232,-2.99096,1.89224,0.96138,-0.679868865,0.69067206,0.12487761
1764505193.8489232,-2.99096,1.89224,0.96138,-0.679868865,0.69067206,0.12487761
1764505193.8489232,-2.99096,1.89224,0.96138,-0.679868865,0.69067206,0.12487761
1764505193.8489232,-2.99096,1.89224,0.96138,-0.679868865,0.69067206,0.12487761
1764505193.8489232,-2.99096,1.89224,0.96138,-0.679868865,0.69067206,0.12487761
1764505193.8489232,-3.95234,3.08252,-0.6714399999999999,-0.679502655,0.69409002,0.121642755
1764505193.8489232,-3.95234,3.08252,-0.6714399999999999,-0.679502655,0.69409002,0.121642755
1764505193.8489232,-3.95234,3.08252,-0.6714399999999999,-0.679502655,0.69409002,0.121642755
1764505193.8489232,-3.95234,3.08252,-0.6714399999999999,-0.679502655,0.69409002,0.121642755
1764505193.8489232,-3.95234,3.08252,-0.6714399999999999,-0.679502655,0.69409002,0.121642755
1764505193.8489232,-3.95234,3.08252,-0.6714399999999999,-0.679502655,0.69409002,0.121642755
1764505193.8489232,-3.95234,3.08252,-0.6714399999999999,-0.679502655,0.69409002,0.121642755
1764505193.8489232,-3.95234,3.08252,-0.6714399999999999,-0.679502655,0.69409002,0.121642755
1764505193.8495004,-3.95234,3.08252,-0.6714399999999999,-0.679502655,0.69409002,0.121642755
1764505193.8495004,-3.95234,3.08252,-0.6714399999999999,-0.679502655,0.69409002,0.121642755
1764505193.8495004,-4.41014,4.4254,-0.6409199999999999,-0.680479215,0.69543279,0.121764825
1764505193.8495004,-4.41014,4.4254,-0.6409199999999999,-0.680479215,0.69543279,0.121764825
1764505193.8495004,-4.41014,4.4254,-0.6409199999999999,-0.680479215,0.69543279,0.121764825
1764505193.8495004,-4.41014,4.4254,-0.6409199999999999,-0.680479215,0.69543279,0.121764825
1764505193.8896742,-4.41014,4.4254,-0.6409199999999999,-0.680479215,0.69543279,0.121764825
1764505193.8906734,-4.41014,4.4254,-0.6409199999999999,-0.680479215,0.69543279,0.121764825
1764505193.8906734,-4.41014,4.4254,-0.6409199999999999,-0.680479215,0.69543279,0.121764825
1764505193.8906734,-4.41014,4.4254,-0.6409199999999999,-0.680479215,0.69543279,0.121764825
1764505193.8906734,-4.41014,4.4254,-0.6409199999999999,-0.680479215,0.69543279,0.121764825
1764505193.8906734,-4.41014,4.4254,-0.6409199999999999,-0.680479215,0.69543279,0.121764825
1764505193.8916745,-4.21176,5.371519999999999,0.763,-0.68151681,0.694883475,0.12426726
1764505193.8916745,-4.21176,5.371519999999999,0.763,-0.68151681,0.694883475,0.12426726
1764505193.8916745,-4.21176,5.371519999999999,0.763,-0.68151681,0.694883475,0.12426726
1764505193.8916745,-4.21176,5.371519999999999,0.763,-0.68151681,0.694883475,0.12426726
1764505193.8916745,-4.21176,5.371519999999999,0.763,-0.68151681,0.694883475,0.12426726
1764505193.892676,-4.21176,5.371519999999999,0.763,-0.68151681,0.694883475,0.12426726
1764505193.892676,-4.21176,5.371519999999999,0.763,-0.68151681,0.694883475,0.12426726
1764505193.892676,-4.21176,5.371519999999999,0.763,-0.68151681,0.694883475,0.12426726
1764505193.892676,-4.21176,5.371519999999999,0.763,-0.68151681,0.694883475,0.12426726
1764505193.892676,-4.21176,5.371519999999999,0.763,-0.68151681,0.694883475,0.12426726
1764505193.892676,-5.43256,5.53938,1.12924,-0.683042685,0.6957990000000001,0.12646452
1764505193.892676,-5.43256,5.53938,1.12924,-0.683042685,0.6957990000000001,0.12646452
1764505193.8936734,-5.43256,5.53938,1.12924,-0.683042685,0.6957990000000001,0.12646452
1764505193.8936734,-5.43256,5.53938,1.12924,-0.683042685,0.6957990000000001,0.12646452
1764505193.8936734,-5.43256,5.53938,1.12924,-0.683042685,0.6957990000000001,0.12646452
1764505193.8936734,-5.43256,5.53938,1.12924,-0.683042685,0.6957990000000001,0.12646452
1764505193.8936734,-5.43256,5.53938,1.12924,-0.683042685,0.6957990000000001,0.12646452
1764505193.8936734,-5.43256,5.53938,1.12924,-0.683042685,0.6957990000000001,0.12646452
1764505193.9379165,-5.43256,5.53938,1.12924,-0.683042685,0.6957990000000001,0.12646452
1764505193.938927,-5.43256,5.53938,1.12924,-0.683042685,0.6957990000000001,0.12646452
1764505193.938927,-4.7306,2.70102,-0.3357199999999999,-0.68456856,0.69726384,0.12878385
1764505193.938927,-4.7306,2.70102,-0.3357199999999999,-0.68456856,0.69726384,0.12878385
1764505193.938927,-4.7306,2.70102,-0.3357199999999999,-0.68456856,0.69726384,0.12878385
1764505193.938927,-4.7306,2.70102,-0.3357199999999999,-0.68456856,0.69726384,0.12878385
1764505193.938927,-4.7306,2.70102,-0.3357199999999999,-0.68456856,0.69726384,0.12878385
1764505193.938927,-4.7306,2.70102,-0.3357199999999999,-0.68456856,0.69726384,0.12878385
1764505193.938927,-4.7306,2.70102,-0.3357199999999999,-0.68456856,0.69726384,0.12878385
1764505193.938927,-4.7306,2.70102,-0.3357199999999999,-0.68456856,0.69726384,0.12878385
1764505193.9399502,-4.7306,2.70102,-0.3357199999999999,-0.68456856,0.69726384,0.12878385
1764505193.9399502,-4.7306,2.70102,-0.3357199999999999,-0.68456856,0.69726384,0.12878385
1764505193.9399502,-4.8069,2.4416,0.0,-0.68395821,0.699033855,0.130798005
1764505193.9399502,-4.8069,2.4416,0.0,-0.68395821,0.699033855,0.130798005
1764505193.9399502,-4.8069,2.4416,0.0,-0.68395821,0.699033855,0.130798005
1764505193.9399502,-4.8069,2.4416,0.0,-0.68395821,0.699033855,0.130798005
1764505193.9399502,-4.8069,2.4416,0.0,-0.68395821,0.699033855,0.130798005
1764505193.9399502,-4.8069,2.4416,0.0,-0.68395821,0.699033855,0.130798005
1764505193.9399502,-4.8069,2.4416,0.0,-0.68395821,0.699033855,0.130798005
1764505193.9399502,-4.8069,2.4416,0.0,-0.68395821,0.699033855,0.130798005
1764505193.9399502,-4.8069,2.4416,0.0,-0.68395821,0.699033855,0.130798005
1764505193.9399502,-4.8069,2.4416,0.0,-0.68395821,0.699033855,0.130798005
1764505193.983116,-6.31764,3.98286,0.0,-0.6823713,0.70129215,0.13024869
1764505193.983116,-6.31764,3.98286,0.0,-0.6823713,0.70129215,0.13024869
1764505193.983116,-6.31764,3.98286,0.0,-0.6823713,0.70129215,0.13024869
1764505193.983116,-6.31764,3.98286,0.0,-0.6823713,0.70129215,0.13024869
1764505193.983638,-6.31764,3.98286,0.0,-0.6823713,0.70129215,0.13024869
1764505193.983638,-6.31764,3.98286,0.0,-0.6823713,0.70129215,0.13024869
1764505193.983638,-6.31764,3.98286,0.0,-0.6823713,0.70129215,0.13024869
1764505193.983638,-6.31764,3.98286,0.0,-0.6823713,0.70129215,0.13024869
1764505193.983638,-6.31764,3.98286,0.0,-0.6823713,0.70129215,0.13024869
1764505193.983638,-6.31764,3.98286,0.0,-0.6823713,0.70129215,0.13024869
1764505193.983638,-5.5699,3.32668,0.25942,-0.682554405,0.702207675,0.128600745
1764505193.983638,-5.5699,3.32668,0.25942,-0.682554405,0.702207675,0.128600745
1764505193.983638,-5.5699,3.32668,0.25942,-0.682554405,0.702207675,0.128600745
1764505193.983638,-5.5699,3.32668,0.25942,-0.682554405,0.702207675,0.128600745
1764505193.983638,-5.5699,3.32668,0.25942,-0.682554405,0.702207675,0.128600745
1764505193.983638,-5.5699,3.32668,0.25942,-0.682554405,0.702207675,0.128600745
1764505193.983638,-5.5699,3.32668,0.25942,-0.682554405,0.702207675,0.128600745
1764505193.983638,-5.5699,3.32668,0.25942,-0.682554405,0.702207675,0.128600745
1764505193.983638,-5.5699,3.32668,0.25942,-0.682554405,0.702207675,0.128600745
1764505193.983638,-5.5699,3.32668,0.25942,-0.682554405,0.702207675,0.128600745
1764505193.983638,-6.37868,3.2809,0.3357199999999999,-0.683897175,0.70446597,0.127624185
1764505193.983638,-6.37868,3.2809,0.3357199999999999,-0.683897175,0.70446597,0.127624185
1764505193.983638,-6.37868,3.2809,0.3357199999999999,-0.683897175,0.70446597,0.127624185
1764505193.983638,-6.37868,3.2809,0.3357199999999999,-0.683897175,0.70446597,0.127624185
1764505194.0312135,-6.37868,3.2809,0.3357199999999999,-0.683897175,0.70446597,0.127624185
1764505194.0312135,-6.37868,3.2809,0.3357199999999999,-0.683897175,0.70446597,0.127624185
1764505194.0312135,-6.37868,3.2809,0.3357199999999999,-0.683897175,0.70446597,0.127624185
1764505194.0312135,-6.37868,3.2809,0.3357199999999999,-0.683897175,0.70446597,0.127624185
1764505194.0312135,-6.37868,3.2809,0.3357199999999999,-0.683897175,0.70446597,0.127624185
1764505194.0312135,-6.37868,3.2809,0.3357199999999999,-0.683897175,0.70446597,0.127624185
1764505194.0312135,-8.02676,2.76206,-0.763,-0.683286825,0.705015285,0.12829557
1764505194.0312135,-8.02676,2.76206,-0.763,-0.683286825,0.705015285,0.12829557
1764505194.0312135,-8.02676,2.76206,-0.763,-0.683286825,0.705015285,0.12829557
1764505194.0312135,-8.02676,2.76206,-0.763,-0.683286825,0.705015285,0.12829557
1764505194.0312135,-8.02676,2.76206,-0.763,-0.683286825,0.705015285,0.12829557
1764505194.0312135,-8.02676,2.76206,-0.763,-0.683286825,0.705015285,0.12829557
1764505194.0322173,-8.02676,2.76206,-0.763,-0.683286825,0.705015285,0.12829557
1764505194.0322173,-8.02676,2.76206,-0.763,-0.683286825,0.705015285,0.12829557
1764505194.0322173,-8.02676,2.76206,-0.763,-0.683286825,0.705015285,0.12829557
1764505194.0322173,-8.02676,2.76206,-0.763,-0.683286825,0.705015285,0.12829557
1764505194.0322173,-6.6381,4.3491,-1.64808,-0.681333705,0.7031232000000001,0.129333165
1764505194.0322173,-6.6381,4.3491,-1.64808,-0.681333705,0.7031232000000001,0.129333165
1764505194.0322173,-6.6381,4.3491,-1.64808,-0.681333705,0.7031232000000001,0.129333165
1764505194.0322173,-6.6381,4.3491,-1.64808,-0.681333705,0.7031232000000001,0.129333165
1764505194.0322173,-6.6381,4.3491,-1.64808,-0.681333705,0.7031232000000001,0.129333165
1764505194.0322173,-6.6381,4.3491,-1.64808,-0.681333705,0.7031232000000001,0.129333165
1764505194.0322173,-6.6381,4.3491,-1.64808,-0.681333705,0.7031232000000001,0.129333165
1764505194.0322173,-6.6381,4.3491,-1.64808,-0.681333705,0.7031232000000001,0.129333165
1764505194.0766425,-6.6381,4.3491,-1.64808,-0.681333705,0.7031232000000001,0.129333165
1764505194.0766425,-6.6381,4.3491,-1.64808,-0.681333705,0.7031232000000001,0.129333165
1764505194.0766425,-6.22608,4.4254,-1.35814,-0.6806012850000001,0.701841465,0.1281735
1764505194.077677,-6.22608,4.4254,-1.35814,-0.6806012850000001,0.701841465,0.1281735
1764505194.077677,-6.22608,4.4254,-1.35814,-0.6806012850000001,0.701841465,0.1281735
1764505194.077677,-6.22608,4.4254,-1.35814,-0.6806012850000001,0.701841465,0.1281735
1764505194.077677,-6.22608,4.4254,-1.35814,-0.6806012850000001,0.701841465,0.1281735
1764505194.077677,-6.22608,4.4254,-1.35814,-0.6806012850000001,0.701841465,0.1281735
1764505194.077677,-6.22608,4.4254,-1.35814,-0.6806012850000001,0.701841465,0.1281735
1764505194.077677,-6.22608,4.4254,-1.35814,-0.6806012850000001,0.701841465,0.1281735
1764505194.077677,-6.22608,4.4254,-1.35814,-0.6806012850000001,0.701841465,0.1281735
1764505194.077677,-6.22608,4.4254,-1.35814,-0.6806012850000001,0.701841465,0.1281735
1764505194.0787177,-5.9514,2.71628,-0.01526,-0.6821271600000001,0.70129215,0.125793135
1764505194.0787177,-5.9514,2.71628,-0.01526,-0.6821271600000001,0.70129215,0.125793135
1764505194.0787177,-5.9514,2.71628,-0.01526,-0.6821271600000001,0.70129215,0.125793135
1764505194.0787177,-5.9514,2.71628,-0.01526,-0.6821271600000001,0.70129215,0.125793135
1764505194.0787177,-5.9514,2.71628,-0.01526,-0.6821271600000001,0.70129215,0.125793135
1764505194.0787177,-5.9514,2.71628,-0.01526,-0.6821271600000001,0.70129215,0.125793135
1764505194.0787177,-5.9514,2.71628,-0.01526,-0.6821271600000001,0.70129215,0.125793135
1764505194.0787177,-5.9514,2.71628,-0.01526,-0.6821271600000001,0.70129215,0.125793135
1764505194.0787177,-5.9514,2.71628,-0.01526,-0.6821271600000001,0.70129215,0.125793135
1764505194.0796928,-5.9514,2.71628,-0.01526,-0.6821271600000001,0.70129215,0.125793135
1764505194.1236086,-5.67672,1.1445,1.48022,-0.68273751,0.70226871,0.125915205
1764505194.1236086,-5.67672,1.1445,1.48022,-0.68273751,0.70226871,0.125915205
1764505194.124117,-5.67672,1.1445,1.48022,-0.68273751,0.70226871,0.125915205
1764505194.124117,-5.67672,1.1445,1.48022,-0.68273751,0.70226871,0.125915205
1764505194.124117,-5.67672,1.1445,1.48022,-0.68273751,0.70226871,0.125915205
1764505194.124117,-5.67672,1.1445,1.48022,-0.68273751,0.70226871,0.125915205
1764505194.124117,-5.67672,1.1445,1.48022,-0.68273751,0.70226871,0.125915205
1764505194.124117,-5.67672,1.1445,1.48022,-0.68273751,0.70226871,0.125915205
1764505194.124117,-5.67672,1.1445,1.48022,-0.68273751,0.70226871,0.125915205
1764505194.124117,-5.67672,1.1445,1.48022,-0.68273751,0.70226871,0.125915205
1764505194.124117,-4.91372,0.56462,1.6633399999999998,-0.6826764750000001,0.70239078,0.128112465
1764505194.124117,-4.91372,0.56462,1.6633399999999998,-0.6826764750000001,0.70239078,0.128112465
1764505194.124117,-4.91372,0.56462,1.6633399999999998,-0.6826764750000001,0.70239078,0.128112465
1764505194.124117,-4.91372,0.56462,1.6633399999999998,-0.6826764750000001,0.70239078,0.128112465
1764505194.124117,-4.91372,0.56462,1.6633399999999998,-0.6826764750000001,0.70239078,0.128112465
1764505194.124117,-4.91372,0.56462,1.6633399999999998,-0.6826764750000001,0.70239078,0.128112465
1764505194.124117,-4.91372,0.56462,1.6633399999999998,-0.6826764750000001,0.70239078,0.128112465
1764505194.124117,-4.91372,0.56462,1.6633399999999998,-0.6826764750000001,0.70239078,0.128112465
1764505194.124117,-4.91372,0.56462,1.6633399999999998,-0.6826764750000001,0.70239078,0.128112465
1764505194.124117,-4.91372,0.56462,1.6633399999999998,-0.6826764750000001,0.70239078,0.128112465
1764505194.124668,-4.8832,1.28184,1.6022999999999998,-0.684019245,0.701475255,0.1293942
1764505194.124668,-4.8832,1.28184,1.6022999999999998,-0.684019245,0.701475255,0.1293942
1764505194.124668,-4.8832,1.28184,1.6022999999999998,-0.684019245,0.701475255,0.1293942
1764505194.124668,-4.8832,1.28184,1.6022999999999998,-0.684019245,0.701475255,0.1293942
1764505194.1726298,-4.8832,1.28184,1.6022999999999998,-0.684019245,0.701475255,0.1293942
1764505194.1726298,-4.8832,1.28184,1.6022999999999998,-0.684019245,0.701475255,0.1293942
1764505194.1726298,-4.8832,1.28184,1.6022999999999998,-0.684019245,0.701475255,0.1293942
1764505194.1726298,-4.8832,1.28184,1.6022999999999998,-0.684019245,0.701475255,0.1293942
1764505194.1726298,-4.8832,1.28184,1.6022999999999998,-0.684019245,0.701475255,0.1293942
1764505194.1726298,-4.8832,1.28184,1.6022999999999998,-0.684019245,0.701475255,0.1293942
1764505194.1726298,-4.70008,0.19838,0.42728,-0.68505684,0.699766275,0.128844885
1764505194.1726298,-4.70008,0.19838,0.42728,-0.68505684,0.699766275,0.128844885
1764505194.1726298,-4.70008,0.19838,0.42728,-0.68505684,0.699766275,0.128844885
1764505194.1726298,-4.70008,0.19838,0.42728,-0.68505684,0.699766275,0.128844885
1764505194.1726298,-4.70008,0.19838,0.42728,-0.68505684,0.699766275,0.128844885
1764505194.1726298,-4.70008,0.19838,0.42728,-0.68505684,0.699766275,0.128844885
1764505194.1726298,-4.70008,0.19838,0.42728,-0.68505684,0.699766275,0.128844885
1764505194.1726298,-4.70008,0.19838,0.42728,-0.68505684,0.699766275,0.128844885
1764505194.1726298,-4.70008,0.19838,0.42728,-0.68505684,0.699766275,0.128844885
1764505194.1726298,-4.70008,0.19838,0.42728,-0.68505684,0.699766275,0.128844885
1764505194.1726298,-4.1965,-0.42728,0.0,-0.685728225,0.700132485,0.12902799
1764505194.1726298,-4.1965,-0.42728,0.0,-0.685728225,0.700132485,0.12902799
1764505194.1726298,-4.1965,-0.42728,0.0,-0.685728225,0.700132485,0.12902799
1764505194.1741643,-4.1965,-0.42728,0.0,-0.685728225,0.700132485,0.12902799
1764505194.1741643,-4.1965,-0.42728,0.0,-0.685728225,0.700132485,0.12902799
1764505194.1741643,-4.1965,-0.42728,0.0,-0.685728225,0.700132485,0.12902799
1764505194.1741643,-4.1965,-0.42728,0.0,-0.685728225,0.700132485,0.12902799
1764505194.1741643,-4.1965,-0.42728,0.0,-0.685728225,0.700132485,0.12902799
1764505194.2179456,-4.1965,-0.42728,0.0,-0.685728225,0.700132485,0.12902799
1764505194.2179456,-4.1965,-0.42728,0.0,-0.685728225,0.700132485,0.12902799
1764505194.2179456,-4.24228,-1.02242,-1.28184,-0.68444649,0.702207675,0.12976041
1764505194.2179456,-4.24228,-1.02242,-1.28184,-0.68444649,0.702207675,0.12976041
1764505194.2179456,-4.24228,-1.02242,-1.28184,-0.68444649,0.702207675,0.12976041
1764505194.2179456,-4.24228,-1.02242,-1.28184,-0.68444649,0.702207675,0.12976041
1764505194.2179456,-4.24228,-1.02242,-1.28184,-0.68444649,0.702207675,0.12976041
1764505194.2185931,-4.24228,-1.02242,-1.28184,-0.68444649,0.702207675,0.12976041
1764505194.2185931,-4.24228,-1.02242,-1.28184,-0.68444649,0.702207675,0.12976041
1764505194.2185931,-4.24228,-1.02242,-1.28184,-0.68444649,0.702207675,0.12976041
1764505194.2185931,-4.24228,-1.02242,-1.28184,-0.68444649,0.702207675,0.12976041
1764505194.2185931,-4.24228,-1.02242,-1.28184,-0.68444649,0.702207675,0.12976041
1764505194.2185931,-4.852679999999999,-0.1678599999999999,-1.1445,-0.68176095,0.702940095,0.130920075
1764505194.2185931,-4.852679999999999,-0.1678599999999999,-1.1445,-0.68176095,0.702940095,0.130920075
1764505194.2185931,-4.852679999999999,-0.1678599999999999,-1.1445,-0.68176095,0.702940095,0.130920075
1764505194.2185931,-4.852679999999999,-0.1678599999999999,-1.1445,-0.68176095,0.702940095,0.130920075
1764505194.2185931,-4.852679999999999,-0.1678599999999999,-1.1445,-0.68176095,0.702940095,0.130920075
1764505194.2185931,-4.852679999999999,-0.1678599999999999,-1.1445,-0.68176095,0.702940095,0.130920075
1764505194.2185931,-4.852679999999999,-0.1678599999999999,-1.1445,-0.68176095,0.702940095,0.130920075
1764505194.2185931,-4.852679999999999,-0.1678599999999999,-1.1445,-0.68176095,0.702940095,0.130920075
1764505194.2185931,-4.852679999999999,-0.1678599999999999,-1.1445,-0.68176095,0.702940095,0.130920075
1764505194.2185931,-4.852679999999999,-0.1678599999999999,-1.1445,-0.68176095,0.702940095,0.130920075
1764505194.2666943,-6.76018,1.2055399999999998,-0.36624,-0.681577845,0.703062165,0.129943515
1764505194.2666943,-6.76018,1.2055399999999998,-0.36624,-0.681577845,0.703062165,0.129943515
1764505194.2666943,-6.76018,1.2055399999999998,-0.36624,-0.681577845,0.703062165,0.129943515
1764505194.2666943,-6.76018,1.2055399999999998,-0.36624,-0.681577845,0.703062165,0.129943515
1764505194.2666943,-6.76018,1.2055399999999998,-0.36624,-0.681577845,0.703062165,0.129943515
1764505194.2666943,-6.76018,1.2055399999999998,-0.36624,-0.681577845,0.703062165,0.129943515
1764505194.2666943,-6.76018,1.2055399999999998,-0.36624,-0.681577845,0.703062165,0.129943515
1764505194.2666943,-6.76018,1.2055399999999998,-0.36624,-0.681577845,0.703062165,0.129943515
1764505194.2666943,-6.76018,1.2055399999999998,-0.36624,-0.681577845,0.703062165,0.129943515
1764505194.2666943,-6.76018,1.2055399999999998,-0.36624,-0.681577845,0.703062165,0.129943515
1764505194.2677124,-7.49266,0.0762999999999999,0.44254,-0.68261544,0.70324527,0.128234535
1764505194.2677124,-7.49266,0.0762999999999999,0.44254,-0.68261544,0.70324527,0.128234535
1764505194.2677124,-7.49266,0.0762999999999999,0.44254,-0.68261544,0.70324527,0.128234535
1764505194.2677124,-7.49266,0.0762999999999999,0.44254,-0.68261544,0.70324527,0.128234535
1764505194.2677124,-7.49266,0.0762999999999999,0.44254,-0.68261544,0.70324527,0.128234535
1764505194.2677124,-7.49266,0.0762999999999999,0.44254,-0.68261544,0.70324527,0.128234535
1764505194.2677124,-7.49266,0.0762999999999999,0.44254,-0.68261544,0.70324527,0.128234535
1764505194.2677124,-7.49266,0.0762999999999999,0.44254,-0.68261544,0.70324527,0.128234535
1764505194.268222,-7.49266,0.0762999999999999,0.44254,-0.68261544,0.70324527,0.128234535
1764505194.268222,-7.49266,0.0762999999999999,0.44254,-0.68261544,0.70324527,0.128234535
1764505194.268222,-8.6219,-0.47306,-0.41202,-0.681821985,0.702329745,0.1281735
1764505194.268222,-8.6219,-0.47306,-0.41202,-0.681821985,0.702329745,0.1281735
1764505194.268222,-8.6219,-0.47306,-0.41202,-0.681821985,0.702329745,0.1281735
1764505194.268222,-8.6219,-0.47306,-0.41202,-0.681821985,0.702329745,0.1281735
1764505194.268222,-8.6219,-0.47306,-0.41202,-0.681821985,0.702329745,0.1281735
1764505194.268222,-8.6219,-0.47306,-0.41202,-0.681821985,0.702329745,0.1281735
1764505194.3110645,-8.6219,-0.47306,-0.41202,-0.681821985,0.702329745,0.1281735
1764505194.3110645,-8.6219,-0.47306,-0.41202,-0.681821985,0.702329745,0.1281735
1764505194.3110645,-8.6219,-0.47306,-0.41202,-0.681821985,0.702329745,0.1281735
1764505194.3110645,-8.6219,-0.47306,-0.41202,-0.681821985,0.702329745,0.1281735
1764505194.3110645,-8.89658,1.526,-0.04578,-0.680967495,0.701231115,0.12707487
1764505194.3110645,-8.89658,1.526,-0.04578,-0.680967495,0.701231115,0.12707487
1764505194.3110645,-8.89658,1.526,-0.04578,-0.680967495,0.701231115,0.12707487
1764505194.3110645,-8.89658,1.526,-0.04578,-0.680967495,0.701231115,0.12707487
1764505194.3110645,-8.89658,1.526,-0.04578,-0.680967495,0.701231115,0.12707487
1764505194.3110645,-8.89658,1.526,-0.04578,-0.680967495,0.701231115,0.12707487
1764505194.3110645,-8.89658,1.526,-0.04578,-0.680967495,0.701231115,0.12707487
1764505194.3110645,-8.89658,1.526,-0.04578,-0.680967495,0.701231115,0.12707487
1764505194.3110645,-8.89658,1.526,-0.04578,-0.680967495,0.701231115,0.12707487
1764505194.3110645,-8.89658,1.526,-0.04578,-0.680967495,0.701231115,0.12707487
1764505194.3110645,-9.79692,1.81594,0.24416,-0.68139474,0.70178043,0.126281415
1764505194.3110645,-9.79692,1.81594,0.24416,-0.68139474,0.70178043,0.126281415
1764505194.3110645,-9.79692,1.81594,0.24416,-0.68139474,0.70178043,0.126281415
1764505194.3110645,-9.79692,1.81594,0.24416,-0.68139474,0.70178043,0.126281415
1764505194.3110645,-9.79692,1.81594,0.24416,-0.68139474,0.70178043,0.126281415
1764505194.3110645,-9.79692,1.81594,0.24416,-0.68139474,0.70178043,0.126281415
1764505194.3110645,-9.79692,1.81594,0.24416,-0.68139474,0.70178043,0.126281415
1764505194.3126178,-9.79692,1.81594,0.24416,-0.68139474,0.70178043,0.126281415
1764505194.359628,-9.79692,1.81594,0.24416,-0.68139474,0.70178043,0.126281415
1764505194.359628,-9.79692,1.81594,0.24416,-0.68139474,0.70178043,0.126281415
1764505194.359628,-7.858899999999999,1.99906,2.56368,-0.680235075,0.700010415,0.12512175
1764505194.359628,-7.858899999999999,1.99906,2.56368,-0.680235075,0.700010415,0.12512175
1764505194.359628,-7.858899999999999,1.99906,2.56368,-0.680235075,0.700010415,0.12512175
1764505194.359628,-7.858899999999999,1.99906,2.56368,-0.680235075,0.700010415,0.12512175
1764505194.359628,-7.858899999999999,1.99906,2.56368,-0.680235075,0.700010415,0.12512175
1764505194.359628,-7.858899999999999,1.99906,2.56368,-0.680235075,0.700010415,0.12512175
1764505194.359628,-7.858899999999999,1.99906,2.56368,-0.680235075,0.700010415,0.12512175
1764505194.359628,-7.858899999999999,1.99906,2.56368,-0.680235075,0.700010415,0.12512175
1764505194.359628,-7.858899999999999,1.99906,2.56368,-0.680235075,0.700010415,0.12512175
1764505194.359628,-7.858899999999999,1.99906,2.56368,-0.680235075,0.700010415,0.12512175
1764505194.359628,-6.9433,2.92992,2.77732,-0.678770235,0.698301435,0.12512175
1764505194.359628,-6.9433,2.92992,2.77732,-0.678770235,0.698301435,0.12512175
1764505194.359628,-6.9433,2.92992,2.77732,-0.678770235,0.698301435,0.12512175
1764505194.359628,-6.9433,2.92992,2.77732,-0.678770235,0.698301435,0.12512175
1764505194.359628,-6.9433,2.92992,2.77732,-0.678770235,0.698301435,0.12512175
1764505194.359628,-6.9433,2.92992,2.77732,-0.678770235,0.698301435,0.12512175
1764505194.359628,-6.9433,2.92992,2.77732,-0.678770235,0.698301435,0.12512175
1764505194.359628,-6.9433,2.92992,2.77732,-0.678770235,0.698301435,0.12512175
1764505194.360639,-6.9433,2.92992,2.77732,-0.678770235,0.698301435,0.12512175
1764505194.360639,-6.9433,2.92992,2.77732,-0.678770235,0.698301435,0.12512175
1764505194.360639,-6.59232,4.059159999999999,2.76206,-0.67895334,0.69921696,0.12524382
1764505194.360639,-6.59232,4.059159999999999,2.76206,-0.67895334,0.69921696,0.12524382
1764505194.4073856,-6.59232,4.059159999999999,2.76206,-0.67895334,0.69921696,0.12524382
1764505194.4073856,-6.59232,4.059159999999999,2.76206,-0.67895334,0.69921696,0.12524382
1764505194.4073856,-6.59232,4.059159999999999,2.76206,-0.67895334,0.69921696,0.12524382
1764505194.4073856,-6.59232,4.059159999999999,2.76206,-0.67895334,0.69921696,0.12524382
1764505194.4073856,-6.59232,4.059159999999999,2.76206,-0.67895334,0.69921696,0.12524382
1764505194.4073856,-6.59232,4.059159999999999,2.76206,-0.67895334,0.69921696,0.12524382
1764505194.4073856,-6.59232,4.059159999999999,2.76206,-0.67895334,0.69921696,0.12524382
1764505194.4073856,-6.59232,4.059159999999999,2.76206,-0.67895334,0.69921696,0.12524382
1764505194.4073856,-6.027699999999999,3.29616,2.1364,-0.6800519700000001,0.69958317,0.126891765
1764505194.4073856,-6.027699999999999,3.29616,2.1364,-0.6800519700000001,0.69958317,0.126891765
1764505194.4073856,-6.027699999999999,3.29616,2.1364,-0.6800519700000001,0.69958317,0.126891765
1764505194.4073856,-6.027699999999999,3.29616,2.1364,-0.6800519700000001,0.69958317,0.126891765
1764505194.4073856,-6.027699999999999,3.29616,2.1364,-0.6800519700000001,0.69958317,0.126891765
1764505194.4073856,-6.027699999999999,3.29616,2.1364,-0.6800519700000001,0.69958317,0.126891765
1764505194.4073856,-6.027699999999999,3.29616,2.1364,-0.6800519700000001,0.69958317,0.126891765
1764505194.4073856,-6.027699999999999,3.29616,2.1364,-0.6800519700000001,0.69958317,0.126891765
1764505194.4073856,-6.027699999999999,3.29616,2.1364,-0.6800519700000001,0.69958317,0.126891765
1764505194.4073856,-6.027699999999999,3.29616,2.1364,-0.6800519700000001,0.69958317,0.126891765
1764505194.4073856,-3.40298,3.46402,2.19744,-0.680845425,0.698057295,0.12841764
1764505194.4073856,-3.40298,3.46402,2.19744,-0.680845425,0.698057295,0.12841764
1764505194.4073856,-3.40298,3.46402,2.19744,-0.680845425,0.698057295,0.12841764
1764505194.4073856,-3.40298,3.46402,2.19744,-0.680845425,0.698057295,0.12841764
1764505194.4073856,-3.40298,3.46402,2.19744,-0.680845425,0.698057295,0.12841764
1764505194.4073856,-3.40298,3.46402,2.19744,-0.680845425,0.698057295,0.12841764
1764505194.4558034,-3.40298,3.46402,2.19744,-0.680845425,0.698057295,0.12841764
1764505194.4558034,-3.40298,3.46402,2.19744,-0.680845425,0.698057295,0.12841764
1764505194.4558034,-3.40298,3.46402,2.19744,-0.680845425,0.698057295,0.12841764
1764505194.4558034,-3.40298,3.46402,2.19744,-0.680845425,0.698057295,0.12841764
1764505194.45734,-4.0439,3.18934,0.6409199999999999,-0.68054025,0.698057295,0.12902799
1764505194.45734,-4.0439,3.18934,0.6409199999999999,-0.68054025,0.698057295,0.12902799
1764505194.45734,-4.0439,3.18934,0.6409199999999999,-0.68054025,0.698057295,0.12902799
1764505194.45734,-4.0439,3.18934,0.6409199999999999,-0.68054025,0.698057295,0.12902799
1764505194.45734,-4.0439,3.18934,0.6409199999999999,-0.68054025,0.698057295,0.12902799
1764505194.45734,-4.0439,3.18934,0.6409199999999999,-0.68054025,0.698057295,0.12902799
1764505194.45734,-4.0439,3.18934,0.6409199999999999,-0.68054025,0.698057295,0.12902799
1764505194.45734,-4.0439,3.18934,0.6409199999999999,-0.68054025,0.698057295,0.12902799
1764505194.45734,-4.0439,3.18934,0.6409199999999999,-0.68054025,0.698057295,0.12902799
1764505194.45734,-4.0439,3.18934,0.6409199999999999,-0.68054025,0.698057295,0.12902799
1764505194.45734,-3.26564,1.19028,1.02242,-0.68420235,0.700010415,0.132751125
1764505194.45734,-3.26564,1.19028,1.02242,-0.68420235,0.700010415,0.132751125
1764505194.45734,-3.26564,1.19028,1.02242,-0.68420235,0.700010415,0.132751125
1764505194.45734,-3.26564,1.19028,1.02242,-0.68420235,0.700010415,0.132751125
1764505194.45734,-3.26564,1.19028,1.02242,-0.68420235,0.700010415,0.132751125
1764505194.45734,-3.26564,1.19028,1.02242,-0.68420235,0.700010415,0.132751125
1764505194.45734,-3.26564,1.19028,1.02242,-0.68420235,0.700010415,0.132751125
1764505194.45734,-3.26564,1.19028,1.02242,-0.68420235,0.700010415,0.132751125
1764505194.5040128,-3.26564,1.19028,1.02242,-0.68420235,0.700010415,0.132751125
1764505194.5040128,-3.26564,1.19028,1.02242,-0.68420235,0.700010415,0.132751125
1764505194.5040128,-2.18218,-2.2127,-0.88508,-0.68835273,0.70373355,0.1367184
1764505194.5040128,-2.18218,-2.2127,-0.88508,-0.68835273,0.70373355,0.1367184
1764505194.5040128,-2.18218,-2.2127,-0.88508,-0.68835273,0.70373355,0.1367184
1764505194.5040128,-2.18218,-2.2127,-0.88508,-0.68835273,0.70373355,0.1367184
1764505194.5040128,-2.18218,-2.2127,-0.88508,-0.68835273,0.70373355,0.1367184
1764505194.5040128,-2.18218,-2.2127,-0.88508,-0.68835273,0.70373355,0.1367184
1764505194.5040128,-2.18218,-2.2127,-0.88508,-0.68835273,0.70373355,0.1367184
1764505194.5040128,-2.18218,-2.2127,-0.88508,-0.68835273,0.70373355,0.1367184
1764505194.5040128,-2.18218,-2.2127,-0.88508,-0.68835273,0.70373355,0.1367184
1764505194.5040128,-2.18218,-2.2127,-0.88508,-0.68835273,0.70373355,0.1367184
1764505194.5040128,1.12924,-5.0358,-2.62472,-0.686704785,0.709898085,0.14001429
1764505194.5040128,1.12924,-5.0358,-2.62472,-0.686704785,0.709898085,0.14001429
1764505194.5040128,1.12924,-5.0358,-2.62472,-0.686704785,0.709898085,0.14001429
1764505194.5040128,1.12924,-5.0358,-2.62472,-0.686704785,0.709898085,0.14001429
1764505194.5040128,1.12924,-5.0358,-2.62472,-0.686704785,0.709898085,0.14001429
1764505194.5040128,1.12924,-5.0358,-2.62472,-0.686704785,0.709898085,0.14001429
1764505194.5040128,1.12924,-5.0358,-2.62472,-0.686704785,0.709898085,0.14001429
1764505194.5040128,1.12924,-5.0358,-2.62472,-0.686704785,0.709898085,0.14001429
1764505194.5050278,1.12924,-5.0358,-2.62472,-0.686704785,0.709898085,0.14001429
1764505194.5050278,1.12924,-5.0358,-2.62472,-0.686704785,0.709898085,0.14001429
1764505194.5050278,-0.3509799999999999,-6.28712,-3.6624,-0.6821271600000001,0.717588495,0.142638795
1764505194.5050278,-0.3509799999999999,-6.28712,-3.6624,-0.6821271600000001,0.717588495,0.142638795
1764505194.5481124,-0.3509799999999999,-6.28712,-3.6624,-0.6821271600000001,0.717588495,0.142638795
1764505194.548619,-0.3509799999999999,-6.28712,-3.6624,-0.6821271600000001,0.717588495,0.142638795
1764505194.548619,-0.3509799999999999,-6.28712,-3.6624,-0.6821271600000001,0.717588495,0.142638795
1764505194.548619,-0.3509799999999999,-6.28712,-3.6624,-0.6821271600000001,0.717588495,0.142638795
1764505194.548619,-0.3509799999999999,-6.28712,-3.6624,-0.6821271600000001,0.717588495,0.142638795
1764505194.548619,-0.3509799999999999,-6.28712,-3.6624,-0.6821271600000001,0.717588495,0.142638795
1764505194.548619,-0.3509799999999999,-6.28712,-3.6624,-0.6821271600000001,0.717588495,0.142638795
1764505194.548619,-0.3509799999999999,-6.28712,-3.6624,-0.6821271600000001,0.717588495,0.142638795
1764505194.548619,-4.41014,-6.653359999999999,-1.31236,-0.677793675,0.723691995,0.14318811
1764505194.548619,-4.41014,-6.653359999999999,-1.31236,-0.677793675,0.723691995,0.14318811
1764505194.548619,-4.41014,-6.653359999999999,-1.31236,-0.677793675,0.723691995,0.14318811
1764505194.548619,-4.41014,-6.653359999999999,-1.31236,-0.677793675,0.723691995,0.14318811
1764505194.548619,-4.41014,-6.653359999999999,-1.31236,-0.677793675,0.723691995,0.14318811
1764505194.548619,-4.41014,-6.653359999999999,-1.31236,-0.677793675,0.723691995,0.14318811
1764505194.548619,-4.41014,-6.653359999999999,-1.31236,-0.677793675,0.723691995,0.14318811
1764505194.548619,-4.41014,-6.653359999999999,-1.31236,-0.677793675,0.723691995,0.14318811
1764505194.548619,-4.41014,-6.653359999999999,-1.31236,-0.677793675,0.723691995,0.14318811
1764505194.548619,-4.41014,-6.653359999999999,-1.31236,-0.677793675,0.723691995,0.14318811
1764505194.548619,-6.91278,-6.07348,2.5942,-0.675596415,0.722837505,0.141173955
1764505194.548619,-6.91278,-6.07348,2.5942,-0.675596415,0.722837505,0.141173955
1764505194.548619,-6.91278,-6.07348,2.5942,-0.675596415,0.722837505,0.141173955
1764505194.549646,-6.91278,-6.07348,2.5942,-0.675596415,0.722837505,0.141173955
1764505194.549646,-6.91278,-6.07348,2.5942,-0.675596415,0.722837505,0.141173955
1764505194.549646,-6.91278,-6.07348,2.5942,-0.675596415,0.722837505,0.141173955
1764505194.597939,-6.91278,-6.07348,2.5942,-0.675596415,0.722837505,0.141173955
1764505194.597939,-6.91278,-6.07348,2.5942,-0.675596415,0.722837505,0.141173955
1764505194.597939,-6.91278,-6.07348,2.5942,-0.675596415,0.722837505,0.141173955
1764505194.597939,-6.91278,-6.07348,2.5942,-0.675596415,0.722837505,0.141173955
1764505194.597939,-9.2323,-3.78448,4.45592,-0.675108135,0.71862609,0.136657365
1764505194.597939,-9.2323,-3.78448,4.45592,-0.675108135,0.71862609,0.136657365
1764505194.597939,-9.2323,-3.78448,4.45592,-0.675108135,0.71862609,0.136657365
1764505194.597939,-9.2323,-3.78448,4.45592,-0.675108135,0.71862609,0.136657365
1764505194.597939,-9.2323,-3.78448,4.45592,-0.675108135,0.71862609,0.136657365
1764505194.597939,-9.2323,-3.78448,4.45592,-0.675108135,0.71862609,0.136657365
1764505194.597939,-9.2323,-3.78448,4.45592,-0.675108135,0.71862609,0.136657365
1764505194.597939,-9.2323,-3.78448,4.45592,-0.675108135,0.71862609,0.136657365
1764505194.597939,-9.2323,-3.78448,4.45592,-0.675108135,0.71862609,0.136657365
1764505194.597939,-9.2323,-3.78448,4.45592,-0.675108135,0.71862609,0.136657365
1764505194.5985982,-8.0878,-2.77732,5.52412,-0.67687815,0.712095345,0.13354458
1764505194.5985982,-8.0878,-2.77732,5.52412,-0.67687815,0.712095345,0.13354458
1764505194.5985982,-8.0878,-2.77732,5.52412,-0.67687815,0.712095345,0.13354458
1764505194.5985982,-8.0878,-2.77732,5.52412,-0.67687815,0.712095345,0.13354458
1764505194.5985982,-8.0878,-2.77732,5.52412,-0.67687815,0.712095345,0.13354458
1764505194.5985982,-8.0878,-2.77732,5.52412,-0.67687815,0.712095345,0.13354458
1764505194.5985982,-8.0878,-2.77732,5.52412,-0.67687815,0.712095345,0.13354458
1764505194.5985982,-8.0878,-2.77732,5.52412,-0.67687815,0.712095345,0.13354458
1764505194.5985982,-8.0878,-2.77732,5.52412,-0.67687815,0.712095345,0.13354458
1764505194.5985982,-8.0878,-2.77732,5.52412,-0.67687815,0.712095345,0.13354458
1764505194.6412678,-5.29522,-1.77016,6.07348,-0.677915745,0.70300113,0.130309725
1764505194.641779,-5.29522,-1.77016,6.07348,-0.677915745,0.70300113,0.130309725
1764505194.641779,-5.29522,-1.77016,6.07348,-0.677915745,0.70300113,0.130309725
1764505194.641779,-5.29522,-1.77016,6.07348,-0.677915745,0.70300113,0.130309725
1764505194.641779,-5.29522,-1.77016,6.07348,-0.677915745,0.70300113,0.130309725
1764505194.641779,-5.29522,-1.77016,6.07348,-0.677915745,0.70300113,0.130309725
1764505194.641779,-5.29522,-1.77016,6.07348,-0.677915745,0.70300113,0.130309725
1764505194.641779,-5.29522,-1.77016,6.07348,-0.677915745,0.70300113,0.130309725
1764505194.641779,-5.29522,-1.77016,6.07348,-0.677915745,0.70300113,0.130309725
1764505194.641779,-5.29522,-1.77016,6.07348,-0.677915745,0.70300113,0.130309725
1764505194.6905675,-2.15166,-1.6633399999999998,5.92088,-0.67968576,0.694761405,0.128234535
1764505194.6905675,-2.15166,-1.6633399999999998,5.92088,-0.67968576,0.694761405,0.128234535
1764505194.6905675,-2.15166,-1.6633399999999998,5.92088,-0.67968576,0.694761405,0.128234535
1764505194.6905675,-2.15166,-1.6633399999999998,5.92088,-0.67968576,0.694761405,0.128234535
1764505194.6905675,-2.15166,-1.6633399999999998,5.92088,-0.67968576,0.694761405,0.128234535
1764505194.6905675,-2.15166,-1.6633399999999998,5.92088,-0.67968576,0.694761405,0.128234535
1764505194.6905675,-2.15166,-1.6633399999999998,5.92088,-0.67968576,0.694761405,0.128234535
1764505194.6915672,-2.15166,-1.6633399999999998,5.92088,-0.67968576,0.694761405,0.128234535
1764505194.6915672,-2.15166,-1.6633399999999998,5.92088,-0.67968576,0.694761405,0.128234535
1764505194.6915672,-2.15166,-1.6633399999999998,5.92088,-0.67968576,0.694761405,0.128234535
1764505194.6915672,-1.72438,-2.38056,6.07348,-0.683286825,0.688657905,0.127502115
1764505194.6915672,-1.72438,-2.38056,6.07348,-0.683286825,0.688657905,0.127502115
1764505194.6915672,-1.72438,-2.38056,6.07348,-0.683286825,0.688657905,0.127502115
1764505194.6915672,-1.72438,-2.38056,6.07348,-0.683286825,0.688657905,0.127502115
1764505194.6925647,-1.72438,-2.38056,6.07348,-0.683286825,0.688657905,0.127502115
1764505194.6925647,-1.72438,-2.38056,6.07348,-0.683286825,0.688657905,0.127502115
1764505194.6925647,-1.72438,-2.38056,6.07348,-0.683286825,0.688657905,0.127502115
1764505194.6925647,-1.72438,-2.38056,6.07348,-0.683286825,0.688657905,0.127502115
1764505194.6925647,-1.72438,-2.38056,6.07348,-0.683286825,0.688657905,0.127502115
1764505194.6925647,-1.72438,-2.38056,6.07348,-0.683286825,0.688657905,0.127502115
1764505194.6925647,-2.3653,-3.49454,6.271859999999999,-0.685239945,0.68749824,0.128478675
1764505194.6925647,-2.3653,-3.49454,6.271859999999999,-0.685239945,0.68749824,0.128478675
1764505194.6925647,-2.3653,-3.49454,6.271859999999999,-0.685239945,0.68749824,0.128478675
1764505194.6925647,-2.3653,-3.49454,6.271859999999999,-0.685239945,0.68749824,0.128478675
1764505194.6925647,-2.3653,-3.49454,6.271859999999999,-0.685239945,0.68749824,0.128478675
1764505194.6940713,-2.3653,-3.49454,6.271859999999999,-0.685239945,0.68749824,0.128478675
1764505194.6940713,-2.3653,-3.49454,6.271859999999999,-0.685239945,0.68749824,0.128478675
1764505194.6940713,-2.3653,-3.49454,6.271859999999999,-0.685239945,0.68749824,0.128478675
1764505194.694599,-2.3653,-3.49454,6.271859999999999,-0.685239945,0.68749824,0.128478675
1764505194.6949265,-2.3653,-3.49454,6.271859999999999,-0.685239945,0.68749824,0.128478675
1764505194.6949265,-4.31858,-2.1364,6.19556,-0.683653035,0.688657905,0.12976041
1764505194.6949265,-4.31858,-2.1364,6.19556,-0.683653035,0.688657905,0.12976041
1764505194.6949265,-4.31858,-2.1364,6.19556,-0.683653035,0.688657905,0.12976041
1764505194.6949265,-4.31858,-2.1364,6.19556,-0.683653035,0.688657905,0.12976041
1764505194.6949265,-4.31858,-2.1364,6.19556,-0.683653035,0.688657905,0.12976041
1764505194.6949265,-4.31858,-2.1364,6.19556,-0.683653035,0.688657905,0.12976041
1764505194.7397826,-4.31858,-2.1364,6.19556,-0.683653035,0.688657905,0.12976041
1764505194.7397826,-4.31858,-2.1364,6.19556,-0.683653035,0.688657905,0.12976041
1764505194.7397826,-4.31858,-2.1364,6.19556,-0.683653035,0.688657905,0.12976041
1764505194.7397826,-4.31858,-2.1364,6.19556,-0.683653035,0.688657905,0.12976041
1764505194.7397826,-6.05822,3.1283,5.31048,-0.68200509,0.68993964,0.1306149
1764505194.7407784,-6.05822,3.1283,5.31048,-0.68200509,0.68993964,0.1306149
1764505194.7407784,-6.05822,3.1283,5.31048,-0.68200509,0.68993964,0.1306149
1764505194.7407784,-6.05822,3.1283,5.31048,-0.68200509,0.68993964,0.1306149
1764505194.7407784,-6.05822,3.1283,5.31048,-0.68200509,0.68993964,0.1306149
1764505194.7407784,-6.05822,3.1283,5.31048,-0.68200509,0.68993964,0.1306149
1764505194.7407784,-6.05822,3.1283,5.31048,-0.68200509,0.68993964,0.1306149
1764505194.7407784,-6.05822,3.1283,5.31048,-0.68200509,0.68993964,0.1306149
1764505194.7407784,-6.05822,3.1283,5.31048,-0.68200509,0.68993964,0.1306149
1764505194.7407784,-6.05822,3.1283,5.31048,-0.68200509,0.68993964,0.1306149
1764505194.7407784,-7.202719999999999,5.00528,3.92182,-0.6837140700000001,0.692197935,0.13012662
1764505194.7407784,-7.202719999999999,5.00528,3.92182,-0.6837140700000001,0.692197935,0.13012662
1764505194.7422855,-7.202719999999999,5.00528,3.92182,-0.6837140700000001,0.692197935,0.13012662
1764505194.7422855,-7.202719999999999,5.00528,3.92182,-0.6837140700000001,0.692197935,0.13012662
1764505194.7422855,-7.202719999999999,5.00528,3.92182,-0.6837140700000001,0.692197935,0.13012662
1764505194.7422855,-7.202719999999999,5.00528,3.92182,-0.6837140700000001,0.692197935,0.13012662
1764505194.7422855,-7.202719999999999,5.00528,3.92182,-0.6837140700000001,0.692197935,0.13012662
1764505194.7422855,-7.202719999999999,5.00528,3.92182,-0.6837140700000001,0.692197935,0.13012662
1764505194.7422855,-7.202719999999999,5.00528,3.92182,-0.6837140700000001,0.692197935,0.13012662
1764505194.7422855,-7.202719999999999,5.00528,3.92182,-0.6837140700000001,0.692197935,0.13012662
1764505194.782441,-7.79786,3.75396,2.45686,-0.68652168,0.692564145,0.13085904
1764505194.782441,-7.79786,3.75396,2.45686,-0.68652168,0.692564145,0.13085904
1764505194.782441,-7.79786,3.75396,2.45686,-0.68652168,0.692564145,0.13085904
1764505194.782441,-7.79786,3.75396,2.45686,-0.68652168,0.692564145,0.13085904
1764505194.784075,-7.79786,3.75396,2.45686,-0.68652168,0.692564145,0.13085904
1764505194.784075,-7.79786,3.75396,2.45686,-0.68652168,0.692564145,0.13085904
1764505194.784075,-7.79786,3.75396,2.45686,-0.68652168,0.692564145,0.13085904
1764505194.784075,-7.79786,3.75396,2.45686,-0.68652168,0.692564145,0.13085904
1764505194.784075,-7.79786,3.75396,2.45686,-0.68652168,0.692564145,0.13085904
1764505194.784075,-7.79786,3.75396,2.45686,-0.68652168,0.692564145,0.13085904
1764505194.784075,-8.0115,1.92276,0.3509799999999999,-0.68639961,0.690122745,0.13281216
1764505194.784075,-8.0115,1.92276,0.3509799999999999,-0.68639961,0.690122745,0.13281216
1764505194.784075,-8.0115,1.92276,0.3509799999999999,-0.68639961,0.690122745,0.13281216
1764505194.784075,-8.0115,1.92276,0.3509799999999999,-0.68639961,0.690122745,0.13281216
1764505194.784075,-8.0115,1.92276,0.3509799999999999,-0.68639961,0.690122745,0.13281216
1764505194.784075,-8.0115,1.92276,0.3509799999999999,-0.68639961,0.690122745,0.13281216
1764505194.785612,-8.0115,1.92276,0.3509799999999999,-0.68639961,0.690122745,0.13281216
1764505194.785612,-8.0115,1.92276,0.3509799999999999,-0.68639961,0.690122745,0.13281216
1764505194.785612,-8.0115,1.92276,0.3509799999999999,-0.68639961,0.690122745,0.13281216
1764505194.785612,-8.0115,1.92276,0.3509799999999999,-0.68639961,0.690122745,0.13281216
1764505194.785612,-6.6381,1.25132,0.59514,-0.686704785,0.69067206,0.13391079
1764505194.785612,-6.6381,1.25132,0.59514,-0.686704785,0.69067206,0.13391079
1764505194.786624,-6.6381,1.25132,0.59514,-0.686704785,0.69067206,0.13391079
1764505194.786624,-6.6381,1.25132,0.59514,-0.686704785,0.69067206,0.13391079
1764505194.8293035,-6.6381,1.25132,0.59514,-0.686704785,0.69067206,0.13391079
1764505194.8293035,-6.6381,1.25132,0.59514,-0.686704785,0.69067206,0.13391079
1764505194.8293035,-6.6381,1.25132,0.59514,-0.686704785,0.69067206,0.13391079
1764505194.8293035,-6.6381,1.25132,0.59514,-0.686704785,0.69067206,0.13391079
1764505194.8293035,-6.6381,1.25132,0.59514,-0.686704785,0.69067206,0.13391079
1764505194.8293035,-6.6381,1.25132,0.59514,-0.686704785,0.69067206,0.13391079
1764505194.8293035,-7.0196,-0.24416,0.47306,-0.683408895,0.694639335,0.134277
1764505194.8293035,-7.0196,-0.24416,0.47306,-0.683408895,0.694639335,0.134277
1764505194.8293035,-7.0196,-0.24416,0.47306,-0.683408895,0.694639335,0.134277
1764505194.8293035,-7.0196,-0.24416,0.47306,-0.683408895,0.694639335,0.134277
1764505194.831029,-7.0196,-0.24416,0.47306,-0.683408895,0.694639335,0.134277
1764505194.831029,-7.0196,-0.24416,0.47306,-0.683408895,0.694639335,0.134277
1764505194.831029,-7.0196,-0.24416,0.47306,-0.683408895,0.694639335,0.134277
1764505194.831029,-7.0196,-0.24416,0.47306,-0.683408895,0.694639335,0.134277
1764505194.831029,-7.0196,-0.24416,0.47306,-0.683408895,0.694639335,0.134277
1764505194.831029,-7.0196,-0.24416,0.47306,-0.683408895,0.694639335,0.134277
1764505194.8320403,-4.22702,-1.78542,1.81594,-0.679136445,0.69909489,0.135314595
1764505194.8320403,-4.22702,-1.78542,1.81594,-0.679136445,0.69909489,0.135314595
1764505194.8320403,-4.22702,-1.78542,1.81594,-0.679136445,0.69909489,0.135314595
1764505194.8320403,-4.22702,-1.78542,1.81594,-0.679136445,0.69909489,0.135314595
1764505194.8320403,-4.22702,-1.78542,1.81594,-0.679136445,0.69909489,0.135314595
1764505194.8320403,-4.22702,-1.78542,1.81594,-0.679136445,0.69909489,0.135314595
1764505194.8752868,-4.22702,-1.78542,1.81594,-0.679136445,0.69909489,0.135314595
1764505194.8752868,-4.22702,-1.78542,1.81594,-0.679136445,0.69909489,0.135314595
1764505194.8762996,-4.22702,-1.78542,1.81594,-0.679136445,0.69909489,0.135314595
1764505194.8762996,-4.22702,-1.78542,1.81594,-0.679136445,0.69909489,0.135314595
1764505194.8762996,-1.95328,-0.19838,1.63282,-0.67419261,0.700742835,0.136169085
1764505194.8762996,-1.95328,-0.19838,1.63282,-0.67419261,0.700742835,0.136169085
1764505194.8762996,-1.95328,-0.19838,1.63282,-0.67419261,0.700742835,0.136169085
1764505194.8762996,-1.95328,-0.19838,1.63282,-0.67419261,0.700742835,0.136169085
1764505194.8762996,-1.95328,-0.19838,1.63282,-0.67419261,0.700742835,0.136169085
1764505194.8762996,-1.95328,-0.19838,1.63282,-0.67419261,0.700742835,0.136169085
1764505194.8762996,-1.95328,-0.19838,1.63282,-0.67419261,0.700742835,0.136169085
1764505194.8762996,-1.95328,-0.19838,1.63282,-0.67419261,0.700742835,0.136169085
1764505194.8762996,-1.95328,-0.19838,1.63282,-0.67419261,0.700742835,0.136169085
1764505194.8762996,-1.95328,-0.19838,1.63282,-0.67419261,0.700742835,0.136169085
1764505194.8762996,-1.09872,1.54126,1.48022,-0.67175121,0.702451815,0.13623012
1764505194.8762996,-1.09872,1.54126,1.48022,-0.67175121,0.702451815,0.13623012
1764505194.8780165,-1.09872,1.54126,1.48022,-0.67175121,0.702451815,0.13623012
1764505194.8780165,-1.09872,1.54126,1.48022,-0.67175121,0.702451815,0.13623012
1764505194.8780165,-1.09872,1.54126,1.48022,-0.67175121,0.702451815,0.13623012
1764505194.8780165,-1.09872,1.54126,1.48022,-0.67175121,0.702451815,0.13623012
1764505194.8780165,-1.09872,1.54126,1.48022,-0.67175121,0.702451815,0.13623012
1764505194.8780165,-1.09872,1.54126,1.48022,-0.67175121,0.702451815,0.13623012
1764505194.8780165,-1.09872,1.54126,1.48022,-0.67175121,0.702451815,0.13623012
1764505194.8780165,-1.09872,1.54126,1.48022,-0.67175121,0.702451815,0.13623012
1764505194.9291873,-3.40298,1.25132,1.03768,-0.672544665,0.70507632,0.135314595
1764505194.9291873,-3.40298,1.25132,1.03768,-0.672544665,0.70507632,0.135314595
1764505194.9291873,-3.40298,1.25132,1.03768,-0.672544665,0.70507632,0.135314595
1764505194.9291873,-3.40298,1.25132,1.03768,-0.672544665,0.70507632,0.135314595
1764505194.9291873,-3.40298,1.25132,1.03768,-0.672544665,0.70507632,0.135314595
1764505194.9291873,-3.40298,1.25132,1.03768,-0.672544665,0.70507632,0.135314595
1764505194.9291873,-3.40298,1.25132,1.03768,-0.672544665,0.70507632,0.135314595
1764505194.9291873,-3.40298,1.25132,1.03768,-0.672544665,0.70507632,0.135314595
1764505194.9291873,-3.40298,1.25132,1.03768,-0.672544665,0.70507632,0.135314595
1764505194.9291873,-3.40298,1.25132,1.03768,-0.672544665,0.70507632,0.135314595
1764505194.9291873,-4.59326,0.44254,1.32762,-0.67089672,0.70971498,0.135802875
1764505194.9291873,-4.59326,0.44254,1.32762,-0.67089672,0.70971498,0.135802875
1764505194.9291873,-4.59326,0.44254,1.32762,-0.67089672,0.70971498,0.135802875
1764505194.9291873,-4.59326,0.44254,1.32762,-0.67089672,0.70971498,0.135802875
1764505194.9291873,-4.59326,0.44254,1.32762,-0.67089672,0.70971498,0.135802875
1764505194.9291873,-4.59326,0.44254,1.32762,-0.67089672,0.70971498,0.135802875
1764505194.9291873,-4.59326,0.44254,1.32762,-0.67089672,0.70971498,0.135802875
1764505194.9291873,-4.59326,0.44254,1.32762,-0.67089672,0.70971498,0.135802875
1764505194.9291873,-4.59326,0.44254,1.32762,-0.67089672,0.70971498,0.135802875
1764505194.9291873,-4.59326,0.44254,1.32762,-0.67089672,0.70971498,0.135802875
1764505194.929782,-3.98286,0.3204599999999999,2.22796,-0.669126705,0.711607065,0.137511855
1764505194.929782,-3.98286,0.3204599999999999,2.22796,-0.669126705,0.711607065,0.137511855
1764505194.929782,-3.98286,0.3204599999999999,2.22796,-0.669126705,0.711607065,0.137511855
1764505194.929782,-3.98286,0.3204599999999999,2.22796,-0.669126705,0.711607065,0.137511855
1764505194.9702687,-3.98286,0.3204599999999999,2.22796,-0.669126705,0.711607065,0.137511855
1764505194.9702687,-3.98286,0.3204599999999999,2.22796,-0.669126705,0.711607065,0.137511855
1764505194.9702687,-3.98286,0.3204599999999999,2.22796,-0.669126705,0.711607065,0.137511855
1764505194.9702687,-3.98286,0.3204599999999999,2.22796,-0.669126705,0.711607065,0.137511855
1764505194.9702687,-3.98286,0.3204599999999999,2.22796,-0.669126705,0.711607065,0.137511855
1764505194.9702687,-3.98286,0.3204599999999999,2.22796,-0.669126705,0.711607065,0.137511855
1764505194.9702687,-4.2728,0.28994,1.17502,-0.667783935,0.71130189,0.139464975
1764505194.9718642,-4.2728,0.28994,1.17502,-0.667783935,0.71130189,0.139464975
1764505194.9718642,-4.2728,0.28994,1.17502,-0.667783935,0.71130189,0.139464975
1764505194.9728837,-4.2728,0.28994,1.17502,-0.667783935,0.71130189,0.139464975
1764505194.9728837,-4.2728,0.28994,1.17502,-0.667783935,0.71130189,0.139464975
1764505194.9728837,-4.2728,0.28994,1.17502,-0.667783935,0.71130189,0.139464975
1764505194.9728837,-4.2728,0.28994,1.17502,-0.667783935,0.71130189,0.139464975
1764505194.973879,-4.2728,0.28994,1.17502,-0.667783935,0.71130189,0.139464975
1764505194.973879,-4.2728,0.28994,1.17502,-0.667783935,0.71130189,0.139464975
1764505194.973879,-4.2728,0.28994,1.17502,-0.667783935,0.71130189,0.139464975
1764505194.973879,-4.0439,1.72438,1.17502,-0.667906005,0.710020155,0.13964808
1764505194.973879,-4.0439,1.72438,1.17502,-0.667906005,0.710020155,0.13964808
1764505194.973879,-4.0439,1.72438,1.17502,-0.667906005,0.710020155,0.13964808
1764505194.973879,-4.0439,1.72438,1.17502,-0.667906005,0.710020155,0.13964808
1764505194.9743917,-4.0439,1.72438,1.17502,-0.667906005,0.710020155,0.13964808
1764505194.9743917,-4.0439,1.72438,1.17502,-0.667906005,0.710020155,0.13964808
1764505195.014743,-4.0439,1.72438,1.17502,-0.667906005,0.710020155,0.13964808
1764505195.014743,-4.0439,1.72438,1.17502,-0.667906005,0.710020155,0.13964808
1764505195.014743,-4.0439,1.72438,1.17502,-0.667906005,0.710020155,0.13964808
1764505195.014743,-4.0439,1.72438,1.17502,-0.667906005,0.710020155,0.13964808
1764505195.014743,-3.70818,1.92276,1.12924,-0.66857739,0.70947084,0.138976695
1764505195.014743,-3.70818,1.92276,1.12924,-0.66857739,0.70947084,0.138976695
1764505195.0157812,-3.70818,1.92276,1.12924,-0.66857739,0.70947084,0.138976695
1764505195.0157812,-3.70818,1.92276,1.12924,-0.66857739,0.70947084,0.138976695
1764505195.0157812,-3.70818,1.92276,1.12924,-0.66857739,0.70947084,0.138976695
1764505195.0157812,-3.70818,1.92276,1.12924,-0.66857739,0.70947084,0.138976695
1764505195.0157812,-3.70818,1.92276,1.12924,-0.66857739,0.70947084,0.138976695
1764505195.0157812,-3.70818,1.92276,1.12924,-0.66857739,0.70947084,0.138976695
1764505195.0157812,-3.70818,1.92276,1.12924,-0.66857739,0.70947084,0.138976695
1764505195.0157812,-3.70818,1.92276,1.12924,-0.66857739,0.70947084,0.138976695
1764505195.0157812,-4.21176,1.03768,1.89224,-0.66918774,0.71093568,0.139220835
1764505195.0157812,-4.21176,1.03768,1.89224,-0.66918774,0.71093568,0.139220835
1764505195.0157812,-4.21176,1.03768,1.89224,-0.66918774,0.71093568,0.139220835
1764505195.0157812,-4.21176,1.03768,1.89224,-0.66918774,0.71093568,0.139220835
1764505195.0157812,-4.21176,1.03768,1.89224,-0.66918774,0.71093568,0.139220835
1764505195.0157812,-4.21176,1.03768,1.89224,-0.66918774,0.71093568,0.139220835
1764505195.0157812,-4.21176,1.03768,1.89224,-0.66918774,0.71093568,0.139220835
1764505195.0157812,-4.21176,1.03768,1.89224,-0.66918774,0.71093568,0.139220835
1764505195.0157812,-4.21176,1.03768,1.89224,-0.66918774,0.71093568,0.139220835
1764505195.0167778,-4.21176,1.03768,1.89224,-0.66918774,0.71093568,0.139220835
1764505195.0624332,-6.1803,1.41918,1.51074,-0.6689436,0.713926395,0.139220835
1764505195.0624332,-6.1803,1.41918,1.51074,-0.6689436,0.713926395,0.139220835
1764505195.0624332,-6.1803,1.41918,1.51074,-0.6689436,0.713926395,0.139220835
1764505195.0624332,-6.1803,1.41918,1.51074,-0.6689436,0.713926395,0.139220835
1764505195.0624332,-6.1803,1.41918,1.51074,-0.6689436,0.713926395,0.139220835
1764505195.0624332,-6.1803,1.41918,1.51074,-0.6689436,0.713926395,0.139220835
1764505195.0624332,-6.1803,1.41918,1.51074,-0.6689436,0.713926395,0.139220835
1764505195.0624332,-6.1803,1.41918,1.51074,-0.6689436,0.713926395,0.139220835
1764505195.0624332,-6.1803,1.41918,1.51074,-0.6689436,0.713926395,0.139220835
1764505195.0624332,-6.1803,1.41918,1.51074,-0.6689436,0.713926395,0.139220835
1764505195.0624332,-8.63716,3.052,1.12924,-0.667906005,0.71606262,0.14001429
1764505195.0624332,-8.63716,3.052,1.12924,-0.667906005,0.71606262,0.14001429
1764505195.0624332,-8.63716,3.052,1.12924,-0.667906005,0.71606262,0.14001429
1764505195.0624332,-8.63716,3.052,1.12924,-0.667906005,0.71606262,0.14001429
1764505195.0624332,-8.63716,3.052,1.12924,-0.667906005,0.71606262,0.14001429
1764505195.0624332,-8.63716,3.052,1.12924,-0.667906005,0.71606262,0.14001429
1764505195.064057,-8.63716,3.052,1.12924,-0.667906005,0.71606262,0.14001429
1764505195.064057,-8.63716,3.052,1.12924,-0.667906005,0.71606262,0.14001429
1764505195.064057,-8.63716,3.052,1.12924,-0.667906005,0.71606262,0.14001429
1764505195.064057,-8.63716,3.052,1.12924,-0.667906005,0.71606262,0.14001429
1764505195.064057,-10.5294,4.22702,1.526,-0.66882153,0.715269165,0.14001429
1764505195.064057,-10.5294,4.22702,1.526,-0.66882153,0.715269165,0.14001429
1764505195.064057,-10.5294,4.22702,1.526,-0.66882153,0.715269165,0.14001429
1764505195.064057,-10.5294,4.22702,1.526,-0.66882153,0.715269165,0.14001429
1764505195.1123295,-10.5294,4.22702,1.526,-0.66882153,0.715269165,0.14001429
1764505195.1123295,-10.5294,4.22702,1.526,-0.66882153,0.715269165,0.14001429
1764505195.1123295,-10.5294,4.22702,1.526,-0.66882153,0.715269165,0.14001429
1764505195.1123295,-10.5294,4.22702,1.526,-0.66882153,0.715269165,0.14001429
1764505195.1123295,-10.5294,4.22702,1.526,-0.66882153,0.715269165,0.14001429
1764505195.1123295,-10.5294,4.22702,1.526,-0.66882153,0.715269165,0.14001429
1764505195.1123295,-11.49078,5.1884,2.91466,-0.67089672,0.713316045,0.139098765
1764505195.1123295,-11.49078,5.1884,2.91466,-0.67089672,0.713316045,0.139098765
1764505195.1123295,-11.49078,5.1884,2.91466,-0.67089672,0.713316045,0.139098765
1764505195.1123295,-11.49078,5.1884,2.91466,-0.67089672,0.713316045,0.139098765
1764505195.1123295,-11.49078,5.1884,2.91466,-0.67089672,0.713316045,0.139098765
1764505195.1123295,-11.49078,5.1884,2.91466,-0.67089672,0.713316045,0.139098765
1764505195.1138787,-11.49078,5.1884,2.91466,-0.67089672,0.713316045,0.139098765
1764505195.1138787,-11.49078,5.1884,2.91466,-0.67089672,0.713316045,0.139098765
1764505195.1138787,-11.49078,5.1884,2.91466,-0.67089672,0.713316045,0.139098765
1764505195.1138787,-11.49078,5.1884,2.91466,-0.67089672,0.713316045,0.139098765
1764505195.1138787,-13.10834,5.7225,2.86888,-0.67284984,0.710264295,0.137633925
1764505195.1138787,-13.10834,5.7225,2.86888,-0.67284984,0.710264295,0.137633925
1764505195.1138787,-13.10834,5.7225,2.86888,-0.67284984,0.710264295,0.137633925
1764505195.1138787,-13.10834,5.7225,2.86888,-0.67284984,0.710264295,0.137633925
1764505195.1138787,-13.10834,5.7225,2.86888,-0.67284984,0.710264295,0.137633925
1764505195.1138787,-13.10834,5.7225,2.86888,-0.67284984,0.710264295,0.137633925
1764505195.1590793,-13.10834,5.7225,2.86888,-0.67284984,0.710264295,0.137633925
1764505195.1706753,-13.10834,5.7225,2.86888,-0.67284984,0.710264295,0.137633925
1764505195.1706753,-13.10834,5.7225,2.86888,-0.67284984,0.710264295,0.137633925
1764505195.1706753,-13.10834,5.7225,2.86888,-0.67284984,0.710264295,0.137633925
1764505195.172191,-13.87134,4.852679999999999,2.48738,-0.673155015,0.706846335,0.1367184
1764505195.172191,-13.87134,4.852679999999999,2.48738,-0.673155015,0.706846335,0.1367184
1764505195.172191,-13.87134,4.852679999999999,2.48738,-0.673155015,0.706846335,0.1367184
1764505195.172191,-13.87134,4.852679999999999,2.48738,-0.673155015,0.706846335,0.1367184
1764505195.172191,-13.87134,4.852679999999999,2.48738,-0.673155015,0.706846335,0.1367184
1764505195.172191,-13.87134,4.852679999999999,2.48738,-0.673155015,0.706846335,0.1367184
1764505195.172191,-13.87134,4.852679999999999,2.48738,-0.673155015,0.706846335,0.1367184
1764505195.1732016,-13.87134,4.852679999999999,2.48738,-0.673155015,0.706846335,0.1367184
1764505195.1732016,-13.87134,4.852679999999999,2.48738,-0.673155015,0.706846335,0.1367184
1764505195.1732016,-13.87134,4.852679999999999,2.48738,-0.673155015,0.706846335,0.1367184
1764505195.1732016,-12.8184,4.56274,2.5179,-0.67516917,0.7031232000000001,0.136169085
1764505195.1732016,-12.8184,4.56274,2.5179,-0.67516917,0.7031232000000001,0.136169085
1764505195.1732016,-12.8184,4.56274,2.5179,-0.67516917,0.7031232000000001,0.136169085
1764505195.1732016,-12.8184,4.56274,2.5179,-0.67516917,0.7031232000000001,0.136169085
1764505195.1742015,-12.8184,4.56274,2.5179,-0.67516917,0.7031232000000001,0.136169085
1764505195.1742015,-12.8184,4.56274,2.5179,-0.67516917,0.7031232000000001,0.136169085
1764505195.1742015,-12.8184,4.56274,2.5179,-0.67516917,0.7031232000000001,0.136169085
1764505195.1742015,-12.8184,4.56274,2.5179,-0.67516917,0.7031232000000001,0.136169085
1764505195.1742015,-12.8184,4.56274,2.5179,-0.67516917,0.7031232000000001,0.136169085
1764505195.1742015,-12.8184,4.56274,2.5179,-0.67516917,0.7031232000000001,0.136169085
1764505195.206048,-11.00246,5.646199999999999,3.40298,-0.675718485,0.70104801,0.135558735
1764505195.206048,-11.00246,5.646199999999999,3.40298,-0.675718485,0.70104801,0.135558735
1764505195.206048,-11.00246,5.646199999999999,3.40298,-0.675718485,0.70104801,0.135558735
1764505195.206048,-11.00246,5.646199999999999,3.40298,-0.675718485,0.70104801,0.135558735
1764505195.206048,-11.00246,5.646199999999999,3.40298,-0.675718485,0.70104801,0.135558735
1764505195.206048,-11.00246,5.646199999999999,3.40298,-0.675718485,0.70104801,0.135558735
1764505195.206048,-11.00246,5.646199999999999,3.40298,-0.675718485,0.70104801,0.135558735
1764505195.206048,-11.00246,5.646199999999999,3.40298,-0.675718485,0.70104801,0.135558735
1764505195.206048,-11.00246,5.646199999999999,3.40298,-0.675718485,0.70104801,0.135558735
1764505195.206048,-11.00246,5.646199999999999,3.40298,-0.675718485,0.70104801,0.135558735
1764505195.206048,-7.095899999999999,3.98286,3.26564,-0.67700022,0.69897282,0.135680805
1764505195.206048,-7.095899999999999,3.98286,3.26564,-0.67700022,0.69897282,0.135680805
1764505195.206048,-7.095899999999999,3.98286,3.26564,-0.67700022,0.69897282,0.135680805
1764505195.206048,-7.095899999999999,3.98286,3.26564,-0.67700022,0.69897282,0.135680805
1764505195.206048,-7.095899999999999,3.98286,3.26564,-0.67700022,0.69897282,0.135680805
1764505195.206048,-7.095899999999999,3.98286,3.26564,-0.67700022,0.69897282,0.135680805
1764505195.206048,-7.095899999999999,3.98286,3.26564,-0.67700022,0.69897282,0.135680805
1764505195.206048,-7.095899999999999,3.98286,3.26564,-0.67700022,0.69897282,0.135680805
1764505195.206048,-7.095899999999999,3.98286,3.26564,-0.67700022,0.69897282,0.135680805
1764505195.2070482,-7.095899999999999,3.98286,3.26564,-0.67700022,0.69897282,0.135680805
1764505195.2070482,-2.38056,2.99096,3.17408,-0.6779767800000001,0.69750798,0.137389785
1764505195.2070482,-2.38056,2.99096,3.17408,-0.6779767800000001,0.69750798,0.137389785
1764505195.2070482,-2.38056,2.99096,3.17408,-0.6779767800000001,0.69750798,0.137389785
1764505195.2070482,-2.38056,2.99096,3.17408,-0.6779767800000001,0.69750798,0.137389785
1764505195.2529323,-2.38056,2.99096,3.17408,-0.6779767800000001,0.69750798,0.137389785
1764505195.2529323,-2.38056,2.99096,3.17408,-0.6779767800000001,0.69750798,0.137389785
1764505195.2529323,-2.38056,2.99096,3.17408,-0.6779767800000001,0.69750798,0.137389785
1764505195.2529323,-2.38056,2.99096,3.17408,-0.6779767800000001,0.69750798,0.137389785
1764505195.2529323,-2.38056,2.99096,3.17408,-0.6779767800000001,0.69750798,0.137389785
1764505195.2529323,-2.38056,2.99096,3.17408,-0.6779767800000001,0.69750798,0.137389785
1764505195.2529323,-0.79352,1.6633399999999998,2.27374,-0.678892305,0.697324875,0.13940394
1764505195.2529323,-0.79352,1.6633399999999998,2.27374,-0.678892305,0.697324875,0.13940394
1764505195.2529323,-0.79352,1.6633399999999998,2.27374,-0.678892305,0.697324875,0.13940394
1764505195.2529323,-0.79352,1.6633399999999998,2.27374,-0.678892305,0.697324875,0.13940394
1764505195.2529323,-0.79352,1.6633399999999998,2.27374,-0.678892305,0.697324875,0.13940394
1764505195.2529323,-0.79352,1.6633399999999998,2.27374,-0.678892305,0.697324875,0.13940394
1764505195.2529323,-0.79352,1.6633399999999998,2.27374,-0.678892305,0.697324875,0.13940394
1764505195.2529323,-0.79352,1.6633399999999998,2.27374,-0.678892305,0.697324875,0.13940394
1764505195.2529323,-0.79352,1.6633399999999998,2.27374,-0.678892305,0.697324875,0.13940394
1764505195.2529323,-0.79352,1.6633399999999998,2.27374,-0.678892305,0.697324875,0.13940394
1764505195.2529323,-0.1678599999999999,0.0762999999999999,1.49548,-0.67858713,0.69811833,0.14111292
1764505195.2529323,-0.1678599999999999,0.0762999999999999,1.49548,-0.67858713,0.69811833,0.14111292
1764505195.2529323,-0.1678599999999999,0.0762999999999999,1.49548,-0.67858713,0.69811833,0.14111292
1764505195.2529323,-0.1678599999999999,0.0762999999999999,1.49548,-0.67858713,0.69811833,0.14111292
1764505195.2529323,-0.1678599999999999,0.0762999999999999,1.49548,-0.67858713,0.69811833,0.14111292
1764505195.2529323,-0.1678599999999999,0.0762999999999999,1.49548,-0.67858713,0.69811833,0.14111292
1764505195.2985578,-0.1678599999999999,0.0762999999999999,1.49548,-0.67858713,0.69811833,0.14111292
1764505195.2992826,-0.1678599999999999,0.0762999999999999,1.49548,-0.67858713,0.69811833,0.14111292
1764505195.2992826,-0.1678599999999999,0.0762999999999999,1.49548,-0.67858713,0.69811833,0.14111292
1764505195.2992826,-0.1678599999999999,0.0762999999999999,1.49548,-0.67858713,0.69811833,0.14111292
1764505195.2992826,-0.41202,-0.27468,1.15976,-0.6758405550000001,0.70043766,0.143249145
1764505195.2992826,-0.41202,-0.27468,1.15976,-0.6758405550000001,0.70043766,0.143249145
1764505195.2992826,-0.41202,-0.27468,1.15976,-0.6758405550000001,0.70043766,0.143249145
1764505195.2992826,-0.41202,-0.27468,1.15976,-0.6758405550000001,0.70043766,0.143249145
1764505195.2992826,-0.41202,-0.27468,1.15976,-0.6758405550000001,0.70043766,0.143249145
1764505195.2992826,-0.41202,-0.27468,1.15976,-0.6758405550000001,0.70043766,0.143249145
1764505195.2992826,-0.41202,-0.27468,1.15976,-0.6758405550000001,0.70043766,0.143249145
1764505195.2992826,-0.41202,-0.27468,1.15976,-0.6758405550000001,0.70043766,0.143249145
1764505195.2992826,-0.41202,-0.27468,1.15976,-0.6758405550000001,0.70043766,0.143249145
1764505195.2992826,-0.41202,-0.27468,1.15976,-0.6758405550000001,0.70043766,0.143249145
1764505195.2992826,-1.03768,-0.3357199999999999,0.82404,-0.67321605,0.702329745,0.146056755
1764505195.2992826,-1.03768,-0.3357199999999999,0.82404,-0.67321605,0.702329745,0.146056755
1764505195.2992826,-1.03768,-0.3357199999999999,0.82404,-0.67321605,0.702329745,0.146056755
1764505195.2992826,-1.03768,-0.3357199999999999,0.82404,-0.67321605,0.702329745,0.146056755
1764505195.2992826,-1.03768,-0.3357199999999999,0.82404,-0.67321605,0.702329745,0.146056755
1764505195.2992826,-1.03768,-0.3357199999999999,0.82404,-0.67321605,0.702329745,0.146056755
1764505195.2992826,-1.03768,-0.3357199999999999,0.82404,-0.67321605,0.702329745,0.146056755
1764505195.2992826,-1.03768,-0.3357199999999999,0.82404,-0.67321605,0.702329745,0.146056755
1764505195.2992826,-1.03768,-0.3357199999999999,0.82404,-0.67321605,0.702329745,0.146056755
1764505195.2992826,-1.03768,-0.3357199999999999,0.82404,-0.67321605,0.702329745,0.146056755
1764505195.3441184,-1.34288,-0.94612,1.38866,-0.6721784550000001,0.70458804,0.146056755
1764505195.3441184,-1.34288,-0.94612,1.38866,-0.6721784550000001,0.70458804,0.146056755
1764505195.3441184,-1.34288,-0.94612,1.38866,-0.6721784550000001,0.70458804,0.146056755
1764505195.3441184,-1.34288,-0.94612,1.38866,-0.6721784550000001,0.70458804,0.146056755
1764505195.3441184,-1.34288,-0.94612,1.38866,-0.6721784550000001,0.70458804,0.146056755
1764505195.3441184,-1.34288,-0.94612,1.38866,-0.6721784550000001,0.70458804,0.146056755
1764505195.3441184,-1.34288,-0.94612,1.38866,-0.6721784550000001,0.70458804,0.146056755
1764505195.3441184,-1.34288,-0.94612,1.38866,-0.6721784550000001,0.70458804,0.146056755
1764505195.3461351,-1.34288,-0.94612,1.38866,-0.6721784550000001,0.70458804,0.146056755
1764505195.3461351,-1.34288,-0.94612,1.38866,-0.6721784550000001,0.70458804,0.146056755
1764505195.3461351,-2.7468,-1.25132,1.70912,-0.67236156,0.707944965,0.14465295
1764505195.3461351,-2.7468,-1.25132,1.70912,-0.67236156,0.707944965,0.14465295
1764505195.3461351,-2.7468,-1.25132,1.70912,-0.67236156,0.707944965,0.14465295
1764505195.3461351,-2.7468,-1.25132,1.70912,-0.67236156,0.707944965,0.14465295
1764505195.3461351,-2.7468,-1.25132,1.70912,-0.67236156,0.707944965,0.14465295
1764505195.3461351,-2.7468,-1.25132,1.70912,-0.67236156,0.707944965,0.14465295
1764505195.3476431,-2.7468,-1.25132,1.70912,-0.67236156,0.707944965,0.14465295
1764505195.3476431,-2.7468,-1.25132,1.70912,-0.67236156,0.707944965,0.14465295
1764505195.3476431,-2.7468,-1.25132,1.70912,-0.67236156,0.707944965,0.14465295
1764505195.3476431,-2.7468,-1.25132,1.70912,-0.67236156,0.707944965,0.14465295
1764505195.3476431,-4.22702,-1.2055399999999998,2.10588,-0.672422595,0.711973275,0.142516725
1764505195.3476431,-4.22702,-1.2055399999999998,2.10588,-0.672422595,0.711973275,0.142516725
1764505195.3476431,-4.22702,-1.2055399999999998,2.10588,-0.672422595,0.711973275,0.142516725
1764505195.3476431,-4.22702,-1.2055399999999998,2.10588,-0.672422595,0.711973275,0.142516725
1764505195.3921404,-4.22702,-1.2055399999999998,2.10588,-0.672422595,0.711973275,0.142516725
1764505195.3926482,-4.22702,-1.2055399999999998,2.10588,-0.672422595,0.711973275,0.142516725
1764505195.3926482,-4.22702,-1.2055399999999998,2.10588,-0.672422595,0.711973275,0.142516725
1764505195.3926482,-4.22702,-1.2055399999999998,2.10588,-0.672422595,0.711973275,0.142516725
1764505195.3926482,-4.22702,-1.2055399999999998,2.10588,-0.672422595,0.711973275,0.142516725
1764505195.3926482,-4.22702,-1.2055399999999998,2.10588,-0.672422595,0.711973275,0.142516725
1764505195.3926482,-5.43256,-0.4578,2.12114,-0.67211742,0.713560185,0.14074671
1764505195.3926482,-5.43256,-0.4578,2.12114,-0.67211742,0.713560185,0.14074671
1764505195.3926482,-5.43256,-0.4578,2.12114,-0.67211742,0.713560185,0.14074671
1764505195.3926482,-5.43256,-0.4578,2.12114,-0.67211742,0.713560185,0.14074671
1764505195.3926482,-5.43256,-0.4578,2.12114,-0.67211742,0.713560185,0.14074671
1764505195.3926482,-5.43256,-0.4578,2.12114,-0.67211742,0.713560185,0.14074671
1764505195.3926482,-5.43256,-0.4578,2.12114,-0.67211742,0.713560185,0.14074671
1764505195.3926482,-5.43256,-0.4578,2.12114,-0.67211742,0.713560185,0.14074671
1764505195.3926482,-5.43256,-0.4578,2.12114,-0.67211742,0.713560185,0.14074671
1764505195.3926482,-5.43256,-0.4578,2.12114,-0.67211742,0.713560185,0.14074671
1764505195.3926482,-4.577999999999999,0.50358,1.58704,-0.671934315,0.711729135,0.138122205
1764505195.3926482,-4.577999999999999,0.50358,1.58704,-0.671934315,0.711729135,0.138122205
1764505195.3926482,-4.577999999999999,0.50358,1.58704,-0.671934315,0.711729135,0.138122205
1764505195.3926482,-4.577999999999999,0.50358,1.58704,-0.671934315,0.711729135,0.138122205
1764505195.3926482,-4.577999999999999,0.50358,1.58704,-0.671934315,0.711729135,0.138122205
1764505195.3926482,-4.577999999999999,0.50358,1.58704,-0.671934315,0.711729135,0.138122205
1764505195.3926482,-4.577999999999999,0.50358,1.58704,-0.671934315,0.711729135,0.138122205
1764505195.3926482,-4.577999999999999,0.50358,1.58704,-0.671934315,0.711729135,0.138122205
1764505195.4406128,-4.577999999999999,0.50358,1.58704,-0.671934315,0.711729135,0.138122205
1764505195.4406128,-4.577999999999999,0.50358,1.58704,-0.671934315,0.711729135,0.138122205
1764505195.4406128,-1.95328,1.28184,1.3734,-0.67150707,0.70776186,0.13696254
1764505195.4406128,-1.95328,1.28184,1.3734,-0.67150707,0.70776186,0.13696254
1764505195.4406128,-1.95328,1.28184,1.3734,-0.67150707,0.70776186,0.13696254
1764505195.4406128,-1.95328,1.28184,1.3734,-0.67150707,0.70776186,0.13696254
1764505195.4406128,-1.95328,1.28184,1.3734,-0.67150707,0.70776186,0.13696254
1764505195.4406128,-1.95328,1.28184,1.3734,-0.67150707,0.70776186,0.13696254
1764505195.4406128,-1.95328,1.28184,1.3734,-0.67150707,0.70776186,0.13696254
1764505195.4406128,-1.95328,1.28184,1.3734,-0.67150707,0.70776186,0.13696254
1764505195.4406128,-1.95328,1.28184,1.3734,-0.67150707,0.70776186,0.13696254
1764505195.4406128,-1.95328,1.28184,1.3734,-0.67150707,0.70776186,0.13696254
1764505195.4406128,0.47306,0.6103999999999999,0.54936,-0.671446035,0.705503565,0.13598598
1764505195.4406128,0.47306,0.6103999999999999,0.54936,-0.671446035,0.705503565,0.13598598
1764505195.4406128,0.47306,0.6103999999999999,0.54936,-0.671446035,0.705503565,0.13598598
1764505195.4406128,0.47306,0.6103999999999999,0.54936,-0.671446035,0.705503565,0.13598598
1764505195.4406128,0.47306,0.6103999999999999,0.54936,-0.671446035,0.705503565,0.13598598
1764505195.4406128,0.47306,0.6103999999999999,0.54936,-0.671446035,0.705503565,0.13598598
1764505195.4406128,0.47306,0.6103999999999999,0.54936,-0.671446035,0.705503565,0.13598598
1764505195.4406128,0.47306,0.6103999999999999,0.54936,-0.671446035,0.705503565,0.13598598
1764505195.4406128,0.47306,0.6103999999999999,0.54936,-0.671446035,0.705503565,0.13598598
1764505195.4416094,0.47306,0.6103999999999999,0.54936,-0.671446035,0.705503565,0.13598598
1764505195.4861846,0.7019599999999999,1.0682,0.97664,-0.66930981,0.706602195,0.136413225
1764505195.4861846,0.7019599999999999,1.0682,0.97664,-0.66930981,0.706602195,0.136413225
1764505195.4861846,0.7019599999999999,1.0682,0.97664,-0.66930981,0.706602195,0.136413225
1764505195.4861846,0.7019599999999999,1.0682,0.97664,-0.66930981,0.706602195,0.136413225
1764505195.4861846,0.7019599999999999,1.0682,0.97664,-0.66930981,0.706602195,0.136413225
1764505195.4861846,0.7019599999999999,1.0682,0.97664,-0.66930981,0.706602195,0.136413225
1764505195.4861846,0.7019599999999999,1.0682,0.97664,-0.66930981,0.706602195,0.136413225
1764505195.4861846,0.7019599999999999,1.0682,0.97664,-0.66930981,0.706602195,0.136413225
1764505195.4861846,0.7019599999999999,1.0682,0.97664,-0.66930981,0.706602195,0.136413225
1764505195.4861846,0.7019599999999999,1.0682,0.97664,-0.66930981,0.706602195,0.136413225
1764505195.4861846,-0.763,0.9156,1.70912,-0.67004223,0.709898085,0.138000135
1764505195.4861846,-0.763,0.9156,1.70912,-0.67004223,0.709898085,0.138000135
1764505195.4861846,-0.763,0.9156,1.70912,-0.67004223,0.709898085,0.138000135
1764505195.4861846,-0.763,0.9156,1.70912,-0.67004223,0.709898085,0.138000135
1764505195.4861846,-0.763,0.9156,1.70912,-0.67004223,0.709898085,0.138000135
1764505195.4875658,-0.763,0.9156,1.70912,-0.67004223,0.709898085,0.138000135
1764505195.4875658,-0.763,0.9156,1.70912,-0.67004223,0.709898085,0.138000135
1764505195.4875658,-0.763,0.9156,1.70912,-0.67004223,0.709898085,0.138000135
1764505195.4875658,-0.763,0.9156,1.70912,-0.67004223,0.709898085,0.138000135
1764505195.4875658,-0.763,0.9156,1.70912,-0.67004223,0.709898085,0.138000135
1764505195.4875658,-1.86172,0.3509799999999999,2.2127,-0.670347405,0.713560185,0.138610485
1764505195.4875658,-1.86172,0.3509799999999999,2.2127,-0.670347405,0.713560185,0.138610485
1764505195.4875658,-1.86172,0.3509799999999999,2.2127,-0.670347405,0.713560185,0.138610485
1764505195.4875658,-1.86172,0.3509799999999999,2.2127,-0.670347405,0.713560185,0.138610485
1764505195.5359645,-1.86172,0.3509799999999999,2.2127,-0.670347405,0.713560185,0.138610485
1764505195.5359645,-1.86172,0.3509799999999999,2.2127,-0.670347405,0.713560185,0.138610485
1764505195.5359645,-1.86172,0.3509799999999999,2.2127,-0.670347405,0.713560185,0.138610485
1764505195.5359645,-1.86172,0.3509799999999999,2.2127,-0.670347405,0.713560185,0.138610485
1764505195.5359645,-1.86172,0.3509799999999999,2.2127,-0.670347405,0.713560185,0.138610485
1764505195.5359645,-1.86172,0.3509799999999999,2.2127,-0.670347405,0.713560185,0.138610485
1764505195.5359645,-4.28806,0.24416,1.61756,-0.66930981,0.7156964100000001,0.139587045
1764505195.536946,-4.28806,0.24416,1.61756,-0.66930981,0.7156964100000001,0.139587045
1764505195.536946,-4.28806,0.24416,1.61756,-0.66930981,0.7156964100000001,0.139587045
1764505195.536946,-4.28806,0.24416,1.61756,-0.66930981,0.7156964100000001,0.139587045
1764505195.536946,-4.28806,0.24416,1.61756,-0.66930981,0.7156964100000001,0.139587045
1764505195.536946,-4.28806,0.24416,1.61756,-0.66930981,0.7156964100000001,0.139587045
1764505195.536946,-4.28806,0.24416,1.61756,-0.66930981,0.7156964100000001,0.139587045
1764505195.536946,-4.28806,0.24416,1.61756,-0.66930981,0.7156964100000001,0.139587045
1764505195.536946,-4.28806,0.24416,1.61756,-0.66930981,0.7156964100000001,0.139587045
1764505195.536946,-4.28806,0.24416,1.61756,-0.66930981,0.7156964100000001,0.139587045
1764505195.536946,-6.7144,1.89224,0.41202,-0.668272215,0.7151470950000001,0.139709115
1764505195.536946,-6.7144,1.89224,0.41202,-0.668272215,0.7151470950000001,0.139709115
1764505195.536946,-6.7144,1.89224,0.41202,-0.668272215,0.7151470950000001,0.139709115
1764505195.536946,-6.7144,1.89224,0.41202,-0.668272215,0.7151470950000001,0.139709115
1764505195.536946,-6.7144,1.89224,0.41202,-0.668272215,0.7151470950000001,0.139709115
1764505195.536946,-6.7144,1.89224,0.41202,-0.668272215,0.7151470950000001,0.139709115
1764505195.536946,-6.7144,1.89224,0.41202,-0.668272215,0.7151470950000001,0.139709115
1764505195.536946,-6.7144,1.89224,0.41202,-0.668272215,0.7151470950000001,0.139709115
1764505195.5793114,-6.7144,1.89224,0.41202,-0.668272215,0.7151470950000001,0.139709115
1764505195.5803232,-6.7144,1.89224,0.41202,-0.668272215,0.7151470950000001,0.139709115
1764505195.5803232,-9.72062,4.21176,-0.59514,-0.6690656700000001,0.713316045,0.139098765
1764505195.5803232,-9.72062,4.21176,-0.59514,-0.6690656700000001,0.713316045,0.139098765
1764505195.5803232,-9.72062,4.21176,-0.59514,-0.6690656700000001,0.713316045,0.139098765
1764505195.5803232,-9.72062,4.21176,-0.59514,-0.6690656700000001,0.713316045,0.139098765
1764505195.5803232,-9.72062,4.21176,-0.59514,-0.6690656700000001,0.713316045,0.139098765
1764505195.5803232,-9.72062,4.21176,-0.59514,-0.6690656700000001,0.713316045,0.139098765
1764505195.5803232,-9.72062,4.21176,-0.59514,-0.6690656700000001,0.713316045,0.139098765
1764505195.5803232,-9.72062,4.21176,-0.59514,-0.6690656700000001,0.713316045,0.139098765
1764505195.5803232,-9.72062,4.21176,-0.59514,-0.6690656700000001,0.713316045,0.139098765
1764505195.5803232,-9.72062,4.21176,-0.59514,-0.6690656700000001,0.713316045,0.139098765
1764505195.5803232,-11.38396,5.1121,-1.02242,-0.671385,0.709165665,0.13684047
1764505195.5803232,-11.38396,5.1121,-1.02242,-0.671385,0.709165665,0.13684047
1764505195.5812926,-11.38396,5.1121,-1.02242,-0.671385,0.709165665,0.13684047
1764505195.5812926,-11.38396,5.1121,-1.02242,-0.671385,0.709165665,0.13684047
1764505195.5812926,-11.38396,5.1121,-1.02242,-0.671385,0.709165665,0.13684047
1764505195.5812926,-11.38396,5.1121,-1.02242,-0.671385,0.709165665,0.13684047
1764505195.5812926,-11.38396,5.1121,-1.02242,-0.671385,0.709165665,0.13684047
1764505195.5812926,-11.38396,5.1121,-1.02242,-0.671385,0.709165665,0.13684047
1764505195.5812926,-11.38396,5.1121,-1.02242,-0.671385,0.709165665,0.13684047
1764505195.5812926,-11.38396,5.1121,-1.02242,-0.671385,0.709165665,0.13684047
1764505195.5812926,-10.97194,6.271859999999999,-0.93086,-0.670591545,0.706602195,0.132751125
1764505195.5828085,-10.97194,6.271859999999999,-0.93086,-0.670591545,0.706602195,0.132751125
1764505195.6312833,-10.97194,6.271859999999999,-0.93086,-0.670591545,0.706602195,0.132751125
1764505195.6312833,-10.97194,6.271859999999999,-0.93086,-0.670591545,0.706602195,0.132751125
1764505195.6312833,-10.97194,6.271859999999999,-0.93086,-0.670591545,0.706602195,0.132751125
1764505195.6312833,-10.97194,6.271859999999999,-0.93086,-0.670591545,0.706602195,0.132751125
1764505195.6312833,-10.97194,6.271859999999999,-0.93086,-0.670591545,0.706602195,0.132751125
1764505195.6312833,-10.97194,6.271859999999999,-0.93086,-0.670591545,0.706602195,0.132751125
1764505195.6312833,-10.97194,6.271859999999999,-0.93086,-0.670591545,0.706602195,0.132751125
1764505195.6312833,-10.97194,6.271859999999999,-0.93086,-0.670591545,0.706602195,0.132751125
1764505195.6312833,-7.477399999999999,5.340999999999999,-0.3051999999999999,-0.66869946,0.70385562,0.131408355
1764505195.6312833,-7.477399999999999,5.340999999999999,-0.3051999999999999,-0.66869946,0.70385562,0.131408355
1764505195.6312833,-7.477399999999999,5.340999999999999,-0.3051999999999999,-0.66869946,0.70385562,0.131408355
1764505195.6312833,-7.477399999999999,5.340999999999999,-0.3051999999999999,-0.66869946,0.70385562,0.131408355
1764505195.6312833,-7.477399999999999,5.340999999999999,-0.3051999999999999,-0.66869946,0.70385562,0.131408355
1764505195.6312833,-7.477399999999999,5.340999999999999,-0.3051999999999999,-0.66869946,0.70385562,0.131408355
1764505195.6312833,-7.477399999999999,5.340999999999999,-0.3051999999999999,-0.66869946,0.70385562,0.131408355
1764505195.632285,-7.477399999999999,5.340999999999999,-0.3051999999999999,-0.66869946,0.70385562,0.131408355
1764505195.632285,-7.477399999999999,5.340999999999999,-0.3051999999999999,-0.66869946,0.70385562,0.131408355
1764505195.632285,-7.477399999999999,5.340999999999999,-0.3051999999999999,-0.66869946,0.70385562,0.131408355
1764505195.632285,-1.4497,5.02054,1.86172,-0.6690656700000001,0.700742835,0.134277
1764505195.632285,-1.4497,5.02054,1.86172,-0.6690656700000001,0.700742835,0.134277
1764505195.632285,-1.4497,5.02054,1.86172,-0.6690656700000001,0.700742835,0.134277
1764505195.632285,-1.4497,5.02054,1.86172,-0.6690656700000001,0.700742835,0.134277
1764505195.632285,-1.4497,5.02054,1.86172,-0.6690656700000001,0.700742835,0.134277
1764505195.632285,-1.4497,5.02054,1.86172,-0.6690656700000001,0.700742835,0.134277
1764505195.677006,-1.4497,5.02054,1.86172,-0.6690656700000001,0.700742835,0.134277
1764505195.677006,-1.4497,5.02054,1.86172,-0.6690656700000001,0.700742835,0.134277
1764505195.677006,-1.4497,5.02054,1.86172,-0.6690656700000001,0.700742835,0.134277
1764505195.677006,-1.4497,5.02054,1.86172,-0.6690656700000001,0.700742835,0.134277
1764505195.677006,1.12924,3.815,2.3653,-0.670469475,0.700132485,0.135558735
1764505195.677006,1.12924,3.815,2.3653,-0.670469475,0.700132485,0.135558735
1764505195.677006,1.12924,3.815,2.3653,-0.670469475,0.700132485,0.135558735
1764505195.677006,1.12924,3.815,2.3653,-0.670469475,0.700132485,0.135558735
1764505195.677006,1.12924,3.815,2.3653,-0.670469475,0.700132485,0.135558735
1764505195.677006,1.12924,3.815,2.3653,-0.670469475,0.700132485,0.135558735
1764505195.677006,1.12924,3.815,2.3653,-0.670469475,0.700132485,0.135558735
1764505195.677006,1.12924,3.815,2.3653,-0.670469475,0.700132485,0.135558735
1764505195.677006,1.12924,3.815,2.3653,-0.670469475,0.700132485,0.135558735
1764505195.677006,1.12924,3.815,2.3653,-0.670469475,0.700132485,0.135558735
1764505195.677006,2.85362,1.46496,2.57894,-0.672666735,0.702695955,0.13659633
1764505195.677006,2.85362,1.46496,2.57894,-0.672666735,0.702695955,0.13659633
1764505195.677006,2.85362,1.46496,2.57894,-0.672666735,0.702695955,0.13659633
1764505195.677006,2.85362,1.46496,2.57894,-0.672666735,0.702695955,0.13659633
1764505195.677006,2.85362,1.46496,2.57894,-0.672666735,0.702695955,0.13659633
1764505195.677006,2.85362,1.46496,2.57894,-0.672666735,0.702695955,0.13659633
1764505195.677006,2.85362,1.46496,2.57894,-0.672666735,0.702695955,0.13659633
1764505195.677006,2.85362,1.46496,2.57894,-0.672666735,0.702695955,0.13659633
1764505195.7226722,2.85362,1.46496,2.57894,-0.672666735,0.702695955,0.13659633
1764505195.7226722,2.85362,1.46496,2.57894,-0.672666735,0.702695955,0.13659633
1764505195.7226722,3.92182,0.04578,2.70102,-0.6711408600000001,0.70934877,0.13842738
1764505195.7226722,3.92182,0.04578,2.70102,-0.6711408600000001,0.70934877,0.13842738
1764505195.7226722,3.92182,0.04578,2.70102,-0.6711408600000001,0.70934877,0.13842738
1764505195.7226722,3.92182,0.04578,2.70102,-0.6711408600000001,0.70934877,0.13842738
1764505195.7226722,3.92182,0.04578,2.70102,-0.6711408600000001,0.70934877,0.13842738
1764505195.7239015,3.92182,0.04578,2.70102,-0.6711408600000001,0.70934877,0.13842738
1764505195.724429,3.92182,0.04578,2.70102,-0.6711408600000001,0.70934877,0.13842738
1764505195.724429,3.92182,0.04578,2.70102,-0.6711408600000001,0.70934877,0.13842738
1764505195.7247467,3.92182,0.04578,2.70102,-0.6711408600000001,0.70934877,0.13842738
1764505195.7247467,3.92182,0.04578,2.70102,-0.6711408600000001,0.70934877,0.13842738
1764505195.7247467,2.01432,0.48832,1.19028,-0.669614985,0.715269165,0.141051885
1764505195.7257564,2.01432,0.48832,1.19028,-0.669614985,0.715269165,0.141051885
1764505195.7257564,2.01432,0.48832,1.19028,-0.669614985,0.715269165,0.141051885
1764505195.7257564,2.01432,0.48832,1.19028,-0.669614985,0.715269165,0.141051885
1764505195.7257564,2.01432,0.48832,1.19028,-0.669614985,0.715269165,0.141051885
1764505195.726755,2.01432,0.48832,1.19028,-0.669614985,0.715269165,0.141051885
1764505195.726755,2.01432,0.48832,1.19028,-0.669614985,0.715269165,0.141051885
1764505195.726755,2.01432,0.48832,1.19028,-0.669614985,0.715269165,0.141051885
1764505195.726755,2.01432,0.48832,1.19028,-0.669614985,0.715269165,0.141051885
1764505195.726755,2.01432,0.48832,1.19028,-0.669614985,0.715269165,0.141051885
1764505195.7277522,-2.79258,2.16692,-0.18312,-0.668028075,0.722105085,0.141051885
1764505195.7277522,-2.79258,2.16692,-0.18312,-0.668028075,0.722105085,0.141051885
1764505195.7670045,-2.79258,2.16692,-0.18312,-0.668028075,0.722105085,0.141051885
1764505195.7670045,-2.79258,2.16692,-0.18312,-0.668028075,0.722105085,0.141051885
1764505195.7670045,-2.79258,2.16692,-0.18312,-0.668028075,0.722105085,0.141051885
1764505195.7670045,-2.79258,2.16692,-0.18312,-0.668028075,0.722105085,0.141051885
1764505195.7670045,-2.79258,2.16692,-0.18312,-0.668028075,0.722105085,0.141051885
1764505195.7670045,-2.79258,2.16692,-0.18312,-0.668028075,0.722105085,0.141051885
1764505195.7670045,-2.79258,2.16692,-0.18312,-0.668028075,0.722105085,0.141051885
1764505195.7670045,-2.79258,2.16692,-0.18312,-0.668028075,0.722105085,0.141051885
1764505195.7670045,-7.43162,2.76206,-0.3509799999999999,-0.667173585,0.72582822,0.139220835
1764505195.7670045,-7.43162,2.76206,-0.3509799999999999,-0.667173585,0.72582822,0.139220835
1764505195.7670045,-7.43162,2.76206,-0.3509799999999999,-0.667173585,0.72582822,0.139220835
1764505195.7670045,-7.43162,2.76206,-0.3509799999999999,-0.667173585,0.72582822,0.139220835
1764505195.7670045,-7.43162,2.76206,-0.3509799999999999,-0.667173585,0.72582822,0.139220835
1764505195.7670045,-7.43162,2.76206,-0.3509799999999999,-0.667173585,0.72582822,0.139220835
1764505195.7670045,-7.43162,2.76206,-0.3509799999999999,-0.667173585,0.72582822,0.139220835
1764505195.7670045,-7.43162,2.76206,-0.3509799999999999,-0.667173585,0.72582822,0.139220835
1764505195.7670045,-7.43162,2.76206,-0.3509799999999999,-0.667173585,0.72582822,0.139220835
1764505195.7670045,-7.43162,2.76206,-0.3509799999999999,-0.667173585,0.72582822,0.139220835
1764505195.7670045,-9.9953,2.1364,0.6714399999999999,-0.665830815,0.726377535,0.13952601
1764505195.7670045,-9.9953,2.1364,0.6714399999999999,-0.665830815,0.726377535,0.13952601
1764505195.7685466,-9.9953,2.1364,0.6714399999999999,-0.665830815,0.726377535,0.13952601
1764505195.7685466,-9.9953,2.1364,0.6714399999999999,-0.665830815,0.726377535,0.13952601
1764505195.7685466,-9.9953,2.1364,0.6714399999999999,-0.665830815,0.726377535,0.13952601
1764505195.7685466,-9.9953,2.1364,0.6714399999999999,-0.665830815,0.726377535,0.13952601
1764505195.8157928,-9.9953,2.1364,0.6714399999999999,-0.665830815,0.726377535,0.13952601
1764505195.8157928,-9.9953,2.1364,0.6714399999999999,-0.665830815,0.726377535,0.13952601
1764505195.8157928,-9.9953,2.1364,0.6714399999999999,-0.665830815,0.726377535,0.13952601
1764505195.8157928,-9.9953,2.1364,0.6714399999999999,-0.665830815,0.726377535,0.13952601
1764505195.8157928,-10.63622,3.1283,1.31236,-0.665220465,0.72350889,0.13854945
1764505195.8157928,-10.63622,3.1283,1.31236,-0.665220465,0.72350889,0.13854945
1764505195.8157928,-10.63622,3.1283,1.31236,-0.665220465,0.72350889,0.13854945
1764505195.8157928,-10.63622,3.1283,1.31236,-0.665220465,0.72350889,0.13854945
1764505195.8157928,-10.63622,3.1283,1.31236,-0.665220465,0.72350889,0.13854945
1764505195.8168025,-10.63622,3.1283,1.31236,-0.665220465,0.72350889,0.13854945
1764505195.8168025,-10.63622,3.1283,1.31236,-0.665220465,0.72350889,0.13854945
1764505195.8168025,-10.63622,3.1283,1.31236,-0.665220465,0.72350889,0.13854945
1764505195.8168025,-10.63622,3.1283,1.31236,-0.665220465,0.72350889,0.13854945
1764505195.8168025,-10.63622,3.1283,1.31236,-0.665220465,0.72350889,0.13854945
1764505195.8168025,-10.6057,2.79258,1.2055399999999998,-0.666197025,0.719175405,0.13500942
1764505195.8168025,-10.6057,2.79258,1.2055399999999998,-0.666197025,0.719175405,0.13500942
1764505195.8168025,-10.6057,2.79258,1.2055399999999998,-0.666197025,0.719175405,0.13500942
1764505195.8168025,-10.6057,2.79258,1.2055399999999998,-0.666197025,0.719175405,0.13500942
1764505195.8168025,-10.6057,2.79258,1.2055399999999998,-0.666197025,0.719175405,0.13500942
1764505195.817807,-10.6057,2.79258,1.2055399999999998,-0.666197025,0.719175405,0.13500942
1764505195.818841,-10.6057,2.79258,1.2055399999999998,-0.666197025,0.719175405,0.13500942
1764505195.818841,-10.6057,2.79258,1.2055399999999998,-0.666197025,0.719175405,0.13500942
1764505195.818841,-10.6057,2.79258,1.2055399999999998,-0.666197025,0.719175405,0.13500942
1764505195.818841,-10.6057,2.79258,1.2055399999999998,-0.666197025,0.719175405,0.13500942
1764505195.8633077,-9.14074,1.526,1.02242,-0.667417725,0.713926395,0.1318356
1764505195.8633077,-9.14074,1.526,1.02242,-0.667417725,0.713926395,0.1318356
1764505195.8633077,-9.14074,1.526,1.02242,-0.667417725,0.713926395,0.1318356
1764505195.8633077,-9.14074,1.526,1.02242,-0.667417725,0.713926395,0.1318356
1764505195.864318,-9.14074,1.526,1.02242,-0.667417725,0.713926395,0.1318356
1764505195.864318,-9.14074,1.526,1.02242,-0.667417725,0.713926395,0.1318356
1764505195.864318,-9.14074,1.526,1.02242,-0.667417725,0.713926395,0.1318356
1764505195.864318,-9.14074,1.526,1.02242,-0.667417725,0.713926395,0.1318356
1764505195.864318,-9.14074,1.526,1.02242,-0.667417725,0.713926395,0.1318356
1764505195.864318,-9.14074,1.526,1.02242,-0.667417725,0.713926395,0.1318356
1764505195.864318,-6.62284,1.23606,1.23606,-0.66711255,0.70971498,0.13110318
1764505195.864318,-6.62284,1.23606,1.23606,-0.66711255,0.70971498,0.13110318
1764505195.864318,-6.62284,1.23606,1.23606,-0.66711255,0.70971498,0.13110318
1764505195.864318,-6.62284,1.23606,1.23606,-0.66711255,0.70971498,0.13110318
1764505195.8653748,-6.62284,1.23606,1.23606,-0.66711255,0.70971498,0.13110318
1764505195.8653748,-6.62284,1.23606,1.23606,-0.66711255,0.70971498,0.13110318
1764505195.8653748,-6.62284,1.23606,1.23606,-0.66711255,0.70971498,0.13110318
1764505195.8653748,-6.62284,1.23606,1.23606,-0.66711255,0.70971498,0.13110318
1764505195.8653748,-6.62284,1.23606,1.23606,-0.66711255,0.70971498,0.13110318
1764505195.8653748,-6.62284,1.23606,1.23606,-0.66711255,0.70971498,0.13110318
1764505195.8653748,-4.7306,1.7549,0.9156,-0.66674634,0.70666323,0.13085904
1764505195.8653748,-4.7306,1.7549,0.9156,-0.66674634,0.70666323,0.13085904
1764505195.8653748,-4.7306,1.7549,0.9156,-0.66674634,0.70666323,0.13085904
1764505195.8653748,-4.7306,1.7549,0.9156,-0.66674634,0.70666323,0.13085904
1764505195.9145555,-4.7306,1.7549,0.9156,-0.66674634,0.70666323,0.13085904
1764505195.9145555,-4.7306,1.7549,0.9156,-0.66674634,0.70666323,0.13085904
1764505195.9145555,-4.7306,1.7549,0.9156,-0.66674634,0.70666323,0.13085904
1764505195.9145555,-4.7306,1.7549,0.9156,-0.66674634,0.70666323,0.13085904
1764505195.9145555,-4.7306,1.7549,0.9156,-0.66674634,0.70666323,0.13085904
1764505195.9145555,-4.7306,1.7549,0.9156,-0.66674634,0.70666323,0.13085904
1764505195.9145555,-3.00622,1.93802,1.99906,-0.666685305,0.705503565,0.131896635
1764505195.9145555,-3.00622,1.93802,1.99906,-0.666685305,0.705503565,0.131896635
1764505195.9145555,-3.00622,1.93802,1.99906,-0.666685305,0.705503565,0.131896635
1764505195.9145555,-3.00622,1.93802,1.99906,-0.666685305,0.705503565,0.131896635
1764505195.9145555,-3.00622,1.93802,1.99906,-0.666685305,0.705503565,0.131896635
1764505195.9145555,-3.00622,1.93802,1.99906,-0.666685305,0.705503565,0.131896635
1764505195.9155672,-3.00622,1.93802,1.99906,-0.666685305,0.705503565,0.131896635
1764505195.9155672,-3.00622,1.93802,1.99906,-0.666685305,0.705503565,0.131896635
1764505195.9155672,-3.00622,1.93802,1.99906,-0.666685305,0.705503565,0.131896635
1764505195.9155672,-3.00622,1.93802,1.99906,-0.666685305,0.705503565,0.131896635
1764505195.9155672,-3.29616,3.84552,2.45686,-0.66662427,0.7051983900000001,0.132995265
1764505195.9155672,-3.29616,3.84552,2.45686,-0.66662427,0.7051983900000001,0.132995265
1764505195.9155672,-3.29616,3.84552,2.45686,-0.66662427,0.7051983900000001,0.132995265
1764505195.9155672,-3.29616,3.84552,2.45686,-0.66662427,0.7051983900000001,0.132995265
1764505195.9155672,-3.29616,3.84552,2.45686,-0.66662427,0.7051983900000001,0.132995265
1764505195.9155672,-3.29616,3.84552,2.45686,-0.66662427,0.7051983900000001,0.132995265
1764505195.9155672,-3.29616,3.84552,2.45686,-0.66662427,0.7051983900000001,0.132995265
1764505195.9155672,-3.29616,3.84552,2.45686,-0.66662427,0.7051983900000001,0.132995265
1764505195.962393,-3.29616,3.84552,2.45686,-0.66662427,0.7051983900000001,0.132995265
1764505195.962393,-3.29616,3.84552,2.45686,-0.66662427,0.7051983900000001,0.132995265
1764505195.962393,-4.47118,6.134519999999999,2.27374,-0.666807375,0.70702944,0.13378872
1764505195.962393,-4.47118,6.134519999999999,2.27374,-0.666807375,0.70702944,0.13378872
1764505195.962393,-4.47118,6.134519999999999,2.27374,-0.666807375,0.70702944,0.13378872
1764505195.962393,-4.47118,6.134519999999999,2.27374,-0.666807375,0.70702944,0.13378872
1764505195.962393,-4.47118,6.134519999999999,2.27374,-0.666807375,0.70702944,0.13378872
1764505195.962393,-4.47118,6.134519999999999,2.27374,-0.666807375,0.70702944,0.13378872
1764505195.963398,-4.47118,6.134519999999999,2.27374,-0.666807375,0.70702944,0.13378872
1764505195.963398,-4.47118,6.134519999999999,2.27374,-0.666807375,0.70702944,0.13378872
1764505195.963398,-4.47118,6.134519999999999,2.27374,-0.666807375,0.70702944,0.13378872
1764505195.963398,-4.47118,6.134519999999999,2.27374,-0.666807375,0.70702944,0.13378872
1764505195.963398,-6.4855,6.01244,2.7468,-0.667783935,0.70873842,0.13354458
1764505195.963398,-6.4855,6.01244,2.7468,-0.667783935,0.70873842,0.13354458
1764505195.963398,-6.4855,6.01244,2.7468,-0.667783935,0.70873842,0.13354458
1764505195.963398,-6.4855,6.01244,2.7468,-0.667783935,0.70873842,0.13354458
1764505195.963398,-6.4855,6.01244,2.7468,-0.667783935,0.70873842,0.13354458
1764505195.963398,-6.4855,6.01244,2.7468,-0.667783935,0.70873842,0.13354458
1764505195.963398,-6.4855,6.01244,2.7468,-0.667783935,0.70873842,0.13354458
1764505195.963398,-6.4855,6.01244,2.7468,-0.667783935,0.70873842,0.13354458
1764505195.963398,-6.4855,6.01244,2.7468,-0.667783935,0.70873842,0.13354458
1764505195.963398,-6.4855,6.01244,2.7468,-0.667783935,0.70873842,0.13354458
1764505196.0078766,-7.43162,6.790699999999999,2.33478,-0.66699048,0.7092267,0.13391079
1764505196.0078766,-7.43162,6.790699999999999,2.33478,-0.66699048,0.7092267,0.13391079
1764505196.0078766,-7.43162,6.790699999999999,2.33478,-0.66699048,0.7092267,0.13391079
1764505196.0078766,-7.43162,6.790699999999999,2.33478,-0.66699048,0.7092267,0.13391079
1764505196.0078766,-7.43162,6.790699999999999,2.33478,-0.66699048,0.7092267,0.13391079
1764505196.0078766,-7.43162,6.790699999999999,2.33478,-0.66699048,0.7092267,0.13391079
1764505196.0078766,-7.43162,6.790699999999999,2.33478,-0.66699048,0.7092267,0.13391079
1764505196.0078766,-7.43162,6.790699999999999,2.33478,-0.66699048,0.7092267,0.13391079
1764505196.0078766,-7.43162,6.790699999999999,2.33478,-0.66699048,0.7092267,0.13391079
1764505196.0078766,-7.43162,6.790699999999999,2.33478,-0.66699048,0.7092267,0.13391079
1764505196.0078766,-6.104,6.36342,2.5179,-0.667051515,0.706480125,0.13561977
1764505196.0078766,-6.104,6.36342,2.5179,-0.667051515,0.706480125,0.13561977
1764505196.0078766,-6.104,6.36342,2.5179,-0.667051515,0.706480125,0.13561977
1764505196.0078766,-6.104,6.36342,2.5179,-0.667051515,0.706480125,0.13561977
1764505196.0078766,-6.104,6.36342,2.5179,-0.667051515,0.706480125,0.13561977
1764505196.0078766,-6.104,6.36342,2.5179,-0.667051515,0.706480125,0.13561977
1764505196.0088987,-6.104,6.36342,2.5179,-0.667051515,0.706480125,0.13561977
1764505196.0088987,-6.104,6.36342,2.5179,-0.667051515,0.706480125,0.13561977
1764505196.0088987,-6.104,6.36342,2.5179,-0.667051515,0.706480125,0.13561977
1764505196.0088987,-6.104,6.36342,2.5179,-0.667051515,0.706480125,0.13561977
1764505196.0088987,-3.9676,5.78354,2.5179,-0.66992016,0.705015285,0.135558735
1764505196.0088987,-3.9676,5.78354,2.5179,-0.66992016,0.705015285,0.135558735
1764505196.0098927,-3.9676,5.78354,2.5179,-0.66992016,0.705015285,0.135558735
1764505196.0098927,-3.9676,5.78354,2.5179,-0.66992016,0.705015285,0.135558735
1764505196.0530846,-3.9676,5.78354,2.5179,-0.66992016,0.705015285,0.135558735
1764505196.0530846,-3.9676,5.78354,2.5179,-0.66992016,0.705015285,0.135558735
1764505196.0530846,-3.9676,5.78354,2.5179,-0.66992016,0.705015285,0.135558735
1764505196.0530846,-3.9676,5.78354,2.5179,-0.66992016,0.705015285,0.135558735
1764505196.0530846,-3.9676,5.78354,2.5179,-0.66992016,0.705015285,0.135558735
1764505196.0530846,-3.9676,5.78354,2.5179,-0.66992016,0.705015285,0.135558735
1764505196.0530846,-2.01432,4.15072,1.92276,-0.673399155,0.705625635,0.13684047
1764505196.0530846,-2.01432,4.15072,1.92276,-0.673399155,0.705625635,0.13684047
1764505196.0530846,-2.01432,4.15072,1.92276,-0.673399155,0.705625635,0.13684047
1764505196.0530846,-2.01432,4.15072,1.92276,-0.673399155,0.705625635,0.13684047
1764505196.0530846,-2.01432,4.15072,1.92276,-0.673399155,0.705625635,0.13684047
1764505196.0530846,-2.01432,4.15072,1.92276,-0.673399155,0.705625635,0.13684047
1764505196.0530846,-2.01432,4.15072,1.92276,-0.673399155,0.705625635,0.13684047
1764505196.0530846,-2.01432,4.15072,1.92276,-0.673399155,0.705625635,0.13684047
1764505196.0530846,-2.01432,4.15072,1.92276,-0.673399155,0.705625635,0.13684047
1764505196.0530846,-2.01432,4.15072,1.92276,-0.673399155,0.705625635,0.13684047
1764505196.0530846,-0.97664,1.54126,0.77826,-0.67431468,0.70934877,0.13684047
1764505196.0530846,-0.97664,1.54126,0.77826,-0.67431468,0.70934877,0.13684047
1764505196.0530846,-0.97664,1.54126,0.77826,-0.67431468,0.70934877,0.13684047
1764505196.0530846,-0.97664,1.54126,0.77826,-0.67431468,0.70934877,0.13684047
1764505196.0530846,-0.97664,1.54126,0.77826,-0.67431468,0.70934877,0.13684047
1764505196.0530846,-0.97664,1.54126,0.77826,-0.67431468,0.70934877,0.13684047
1764505196.055612,-0.97664,1.54126,0.77826,-0.67431468,0.70934877,0.13684047
1764505196.055612,-0.97664,1.54126,0.77826,-0.67431468,0.70934877,0.13684047
1764505196.1020954,-0.97664,1.54126,0.77826,-0.67431468,0.70934877,0.13684047
1764505196.1020954,-0.97664,1.54126,0.77826,-0.67431468,0.70934877,0.13684047
1764505196.1020954,-0.57988,0.57988,0.28994,-0.6727277700000001,0.713804325,0.13757289
1764505196.1020954,-0.57988,0.57988,0.28994,-0.6727277700000001,0.713804325,0.13757289
1764505196.1020954,-0.57988,0.57988,0.28994,-0.6727277700000001,0.713804325,0.13757289
1764505196.1030946,-0.57988,0.57988,0.28994,-0.6727277700000001,0.713804325,0.13757289
1764505196.1030946,-0.57988,0.57988,0.28994,-0.6727277700000001,0.713804325,0.13757289
1764505196.1030946,-0.57988,0.57988,0.28994,-0.6727277700000001,0.713804325,0.13757289
1764505196.1030946,-0.57988,0.57988,0.28994,-0.6727277700000001,0.713804325,0.13757289
1764505196.1030946,-0.57988,0.57988,0.28994,-0.6727277700000001,0.713804325,0.13757289
1764505196.1030946,-0.57988,0.57988,0.28994,-0.6727277700000001,0.713804325,0.13757289
1764505196.1030946,-0.57988,0.57988,0.28994,-0.6727277700000001,0.713804325,0.13757289
1764505196.1030946,-2.99096,0.85456,0.0,-0.67101879,0.71764953,0.13891566
1764505196.1030946,-2.99096,0.85456,0.0,-0.67101879,0.71764953,0.13891566
1764505196.1030946,-2.99096,0.85456,0.0,-0.67101879,0.71764953,0.13891566
1764505196.104096,-2.99096,0.85456,0.0,-0.67101879,0.71764953,0.13891566
1764505196.104096,-2.99096,0.85456,0.0,-0.67101879,0.71764953,0.13891566
1764505196.104096,-2.99096,0.85456,0.0,-0.67101879,0.71764953,0.13891566
1764505196.104096,-2.99096,0.85456,0.0,-0.67101879,0.71764953,0.13891566
1764505196.104096,-2.99096,0.85456,0.0,-0.67101879,0.71764953,0.13891566
1764505196.104096,-2.99096,0.85456,0.0,-0.67101879,0.71764953,0.13891566
1764505196.104096,-2.99096,0.85456,0.0,-0.67101879,0.71764953,0.13891566
1764505196.1467466,-4.60852,2.18218,0.13734,-0.669981195,0.71960265,0.13891566
1764505196.1467466,-4.60852,2.18218,0.13734,-0.669981195,0.71960265,0.13891566
1764505196.1467466,-4.60852,2.18218,0.13734,-0.669981195,0.71960265,0.13891566
1764505196.1467466,-4.60852,2.18218,0.13734,-0.669981195,0.71960265,0.13891566
1764505196.1477427,-4.60852,2.18218,0.13734,-0.669981195,0.71960265,0.13891566
1764505196.1477427,-4.60852,2.18218,0.13734,-0.669981195,0.71960265,0.13891566
1764505196.1477427,-4.60852,2.18218,0.13734,-0.669981195,0.71960265,0.13891566
1764505196.1477427,-4.60852,2.18218,0.13734,-0.669981195,0.71960265,0.13891566
1764505196.1477427,-4.60852,2.18218,0.13734,-0.669981195,0.71960265,0.13891566
1764505196.1477427,-4.60852,2.18218,0.13734,-0.669981195,0.71960265,0.13891566
1764505196.148741,-5.2647,2.07536,0.93086,-0.66845532,0.72033507,0.138610485
1764505196.148741,-5.2647,2.07536,0.93086,-0.66845532,0.72033507,0.138610485
1764505196.148741,-5.2647,2.07536,0.93086,-0.66845532,0.72033507,0.138610485
1764505196.148741,-5.2647,2.07536,0.93086,-0.66845532,0.72033507,0.138610485
1764505196.148741,-5.2647,2.07536,0.93086,-0.66845532,0.72033507,0.138610485
1764505196.148741,-5.2647,2.07536,0.93086,-0.66845532,0.72033507,0.138610485
1764505196.148741,-5.2647,2.07536,0.93086,-0.66845532,0.72033507,0.138610485
1764505196.148741,-5.2647,2.07536,0.93086,-0.66845532,0.72033507,0.138610485
1764505196.148741,-5.2647,2.07536,0.93086,-0.66845532,0.72033507,0.138610485
1764505196.148741,-5.2647,2.07536,0.93086,-0.66845532,0.72033507,0.138610485
1764505196.148741,-4.94424,1.19028,2.10588,-0.66796704,0.71923644,0.137511855
1764505196.148741,-4.94424,1.19028,2.10588,-0.66796704,0.71923644,0.137511855
1764505196.148741,-4.94424,1.19028,2.10588,-0.66796704,0.71923644,0.137511855
1764505196.148741,-4.94424,1.19028,2.10588,-0.66796704,0.71923644,0.137511855
1764505196.194368,-4.94424,1.19028,2.10588,-0.66796704,0.71923644,0.137511855
1764505196.194368,-4.94424,1.19028,2.10588,-0.66796704,0.71923644,0.137511855
1764505196.194368,-4.94424,1.19028,2.10588,-0.66796704,0.71923644,0.137511855
1764505196.194368,-4.94424,1.19028,2.10588,-0.66796704,0.71923644,0.137511855
1764505196.194368,-4.94424,1.19028,2.10588,-0.66796704,0.71923644,0.137511855
1764505196.194368,-4.94424,1.19028,2.10588,-0.66796704,0.71923644,0.137511855
1764505196.194368,-4.92898,-0.0762999999999999,1.41918,-0.667417725,0.717832635,0.136169085
1764505196.194368,-4.92898,-0.0762999999999999,1.41918,-0.667417725,0.717832635,0.136169085
1764505196.194368,-4.92898,-0.0762999999999999,1.41918,-0.667417725,0.717832635,0.136169085
1764505196.194368,-4.92898,-0.0762999999999999,1.41918,-0.667417725,0.717832635,0.136169085
1764505196.194368,-4.92898,-0.0762999999999999,1.41918,-0.667417725,0.717832635,0.136169085
1764505196.194368,-4.92898,-0.0762999999999999,1.41918,-0.667417725,0.717832635,0.136169085
1764505196.194368,-4.92898,-0.0762999999999999,1.41918,-0.667417725,0.717832635,0.136169085
1764505196.194368,-4.92898,-0.0762999999999999,1.41918,-0.667417725,0.717832635,0.136169085
1764505196.1948764,-4.92898,-0.0762999999999999,1.41918,-0.667417725,0.717832635,0.136169085
1764505196.1948764,-4.92898,-0.0762999999999999,1.41918,-0.667417725,0.717832635,0.136169085
1764505196.1948764,-6.24134,-0.09156,0.09156,-0.666319095,0.714292605,0.135314595
1764505196.1948764,-6.24134,-0.09156,0.09156,-0.666319095,0.714292605,0.135314595
1764505196.1948764,-6.24134,-0.09156,0.09156,-0.666319095,0.714292605,0.135314595
1764505196.1948764,-6.24134,-0.09156,0.09156,-0.666319095,0.714292605,0.135314595
1764505196.1948764,-6.24134,-0.09156,0.09156,-0.666319095,0.714292605,0.135314595
1764505196.1948764,-6.24134,-0.09156,0.09156,-0.666319095,0.714292605,0.135314595
1764505196.2401352,-6.24134,-0.09156,0.09156,-0.666319095,0.714292605,0.135314595
1764505196.2401352,-6.24134,-0.09156,0.09156,-0.666319095,0.714292605,0.135314595
1764505196.2401352,-6.24134,-0.09156,0.09156,-0.666319095,0.714292605,0.135314595
1764505196.2401352,-6.24134,-0.09156,0.09156,-0.666319095,0.714292605,0.135314595
1764505196.2401352,-5.753019999999999,-0.28994,-0.73248,-0.665098395,0.709287735,0.135192525
1764505196.2401352,-5.753019999999999,-0.28994,-0.73248,-0.665098395,0.709287735,0.135192525
1764505196.2401352,-5.753019999999999,-0.28994,-0.73248,-0.665098395,0.709287735,0.135192525
1764505196.2401352,-5.753019999999999,-0.28994,-0.73248,-0.665098395,0.709287735,0.135192525
1764505196.2401352,-5.753019999999999,-0.28994,-0.73248,-0.665098395,0.709287735,0.135192525
1764505196.2401352,-5.753019999999999,-0.28994,-0.73248,-0.665098395,0.709287735,0.135192525
1764505196.2401352,-5.753019999999999,-0.28994,-0.73248,-0.665098395,0.709287735,0.135192525
1764505196.2401352,-5.753019999999999,-0.28994,-0.73248,-0.665098395,0.709287735,0.135192525
1764505196.2401352,-5.753019999999999,-0.28994,-0.73248,-0.665098395,0.709287735,0.135192525
1764505196.2401352,-5.753019999999999,-0.28994,-0.73248,-0.665098395,0.709287735,0.135192525
1764505196.2401352,-2.30426,-0.85456,0.57988,-0.66674634,0.70507632,0.13488735
1764505196.2401352,-2.30426,-0.85456,0.57988,-0.66674634,0.70507632,0.13488735
1764505196.2401352,-2.30426,-0.85456,0.57988,-0.66674634,0.70507632,0.13488735
1764505196.2401352,-2.30426,-0.85456,0.57988,-0.66674634,0.70507632,0.13488735
1764505196.2401352,-2.30426,-0.85456,0.57988,-0.66674634,0.70507632,0.13488735
1764505196.2401352,-2.30426,-0.85456,0.57988,-0.66674634,0.70507632,0.13488735
1764505196.2401352,-2.30426,-0.85456,0.57988,-0.66674634,0.70507632,0.13488735
1764505196.2401352,-2.30426,-0.85456,0.57988,-0.66674634,0.70507632,0.13488735
1764505196.2401352,-2.30426,-0.85456,0.57988,-0.66674634,0.70507632,0.13488735
1764505196.2401352,-2.30426,-0.85456,0.57988,-0.66674634,0.70507632,0.13488735
1764505196.284355,-2.27374,-2.8994,1.03768,-0.669981195,0.70763979,0.134277
1764505196.284355,-2.27374,-2.8994,1.03768,-0.669981195,0.70763979,0.134277
1764505196.284355,-2.27374,-2.8994,1.03768,-0.669981195,0.70763979,0.134277
1764505196.284355,-2.27374,-2.8994,1.03768,-0.669981195,0.70763979,0.134277
1764505196.284355,-2.27374,-2.8994,1.03768,-0.669981195,0.70763979,0.134277
1764505196.284355,-2.27374,-2.8994,1.03768,-0.669981195,0.70763979,0.134277
1764505196.284355,-2.27374,-2.8994,1.03768,-0.669981195,0.70763979,0.134277
1764505196.284355,-2.27374,-2.8994,1.03768,-0.669981195,0.70763979,0.134277
1764505196.2863667,-2.27374,-2.8994,1.03768,-0.669981195,0.70763979,0.134277
1764505196.2863667,-2.27374,-2.8994,1.03768,-0.669981195,0.70763979,0.134277
1764505196.2863667,-1.4039199999999998,-3.98286,1.03768,-0.670469475,0.711851205,0.136291155
1764505196.2863667,-1.4039199999999998,-3.98286,1.03768,-0.670469475,0.711851205,0.136291155
1764505196.2863667,-1.4039199999999998,-3.98286,1.03768,-0.670469475,0.711851205,0.136291155
1764505196.2863667,-1.4039199999999998,-3.98286,1.03768,-0.670469475,0.711851205,0.136291155
1764505196.2863667,-1.4039199999999998,-3.98286,1.03768,-0.670469475,0.711851205,0.136291155
1764505196.2863667,-1.4039199999999998,-3.98286,1.03768,-0.670469475,0.711851205,0.136291155
1764505196.2863667,-1.4039199999999998,-3.98286,1.03768,-0.670469475,0.711851205,0.136291155
1764505196.2863667,-1.4039199999999998,-3.98286,1.03768,-0.670469475,0.711851205,0.136291155
1764505196.2863667,-1.4039199999999998,-3.98286,1.03768,-0.670469475,0.711851205,0.136291155
1764505196.2863667,-1.4039199999999998,-3.98286,1.03768,-0.670469475,0.711851205,0.136291155
1764505196.2863667,-1.46496,-1.9838,0.65618,-0.669614985,0.715269165,0.13537563
1764505196.287876,-1.46496,-1.9838,0.65618,-0.669614985,0.715269165,0.13537563
1764505196.287876,-1.46496,-1.9838,0.65618,-0.669614985,0.715269165,0.13537563
1764505196.287876,-1.46496,-1.9838,0.65618,-0.669614985,0.715269165,0.13537563
1764505196.3333127,-1.46496,-1.9838,0.65618,-0.669614985,0.715269165,0.13537563
1764505196.3333127,-1.46496,-1.9838,0.65618,-0.669614985,0.715269165,0.13537563
1764505196.3333127,-1.46496,-1.9838,0.65618,-0.669614985,0.715269165,0.13537563
1764505196.3333127,-1.46496,-1.9838,0.65618,-0.669614985,0.715269165,0.13537563
1764505196.3333127,-1.46496,-1.9838,0.65618,-0.669614985,0.715269165,0.13537563
1764505196.3333127,-1.46496,-1.9838,0.65618,-0.669614985,0.715269165,0.13537563
1764505196.3333127,-3.17408,-1.93802,0.5341,-0.66967602,0.717710565,0.132629055
1764505196.3333127,-3.17408,-1.93802,0.5341,-0.66967602,0.717710565,0.132629055
1764505196.3333127,-3.17408,-1.93802,0.5341,-0.66967602,0.717710565,0.132629055
1764505196.3333127,-3.17408,-1.93802,0.5341,-0.66967602,0.717710565,0.132629055
1764505196.3343132,-3.17408,-1.93802,0.5341,-0.66967602,0.717710565,0.132629055
1764505196.3343132,-3.17408,-1.93802,0.5341,-0.66967602,0.717710565,0.132629055
1764505196.3343132,-3.17408,-1.93802,0.5341,-0.66967602,0.717710565,0.132629055
1764505196.3343132,-3.17408,-1.93802,0.5341,-0.66967602,0.717710565,0.132629055
1764505196.3343132,-3.17408,-1.93802,0.5341,-0.66967602,0.717710565,0.132629055
1764505196.3343132,-3.17408,-1.93802,0.5341,-0.66967602,0.717710565,0.132629055
1764505196.3343132,-6.928039999999999,-1.72438,0.7019599999999999,-0.667295655,0.72009093,0.12976041
1764505196.3343132,-6.928039999999999,-1.72438,0.7019599999999999,-0.667295655,0.72009093,0.12976041
1764505196.3343132,-6.928039999999999,-1.72438,0.7019599999999999,-0.667295655,0.72009093,0.12976041
1764505196.3343132,-6.928039999999999,-1.72438,0.7019599999999999,-0.667295655,0.72009093,0.12976041
1764505196.3348231,-6.928039999999999,-1.72438,0.7019599999999999,-0.667295655,0.72009093,0.12976041
1764505196.3348231,-6.928039999999999,-1.72438,0.7019599999999999,-0.667295655,0.72009093,0.12976041
1764505196.3788445,-6.928039999999999,-1.72438,0.7019599999999999,-0.667295655,0.72009093,0.12976041
1764505196.3788445,-6.928039999999999,-1.72438,0.7019599999999999,-0.667295655,0.72009093,0.12976041
1764505196.3788445,-6.928039999999999,-1.72438,0.7019599999999999,-0.667295655,0.72009093,0.12976041
1764505196.3788445,-6.928039999999999,-1.72438,0.7019599999999999,-0.667295655,0.72009093,0.12976041
1764505196.3788445,-7.18746,-1.2055399999999998,1.23606,-0.6648542550000001,0.71752746,0.128966955
1764505196.3788445,-7.18746,-1.2055399999999998,1.23606,-0.6648542550000001,0.71752746,0.128966955
1764505196.3788445,-7.18746,-1.2055399999999998,1.23606,-0.6648542550000001,0.71752746,0.128966955
1764505196.3788445,-7.18746,-1.2055399999999998,1.23606,-0.6648542550000001,0.71752746,0.128966955
1764505196.3788445,-7.18746,-1.2055399999999998,1.23606,-0.6648542550000001,0.71752746,0.128966955
1764505196.3788445,-7.18746,-1.2055399999999998,1.23606,-0.6648542550000001,0.71752746,0.128966955
1764505196.3788445,-7.18746,-1.2055399999999998,1.23606,-0.6648542550000001,0.71752746,0.128966955
1764505196.3788445,-7.18746,-1.2055399999999998,1.23606,-0.6648542550000001,0.71752746,0.128966955
1764505196.3788445,-7.18746,-1.2055399999999998,1.23606,-0.6648542550000001,0.71752746,0.128966955
1764505196.3788445,-7.18746,-1.2055399999999998,1.23606,-0.6648542550000001,0.71752746,0.128966955
1764505196.3788445,-5.646199999999999,0.6409199999999999,1.84646,-0.66467115,0.713193975,0.12988248
1764505196.3788445,-5.646199999999999,0.6409199999999999,1.84646,-0.66467115,0.713193975,0.12988248
1764505196.3788445,-5.646199999999999,0.6409199999999999,1.84646,-0.66467115,0.713193975,0.12988248
1764505196.3788445,-5.646199999999999,0.6409199999999999,1.84646,-0.66467115,0.713193975,0.12988248
1764505196.3788445,-5.646199999999999,0.6409199999999999,1.84646,-0.66467115,0.713193975,0.12988248
1764505196.3788445,-5.646199999999999,0.6409199999999999,1.84646,-0.66467115,0.713193975,0.12988248
1764505196.3788445,-5.646199999999999,0.6409199999999999,1.84646,-0.66467115,0.713193975,0.12988248
1764505196.3788445,-5.646199999999999,0.6409199999999999,1.84646,-0.66467115,0.713193975,0.12988248
1764505196.3788445,-5.646199999999999,0.6409199999999999,1.84646,-0.66467115,0.713193975,0.12988248
1764505196.380036,-5.646199999999999,0.6409199999999999,1.84646,-0.66467115,0.713193975,0.12988248
1764505196.4219334,-5.14262,1.15976,0.62566,-0.665586675,0.70959291,0.13098111
1764505196.4219334,-5.14262,1.15976,0.62566,-0.665586675,0.70959291,0.13098111
1764505196.4219334,-5.14262,1.15976,0.62566,-0.665586675,0.70959291,0.13098111
1764505196.4219334,-5.14262,1.15976,0.62566,-0.665586675,0.70959291,0.13098111
1764505196.4219334,-5.14262,1.15976,0.62566,-0.665586675,0.70959291,0.13098111
1764505196.4219334,-5.14262,1.15976,0.62566,-0.665586675,0.70959291,0.13098111
1764505196.422968,-5.14262,1.15976,0.62566,-0.665586675,0.70959291,0.13098111
1764505196.422968,-5.14262,1.15976,0.62566,-0.665586675,0.70959291,0.13098111
1764505196.422968,-5.14262,1.15976,0.62566,-0.665586675,0.70959291,0.13098111
1764505196.422968,-5.14262,1.15976,0.62566,-0.665586675,0.70959291,0.13098111
1764505196.422968,-5.31048,0.56462,-0.9003399999999999,-0.666197025,0.7078228950000001,0.13073697
1764505196.422968,-5.31048,0.56462,-0.9003399999999999,-0.666197025,0.7078228950000001,0.13073697
1764505196.422968,-5.31048,0.56462,-0.9003399999999999,-0.666197025,0.7078228950000001,0.13073697
1764505196.422968,-5.31048,0.56462,-0.9003399999999999,-0.666197025,0.7078228950000001,0.13073697
1764505196.422968,-5.31048,0.56462,-0.9003399999999999,-0.666197025,0.7078228950000001,0.13073697
1764505196.422968,-5.31048,0.56462,-0.9003399999999999,-0.666197025,0.7078228950000001,0.13073697
1764505196.422968,-5.31048,0.56462,-0.9003399999999999,-0.666197025,0.7078228950000001,0.13073697
1764505196.422968,-5.31048,0.56462,-0.9003399999999999,-0.666197025,0.7078228950000001,0.13073697
1764505196.422968,-5.31048,0.56462,-0.9003399999999999,-0.666197025,0.7078228950000001,0.13073697
1764505196.422968,-5.31048,0.56462,-0.9003399999999999,-0.666197025,0.7078228950000001,0.13073697
1764505196.422968,-2.80784,0.42728,-0.54936,-0.66723462,0.70825014,0.13110318
1764505196.422968,-2.80784,0.42728,-0.54936,-0.66723462,0.70825014,0.13110318
1764505196.473886,-2.80784,0.42728,-0.54936,-0.66723462,0.70825014,0.13110318
1764505196.473886,-2.80784,0.42728,-0.54936,-0.66723462,0.70825014,0.13110318
1764505196.473886,-2.80784,0.42728,-0.54936,-0.66723462,0.70825014,0.13110318
1764505196.473886,-2.80784,0.42728,-0.54936,-0.66723462,0.70825014,0.13110318
1764505196.473886,-2.80784,0.42728,-0.54936,-0.66723462,0.70825014,0.13110318
1764505196.473886,-2.80784,0.42728,-0.54936,-0.66723462,0.70825014,0.13110318
1764505196.473886,-2.80784,0.42728,-0.54936,-0.66723462,0.70825014,0.13110318
1764505196.473886,-2.80784,0.42728,-0.54936,-0.66723462,0.70825014,0.13110318
1764505196.4744115,-1.32762,0.09156,0.3509799999999999,-0.665342535,0.710264295,0.13207974
1764505196.4744115,-1.32762,0.09156,0.3509799999999999,-0.665342535,0.710264295,0.13207974
1764505196.4744115,-1.32762,0.09156,0.3509799999999999,-0.665342535,0.710264295,0.13207974
1764505196.4744115,-1.32762,0.09156,0.3509799999999999,-0.665342535,0.710264295,0.13207974
1764505196.4744115,-1.32762,0.09156,0.3509799999999999,-0.665342535,0.710264295,0.13207974
1764505196.4744115,-1.32762,0.09156,0.3509799999999999,-0.665342535,0.710264295,0.13207974
1764505196.4744115,-1.32762,0.09156,0.3509799999999999,-0.665342535,0.710264295,0.13207974
1764505196.4744115,-1.32762,0.09156,0.3509799999999999,-0.665342535,0.710264295,0.13207974
1764505196.4744115,-1.32762,0.09156,0.3509799999999999,-0.665342535,0.710264295,0.13207974
1764505196.4744115,-1.32762,0.09156,0.3509799999999999,-0.665342535,0.710264295,0.13207974
1764505196.4744115,-1.00716,0.9156,0.9919,-0.663877695,0.712095345,0.13146939
1764505196.4744115,-1.00716,0.9156,0.9919,-0.663877695,0.712095345,0.13146939
1764505196.4744115,-1.00716,0.9156,0.9919,-0.663877695,0.712095345,0.13146939
1764505196.4744115,-1.00716,0.9156,0.9919,-0.663877695,0.712095345,0.13146939
1764505196.4744115,-1.00716,0.9156,0.9919,-0.663877695,0.712095345,0.13146939
1764505196.4744115,-1.00716,0.9156,0.9919,-0.663877695,0.712095345,0.13146939
1764505196.519226,-1.00716,0.9156,0.9919,-0.663877695,0.712095345,0.13146939
1764505196.5304806,-1.00716,0.9156,0.9919,-0.663877695,0.712095345,0.13146939
1764505196.5304806,-1.00716,0.9156,0.9919,-0.663877695,0.712095345,0.13146939
1764505196.5314846,-1.00716,0.9156,0.9919,-0.663877695,0.712095345,0.13146939
1764505196.5314846,-2.27374,1.48022,1.89224,-0.66369459,0.716245725,0.131164215
1764505196.5314846,-2.27374,1.48022,1.89224,-0.66369459,0.716245725,0.131164215
1764505196.5314846,-2.27374,1.48022,1.89224,-0.66369459,0.716245725,0.131164215
1764505196.5314846,-2.27374,1.48022,1.89224,-0.66369459,0.716245725,0.131164215
1764505196.5314846,-2.27374,1.48022,1.89224,-0.66369459,0.716245725,0.131164215
1764505196.5314846,-2.27374,1.48022,1.89224,-0.66369459,0.716245725,0.131164215
1764505196.532478,-2.27374,1.48022,1.89224,-0.66369459,0.716245725,0.131164215
1764505196.532478,-2.27374,1.48022,1.89224,-0.66369459,0.716245725,0.131164215
1764505196.532478,-2.27374,1.48022,1.89224,-0.66369459,0.716245725,0.131164215
1764505196.532478,-2.27374,1.48022,1.89224,-0.66369459,0.716245725,0.131164215
1764505196.532478,-5.43256,1.58704,1.23606,-0.663755625,0.7209454200000001,0.13195767
1764505196.532478,-5.43256,1.58704,1.23606,-0.663755625,0.7209454200000001,0.13195767
1764505196.532478,-5.43256,1.58704,1.23606,-0.663755625,0.7209454200000001,0.13195767
1764505196.532478,-5.43256,1.58704,1.23606,-0.663755625,0.7209454200000001,0.13195767
1764505196.5334773,-5.43256,1.58704,1.23606,-0.663755625,0.7209454200000001,0.13195767
1764505196.5334773,-5.43256,1.58704,1.23606,-0.663755625,0.7209454200000001,0.13195767
1764505196.5334773,-5.43256,1.58704,1.23606,-0.663755625,0.7209454200000001,0.13195767
1764505196.5334773,-5.43256,1.58704,1.23606,-0.663755625,0.7209454200000001,0.13195767
1764505196.5334773,-5.43256,1.58704,1.23606,-0.663755625,0.7209454200000001,0.13195767
1764505196.5334773,-5.43256,1.58704,1.23606,-0.663755625,0.7209454200000001,0.13195767
1764505196.563951,-9.0034,3.5861,0.39676,-0.662412855,0.72192198,0.133117335
1764505196.564486,-9.0034,3.5861,0.39676,-0.662412855,0.72192198,0.133117335
1764505196.564486,-9.0034,3.5861,0.39676,-0.662412855,0.72192198,0.133117335
1764505196.564486,-9.0034,3.5861,0.39676,-0.662412855,0.72192198,0.133117335
1764505196.564486,-9.0034,3.5861,0.39676,-0.662412855,0.72192198,0.133117335
1764505196.564486,-9.0034,3.5861,0.39676,-0.662412855,0.72192198,0.133117335
1764505196.564486,-9.0034,3.5861,0.39676,-0.662412855,0.72192198,0.133117335
1764505196.564486,-9.0034,3.5861,0.39676,-0.662412855,0.72192198,0.133117335
1764505196.564486,-9.0034,3.5861,0.39676,-0.662412855,0.72192198,0.133117335
1764505196.564486,-9.0034,3.5861,0.39676,-0.662412855,0.72192198,0.133117335
1764505196.564486,-10.62096,6.50076,0.88508,-0.662412855,0.71948058,0.13330044
1764505196.564486,-10.62096,6.50076,0.88508,-0.662412855,0.71948058,0.13330044
1764505196.564486,-10.62096,6.50076,0.88508,-0.662412855,0.71948058,0.13330044
1764505196.564486,-10.62096,6.50076,0.88508,-0.662412855,0.71948058,0.13330044
1764505196.564486,-10.62096,6.50076,0.88508,-0.662412855,0.71948058,0.13330044
1764505196.564486,-10.62096,6.50076,0.88508,-0.662412855,0.71948058,0.13330044
1764505196.564486,-10.62096,6.50076,0.88508,-0.662412855,0.71948058,0.13330044
1764505196.564486,-10.62096,6.50076,0.88508,-0.662412855,0.71948058,0.13330044
1764505196.564486,-10.62096,6.50076,0.88508,-0.662412855,0.71948058,0.13330044
1764505196.564486,-10.62096,6.50076,0.88508,-0.662412855,0.71948058,0.13330044
1764505196.564486,-9.35438,6.07348,2.4416,-0.663389415,0.715879515,0.13269009
1764505196.564486,-9.35438,6.07348,2.4416,-0.663389415,0.715879515,0.13269009
1764505196.610076,-9.35438,6.07348,2.4416,-0.663389415,0.715879515,0.13269009
1764505196.610076,-9.35438,6.07348,2.4416,-0.663389415,0.715879515,0.13269009
1764505196.611084,-9.35438,6.07348,2.4416,-0.663389415,0.715879515,0.13269009
1764505196.611084,-9.35438,6.07348,2.4416,-0.663389415,0.715879515,0.13269009
1764505196.611084,-9.35438,6.07348,2.4416,-0.663389415,0.715879515,0.13269009
1764505196.611084,-9.35438,6.07348,2.4416,-0.663389415,0.715879515,0.13269009
1764505196.611084,-9.35438,6.07348,2.4416,-0.663389415,0.715879515,0.13269009
1764505196.611084,-9.35438,6.07348,2.4416,-0.663389415,0.715879515,0.13269009
1764505196.612141,-5.24944,2.71628,3.29616,-0.6664411650000001,0.7128888,0.133727685
1764505196.612141,-5.24944,2.71628,3.29616,-0.6664411650000001,0.7128888,0.133727685
1764505196.612141,-5.24944,2.71628,3.29616,-0.6664411650000001,0.7128888,0.133727685
1764505196.612141,-5.24944,2.71628,3.29616,-0.6664411650000001,0.7128888,0.133727685
1764505196.612141,-5.24944,2.71628,3.29616,-0.6664411650000001,0.7128888,0.133727685
1764505196.612141,-5.24944,2.71628,3.29616,-0.6664411650000001,0.7128888,0.133727685
1764505196.612141,-5.24944,2.71628,3.29616,-0.6664411650000001,0.7128888,0.133727685
1764505196.61314,-5.24944,2.71628,3.29616,-0.6664411650000001,0.7128888,0.133727685
1764505196.61314,-5.24944,2.71628,3.29616,-0.6664411650000001,0.7128888,0.133727685
1764505196.61314,-5.24944,2.71628,3.29616,-0.6664411650000001,0.7128888,0.133727685
1764505196.61314,-1.69386,0.763,3.1283,-0.66857739,0.7109967150000001,0.13635219
1764505196.61314,-1.69386,0.763,3.1283,-0.66857739,0.7109967150000001,0.13635219
1764505196.61314,-1.69386,0.763,3.1283,-0.66857739,0.7109967150000001,0.13635219
1764505196.61314,-1.69386,0.763,3.1283,-0.66857739,0.7109967150000001,0.13635219
1764505196.61314,-1.69386,0.763,3.1283,-0.66857739,0.7109967150000001,0.13635219
1764505196.61314,-1.69386,0.763,3.1283,-0.66857739,0.7109967150000001,0.13635219
1764505196.6566377,-1.69386,0.763,3.1283,-0.66857739,0.7109967150000001,0.13635219
1764505196.6566377,-1.69386,0.763,3.1283,-0.66857739,0.7109967150000001,0.13635219
1764505196.6566377,-1.69386,0.763,3.1283,-0.66857739,0.7109967150000001,0.13635219
1764505196.6566377,-1.69386,0.763,3.1283,-0.66857739,0.7109967150000001,0.13635219
1764505196.657157,-0.54936,1.526,2.31952,-0.66845532,0.711729135,0.136779435
1764505196.657157,-0.54936,1.526,2.31952,-0.66845532,0.711729135,0.136779435
1764505196.657157,-0.54936,1.526,2.31952,-0.66845532,0.711729135,0.136779435
1764505196.657157,-0.54936,1.526,2.31952,-0.66845532,0.711729135,0.136779435
1764505196.657157,-0.54936,1.526,2.31952,-0.66845532,0.711729135,0.136779435
1764505196.657157,-0.54936,1.526,2.31952,-0.66845532,0.711729135,0.136779435
1764505196.657157,-0.54936,1.526,2.31952,-0.66845532,0.711729135,0.136779435
1764505196.657157,-0.54936,1.526,2.31952,-0.66845532,0.711729135,0.136779435
1764505196.657157,-0.54936,1.526,2.31952,-0.66845532,0.711729135,0.136779435
1764505196.657157,-0.54936,1.526,2.31952,-0.66845532,0.711729135,0.136779435
1764505196.657157,-2.38056,1.08346,0.8392999999999999,-0.66711255,0.71471985,0.13561977
1764505196.657157,-2.38056,1.08346,0.8392999999999999,-0.66711255,0.71471985,0.13561977
1764505196.657157,-2.38056,1.08346,0.8392999999999999,-0.66711255,0.71471985,0.13561977
1764505196.657157,-2.38056,1.08346,0.8392999999999999,-0.66711255,0.71471985,0.13561977
1764505196.657157,-2.38056,1.08346,0.8392999999999999,-0.66711255,0.71471985,0.13561977
1764505196.657157,-2.38056,1.08346,0.8392999999999999,-0.66711255,0.71471985,0.13561977
1764505196.657157,-2.38056,1.08346,0.8392999999999999,-0.66711255,0.71471985,0.13561977
1764505196.657157,-2.38056,1.08346,0.8392999999999999,-0.66711255,0.71471985,0.13561977
1764505196.704604,-2.38056,1.08346,0.8392999999999999,-0.66711255,0.71471985,0.13561977
1764505196.704604,-2.38056,1.08346,0.8392999999999999,-0.66711255,0.71471985,0.13561977
1764505196.704604,-5.340999999999999,1.41918,1.05294,-0.664976325,0.71948058,0.135680805
1764505196.704604,-5.340999999999999,1.41918,1.05294,-0.664976325,0.71948058,0.135680805
1764505196.704604,-5.340999999999999,1.41918,1.05294,-0.664976325,0.71948058,0.135680805
1764505196.704604,-5.340999999999999,1.41918,1.05294,-0.664976325,0.71948058,0.135680805
1764505196.704604,-5.340999999999999,1.41918,1.05294,-0.664976325,0.71948058,0.135680805
1764505196.704604,-5.340999999999999,1.41918,1.05294,-0.664976325,0.71948058,0.135680805
1764505196.704604,-5.340999999999999,1.41918,1.05294,-0.664976325,0.71948058,0.135680805
1764505196.704604,-5.340999999999999,1.41918,1.05294,-0.664976325,0.71948058,0.135680805
1764505196.7056987,-5.340999999999999,1.41918,1.05294,-0.664976325,0.71948058,0.135680805
1764505196.7056987,-5.340999999999999,1.41918,1.05294,-0.664976325,0.71948058,0.135680805
1764505196.7056987,-6.91278,2.8994,1.78542,-0.66369459,0.72179991,0.13610805
1764505196.7056987,-6.91278,2.8994,1.78542,-0.66369459,0.72179991,0.13610805
1764505196.7056987,-6.91278,2.8994,1.78542,-0.66369459,0.72179991,0.13610805
1764505196.7056987,-6.91278,2.8994,1.78542,-0.66369459,0.72179991,0.13610805
1764505196.7056987,-6.91278,2.8994,1.78542,-0.66369459,0.72179991,0.13610805
1764505196.7056987,-6.91278,2.8994,1.78542,-0.66369459,0.72179991,0.13610805
1764505196.7056987,-6.91278,2.8994,1.78542,-0.66369459,0.72179991,0.13610805
1764505196.7056987,-6.91278,2.8994,1.78542,-0.66369459,0.72179991,0.13610805
1764505196.7056987,-6.91278,2.8994,1.78542,-0.66369459,0.72179991,0.13610805
1764505196.7066994,-6.91278,2.8994,1.78542,-0.66369459,0.72179991,0.13610805
1764505196.7066994,-9.18652,2.79258,1.54126,-0.66467115,0.7214337,0.136535295
1764505196.7066994,-9.18652,2.79258,1.54126,-0.66467115,0.7214337,0.136535295
1764505196.750661,-9.18652,2.79258,1.54126,-0.66467115,0.7214337,0.136535295
1764505196.750661,-9.18652,2.79258,1.54126,-0.66467115,0.7214337,0.136535295
1764505196.750661,-9.18652,2.79258,1.54126,-0.66467115,0.7214337,0.136535295
1764505196.750661,-9.18652,2.79258,1.54126,-0.66467115,0.7214337,0.136535295
1764505196.750661,-9.18652,2.79258,1.54126,-0.66467115,0.7214337,0.136535295
1764505196.750661,-9.18652,2.79258,1.54126,-0.66467115,0.7214337,0.136535295
1764505196.750661,-9.18652,2.79258,1.54126,-0.66467115,0.7214337,0.136535295
1764505196.750661,-9.18652,2.79258,1.54126,-0.66467115,0.7214337,0.136535295
1764505196.750661,-10.04108,2.35004,0.24416,-0.663877695,0.71862609,0.136779435
1764505196.750661,-10.04108,2.35004,0.24416,-0.663877695,0.71862609,0.136779435
1764505196.750661,-10.04108,2.35004,0.24416,-0.663877695,0.71862609,0.136779435
1764505196.750661,-10.04108,2.35004,0.24416,-0.663877695,0.71862609,0.136779435
1764505196.750661,-10.04108,2.35004,0.24416,-0.663877695,0.71862609,0.136779435
1764505196.750661,-10.04108,2.35004,0.24416,-0.663877695,0.71862609,0.136779435
1764505196.750661,-10.04108,2.35004,0.24416,-0.663877695,0.71862609,0.136779435
1764505196.7521944,-10.04108,2.35004,0.24416,-0.663877695,0.71862609,0.136779435
1764505196.7521944,-10.04108,2.35004,0.24416,-0.663877695,0.71862609,0.136779435
1764505196.7521944,-10.04108,2.35004,0.24416,-0.663877695,0.71862609,0.136779435
1764505196.7521944,-9.09496,2.54842,-0.6867,-0.66430494,0.7146588150000001,0.137145645
1764505196.7521944,-9.09496,2.54842,-0.6867,-0.66430494,0.7146588150000001,0.137145645
1764505196.7521944,-9.09496,2.54842,-0.6867,-0.66430494,0.7146588150000001,0.137145645
1764505196.7521944,-9.09496,2.54842,-0.6867,-0.66430494,0.7146588150000001,0.137145645
1764505196.7521944,-9.09496,2.54842,-0.6867,-0.66430494,0.7146588150000001,0.137145645
1764505196.7521944,-9.09496,2.54842,-0.6867,-0.66430494,0.7146588150000001,0.137145645
1764505196.796687,-9.09496,2.54842,-0.6867,-0.66430494,0.7146588150000001,0.137145645
1764505196.796687,-9.09496,2.54842,-0.6867,-0.66430494,0.7146588150000001,0.137145645
1764505196.796687,-9.09496,2.54842,-0.6867,-0.66430494,0.7146588150000001,0.137145645
1764505196.796687,-9.09496,2.54842,-0.6867,-0.66430494,0.7146588150000001,0.137145645
1764505196.796687,-7.52318,3.02148,-0.77826,-0.666197025,0.710386365,0.13561977
1764505196.796687,-7.52318,3.02148,-0.77826,-0.666197025,0.710386365,0.13561977
1764505196.796687,-7.52318,3.02148,-0.77826,-0.666197025,0.710386365,0.13561977
1764505196.796687,-7.52318,3.02148,-0.77826,-0.666197025,0.710386365,0.13561977
1764505196.796687,-7.52318,3.02148,-0.77826,-0.666197025,0.710386365,0.13561977
1764505196.796687,-7.52318,3.02148,-0.77826,-0.666197025,0.710386365,0.13561977
1764505196.796687,-7.52318,3.02148,-0.77826,-0.666197025,0.710386365,0.13561977
1764505196.796687,-7.52318,3.02148,-0.77826,-0.666197025,0.710386365,0.13561977
1764505196.7987309,-7.52318,3.02148,-0.77826,-0.666197025,0.710386365,0.13561977
1764505196.7987309,-7.52318,3.02148,-0.77826,-0.666197025,0.710386365,0.13561977
1764505196.7987309,-6.01244,1.2971,-0.6103999999999999,-0.668028075,0.70849428,0.13330044
1764505196.7987309,-6.01244,1.2971,-0.6103999999999999,-0.668028075,0.70849428,0.13330044
1764505196.7987309,-6.01244,1.2971,-0.6103999999999999,-0.668028075,0.70849428,0.13330044
1764505196.7987309,-6.01244,1.2971,-0.6103999999999999,-0.668028075,0.70849428,0.13330044
1764505196.7987309,-6.01244,1.2971,-0.6103999999999999,-0.668028075,0.70849428,0.13330044
1764505196.7987309,-6.01244,1.2971,-0.6103999999999999,-0.668028075,0.70849428,0.13330044
1764505196.7987309,-6.01244,1.2971,-0.6103999999999999,-0.668028075,0.70849428,0.13330044
1764505196.7987309,-6.01244,1.2971,-0.6103999999999999,-0.668028075,0.70849428,0.13330044
1764505196.7987309,-6.01244,1.2971,-0.6103999999999999,-0.668028075,0.70849428,0.13330044
1764505196.7987309,-6.01244,1.2971,-0.6103999999999999,-0.668028075,0.70849428,0.13330044
1764505196.8431697,-4.4254,0.82404,-1.70912,-0.6664411650000001,0.70776186,0.13232388
1764505196.8431697,-4.4254,0.82404,-1.70912,-0.6664411650000001,0.70776186,0.13232388
1764505196.8465967,-4.4254,0.82404,-1.70912,-0.6664411650000001,0.70776186,0.13232388
1764505196.8465967,-4.4254,0.82404,-1.70912,-0.6664411650000001,0.70776186,0.13232388
1764505196.8465967,-4.4254,0.82404,-1.70912,-0.6664411650000001,0.70776186,0.13232388
1764505196.8465967,-4.4254,0.82404,-1.70912,-0.6664411650000001,0.70776186,0.13232388
1764505196.8465967,-4.4254,0.82404,-1.70912,-0.6664411650000001,0.70776186,0.13232388
1764505196.8465967,-4.4254,0.82404,-1.70912,-0.6664411650000001,0.70776186,0.13232388
1764505196.8465967,-4.4254,0.82404,-1.70912,-0.6664411650000001,0.70776186,0.13232388
1764505196.8465967,-4.4254,0.82404,-1.70912,-0.6664411650000001,0.70776186,0.13232388
1764505196.8465967,-3.14356,1.69386,-1.70912,-0.66503736,0.70898256,0.134093895
1764505196.8465967,-3.14356,1.69386,-1.70912,-0.66503736,0.70898256,0.134093895
1764505196.8465967,-3.14356,1.69386,-1.70912,-0.66503736,0.70898256,0.134093895
1764505196.8465967,-3.14356,1.69386,-1.70912,-0.66503736,0.70898256,0.134093895
1764505196.8465967,-3.14356,1.69386,-1.70912,-0.66503736,0.70898256,0.134093895
1764505196.8465967,-3.14356,1.69386,-1.70912,-0.66503736,0.70898256,0.134093895
1764505196.8465967,-3.14356,1.69386,-1.70912,-0.66503736,0.70898256,0.134093895
1764505196.8465967,-3.14356,1.69386,-1.70912,-0.66503736,0.70898256,0.134093895
1764505196.8465967,-3.14356,1.69386,-1.70912,-0.66503736,0.70898256,0.134093895
1764505196.8465967,-3.14356,1.69386,-1.70912,-0.66503736,0.70898256,0.134093895
1764505196.8465967,-1.6633399999999998,2.41108,-1.0682,-0.665342535,0.708677385,0.136169085
1764505196.8465967,-1.6633399999999998,2.41108,-1.0682,-0.665342535,0.708677385,0.136169085
1764505196.8929896,-1.6633399999999998,2.41108,-1.0682,-0.665342535,0.708677385,0.136169085
1764505196.8929896,-1.6633399999999998,2.41108,-1.0682,-0.665342535,0.708677385,0.136169085
1764505196.8929896,-1.6633399999999998,2.41108,-1.0682,-0.665342535,0.708677385,0.136169085
1764505196.8929896,-1.6633399999999998,2.41108,-1.0682,-0.665342535,0.708677385,0.136169085
1764505196.8929896,-1.6633399999999998,2.41108,-1.0682,-0.665342535,0.708677385,0.136169085
1764505196.8929896,-1.6633399999999998,2.41108,-1.0682,-0.665342535,0.708677385,0.136169085
1764505196.8929896,-1.6633399999999998,2.41108,-1.0682,-0.665342535,0.708677385,0.136169085
1764505196.8929896,-1.6633399999999998,2.41108,-1.0682,-0.665342535,0.708677385,0.136169085
1764505196.8929896,-2.39582,2.4416,-0.54936,-0.66638013,0.70947084,0.135192525
1764505196.8929896,-2.39582,2.4416,-0.54936,-0.66638013,0.70947084,0.135192525
1764505196.8929896,-2.39582,2.4416,-0.54936,-0.66638013,0.70947084,0.135192525
1764505196.8929896,-2.39582,2.4416,-0.54936,-0.66638013,0.70947084,0.135192525
1764505196.8929896,-2.39582,2.4416,-0.54936,-0.66638013,0.70947084,0.135192525
1764505196.8929896,-2.39582,2.4416,-0.54936,-0.66638013,0.70947084,0.135192525
1764505196.8929896,-2.39582,2.4416,-0.54936,-0.66638013,0.70947084,0.135192525
1764505196.8929896,-2.39582,2.4416,-0.54936,-0.66638013,0.70947084,0.135192525
1764505196.8929896,-2.39582,2.4416,-0.54936,-0.66638013,0.70947084,0.135192525
1764505196.8929896,-2.39582,2.4416,-0.54936,-0.66638013,0.70947084,0.135192525
1764505196.8929896,-3.75396,1.0682,0.0,-0.665342535,0.71349915,0.13525356
1764505196.8929896,-3.75396,1.0682,0.0,-0.665342535,0.71349915,0.13525356
1764505196.8929896,-3.75396,1.0682,0.0,-0.665342535,0.71349915,0.13525356
1764505196.8929896,-3.75396,1.0682,0.0,-0.665342535,0.71349915,0.13525356
1764505196.8929896,-3.75396,1.0682,0.0,-0.665342535,0.71349915,0.13525356
1764505196.8929896,-3.75396,1.0682,0.0,-0.665342535,0.71349915,0.13525356
1764505196.9388914,-3.75396,1.0682,0.0,-0.665342535,0.71349915,0.13525356
1764505196.9388914,-3.75396,1.0682,0.0,-0.665342535,0.71349915,0.13525356
1764505196.9388914,-3.75396,1.0682,0.0,-0.665342535,0.71349915,0.13525356
1764505196.9388914,-3.75396,1.0682,0.0,-0.665342535,0.71349915,0.13525356
1764505196.9388914,-5.84458,1.63282,-0.51884,-0.663633555,0.71630676,0.136413225
1764505196.9388914,-5.84458,1.63282,-0.51884,-0.663633555,0.71630676,0.136413225
1764505196.9388914,-5.84458,1.63282,-0.51884,-0.663633555,0.71630676,0.136413225
1764505196.9388914,-5.84458,1.63282,-0.51884,-0.663633555,0.71630676,0.136413225
1764505196.9388914,-5.84458,1.63282,-0.51884,-0.663633555,0.71630676,0.136413225
1764505196.9388914,-5.84458,1.63282,-0.51884,-0.663633555,0.71630676,0.136413225
1764505196.9388914,-5.84458,1.63282,-0.51884,-0.663633555,0.71630676,0.136413225
1764505196.9388914,-5.84458,1.63282,-0.51884,-0.663633555,0.71630676,0.136413225
1764505196.9388914,-5.84458,1.63282,-0.51884,-0.663633555,0.71630676,0.136413225
1764505196.9388914,-5.84458,1.63282,-0.51884,-0.663633555,0.71630676,0.136413225
1764505196.9388914,-5.60042,2.6705,-0.6103999999999999,-0.664243905,0.717222285,0.136779435
1764505196.9404976,-5.60042,2.6705,-0.6103999999999999,-0.664243905,0.717222285,0.136779435
1764505196.9404976,-5.60042,2.6705,-0.6103999999999999,-0.664243905,0.717222285,0.136779435
1764505196.9404976,-5.60042,2.6705,-0.6103999999999999,-0.664243905,0.717222285,0.136779435
1764505196.9404976,-5.60042,2.6705,-0.6103999999999999,-0.664243905,0.717222285,0.136779435
1764505196.9404976,-5.60042,2.6705,-0.6103999999999999,-0.664243905,0.717222285,0.136779435
1764505196.9404976,-5.60042,2.6705,-0.6103999999999999,-0.664243905,0.717222285,0.136779435
1764505196.9404976,-5.60042,2.6705,-0.6103999999999999,-0.664243905,0.717222285,0.136779435
1764505196.9404976,-5.60042,2.6705,-0.6103999999999999,-0.664243905,0.717222285,0.136779435
1764505196.9404976,-5.60042,2.6705,-0.6103999999999999,-0.664243905,0.717222285,0.136779435
1764505196.984676,-4.77638,1.3734,0.59514,-0.667539795,0.717710565,0.13574184
1764505196.984676,-4.77638,1.3734,0.59514,-0.667539795,0.717710565,0.13574184
1764505196.984676,-4.77638,1.3734,0.59514,-0.667539795,0.717710565,0.13574184
1764505196.984676,-4.77638,1.3734,0.59514,-0.667539795,0.717710565,0.13574184
1764505196.984676,-4.77638,1.3734,0.59514,-0.667539795,0.717710565,0.13574184
1764505196.984676,-4.77638,1.3734,0.59514,-0.667539795,0.717710565,0.13574184
1764505196.984676,-4.77638,1.3734,0.59514,-0.667539795,0.717710565,0.13574184
1764505196.984676,-4.77638,1.3734,0.59514,-0.667539795,0.717710565,0.13574184
1764505196.984676,-4.77638,1.3734,0.59514,-0.667539795,0.717710565,0.13574184
1764505196.984676,-4.77638,1.3734,0.59514,-0.667539795,0.717710565,0.13574184
1764505196.984676,-3.86078,-1.15976,0.79352,-0.669126705,0.719297475,0.135924945
1764505196.984676,-3.86078,-1.15976,0.79352,-0.669126705,0.719297475,0.135924945
1764505196.984676,-3.86078,-1.15976,0.79352,-0.669126705,0.719297475,0.135924945
1764505196.9856937,-3.86078,-1.15976,0.79352,-0.669126705,0.719297475,0.135924945
1764505196.9856937,-3.86078,-1.15976,0.79352,-0.669126705,0.719297475,0.135924945
1764505196.9856937,-3.86078,-1.15976,0.79352,-0.669126705,0.719297475,0.135924945
1764505196.9856937,-3.86078,-1.15976,0.79352,-0.669126705,0.719297475,0.135924945
1764505196.9856937,-3.86078,-1.15976,0.79352,-0.669126705,0.719297475,0.135924945
1764505196.9856937,-3.86078,-1.15976,0.79352,-0.669126705,0.719297475,0.135924945
1764505196.9856937,-3.86078,-1.15976,0.79352,-0.669126705,0.719297475,0.135924945
1764505196.9882536,-3.72344,-0.39676,0.09156,-0.6689436,0.719053335,0.138000135
1764505196.9882536,-3.72344,-0.39676,0.09156,-0.6689436,0.719053335,0.138000135
1764505197.0366898,-3.72344,-0.39676,0.09156,-0.6689436,0.719053335,0.138000135
1764505197.0366898,-3.72344,-0.39676,0.09156,-0.6689436,0.719053335,0.138000135
1764505197.0366898,-3.72344,-0.39676,0.09156,-0.6689436,0.719053335,0.138000135
1764505197.0366898,-3.72344,-0.39676,0.09156,-0.6689436,0.719053335,0.138000135
1764505197.0366898,-3.72344,-0.39676,0.09156,-0.6689436,0.719053335,0.138000135
1764505197.0366898,-3.72344,-0.39676,0.09156,-0.6689436,0.719053335,0.138000135
1764505197.0383923,-3.72344,-0.39676,0.09156,-0.6689436,0.719053335,0.138000135
1764505197.0383923,-3.72344,-0.39676,0.09156,-0.6689436,0.719053335,0.138000135
1764505197.0383923,-5.8751,1.64808,-1.0682,-0.66833325,0.7189923,0.137267715
1764505197.0383923,-5.8751,1.64808,-1.0682,-0.66833325,0.7189923,0.137267715
1764505197.0383923,-5.8751,1.64808,-1.0682,-0.66833325,0.7189923,0.137267715
1764505197.0383923,-5.8751,1.64808,-1.0682,-0.66833325,0.7189923,0.137267715
1764505197.0383923,-5.8751,1.64808,-1.0682,-0.66833325,0.7189923,0.137267715
1764505197.0383923,-5.8751,1.64808,-1.0682,-0.66833325,0.7189923,0.137267715
1764505197.0383923,-5.8751,1.64808,-1.0682,-0.66833325,0.7189923,0.137267715
1764505197.0383923,-5.8751,1.64808,-1.0682,-0.66833325,0.7189923,0.137267715
1764505197.0383923,-5.8751,1.64808,-1.0682,-0.66833325,0.7189923,0.137267715
1764505197.0383923,-5.8751,1.64808,-1.0682,-0.66833325,0.7189923,0.137267715
1764505197.0383923,-8.56086,2.2127,-0.9919,-0.667051515,0.71716125,0.13513149
1764505197.0383923,-8.56086,2.2127,-0.9919,-0.667051515,0.71716125,0.13513149
1764505197.0383923,-8.56086,2.2127,-0.9919,-0.667051515,0.71716125,0.13513149
1764505197.0383923,-8.56086,2.2127,-0.9919,-0.667051515,0.71716125,0.13513149
1764505197.0383923,-8.56086,2.2127,-0.9919,-0.667051515,0.71716125,0.13513149
1764505197.0383923,-8.56086,2.2127,-0.9919,-0.667051515,0.71716125,0.13513149
1764505197.0383923,-8.56086,2.2127,-0.9919,-0.667051515,0.71716125,0.13513149
1764505197.0383923,-8.56086,2.2127,-0.9919,-0.667051515,0.71716125,0.13513149
1764505197.0399292,-8.56086,2.2127,-0.9919,-0.667051515,0.71716125,0.13513149
1764505197.0399292,-8.56086,2.2127,-0.9919,-0.667051515,0.71716125,0.13513149
1764505197.0869706,-8.179359999999999,2.63998,0.24416,-0.666685305,0.71374329,0.133239405
1764505197.0879989,-8.179359999999999,2.63998,0.24416,-0.666685305,0.71374329,0.133239405
1764505197.0879989,-8.179359999999999,2.63998,0.24416,-0.666685305,0.71374329,0.133239405
1764505197.0879989,-8.179359999999999,2.63998,0.24416,-0.666685305,0.71374329,0.133239405
1764505197.0879989,-8.179359999999999,2.63998,0.24416,-0.666685305,0.71374329,0.133239405
1764505197.0879989,-8.179359999999999,2.63998,0.24416,-0.666685305,0.71374329,0.133239405
1764505197.088982,-8.179359999999999,2.63998,0.24416,-0.666685305,0.71374329,0.133239405
1764505197.088982,-8.179359999999999,2.63998,0.24416,-0.666685305,0.71374329,0.133239405
1764505197.088982,-8.179359999999999,2.63998,0.24416,-0.666685305,0.71374329,0.133239405
1764505197.0895853,-8.179359999999999,2.63998,0.24416,-0.666685305,0.71374329,0.133239405
1764505197.0895853,-6.28712,3.8913,0.74774,-0.666197025,0.71020326,0.13244595
1764505197.0895853,-6.28712,3.8913,0.74774,-0.666197025,0.71020326,0.13244595
1764505197.0906022,-6.28712,3.8913,0.74774,-0.666197025,0.71020326,0.13244595
1764505197.0906022,-6.28712,3.8913,0.74774,-0.666197025,0.71020326,0.13244595
1764505197.0906022,-6.28712,3.8913,0.74774,-0.666197025,0.71020326,0.13244595
1764505197.0906022,-6.28712,3.8913,0.74774,-0.666197025,0.71020326,0.13244595
1764505197.0915918,-6.28712,3.8913,0.74774,-0.666197025,0.71020326,0.13244595
1764505197.0915918,-6.28712,3.8913,0.74774,-0.666197025,0.71020326,0.13244595
1764505197.0915918,-6.28712,3.8913,0.74774,-0.666197025,0.71020326,0.13244595
1764505197.0915918,-6.28712,3.8913,0.74774,-0.666197025,0.71020326,0.13244595
1764505197.0915918,-5.52412,5.340999999999999,0.3815,-0.6664411650000001,0.708311175,0.13134732
1764505197.0915918,-5.52412,5.340999999999999,0.3815,-0.6664411650000001,0.708311175,0.13134732
1764505197.0915918,-5.52412,5.340999999999999,0.3815,-0.6664411650000001,0.708311175,0.13134732
1764505197.0915918,-5.52412,5.340999999999999,0.3815,-0.6664411650000001,0.708311175,0.13134732
1764505197.130315,-5.52412,5.340999999999999,0.3815,-0.6664411650000001,0.708311175,0.13134732
1764505197.130315,-5.52412,5.340999999999999,0.3815,-0.6664411650000001,0.708311175,0.13134732
1764505197.1313305,-5.52412,5.340999999999999,0.3815,-0.6664411650000001,0.708311175,0.13134732
1764505197.1313305,-5.52412,5.340999999999999,0.3815,-0.6664411650000001,0.708311175,0.13134732
1764505197.1313305,-5.52412,5.340999999999999,0.3815,-0.6664411650000001,0.708311175,0.13134732
1764505197.1313305,-5.52412,5.340999999999999,0.3815,-0.6664411650000001,0.708311175,0.13134732
1764505197.1313305,-6.53128,7.53844,-0.36624,-0.665220465,0.708433245,0.12878385
1764505197.1313305,-6.53128,7.53844,-0.36624,-0.665220465,0.708433245,0.12878385
1764505197.1313305,-6.53128,7.53844,-0.36624,-0.665220465,0.708433245,0.12878385
1764505197.1313305,-6.53128,7.53844,-0.36624,-0.665220465,0.708433245,0.12878385
1764505197.1313305,-6.53128,7.53844,-0.36624,-0.665220465,0.708433245,0.12878385
1764505197.1313305,-6.53128,7.53844,-0.36624,-0.665220465,0.708433245,0.12878385
1764505197.1323464,-6.53128,7.53844,-0.36624,-0.665220465,0.708433245,0.12878385
1764505197.1323464,-6.53128,7.53844,-0.36624,-0.665220465,0.708433245,0.12878385
1764505197.1323464,-6.53128,7.53844,-0.36624,-0.665220465,0.708433245,0.12878385
1764505197.1323464,-6.53128,7.53844,-0.36624,-0.665220465,0.708433245,0.12878385
1764505197.1323464,-5.43256,7.84364,-0.79352,-0.66540357,0.710386365,0.128356605
1764505197.1323464,-5.43256,7.84364,-0.79352,-0.66540357,0.710386365,0.128356605
1764505197.1323464,-5.43256,7.84364,-0.79352,-0.66540357,0.710386365,0.128356605
1764505197.1323464,-5.43256,7.84364,-0.79352,-0.66540357,0.710386365,0.128356605
1764505197.1323464,-5.43256,7.84364,-0.79352,-0.66540357,0.710386365,0.128356605
1764505197.1323464,-5.43256,7.84364,-0.79352,-0.66540357,0.710386365,0.128356605
1764505197.1780612,-5.43256,7.84364,-0.79352,-0.66540357,0.710386365,0.128356605
1764505197.1780612,-5.43256,7.84364,-0.79352,-0.66540357,0.710386365,0.128356605
1764505197.1780612,-5.43256,7.84364,-0.79352,-0.66540357,0.710386365,0.128356605
1764505197.1780612,-5.43256,7.84364,-0.79352,-0.66540357,0.710386365,0.128356605
1764505197.1780612,-2.57894,7.43162,0.73248,-0.66442701,0.7136212200000001,0.13073697
1764505197.1780612,-2.57894,7.43162,0.73248,-0.66442701,0.7136212200000001,0.13073697
1764505197.1780612,-2.57894,7.43162,0.73248,-0.66442701,0.7136212200000001,0.13073697
1764505197.1780612,-2.57894,7.43162,0.73248,-0.66442701,0.7136212200000001,0.13073697
1764505197.1780612,-2.57894,7.43162,0.73248,-0.66442701,0.7136212200000001,0.13073697
1764505197.1780612,-2.57894,7.43162,0.73248,-0.66442701,0.7136212200000001,0.13073697
1764505197.1780612,-2.57894,7.43162,0.73248,-0.66442701,0.7136212200000001,0.13073697
1764505197.1780612,-2.57894,7.43162,0.73248,-0.66442701,0.7136212200000001,0.13073697
1764505197.1780612,-2.57894,7.43162,0.73248,-0.66442701,0.7136212200000001,0.13073697
1764505197.1780612,-2.57894,7.43162,0.73248,-0.66442701,0.7136212200000001,0.13073697
1764505197.1780612,-0.3815,5.60042,1.38866,-0.664121835,0.7151470950000001,0.134093895
1764505197.1790614,-0.3815,5.60042,1.38866,-0.664121835,0.7151470950000001,0.134093895
1764505197.1790614,-0.3815,5.60042,1.38866,-0.664121835,0.7151470950000001,0.134093895
1764505197.1790614,-0.3815,5.60042,1.38866,-0.664121835,0.7151470950000001,0.134093895
1764505197.1790614,-0.3815,5.60042,1.38866,-0.664121835,0.7151470950000001,0.134093895
1764505197.1790614,-0.3815,5.60042,1.38866,-0.664121835,0.7151470950000001,0.134093895
1764505197.1804512,-0.3815,5.60042,1.38866,-0.664121835,0.7151470950000001,0.134093895
1764505197.1804512,-0.3815,5.60042,1.38866,-0.664121835,0.7151470950000001,0.134093895
1764505197.2230322,-0.3815,5.60042,1.38866,-0.664121835,0.7151470950000001,0.134093895
1764505197.2230322,-0.3815,5.60042,1.38866,-0.664121835,0.7151470950000001,0.134093895
1764505197.2230322,-1.26658,3.2046,1.55652,-0.66564771,0.717710565,0.13696254
1764505197.2230322,-1.26658,3.2046,1.55652,-0.66564771,0.717710565,0.13696254
1764505197.2230322,-1.26658,3.2046,1.55652,-0.66564771,0.717710565,0.13696254
1764505197.2230322,-1.26658,3.2046,1.55652,-0.66564771,0.717710565,0.13696254
1764505197.2230322,-1.26658,3.2046,1.55652,-0.66564771,0.717710565,0.13696254
1764505197.2230322,-1.26658,3.2046,1.55652,-0.66564771,0.717710565,0.13696254
1764505197.2230322,-1.26658,3.2046,1.55652,-0.66564771,0.717710565,0.13696254
1764505197.2230322,-1.26658,3.2046,1.55652,-0.66564771,0.717710565,0.13696254
1764505197.2230322,-1.26658,3.2046,1.55652,-0.66564771,0.717710565,0.13696254
1764505197.2230322,-1.26658,3.2046,1.55652,-0.66564771,0.717710565,0.13696254
1764505197.2230322,-5.753019999999999,3.14356,2.25848,-0.66686841,0.72082335,0.139831185
1764505197.2230322,-5.753019999999999,3.14356,2.25848,-0.66686841,0.72082335,0.139831185
1764505197.2230322,-5.753019999999999,3.14356,2.25848,-0.66686841,0.72082335,0.139831185
1764505197.2230322,-5.753019999999999,3.14356,2.25848,-0.66686841,0.72082335,0.139831185
1764505197.2230322,-5.753019999999999,3.14356,2.25848,-0.66686841,0.72082335,0.139831185
1764505197.2230322,-5.753019999999999,3.14356,2.25848,-0.66686841,0.72082335,0.139831185
1764505197.2230322,-5.753019999999999,3.14356,2.25848,-0.66686841,0.72082335,0.139831185
1764505197.2230322,-5.753019999999999,3.14356,2.25848,-0.66686841,0.72082335,0.139831185
1764505197.2230322,-5.753019999999999,3.14356,2.25848,-0.66686841,0.72082335,0.139831185
1764505197.2245946,-5.753019999999999,3.14356,2.25848,-0.66686841,0.72082335,0.139831185
1764505197.2245946,-10.01056,2.30426,0.73248,-0.66882153,0.7240582050000001,0.14196741
1764505197.2245946,-10.01056,2.30426,0.73248,-0.66882153,0.7240582050000001,0.14196741
1764505197.2727814,-10.01056,2.30426,0.73248,-0.66882153,0.7240582050000001,0.14196741
1764505197.2727814,-10.01056,2.30426,0.73248,-0.66882153,0.7240582050000001,0.14196741
1764505197.2727814,-10.01056,2.30426,0.73248,-0.66882153,0.7240582050000001,0.14196741
1764505197.2727814,-10.01056,2.30426,0.73248,-0.66882153,0.7240582050000001,0.14196741
1764505197.2727814,-10.01056,2.30426,0.73248,-0.66882153,0.7240582050000001,0.14196741
1764505197.2727814,-10.01056,2.30426,0.73248,-0.66882153,0.7240582050000001,0.14196741
1764505197.2727814,-10.01056,2.30426,0.73248,-0.66882153,0.7240582050000001,0.14196741
1764505197.2727814,-10.01056,2.30426,0.73248,-0.66882153,0.7240582050000001,0.14196741
1764505197.2727814,-11.3687,2.31952,-0.6103999999999999,-0.6689436,0.72314268,0.142150515
1764505197.2727814,-11.3687,2.31952,-0.6103999999999999,-0.6689436,0.72314268,0.142150515
1764505197.2727814,-11.3687,2.31952,-0.6103999999999999,-0.6689436,0.72314268,0.142150515
1764505197.2727814,-11.3687,2.31952,-0.6103999999999999,-0.6689436,0.72314268,0.142150515
1764505197.2727814,-11.3687,2.31952,-0.6103999999999999,-0.6689436,0.72314268,0.142150515
1764505197.2727814,-11.3687,2.31952,-0.6103999999999999,-0.6689436,0.72314268,0.142150515
1764505197.2727814,-11.3687,2.31952,-0.6103999999999999,-0.6689436,0.72314268,0.142150515
1764505197.2727814,-11.3687,2.31952,-0.6103999999999999,-0.6689436,0.72314268,0.142150515
1764505197.2727814,-11.3687,2.31952,-0.6103999999999999,-0.6689436,0.72314268,0.142150515
1764505197.2727814,-11.3687,2.31952,-0.6103999999999999,-0.6689436,0.72314268,0.142150515
1764505197.2743318,-11.30766,2.02958,-1.17502,-0.66833325,0.719053335,0.14025843
1764505197.2743318,-11.30766,2.02958,-1.17502,-0.66833325,0.719053335,0.14025843
1764505197.2743318,-11.30766,2.02958,-1.17502,-0.66833325,0.719053335,0.14025843
1764505197.2743318,-11.30766,2.02958,-1.17502,-0.66833325,0.719053335,0.14025843
1764505197.2743318,-11.30766,2.02958,-1.17502,-0.66833325,0.719053335,0.14025843
1764505197.2743318,-11.30766,2.02958,-1.17502,-0.66833325,0.719053335,0.14025843
1764505197.317305,-11.30766,2.02958,-1.17502,-0.66833325,0.719053335,0.14025843
1764505197.317305,-11.30766,2.02958,-1.17502,-0.66833325,0.719053335,0.14025843
1764505197.317305,-11.30766,2.02958,-1.17502,-0.66833325,0.719053335,0.14025843
1764505197.318838,-11.30766,2.02958,-1.17502,-0.66833325,0.719053335,0.14025843
1764505197.318838,-10.71252,1.7549,-0.85456,-0.66943188,0.715513305,0.1367184
1764505197.318838,-10.71252,1.7549,-0.85456,-0.66943188,0.715513305,0.1367184
1764505197.318838,-10.71252,1.7549,-0.85456,-0.66943188,0.715513305,0.1367184
1764505197.318838,-10.71252,1.7549,-0.85456,-0.66943188,0.715513305,0.1367184
1764505197.318838,-10.71252,1.7549,-0.85456,-0.66943188,0.715513305,0.1367184
1764505197.318838,-10.71252,1.7549,-0.85456,-0.66943188,0.715513305,0.1367184
1764505197.318838,-10.71252,1.7549,-0.85456,-0.66943188,0.715513305,0.1367184
1764505197.318838,-10.71252,1.7549,-0.85456,-0.66943188,0.715513305,0.1367184
1764505197.318838,-10.71252,1.7549,-0.85456,-0.66943188,0.715513305,0.1367184
1764505197.318838,-10.71252,1.7549,-0.85456,-0.66943188,0.715513305,0.1367184
1764505197.318838,-9.82744,1.87698,0.36624,-0.66943188,0.71398743,0.133361475
1764505197.318838,-9.82744,1.87698,0.36624,-0.66943188,0.71398743,0.133361475
1764505197.318838,-9.82744,1.87698,0.36624,-0.66943188,0.71398743,0.133361475
1764505197.318838,-9.82744,1.87698,0.36624,-0.66943188,0.71398743,0.133361475
1764505197.318838,-9.82744,1.87698,0.36624,-0.66943188,0.71398743,0.133361475
1764505197.318838,-9.82744,1.87698,0.36624,-0.66943188,0.71398743,0.133361475
1764505197.318838,-9.82744,1.87698,0.36624,-0.66943188,0.71398743,0.133361475
1764505197.318838,-9.82744,1.87698,0.36624,-0.66943188,0.71398743,0.133361475
1764505197.3193684,-9.82744,1.87698,0.36624,-0.66943188,0.71398743,0.133361475
1764505197.3193684,-9.82744,1.87698,0.36624,-0.66943188,0.71398743,0.133361475
1764505197.3664112,-7.38584,1.00716,0.65618,-0.66857739,0.711851205,0.132384915
1764505197.3664112,-7.38584,1.00716,0.65618,-0.66857739,0.711851205,0.132384915
1764505197.3664112,-7.38584,1.00716,0.65618,-0.66857739,0.711851205,0.132384915
1764505197.3664112,-7.38584,1.00716,0.65618,-0.66857739,0.711851205,0.132384915
1764505197.3664112,-7.38584,1.00716,0.65618,-0.66857739,0.711851205,0.132384915
1764505197.3664112,-7.38584,1.00716,0.65618,-0.66857739,0.711851205,0.132384915
1764505197.3664112,-7.38584,1.00716,0.65618,-0.66857739,0.711851205,0.132384915
1764505197.3664112,-7.38584,1.00716,0.65618,-0.66857739,0.711851205,0.132384915
1764505197.3664112,-7.38584,1.00716,0.65618,-0.66857739,0.711851205,0.132384915
1764505197.3664112,-7.38584,1.00716,0.65618,-0.66857739,0.711851205,0.132384915
1764505197.3664112,-3.23512,1.05294,1.11398,-0.66857739,0.707212545,0.13354458
1764505197.3664112,-3.23512,1.05294,1.11398,-0.66857739,0.707212545,0.13354458
1764505197.3664112,-3.23512,1.05294,1.11398,-0.66857739,0.707212545,0.13354458
1764505197.3664112,-3.23512,1.05294,1.11398,-0.66857739,0.707212545,0.13354458
1764505197.3664112,-3.23512,1.05294,1.11398,-0.66857739,0.707212545,0.13354458
1764505197.3664112,-3.23512,1.05294,1.11398,-0.66857739,0.707212545,0.13354458
1764505197.3664112,-3.23512,1.05294,1.11398,-0.66857739,0.707212545,0.13354458
1764505197.3664112,-3.23512,1.05294,1.11398,-0.66857739,0.707212545,0.13354458
1764505197.3664112,-3.23512,1.05294,1.11398,-0.66857739,0.707212545,0.13354458
1764505197.3664112,-3.23512,1.05294,1.11398,-0.66857739,0.707212545,0.13354458
1764505197.367954,-0.56462,1.38866,1.87698,-0.669614985,0.70385562,0.13342251
1764505197.367954,-0.56462,1.38866,1.87698,-0.669614985,0.70385562,0.13342251
1764505197.4130428,-0.56462,1.38866,1.87698,-0.669614985,0.70385562,0.13342251
1764505197.4130428,-0.56462,1.38866,1.87698,-0.669614985,0.70385562,0.13342251
1764505197.4130428,-0.56462,1.38866,1.87698,-0.669614985,0.70385562,0.13342251
1764505197.4130428,-0.56462,1.38866,1.87698,-0.669614985,0.70385562,0.13342251
1764505197.4130428,-0.56462,1.38866,1.87698,-0.669614985,0.70385562,0.13342251
1764505197.4130428,-0.56462,1.38866,1.87698,-0.669614985,0.70385562,0.13342251
1764505197.4130428,-0.56462,1.38866,1.87698,-0.669614985,0.70385562,0.13342251
1764505197.4130428,-0.56462,1.38866,1.87698,-0.669614985,0.70385562,0.13342251
1764505197.4130428,-0.4578,0.82404,1.19028,-0.67187328,0.703062165,0.133239405
1764505197.4130428,-0.4578,0.82404,1.19028,-0.67187328,0.703062165,0.133239405
1764505197.4130428,-0.4578,0.82404,1.19028,-0.67187328,0.703062165,0.133239405
1764505197.4130428,-0.4578,0.82404,1.19028,-0.67187328,0.703062165,0.133239405
1764505197.4130428,-0.4578,0.82404,1.19028,-0.67187328,0.703062165,0.133239405
1764505197.4130428,-0.4578,0.82404,1.19028,-0.67187328,0.703062165,0.133239405
1764505197.4130428,-0.4578,0.82404,1.19028,-0.67187328,0.703062165,0.133239405
1764505197.4130428,-0.4578,0.82404,1.19028,-0.67187328,0.703062165,0.133239405
1764505197.4130428,-0.4578,0.82404,1.19028,-0.67187328,0.703062165,0.133239405
1764505197.4130428,-0.4578,0.82404,1.19028,-0.67187328,0.703062165,0.133239405
1764505197.4130428,-1.96854,0.10682,0.57988,-0.67162914,0.70739565,0.133971825
1764505197.4130428,-1.96854,0.10682,0.57988,-0.67162914,0.70739565,0.133971825
1764505197.4130428,-1.96854,0.10682,0.57988,-0.67162914,0.70739565,0.133971825
1764505197.4130428,-1.96854,0.10682,0.57988,-0.67162914,0.70739565,0.133971825
1764505197.4130428,-1.96854,0.10682,0.57988,-0.67162914,0.70739565,0.133971825
1764505197.4130428,-1.96854,0.10682,0.57988,-0.67162914,0.70739565,0.133971825
1764505197.458367,-1.96854,0.10682,0.57988,-0.67162914,0.70739565,0.133971825
1764505197.458367,-1.96854,0.10682,0.57988,-0.67162914,0.70739565,0.133971825
1764505197.458367,-1.96854,0.10682,0.57988,-0.67162914,0.70739565,0.133971825
1764505197.458367,-1.96854,0.10682,0.57988,-0.67162914,0.70739565,0.133971825
1764505197.458367,-2.94518,0.57988,0.19838,-0.6690656700000001,0.712461555,0.13696254
1764505197.458367,-2.94518,0.57988,0.19838,-0.6690656700000001,0.712461555,0.13696254
1764505197.458367,-2.94518,0.57988,0.19838,-0.6690656700000001,0.712461555,0.13696254
1764505197.458367,-2.94518,0.57988,0.19838,-0.6690656700000001,0.712461555,0.13696254
1764505197.458367,-2.94518,0.57988,0.19838,-0.6690656700000001,0.712461555,0.13696254
1764505197.458367,-2.94518,0.57988,0.19838,-0.6690656700000001,0.712461555,0.13696254
1764505197.458367,-2.94518,0.57988,0.19838,-0.6690656700000001,0.712461555,0.13696254
1764505197.458367,-2.94518,0.57988,0.19838,-0.6690656700000001,0.712461555,0.13696254
1764505197.459368,-2.94518,0.57988,0.19838,-0.6690656700000001,0.712461555,0.13696254
1764505197.459368,-2.94518,0.57988,0.19838,-0.6690656700000001,0.712461555,0.13696254
1764505197.459368,-4.92898,1.69386,0.18312,-0.667906005,0.715635375,0.13781703
1764505197.459368,-4.92898,1.69386,0.18312,-0.667906005,0.715635375,0.13781703
1764505197.459368,-4.92898,1.69386,0.18312,-0.667906005,0.715635375,0.13781703
1764505197.4603653,-4.92898,1.69386,0.18312,-0.667906005,0.715635375,0.13781703
1764505197.460517,-4.92898,1.69386,0.18312,-0.667906005,0.715635375,0.13781703
1764505197.460517,-4.92898,1.69386,0.18312,-0.667906005,0.715635375,0.13781703
1764505197.460517,-4.92898,1.69386,0.18312,-0.667906005,0.715635375,0.13781703
1764505197.460517,-4.92898,1.69386,0.18312,-0.667906005,0.715635375,0.13781703
1764505197.5071373,-4.92898,1.69386,0.18312,-0.667906005,0.715635375,0.13781703
1764505197.5071373,-4.92898,1.69386,0.18312,-0.667906005,0.715635375,0.13781703
1764505197.5071373,-6.928039999999999,2.09062,0.41202,-0.66760083,0.71618469,0.13732875
1764505197.5071373,-6.928039999999999,2.09062,0.41202,-0.66760083,0.71618469,0.13732875
1764505197.5071373,-6.928039999999999,2.09062,0.41202,-0.66760083,0.71618469,0.13732875
1764505197.5071373,-6.928039999999999,2.09062,0.41202,-0.66760083,0.71618469,0.13732875
1764505197.5071373,-6.928039999999999,2.09062,0.41202,-0.66760083,0.71618469,0.13732875
1764505197.5071373,-6.928039999999999,2.09062,0.41202,-0.66760083,0.71618469,0.13732875
1764505197.5081298,-6.928039999999999,2.09062,0.41202,-0.66760083,0.71618469,0.13732875
1764505197.5081298,-6.928039999999999,2.09062,0.41202,-0.66760083,0.71618469,0.13732875
1764505197.5081298,-6.928039999999999,2.09062,0.41202,-0.66760083,0.71618469,0.13732875
1764505197.5081298,-6.928039999999999,2.09062,0.41202,-0.66760083,0.71618469,0.13732875
1764505197.5081298,-7.49266,1.6786,0.3204599999999999,-0.667173585,0.714902955,0.13732875
1764505197.5081298,-7.49266,1.6786,0.3204599999999999,-0.667173585,0.714902955,0.13732875
1764505197.5081298,-7.49266,1.6786,0.3204599999999999,-0.667173585,0.714902955,0.13732875
1764505197.5081298,-7.49266,1.6786,0.3204599999999999,-0.667173585,0.714902955,0.13732875
1764505197.5081298,-7.49266,1.6786,0.3204599999999999,-0.667173585,0.714902955,0.13732875
1764505197.5081298,-7.49266,1.6786,0.3204599999999999,-0.667173585,0.714902955,0.13732875
1764505197.5081298,-7.49266,1.6786,0.3204599999999999,-0.667173585,0.714902955,0.13732875
1764505197.5081298,-7.49266,1.6786,0.3204599999999999,-0.667173585,0.714902955,0.13732875
1764505197.5081298,-7.49266,1.6786,0.3204599999999999,-0.667173585,0.714902955,0.13732875
1764505197.5081298,-7.49266,1.6786,0.3204599999999999,-0.667173585,0.714902955,0.13732875
1764505197.5081298,-6.43972,1.1445,-0.28994,-0.66760083,0.71423157,0.138122205
1764505197.5081298,-6.43972,1.1445,-0.28994,-0.66760083,0.71423157,0.138122205
1764505197.5533905,-6.43972,1.1445,-0.28994,-0.66760083,0.71423157,0.138122205
1764505197.5533905,-6.43972,1.1445,-0.28994,-0.66760083,0.71423157,0.138122205
1764505197.5533905,-6.43972,1.1445,-0.28994,-0.66760083,0.71423157,0.138122205
1764505197.5533905,-6.43972,1.1445,-0.28994,-0.66760083,0.71423157,0.138122205
1764505197.5533905,-6.43972,1.1445,-0.28994,-0.66760083,0.71423157,0.138122205
1764505197.5533905,-6.43972,1.1445,-0.28994,-0.66760083,0.71423157,0.138122205
1764505197.5533905,-6.43972,1.1445,-0.28994,-0.66760083,0.71423157,0.138122205
1764505197.5533905,-6.43972,1.1445,-0.28994,-0.66760083,0.71423157,0.138122205
1764505197.5533905,-6.24134,0.56462,0.3509799999999999,-0.668638425,0.713804325,0.13769496
1764505197.5533905,-6.24134,0.56462,0.3509799999999999,-0.668638425,0.713804325,0.13769496
1764505197.5533905,-6.24134,0.56462,0.3509799999999999,-0.668638425,0.713804325,0.13769496
1764505197.5533905,-6.24134,0.56462,0.3509799999999999,-0.668638425,0.713804325,0.13769496
1764505197.5533905,-6.24134,0.56462,0.3509799999999999,-0.668638425,0.713804325,0.13769496
1764505197.5533905,-6.24134,0.56462,0.3509799999999999,-0.668638425,0.713804325,0.13769496
1764505197.5533905,-6.24134,0.56462,0.3509799999999999,-0.668638425,0.713804325,0.13769496
1764505197.5533905,-6.24134,0.56462,0.3509799999999999,-0.668638425,0.713804325,0.13769496
1764505197.5533905,-6.24134,0.56462,0.3509799999999999,-0.668638425,0.713804325,0.13769496
1764505197.5533905,-6.24134,0.56462,0.3509799999999999,-0.668638425,0.713804325,0.13769496
1764505197.554405,-5.08158,0.09156,0.59514,-0.668638425,0.712461555,0.13647426
1764505197.554405,-5.08158,0.09156,0.59514,-0.668638425,0.712461555,0.13647426
1764505197.554405,-5.08158,0.09156,0.59514,-0.668638425,0.712461555,0.13647426
1764505197.554405,-5.08158,0.09156,0.59514,-0.668638425,0.712461555,0.13647426
1764505197.554405,-5.08158,0.09156,0.59514,-0.668638425,0.712461555,0.13647426
1764505197.554405,-5.08158,0.09156,0.59514,-0.668638425,0.712461555,0.13647426
1764505197.5969572,-5.08158,0.09156,0.59514,-0.668638425,0.712461555,0.13647426
1764505197.5969572,-5.08158,0.09156,0.59514,-0.668638425,0.712461555,0.13647426
1764505197.5979702,-5.08158,0.09156,0.59514,-0.668638425,0.712461555,0.13647426
1764505197.5979702,-5.08158,0.09156,0.59514,-0.668638425,0.712461555,0.13647426
1764505197.5979702,-2.65524,-0.79352,0.9156,-0.668150145,0.7114849950000001,0.137267715
1764505197.5979702,-2.65524,-0.79352,0.9156,-0.668150145,0.7114849950000001,0.137267715
1764505197.5979702,-2.65524,-0.79352,0.9156,-0.668150145,0.7114849950000001,0.137267715
1764505197.5979702,-2.65524,-0.79352,0.9156,-0.668150145,0.7114849950000001,0.137267715
1764505197.5979702,-2.65524,-0.79352,0.9156,-0.668150145,0.7114849950000001,0.137267715
1764505197.5979702,-2.65524,-0.79352,0.9156,-0.668150145,0.7114849950000001,0.137267715
1764505197.598966,-2.65524,-0.79352,0.9156,-0.668150145,0.7114849950000001,0.137267715
1764505197.598966,-2.65524,-0.79352,0.9156,-0.668150145,0.7114849950000001,0.137267715
1764505197.598966,-2.65524,-0.79352,0.9156,-0.668150145,0.7114849950000001,0.137267715
1764505197.598966,-2.65524,-0.79352,0.9156,-0.668150145,0.7114849950000001,0.137267715
1764505197.598966,-0.12208,-1.41918,1.96854,-0.66845532,0.711973275,0.137023575
1764505197.598966,-0.12208,-1.41918,1.96854,-0.66845532,0.711973275,0.137023575
1764505197.598966,-0.12208,-1.41918,1.96854,-0.66845532,0.711973275,0.137023575
1764505197.598966,-0.12208,-1.41918,1.96854,-0.66845532,0.711973275,0.137023575
1764505197.598966,-0.12208,-1.41918,1.96854,-0.66845532,0.711973275,0.137023575
1764505197.598966,-0.12208,-1.41918,1.96854,-0.66845532,0.711973275,0.137023575
1764505197.598966,-0.12208,-1.41918,1.96854,-0.66845532,0.711973275,0.137023575
1764505197.598966,-0.12208,-1.41918,1.96854,-0.66845532,0.711973275,0.137023575
1764505197.598966,-0.12208,-1.41918,1.96854,-0.66845532,0.711973275,0.137023575
1764505197.598966,-0.12208,-1.41918,1.96854,-0.66845532,0.711973275,0.137023575
1764505197.6487772,-0.1525999999999999,-2.5179,2.53316,-0.66723462,0.714048465,0.13708461
1764505197.6487772,-0.1525999999999999,-2.5179,2.53316,-0.66723462,0.714048465,0.13708461
1764505197.6487772,-0.1525999999999999,-2.5179,2.53316,-0.66723462,0.714048465,0.13708461
1764505197.6487772,-0.1525999999999999,-2.5179,2.53316,-0.66723462,0.714048465,0.13708461
1764505197.6487772,-0.1525999999999999,-2.5179,2.53316,-0.66723462,0.714048465,0.13708461
1764505197.6487772,-0.1525999999999999,-2.5179,2.53316,-0.66723462,0.714048465,0.13708461
1764505197.6487772,-0.1525999999999999,-2.5179,2.53316,-0.66723462,0.714048465,0.13708461
1764505197.6487772,-0.1525999999999999,-2.5179,2.53316,-0.66723462,0.714048465,0.13708461
1764505197.6487772,-0.1525999999999999,-2.5179,2.53316,-0.66723462,0.714048465,0.13708461
1764505197.6487772,-0.1525999999999999,-2.5179,2.53316,-0.66723462,0.714048465,0.13708461
1764505197.6487772,-1.69386,-2.42634,3.03674,-0.6658918500000001,0.71545227,0.137633925
1764505197.6487772,-1.69386,-2.42634,3.03674,-0.6658918500000001,0.71545227,0.137633925
1764505197.6487772,-1.69386,-2.42634,3.03674,-0.6658918500000001,0.71545227,0.137633925
1764505197.6487772,-1.69386,-2.42634,3.03674,-0.6658918500000001,0.71545227,0.137633925
1764505197.6487772,-1.69386,-2.42634,3.03674,-0.6658918500000001,0.71545227,0.137633925
1764505197.6487772,-1.69386,-2.42634,3.03674,-0.6658918500000001,0.71545227,0.137633925
1764505197.6487772,-1.69386,-2.42634,3.03674,-0.6658918500000001,0.71545227,0.137633925
1764505197.6487772,-1.69386,-2.42634,3.03674,-0.6658918500000001,0.71545227,0.137633925
1764505197.6487772,-1.69386,-2.42634,3.03674,-0.6658918500000001,0.71545227,0.137633925
1764505197.6487772,-1.69386,-2.42634,3.03674,-0.6658918500000001,0.71545227,0.137633925
1764505197.6487772,-3.15882,-0.79352,2.88414,-0.665830815,0.716856075,0.137023575
1764505197.6487772,-3.15882,-0.79352,2.88414,-0.665830815,0.716856075,0.137023575
1764505197.6487772,-3.15882,-0.79352,2.88414,-0.665830815,0.716856075,0.137023575
1764505197.6487772,-3.15882,-0.79352,2.88414,-0.665830815,0.716856075,0.137023575
1764505197.6945746,-3.15882,-0.79352,2.88414,-0.665830815,0.716856075,0.137023575
1764505197.6945746,-3.15882,-0.79352,2.88414,-0.665830815,0.716856075,0.137023575
1764505197.6945746,-3.15882,-0.79352,2.88414,-0.665830815,0.716856075,0.137023575
1764505197.6945746,-3.15882,-0.79352,2.88414,-0.665830815,0.716856075,0.137023575
1764505197.6945746,-3.15882,-0.79352,2.88414,-0.665830815,0.716856075,0.137023575
1764505197.6945746,-3.15882,-0.79352,2.88414,-0.665830815,0.716856075,0.137023575
1764505197.6945746,-2.07536,0.41202,3.02148,-0.66625806,0.71667297,0.13561977
1764505197.6945746,-2.07536,0.41202,3.02148,-0.66625806,0.71667297,0.13561977
1764505197.6945746,-2.07536,0.41202,3.02148,-0.66625806,0.71667297,0.13561977
1764505197.6945746,-2.07536,0.41202,3.02148,-0.66625806,0.71667297,0.13561977
1764505197.6945746,-2.07536,0.41202,3.02148,-0.66625806,0.71667297,0.13561977
1764505197.6945746,-2.07536,0.41202,3.02148,-0.66625806,0.71667297,0.13561977
1764505197.6945746,-2.07536,0.41202,3.02148,-0.66625806,0.71667297,0.13561977
1764505197.6945746,-2.07536,0.41202,3.02148,-0.66625806,0.71667297,0.13561977
1764505197.6945746,-2.07536,0.41202,3.02148,-0.66625806,0.71667297,0.13561977
1764505197.6945746,-2.07536,0.41202,3.02148,-0.66625806,0.71667297,0.13561977
1764505197.696108,-4.1965,0.03052,1.6633399999999998,-0.668150145,0.716978145,0.13488735
1764505197.696108,-4.1965,0.03052,1.6633399999999998,-0.668150145,0.716978145,0.13488735
1764505197.696108,-4.1965,0.03052,1.6633399999999998,-0.668150145,0.716978145,0.13488735
1764505197.696108,-4.1965,0.03052,1.6633399999999998,-0.668150145,0.716978145,0.13488735
1764505197.696108,-4.1965,0.03052,1.6633399999999998,-0.668150145,0.716978145,0.13488735
1764505197.696108,-4.1965,0.03052,1.6633399999999998,-0.668150145,0.716978145,0.13488735
1764505197.7382803,-4.1965,0.03052,1.6633399999999998,-0.668150145,0.716978145,0.13488735
1764505197.7382803,-4.1965,0.03052,1.6633399999999998,-0.668150145,0.716978145,0.13488735
1764505197.7382803,-4.1965,0.03052,1.6633399999999998,-0.668150145,0.716978145,0.13488735
1764505197.7382803,-4.1965,0.03052,1.6633399999999998,-0.668150145,0.716978145,0.13488735
1764505197.7382803,-6.05822,1.6633399999999998,-0.03052,-0.66796704,0.716001585,0.135802875
1764505197.7382803,-6.05822,1.6633399999999998,-0.03052,-0.66796704,0.716001585,0.135802875
1764505197.7382803,-6.05822,1.6633399999999998,-0.03052,-0.66796704,0.716001585,0.135802875
1764505197.738802,-6.05822,1.6633399999999998,-0.03052,-0.66796704,0.716001585,0.135802875
1764505197.738802,-6.05822,1.6633399999999998,-0.03052,-0.66796704,0.716001585,0.135802875
1764505197.738802,-6.05822,1.6633399999999998,-0.03052,-0.66796704,0.716001585,0.135802875
1764505197.738802,-6.05822,1.6633399999999998,-0.03052,-0.66796704,0.716001585,0.135802875
1764505197.738802,-6.05822,1.6633399999999998,-0.03052,-0.66796704,0.716001585,0.135802875
1764505197.738802,-6.05822,1.6633399999999998,-0.03052,-0.66796704,0.716001585,0.135802875
1764505197.738802,-6.05822,1.6633399999999998,-0.03052,-0.66796704,0.716001585,0.135802875
1764505197.738802,-5.98192,2.6705,-0.9156,-0.6669294450000001,0.71276673,0.137267715
1764505197.738802,-5.98192,2.6705,-0.9156,-0.6669294450000001,0.71276673,0.137267715
1764505197.738802,-5.98192,2.6705,-0.9156,-0.6669294450000001,0.71276673,0.137267715
1764505197.739356,-5.98192,2.6705,-0.9156,-0.6669294450000001,0.71276673,0.137267715
1764505197.739356,-5.98192,2.6705,-0.9156,-0.6669294450000001,0.71276673,0.137267715
1764505197.739356,-5.98192,2.6705,-0.9156,-0.6669294450000001,0.71276673,0.137267715
1764505197.739356,-5.98192,2.6705,-0.9156,-0.6669294450000001,0.71276673,0.137267715
1764505197.7403705,-5.98192,2.6705,-0.9156,-0.6669294450000001,0.71276673,0.137267715
1764505197.7403705,-5.98192,2.6705,-0.9156,-0.6669294450000001,0.71276673,0.137267715
1764505197.7403705,-5.98192,2.6705,-0.9156,-0.6669294450000001,0.71276673,0.137267715
1764505197.786579,-4.79164,0.7019599999999999,0.0,-0.667295655,0.710508435,0.1367184
1764505197.786579,-4.79164,0.7019599999999999,0.0,-0.667295655,0.710508435,0.1367184
1764505197.786579,-4.79164,0.7019599999999999,0.0,-0.667295655,0.710508435,0.1367184
1764505197.786579,-4.79164,0.7019599999999999,0.0,-0.667295655,0.710508435,0.1367184
1764505197.786579,-4.79164,0.7019599999999999,0.0,-0.667295655,0.710508435,0.1367184
1764505197.786579,-4.79164,0.7019599999999999,0.0,-0.667295655,0.710508435,0.1367184
1764505197.787594,-4.79164,0.7019599999999999,0.0,-0.667295655,0.710508435,0.1367184
1764505197.787594,-4.79164,0.7019599999999999,0.0,-0.667295655,0.710508435,0.1367184
1764505197.787594,-4.79164,0.7019599999999999,0.0,-0.667295655,0.710508435,0.1367184
1764505197.787594,-4.79164,0.7019599999999999,0.0,-0.667295655,0.710508435,0.1367184
1764505197.787594,-4.31858,0.56462,1.51074,-0.66674634,0.711607065,0.134948385
1764505197.787594,-4.31858,0.56462,1.51074,-0.66674634,0.711607065,0.134948385
1764505197.787594,-4.31858,0.56462,1.51074,-0.66674634,0.711607065,0.134948385
1764505197.787594,-4.31858,0.56462,1.51074,-0.66674634,0.711607065,0.134948385
1764505197.787594,-4.31858,0.56462,1.51074,-0.66674634,0.711607065,0.134948385
1764505197.787594,-4.31858,0.56462,1.51074,-0.66674634,0.711607065,0.134948385
1764505197.787594,-4.31858,0.56462,1.51074,-0.66674634,0.711607065,0.134948385
1764505197.787594,-4.31858,0.56462,1.51074,-0.66674634,0.711607065,0.134948385
1764505197.787594,-4.31858,0.56462,1.51074,-0.66674634,0.711607065,0.134948385
1764505197.787594,-4.31858,0.56462,1.51074,-0.66674634,0.711607065,0.134948385
1764505197.787594,-4.39488,0.12208,0.9919,-0.66491529,0.71240052,0.133971825
1764505197.787594,-4.39488,0.12208,0.9919,-0.66491529,0.71240052,0.133971825
1764505197.8335276,-4.39488,0.12208,0.9919,-0.66491529,0.71240052,0.133971825
1764505197.8335276,-4.39488,0.12208,0.9919,-0.66491529,0.71240052,0.133971825
1764505197.8335276,-4.39488,0.12208,0.9919,-0.66491529,0.71240052,0.133971825
1764505197.8335276,-4.39488,0.12208,0.9919,-0.66491529,0.71240052,0.133971825
1764505197.8335276,-4.39488,0.12208,0.9919,-0.66491529,0.71240052,0.133971825
1764505197.8335276,-4.39488,0.12208,0.9919,-0.66491529,0.71240052,0.133971825
1764505197.8335276,-4.39488,0.12208,0.9919,-0.66491529,0.71240052,0.133971825
1764505197.8335276,-4.39488,0.12208,0.9919,-0.66491529,0.71240052,0.133971825
1764505197.8335276,-3.72344,1.69386,-0.28994,-0.66503736,0.71179017,0.13525356
1764505197.8335276,-3.72344,1.69386,-0.28994,-0.66503736,0.71179017,0.13525356
1764505197.8335276,-3.72344,1.69386,-0.28994,-0.66503736,0.71179017,0.13525356
1764505197.8335276,-3.72344,1.69386,-0.28994,-0.66503736,0.71179017,0.13525356
1764505197.8335276,-3.72344,1.69386,-0.28994,-0.66503736,0.71179017,0.13525356
1764505197.8345594,-3.72344,1.69386,-0.28994,-0.66503736,0.71179017,0.13525356
1764505197.8345594,-3.72344,1.69386,-0.28994,-0.66503736,0.71179017,0.13525356
1764505197.8345594,-3.72344,1.69386,-0.28994,-0.66503736,0.71179017,0.13525356
1764505197.8345594,-3.72344,1.69386,-0.28994,-0.66503736,0.71179017,0.13525356
1764505197.8345594,-3.72344,1.69386,-0.28994,-0.66503736,0.71179017,0.13525356
1764505197.8345594,-2.6705,2.09062,-1.58704,-0.665830815,0.70971498,0.13561977
1764505197.8345594,-2.6705,2.09062,-1.58704,-0.665830815,0.70971498,0.13561977
1764505197.8345594,-2.6705,2.09062,-1.58704,-0.665830815,0.70971498,0.13561977
1764505197.8345594,-2.6705,2.09062,-1.58704,-0.665830815,0.70971498,0.13561977
1764505197.8345594,-2.6705,2.09062,-1.58704,-0.665830815,0.70971498,0.13561977
1764505197.8345594,-2.6705,2.09062,-1.58704,-0.665830815,0.70971498,0.13561977
1764505197.881127,-2.6705,2.09062,-1.58704,-0.665830815,0.70971498,0.13561977
1764505197.881127,-2.6705,2.09062,-1.58704,-0.665830815,0.70971498,0.13561977
1764505197.881127,-2.6705,2.09062,-1.58704,-0.665830815,0.70971498,0.13561977
1764505197.881127,-2.6705,2.09062,-1.58704,-0.665830815,0.70971498,0.13561977
1764505197.881127,-3.41824,2.15166,-2.09062,-0.666685305,0.70934877,0.134277
1764505197.881127,-3.41824,2.15166,-2.09062,-0.666685305,0.70934877,0.134277
1764505197.881127,-3.41824,2.15166,-2.09062,-0.666685305,0.70934877,0.134277
1764505197.881127,-3.41824,2.15166,-2.09062,-0.666685305,0.70934877,0.134277
1764505197.881127,-3.41824,2.15166,-2.09062,-0.666685305,0.70934877,0.134277
1764505197.881127,-3.41824,2.15166,-2.09062,-0.666685305,0.70934877,0.134277
1764505197.881127,-3.41824,2.15166,-2.09062,-0.666685305,0.70934877,0.134277
1764505197.881127,-3.41824,2.15166,-2.09062,-0.666685305,0.70934877,0.134277
1764505197.881127,-3.41824,2.15166,-2.09062,-0.666685305,0.70934877,0.134277
1764505197.881127,-3.41824,2.15166,-2.09062,-0.666685305,0.70934877,0.134277
1764505197.881127,-3.03674,0.73248,-1.2055399999999998,-0.666563235,0.711240855,0.13476528
1764505197.881127,-3.03674,0.73248,-1.2055399999999998,-0.666563235,0.711240855,0.13476528
1764505197.881127,-3.03674,0.73248,-1.2055399999999998,-0.666563235,0.711240855,0.13476528
1764505197.881127,-3.03674,0.73248,-1.2055399999999998,-0.666563235,0.711240855,0.13476528
1764505197.881127,-3.03674,0.73248,-1.2055399999999998,-0.666563235,0.711240855,0.13476528
1764505197.881127,-3.03674,0.73248,-1.2055399999999998,-0.666563235,0.711240855,0.13476528
1764505197.881127,-3.03674,0.73248,-1.2055399999999998,-0.666563235,0.711240855,0.13476528
1764505197.881127,-3.03674,0.73248,-1.2055399999999998,-0.666563235,0.711240855,0.13476528
1764505197.881127,-3.03674,0.73248,-1.2055399999999998,-0.666563235,0.711240855,0.13476528
1764505197.8821115,-3.03674,0.73248,-1.2055399999999998,-0.666563235,0.711240855,0.13476528
1764505197.9265463,-2.4416,1.19028,-0.96138,-0.664243905,0.715025025,0.135436665
1764505197.9265463,-2.4416,1.19028,-0.96138,-0.664243905,0.715025025,0.135436665
1764505197.9265463,-2.4416,1.19028,-0.96138,-0.664243905,0.715025025,0.135436665
1764505197.9280567,-2.4416,1.19028,-0.96138,-0.664243905,0.715025025,0.135436665
1764505197.9280567,-2.4416,1.19028,-0.96138,-0.664243905,0.715025025,0.135436665
1764505197.9280567,-2.4416,1.19028,-0.96138,-0.664243905,0.715025025,0.135436665
1764505197.9280567,-2.4416,1.19028,-0.96138,-0.664243905,0.715025025,0.135436665
1764505197.9280567,-2.4416,1.19028,-0.96138,-0.664243905,0.715025025,0.135436665
1764505197.9280567,-2.4416,1.19028,-0.96138,-0.664243905,0.715025025,0.135436665
1764505197.9280567,-2.4416,1.19028,-0.96138,-0.664243905,0.715025025,0.135436665
1764505197.9280567,-2.25848,1.81594,-0.50358,-0.66271803,0.7167340050000001,0.134826315
1764505197.9280567,-2.25848,1.81594,-0.50358,-0.66271803,0.7167340050000001,0.134826315
1764505197.9280567,-2.25848,1.81594,-0.50358,-0.66271803,0.7167340050000001,0.134826315
1764505197.9280567,-2.25848,1.81594,-0.50358,-0.66271803,0.7167340050000001,0.134826315
1764505197.9280567,-2.25848,1.81594,-0.50358,-0.66271803,0.7167340050000001,0.134826315
1764505197.9290695,-2.25848,1.81594,-0.50358,-0.66271803,0.7167340050000001,0.134826315
1764505197.9290695,-2.25848,1.81594,-0.50358,-0.66271803,0.7167340050000001,0.134826315
1764505197.9290695,-2.25848,1.81594,-0.50358,-0.66271803,0.7167340050000001,0.134826315
1764505197.9290695,-2.25848,1.81594,-0.50358,-0.66271803,0.7167340050000001,0.134826315
1764505197.9290695,-2.25848,1.81594,-0.50358,-0.66271803,0.7167340050000001,0.134826315
1764505197.9290695,-2.18218,2.18218,0.57988,-0.66369459,0.71740539,0.132873195
1764505197.9290695,-2.18218,2.18218,0.57988,-0.66369459,0.71740539,0.132873195
1764505197.9702537,-2.18218,2.18218,0.57988,-0.66369459,0.71740539,0.132873195
1764505197.9702537,-2.18218,2.18218,0.57988,-0.66369459,0.71740539,0.132873195
1764505197.9702537,-2.18218,2.18218,0.57988,-0.66369459,0.71740539,0.132873195
1764505197.9702537,-2.18218,2.18218,0.57988,-0.66369459,0.71740539,0.132873195
1764505197.9702537,-2.18218,2.18218,0.57988,-0.66369459,0.71740539,0.132873195
1764505197.971268,-2.18218,2.18218,0.57988,-0.66369459,0.71740539,0.132873195
1764505197.971268,-2.18218,2.18218,0.57988,-0.66369459,0.71740539,0.132873195
1764505197.971268,-2.18218,2.18218,0.57988,-0.66369459,0.71740539,0.132873195
1764505197.971268,-1.35814,0.9003399999999999,1.02242,-0.66552564,0.71813781,0.13134732
1764505197.971268,-1.35814,0.9003399999999999,1.02242,-0.66552564,0.71813781,0.13134732
1764505197.971268,-1.35814,0.9003399999999999,1.02242,-0.66552564,0.71813781,0.13134732
1764505197.9724622,-1.35814,0.9003399999999999,1.02242,-0.66552564,0.71813781,0.13134732
1764505197.9724622,-1.35814,0.9003399999999999,1.02242,-0.66552564,0.71813781,0.13134732
1764505197.9724622,-1.35814,0.9003399999999999,1.02242,-0.66552564,0.71813781,0.13134732
1764505197.9724622,-1.35814,0.9003399999999999,1.02242,-0.66552564,0.71813781,0.13134732
1764505197.9734626,-1.35814,0.9003399999999999,1.02242,-0.66552564,0.71813781,0.13134732
1764505197.9734626,-1.35814,0.9003399999999999,1.02242,-0.66552564,0.71813781,0.13134732
1764505197.9734626,-1.35814,0.9003399999999999,1.02242,-0.66552564,0.71813781,0.13134732
1764505197.9734626,-0.88508,0.57988,0.44254,-0.66418287,0.718931265,0.13281216
1764505197.9744582,-0.88508,0.57988,0.44254,-0.66418287,0.718931265,0.13281216
1764505197.9744582,-0.88508,0.57988,0.44254,-0.66418287,0.718931265,0.13281216
1764505197.9755812,-0.88508,0.57988,0.44254,-0.66418287,0.718931265,0.13281216
1764505198.016996,-0.88508,0.57988,0.44254,-0.66418287,0.718931265,0.13281216
1764505198.016996,-0.88508,0.57988,0.44254,-0.66418287,0.718931265,0.13281216
1764505198.0185282,-0.88508,0.57988,0.44254,-0.66418287,0.718931265,0.13281216
1764505198.0185282,-0.88508,0.57988,0.44254,-0.66418287,0.718931265,0.13281216
1764505198.0185282,-0.88508,0.57988,0.44254,-0.66418287,0.718931265,0.13281216
1764505198.0185282,-0.88508,0.57988,0.44254,-0.66418287,0.718931265,0.13281216
1764505198.0185282,-3.21986,1.6786,-0.59514,-0.66320631,0.71874816,0.134582175
1764505198.0185282,-3.21986,1.6786,-0.59514,-0.66320631,0.71874816,0.134582175
1764505198.0185282,-3.21986,1.6786,-0.59514,-0.66320631,0.71874816,0.134582175
1764505198.0185282,-3.21986,1.6786,-0.59514,-0.66320631,0.71874816,0.134582175
1764505198.0185282,-3.21986,1.6786,-0.59514,-0.66320631,0.71874816,0.134582175
1764505198.0185282,-3.21986,1.6786,-0.59514,-0.66320631,0.71874816,0.134582175
1764505198.0235398,-3.21986,1.6786,-0.59514,-0.66320631,0.71874816,0.134582175
1764505198.0245326,-3.21986,1.6786,-0.59514,-0.66320631,0.71874816,0.134582175
1764505198.0245326,-3.21986,1.6786,-0.59514,-0.66320631,0.71874816,0.134582175
1764505198.0245326,-3.21986,1.6786,-0.59514,-0.66320631,0.71874816,0.134582175
1764505198.0245326,-5.02054,1.7549,0.3815,-0.66479322,0.718809195,0.13623012
1764505198.0245326,-5.02054,1.7549,0.3815,-0.66479322,0.718809195,0.13623012
1764505198.0245326,-5.02054,1.7549,0.3815,-0.66479322,0.718809195,0.13623012
1764505198.0245326,-5.02054,1.7549,0.3815,-0.66479322,0.718809195,0.13623012
1764505198.0245326,-5.02054,1.7549,0.3815,-0.66479322,0.718809195,0.13623012
1764505198.0245326,-5.02054,1.7549,0.3815,-0.66479322,0.718809195,0.13623012
1764505198.0245326,-5.02054,1.7549,0.3815,-0.66479322,0.718809195,0.13623012
1764505198.0245326,-5.02054,1.7549,0.3815,-0.66479322,0.718809195,0.13623012
1764505198.0652275,-5.02054,1.7549,0.3815,-0.66479322,0.718809195,0.13623012
1764505198.0652275,-5.02054,1.7549,0.3815,-0.66479322,0.718809195,0.13623012
1764505198.0652275,-5.44782,0.82404,0.97664,-0.66699048,0.716489865,0.138854625
1764505198.0652275,-5.44782,0.82404,0.97664,-0.66699048,0.716489865,0.138854625
1764505198.0662386,-5.44782,0.82404,0.97664,-0.66699048,0.716489865,0.138854625
1764505198.0662386,-5.44782,0.82404,0.97664,-0.66699048,0.716489865,0.138854625
1764505198.0662386,-5.44782,0.82404,0.97664,-0.66699048,0.716489865,0.138854625
1764505198.0662386,-5.44782,0.82404,0.97664,-0.66699048,0.716489865,0.138854625
1764505198.0662386,-5.44782,0.82404,0.97664,-0.66699048,0.716489865,0.138854625
1764505198.0662386,-5.44782,0.82404,0.97664,-0.66699048,0.716489865,0.138854625
1764505198.0662386,-5.44782,0.82404,0.97664,-0.66699048,0.716489865,0.138854625
1764505198.0662386,-5.44782,0.82404,0.97664,-0.66699048,0.716489865,0.138854625
1764505198.0662386,-4.86794,1.2208,0.77826,-0.66808911,0.71301087,0.13818324
1764505198.0662386,-4.86794,1.2208,0.77826,-0.66808911,0.71301087,0.13818324
1764505198.0662386,-4.86794,1.2208,0.77826,-0.66808911,0.71301087,0.13818324
1764505198.0662386,-4.86794,1.2208,0.77826,-0.66808911,0.71301087,0.13818324
1764505198.0662386,-4.86794,1.2208,0.77826,-0.66808911,0.71301087,0.13818324
1764505198.0662386,-4.86794,1.2208,0.77826,-0.66808911,0.71301087,0.13818324
1764505198.0662386,-4.86794,1.2208,0.77826,-0.66808911,0.71301087,0.13818324
1764505198.0662386,-4.86794,1.2208,0.77826,-0.66808911,0.71301087,0.13818324
1764505198.0662386,-4.86794,1.2208,0.77826,-0.66808911,0.71301087,0.13818324
1764505198.0662386,-4.86794,1.2208,0.77826,-0.66808911,0.71301087,0.13818324
1764505198.0662386,-5.00528,1.25132,-0.44254,-0.66992016,0.71032533,0.136779435
1764505198.06724,-5.00528,1.25132,-0.44254,-0.66992016,0.71032533,0.136779435
1764505198.1116526,-5.00528,1.25132,-0.44254,-0.66992016,0.71032533,0.136779435
1764505198.1116526,-5.00528,1.25132,-0.44254,-0.66992016,0.71032533,0.136779435
1764505198.1116526,-5.00528,1.25132,-0.44254,-0.66992016,0.71032533,0.136779435
1764505198.1116526,-5.00528,1.25132,-0.44254,-0.66992016,0.71032533,0.136779435
1764505198.1116526,-5.00528,1.25132,-0.44254,-0.66992016,0.71032533,0.136779435
1764505198.1116526,-5.00528,1.25132,-0.44254,-0.66992016,0.71032533,0.136779435
1764505198.1116526,-5.00528,1.25132,-0.44254,-0.66992016,0.71032533,0.136779435
1764505198.1116526,-5.00528,1.25132,-0.44254,-0.66992016,0.71032533,0.136779435
1764505198.1116526,-4.74586,0.3204599999999999,-0.94612,-0.6711408600000001,0.71056947,0.13476528
1764505198.1126795,-4.74586,0.3204599999999999,-0.94612,-0.6711408600000001,0.71056947,0.13476528
1764505198.1126795,-4.74586,0.3204599999999999,-0.94612,-0.6711408600000001,0.71056947,0.13476528
1764505198.1126795,-4.74586,0.3204599999999999,-0.94612,-0.6711408600000001,0.71056947,0.13476528
1764505198.1126795,-4.74586,0.3204599999999999,-0.94612,-0.6711408600000001,0.71056947,0.13476528
1764505198.1126795,-4.74586,0.3204599999999999,-0.94612,-0.6711408600000001,0.71056947,0.13476528
1764505198.1126795,-4.74586,0.3204599999999999,-0.94612,-0.6711408600000001,0.71056947,0.13476528
1764505198.1126795,-4.74586,0.3204599999999999,-0.94612,-0.6711408600000001,0.71056947,0.13476528
1764505198.1126795,-4.74586,0.3204599999999999,-0.94612,-0.6711408600000001,0.71056947,0.13476528
1764505198.1126795,-4.74586,0.3204599999999999,-0.94612,-0.6711408600000001,0.71056947,0.13476528
1764505198.1126795,-3.76922,0.57988,-0.93086,-0.67028637,0.71240052,0.13366665
1764505198.1126795,-3.76922,0.57988,-0.93086,-0.67028637,0.71240052,0.13366665
1764505198.1126795,-3.76922,0.57988,-0.93086,-0.67028637,0.71240052,0.13366665
1764505198.1126795,-3.76922,0.57988,-0.93086,-0.67028637,0.71240052,0.13366665
1764505198.1126795,-3.76922,0.57988,-0.93086,-0.67028637,0.71240052,0.13366665
1764505198.1126795,-3.76922,0.57988,-0.93086,-0.67028637,0.71240052,0.13366665
1764505198.1613915,-3.76922,0.57988,-0.93086,-0.67028637,0.71240052,0.13366665
1764505198.1613915,-3.76922,0.57988,-0.93086,-0.67028637,0.71240052,0.13366665
1764505198.1613915,-3.76922,0.57988,-0.93086,-0.67028637,0.71240052,0.13366665
1764505198.1613915,-3.76922,0.57988,-0.93086,-0.67028637,0.71240052,0.13366665
1764505198.1613915,-2.54842,0.65618,-0.09156,-0.668028075,0.7146588150000001,0.13317837
1764505198.1624255,-2.54842,0.65618,-0.09156,-0.668028075,0.7146588150000001,0.13317837
1764505198.1624255,-2.54842,0.65618,-0.09156,-0.668028075,0.7146588150000001,0.13317837
1764505198.1624255,-2.54842,0.65618,-0.09156,-0.668028075,0.7146588150000001,0.13317837
1764505198.1624255,-2.54842,0.65618,-0.09156,-0.668028075,0.7146588150000001,0.13317837
1764505198.1624255,-2.54842,0.65618,-0.09156,-0.668028075,0.7146588150000001,0.13317837
1764505198.1624255,-2.54842,0.65618,-0.09156,-0.668028075,0.7146588150000001,0.13317837
1764505198.1624255,-2.54842,0.65618,-0.09156,-0.668028075,0.7146588150000001,0.13317837
1764505198.1624255,-2.54842,0.65618,-0.09156,-0.668028075,0.7146588150000001,0.13317837
1764505198.1624255,-2.54842,0.65618,-0.09156,-0.668028075,0.7146588150000001,0.13317837
1764505198.1624255,-0.94612,0.6714399999999999,1.12924,-0.66686841,0.714536745,0.133361475
1764505198.1624255,-0.94612,0.6714399999999999,1.12924,-0.66686841,0.714536745,0.133361475
1764505198.1624255,-0.94612,0.6714399999999999,1.12924,-0.66686841,0.714536745,0.133361475
1764505198.1624255,-0.94612,0.6714399999999999,1.12924,-0.66686841,0.714536745,0.133361475
1764505198.1624255,-0.94612,0.6714399999999999,1.12924,-0.66686841,0.714536745,0.133361475
1764505198.1624255,-0.94612,0.6714399999999999,1.12924,-0.66686841,0.714536745,0.133361475
1764505198.1624255,-0.94612,0.6714399999999999,1.12924,-0.66686841,0.714536745,0.133361475
1764505198.1624255,-0.94612,0.6714399999999999,1.12924,-0.66686841,0.714536745,0.133361475
1764505198.1624255,-0.94612,0.6714399999999999,1.12924,-0.66686841,0.714536745,0.133361475
1764505198.1624255,-0.94612,0.6714399999999999,1.12924,-0.66686841,0.714536745,0.133361475
1764505198.209851,-1.00716,0.9003399999999999,2.19744,-0.666563235,0.7141095000000001,0.134093895
1764505198.209851,-1.00716,0.9003399999999999,2.19744,-0.666563235,0.7141095000000001,0.134093895
1764505198.209851,-1.00716,0.9003399999999999,2.19744,-0.666563235,0.7141095000000001,0.134093895
1764505198.209851,-1.00716,0.9003399999999999,2.19744,-0.666563235,0.7141095000000001,0.134093895
1764505198.209851,-1.00716,0.9003399999999999,2.19744,-0.666563235,0.7141095000000001,0.134093895
1764505198.209851,-1.00716,0.9003399999999999,2.19744,-0.666563235,0.7141095000000001,0.134093895
1764505198.209851,-1.00716,0.9003399999999999,2.19744,-0.666563235,0.7141095000000001,0.134093895
1764505198.209851,-1.00716,0.9003399999999999,2.19744,-0.666563235,0.7141095000000001,0.134093895
1764505198.209851,-1.00716,0.9003399999999999,2.19744,-0.666563235,0.7141095000000001,0.134093895
1764505198.209851,-1.00716,0.9003399999999999,2.19744,-0.666563235,0.7141095000000001,0.134093895
1764505198.2108622,-1.87698,1.19028,1.32762,-0.66699048,0.71447571,0.135436665
1764505198.2108622,-1.87698,1.19028,1.32762,-0.66699048,0.71447571,0.135436665
1764505198.2108622,-1.87698,1.19028,1.32762,-0.66699048,0.71447571,0.135436665
1764505198.2108622,-1.87698,1.19028,1.32762,-0.66699048,0.71447571,0.135436665
1764505198.2108622,-1.87698,1.19028,1.32762,-0.66699048,0.71447571,0.135436665
1764505198.2108622,-1.87698,1.19028,1.32762,-0.66699048,0.71447571,0.135436665
1764505198.2108622,-1.87698,1.19028,1.32762,-0.66699048,0.71447571,0.135436665
1764505198.2108622,-1.87698,1.19028,1.32762,-0.66699048,0.71447571,0.135436665
1764505198.2108622,-1.87698,1.19028,1.32762,-0.66699048,0.71447571,0.135436665
1764505198.2108622,-1.87698,1.19028,1.32762,-0.66699048,0.71447571,0.135436665
1764505198.2108622,-4.54748,1.05294,0.3204599999999999,-0.668028075,0.715269165,0.136047015
1764505198.2108622,-4.54748,1.05294,0.3204599999999999,-0.668028075,0.715269165,0.136047015
1764505198.2108622,-4.54748,1.05294,0.3204599999999999,-0.668028075,0.715269165,0.136047015
1764505198.2108622,-4.54748,1.05294,0.3204599999999999,-0.668028075,0.715269165,0.136047015
1764505198.2560902,-4.54748,1.05294,0.3204599999999999,-0.668028075,0.715269165,0.136047015
1764505198.2560902,-4.54748,1.05294,0.3204599999999999,-0.668028075,0.715269165,0.136047015
1764505198.2560902,-4.54748,1.05294,0.3204599999999999,-0.668028075,0.715269165,0.136047015
1764505198.2560902,-4.54748,1.05294,0.3204599999999999,-0.668028075,0.715269165,0.136047015
1764505198.2560902,-4.54748,1.05294,0.3204599999999999,-0.668028075,0.715269165,0.136047015
1764505198.2560902,-4.54748,1.05294,0.3204599999999999,-0.668028075,0.715269165,0.136047015
1764505198.2560902,-5.35626,1.78542,-0.1525999999999999,-0.6664411650000001,0.71484192,0.13561977
1764505198.2560902,-5.35626,1.78542,-0.1525999999999999,-0.6664411650000001,0.71484192,0.13561977
1764505198.2560902,-5.35626,1.78542,-0.1525999999999999,-0.6664411650000001,0.71484192,0.13561977
1764505198.257119,-5.35626,1.78542,-0.1525999999999999,-0.6664411650000001,0.71484192,0.13561977
1764505198.257119,-5.35626,1.78542,-0.1525999999999999,-0.6664411650000001,0.71484192,0.13561977
1764505198.257119,-5.35626,1.78542,-0.1525999999999999,-0.6664411650000001,0.71484192,0.13561977
1764505198.257119,-5.35626,1.78542,-0.1525999999999999,-0.6664411650000001,0.71484192,0.13561977
1764505198.257119,-5.35626,1.78542,-0.1525999999999999,-0.6664411650000001,0.71484192,0.13561977
1764505198.257119,-5.35626,1.78542,-0.1525999999999999,-0.6664411650000001,0.71484192,0.13561977
1764505198.257119,-5.35626,1.78542,-0.1525999999999999,-0.6664411650000001,0.71484192,0.13561977
1764505198.257119,-6.60758,2.01432,-0.8087799999999999,-0.66515943,0.714780885,0.133483545
1764505198.257119,-6.60758,2.01432,-0.8087799999999999,-0.66515943,0.714780885,0.133483545
1764505198.257119,-6.60758,2.01432,-0.8087799999999999,-0.66515943,0.714780885,0.133483545
1764505198.257119,-6.60758,2.01432,-0.8087799999999999,-0.66515943,0.714780885,0.133483545
1764505198.257119,-6.60758,2.01432,-0.8087799999999999,-0.66515943,0.714780885,0.133483545
1764505198.257119,-6.60758,2.01432,-0.8087799999999999,-0.66515943,0.714780885,0.133483545
1764505198.2581048,-6.60758,2.01432,-0.8087799999999999,-0.66515943,0.714780885,0.133483545
1764505198.2581048,-6.60758,2.01432,-0.8087799999999999,-0.66515943,0.714780885,0.133483545
1764505198.3021178,-6.60758,2.01432,-0.8087799999999999,-0.66515943,0.714780885,0.133483545
1764505198.3021178,-6.60758,2.01432,-0.8087799999999999,-0.66515943,0.714780885,0.133483545
1764505198.3021178,-7.41636,3.23512,-1.23606,-0.66503736,0.713316045,0.131530425
1764505198.3021178,-7.41636,3.23512,-1.23606,-0.66503736,0.713316045,0.131530425
1764505198.3021178,-7.41636,3.23512,-1.23606,-0.66503736,0.713316045,0.131530425
1764505198.3021178,-7.41636,3.23512,-1.23606,-0.66503736,0.713316045,0.131530425
1764505198.3021178,-7.41636,3.23512,-1.23606,-0.66503736,0.713316045,0.131530425
1764505198.3021178,-7.41636,3.23512,-1.23606,-0.66503736,0.713316045,0.131530425
1764505198.3021178,-7.41636,3.23512,-1.23606,-0.66503736,0.713316045,0.131530425
1764505198.3021178,-7.41636,3.23512,-1.23606,-0.66503736,0.713316045,0.131530425
1764505198.3031332,-7.41636,3.23512,-1.23606,-0.66503736,0.713316045,0.131530425
1764505198.3031332,-7.41636,3.23512,-1.23606,-0.66503736,0.713316045,0.131530425
1764505198.3031332,-6.302379999999999,4.440659999999999,-1.26658,-0.664976325,0.711729135,0.13073697
1764505198.3031332,-6.302379999999999,4.440659999999999,-1.26658,-0.664976325,0.711729135,0.13073697
1764505198.3031332,-6.302379999999999,4.440659999999999,-1.26658,-0.664976325,0.711729135,0.13073697
1764505198.3031332,-6.302379999999999,4.440659999999999,-1.26658,-0.664976325,0.711729135,0.13073697
1764505198.3031332,-6.302379999999999,4.440659999999999,-1.26658,-0.664976325,0.711729135,0.13073697
1764505198.3031332,-6.302379999999999,4.440659999999999,-1.26658,-0.664976325,0.711729135,0.13073697
1764505198.3031332,-6.302379999999999,4.440659999999999,-1.26658,-0.664976325,0.711729135,0.13073697
1764505198.3031332,-6.302379999999999,4.440659999999999,-1.26658,-0.664976325,0.711729135,0.13073697
1764505198.3031332,-6.302379999999999,4.440659999999999,-1.26658,-0.664976325,0.711729135,0.13073697
1764505198.3031332,-6.302379999999999,4.440659999999999,-1.26658,-0.664976325,0.711729135,0.13073697
1764505198.348307,-2.76206,4.89846,-0.62566,-0.66564771,0.707578755,0.13171353
1764505198.348307,-2.76206,4.89846,-0.62566,-0.66564771,0.707578755,0.13171353
1764505198.348307,-2.76206,4.89846,-0.62566,-0.66564771,0.707578755,0.13171353
1764505198.348307,-2.76206,4.89846,-0.62566,-0.66564771,0.707578755,0.13171353
1764505198.348307,-2.76206,4.89846,-0.62566,-0.66564771,0.707578755,0.13171353
1764505198.348307,-2.76206,4.89846,-0.62566,-0.66564771,0.707578755,0.13171353
1764505198.348307,-2.76206,4.89846,-0.62566,-0.66564771,0.707578755,0.13171353
1764505198.348307,-2.76206,4.89846,-0.62566,-0.66564771,0.707578755,0.13171353
1764505198.348307,-2.76206,4.89846,-0.62566,-0.66564771,0.707578755,0.13171353
1764505198.348307,-2.76206,4.89846,-0.62566,-0.66564771,0.707578755,0.13171353
1764505198.348307,1.2971,2.35004,-1.1445,-0.667539795,0.704649075,0.133849755
1764505198.348307,1.2971,2.35004,-1.1445,-0.667539795,0.704649075,0.133849755
1764505198.3493376,1.2971,2.35004,-1.1445,-0.667539795,0.704649075,0.133849755
1764505198.3493376,1.2971,2.35004,-1.1445,-0.667539795,0.704649075,0.133849755
1764505198.3493376,1.2971,2.35004,-1.1445,-0.667539795,0.704649075,0.133849755
1764505198.3493376,1.2971,2.35004,-1.1445,-0.667539795,0.704649075,0.133849755
1764505198.3493376,1.2971,2.35004,-1.1445,-0.667539795,0.704649075,0.133849755
1764505198.3493376,1.2971,2.35004,-1.1445,-0.667539795,0.704649075,0.133849755
1764505198.3503394,1.2971,2.35004,-1.1445,-0.667539795,0.704649075,0.133849755
1764505198.3503394,1.2971,2.35004,-1.1445,-0.667539795,0.704649075,0.133849755
1764505198.3503394,3.90656,-0.27468,-1.2971,-0.6690656700000001,0.704038725,0.136779435
1764505198.3503394,3.90656,-0.27468,-1.2971,-0.6690656700000001,0.704038725,0.136779435
1764505198.3503394,3.90656,-0.27468,-1.2971,-0.6690656700000001,0.704038725,0.136779435
1764505198.3513408,3.90656,-0.27468,-1.2971,-0.6690656700000001,0.704038725,0.136779435
1764505198.3953264,3.90656,-0.27468,-1.2971,-0.6690656700000001,0.704038725,0.136779435
1764505198.3953264,3.90656,-0.27468,-1.2971,-0.6690656700000001,0.704038725,0.136779435
1764505198.3953264,3.90656,-0.27468,-1.2971,-0.6690656700000001,0.704038725,0.136779435
1764505198.3953264,3.90656,-0.27468,-1.2971,-0.6690656700000001,0.704038725,0.136779435
1764505198.3953264,3.90656,-0.27468,-1.2971,-0.6690656700000001,0.704038725,0.136779435
1764505198.3953264,3.90656,-0.27468,-1.2971,-0.6690656700000001,0.704038725,0.136779435
1764505198.3953264,6.3329,-2.3653,-0.13734,-0.670469475,0.706602195,0.137755995
1764505198.3953264,6.3329,-2.3653,-0.13734,-0.670469475,0.706602195,0.137755995
1764505198.3953264,6.3329,-2.3653,-0.13734,-0.670469475,0.706602195,0.137755995
1764505198.3953264,6.3329,-2.3653,-0.13734,-0.670469475,0.706602195,0.137755995
1764505198.3953264,6.3329,-2.3653,-0.13734,-0.670469475,0.706602195,0.137755995
1764505198.3953264,6.3329,-2.3653,-0.13734,-0.670469475,0.706602195,0.137755995
1764505198.3953264,6.3329,-2.3653,-0.13734,-0.670469475,0.706602195,0.137755995
1764505198.3953264,6.3329,-2.3653,-0.13734,-0.670469475,0.706602195,0.137755995
1764505198.396341,6.3329,-2.3653,-0.13734,-0.670469475,0.706602195,0.137755995
1764505198.396341,6.3329,-2.3653,-0.13734,-0.670469475,0.706602195,0.137755995
1764505198.396341,2.71628,-2.48738,0.24416,-0.67248363,0.7114849950000001,0.13500942
1764505198.396341,2.71628,-2.48738,0.24416,-0.67248363,0.7114849950000001,0.13500942
1764505198.396341,2.71628,-2.48738,0.24416,-0.67248363,0.7114849950000001,0.13500942
1764505198.396341,2.71628,-2.48738,0.24416,-0.67248363,0.7114849950000001,0.13500942
1764505198.396341,2.71628,-2.48738,0.24416,-0.67248363,0.7114849950000001,0.13500942
1764505198.396341,2.71628,-2.48738,0.24416,-0.67248363,0.7114849950000001,0.13500942
1764505198.396341,2.71628,-2.48738,0.24416,-0.67248363,0.7114849950000001,0.13500942
1764505198.396341,2.71628,-2.48738,0.24416,-0.67248363,0.7114849950000001,0.13500942
1764505198.4416976,2.71628,-2.48738,0.24416,-0.67248363,0.7114849950000001,0.13500942
1764505198.4416976,2.71628,-2.48738,0.24416,-0.67248363,0.7114849950000001,0.13500942
1764505198.4416976,-0.01526,-2.18218,-0.71722,-0.67162914,0.72057921,0.129699375
1764505198.4416976,-0.01526,-2.18218,-0.71722,-0.67162914,0.72057921,0.129699375
1764505198.4416976,-0.01526,-2.18218,-0.71722,-0.67162914,0.72057921,0.129699375
1764505198.4416976,-0.01526,-2.18218,-0.71722,-0.67162914,0.72057921,0.129699375
1764505198.4416976,-0.01526,-2.18218,-0.71722,-0.67162914,0.72057921,0.129699375
1764505198.4416976,-0.01526,-2.18218,-0.71722,-0.67162914,0.72057921,0.129699375
1764505198.4416976,-0.01526,-2.18218,-0.71722,-0.67162914,0.72057921,0.129699375
1764505198.4416976,-0.01526,-2.18218,-0.71722,-0.67162914,0.72057921,0.129699375
1764505198.4416976,-0.01526,-2.18218,-0.71722,-0.67162914,0.72057921,0.129699375
1764505198.4416976,-0.01526,-2.18218,-0.71722,-0.67162914,0.72057921,0.129699375
1764505198.4416976,-9.156,0.03052,-2.57894,-0.666319095,0.72717099,0.12683073
1764505198.4416976,-9.156,0.03052,-2.57894,-0.666319095,0.72717099,0.12683073
1764505198.4416976,-9.156,0.03052,-2.57894,-0.666319095,0.72717099,0.12683073
1764505198.4416976,-9.156,0.03052,-2.57894,-0.666319095,0.72717099,0.12683073
1764505198.4416976,-9.156,0.03052,-2.57894,-0.666319095,0.72717099,0.12683073
1764505198.4416976,-9.156,0.03052,-2.57894,-0.666319095,0.72717099,0.12683073
1764505198.4416976,-9.156,0.03052,-2.57894,-0.666319095,0.72717099,0.12683073
1764505198.4416976,-9.156,0.03052,-2.57894,-0.666319095,0.72717099,0.12683073
1764505198.4416976,-9.156,0.03052,-2.57894,-0.666319095,0.72717099,0.12683073
1764505198.4416976,-9.156,0.03052,-2.57894,-0.666319095,0.72717099,0.12683073
1764505198.4899485,-9.67484,3.08252,-2.76206,-0.660825945,0.72729306,0.126647625
1764505198.4899485,-9.67484,3.08252,-2.76206,-0.660825945,0.72729306,0.126647625
1764505198.4899485,-9.67484,3.08252,-2.76206,-0.660825945,0.72729306,0.126647625
1764505198.4899485,-9.67484,3.08252,-2.76206,-0.660825945,0.72729306,0.126647625
1764505198.4899485,-9.67484,3.08252,-2.76206,-0.660825945,0.72729306,0.126647625
1764505198.4899485,-9.67484,3.08252,-2.76206,-0.660825945,0.72729306,0.126647625
1764505198.4899485,-9.67484,3.08252,-2.76206,-0.660825945,0.72729306,0.126647625
1764505198.4899485,-9.67484,3.08252,-2.76206,-0.660825945,0.72729306,0.126647625
1764505198.4899485,-9.67484,3.08252,-2.76206,-0.660825945,0.72729306,0.126647625
1764505198.4899485,-9.67484,3.08252,-2.76206,-0.660825945,0.72729306,0.126647625
1764505198.4899485,-9.20178,6.134519999999999,-1.87698,-0.66027663,0.721006455,0.12524382
1764505198.4899485,-9.20178,6.134519999999999,-1.87698,-0.66027663,0.721006455,0.12524382
1764505198.4909692,-9.20178,6.134519999999999,-1.87698,-0.66027663,0.721006455,0.12524382
1764505198.4909692,-9.20178,6.134519999999999,-1.87698,-0.66027663,0.721006455,0.12524382
1764505198.4909692,-9.20178,6.134519999999999,-1.87698,-0.66027663,0.721006455,0.12524382
1764505198.4909692,-9.20178,6.134519999999999,-1.87698,-0.66027663,0.721006455,0.12524382
1764505198.4909692,-9.20178,6.134519999999999,-1.87698,-0.66027663,0.721006455,0.12524382
1764505198.4909692,-9.20178,6.134519999999999,-1.87698,-0.66027663,0.721006455,0.12524382
1764505198.4909692,-9.20178,6.134519999999999,-1.87698,-0.66027663,0.721006455,0.12524382
1764505198.4909692,-9.20178,6.134519999999999,-1.87698,-0.66027663,0.721006455,0.12524382
1764505198.4909692,-7.05012,4.22702,0.09156,-0.664365975,0.71386536,0.125182785
1764505198.4909692,-7.05012,4.22702,0.09156,-0.664365975,0.71386536,0.125182785
1764505198.4909692,-7.05012,4.22702,0.09156,-0.664365975,0.71386536,0.125182785
1764505198.4919603,-7.05012,4.22702,0.09156,-0.664365975,0.71386536,0.125182785
1764505198.539652,-7.05012,4.22702,0.09156,-0.664365975,0.71386536,0.125182785
1764505198.539652,-7.05012,4.22702,0.09156,-0.664365975,0.71386536,0.125182785
1764505198.539652,-7.05012,4.22702,0.09156,-0.664365975,0.71386536,0.125182785
1764505198.539652,-7.05012,4.22702,0.09156,-0.664365975,0.71386536,0.125182785
1764505198.5406466,-7.05012,4.22702,0.09156,-0.664365975,0.71386536,0.125182785
1764505198.5406466,-7.05012,4.22702,0.09156,-0.664365975,0.71386536,0.125182785
1764505198.5406466,-3.1283,2.27374,1.93802,-0.66723462,0.70934877,0.12792936
1764505198.5406466,-3.1283,2.27374,1.93802,-0.66723462,0.70934877,0.12792936
1764505198.5406466,-3.1283,2.27374,1.93802,-0.66723462,0.70934877,0.12792936
1764505198.5406466,-3.1283,2.27374,1.93802,-0.66723462,0.70934877,0.12792936
1764505198.5406466,-3.1283,2.27374,1.93802,-0.66723462,0.70934877,0.12792936
1764505198.5406466,-3.1283,2.27374,1.93802,-0.66723462,0.70934877,0.12792936
1764505198.5406466,-3.1283,2.27374,1.93802,-0.66723462,0.70934877,0.12792936
1764505198.5406466,-3.1283,2.27374,1.93802,-0.66723462,0.70934877,0.12792936
1764505198.5406466,-3.1283,2.27374,1.93802,-0.66723462,0.70934877,0.12792936
1764505198.5406466,-3.1283,2.27374,1.93802,-0.66723462,0.70934877,0.12792936
1764505198.5406466,-1.41918,1.6022999999999998,2.27374,-0.66833325,0.708921525,0.131042145
1764505198.5406466,-1.41918,1.6022999999999998,2.27374,-0.66833325,0.708921525,0.131042145
1764505198.5406466,-1.41918,1.6022999999999998,2.27374,-0.66833325,0.708921525,0.131042145
1764505198.5406466,-1.41918,1.6022999999999998,2.27374,-0.66833325,0.708921525,0.131042145
1764505198.5406466,-1.41918,1.6022999999999998,2.27374,-0.66833325,0.708921525,0.131042145
1764505198.5406466,-1.41918,1.6022999999999998,2.27374,-0.66833325,0.708921525,0.131042145
1764505198.5416403,-1.41918,1.6022999999999998,2.27374,-0.66833325,0.708921525,0.131042145
1764505198.5416403,-1.41918,1.6022999999999998,2.27374,-0.66833325,0.708921525,0.131042145
1764505198.5824234,-1.41918,1.6022999999999998,2.27374,-0.66833325,0.708921525,0.131042145
1764505198.5834484,-1.41918,1.6022999999999998,2.27374,-0.66833325,0.708921525,0.131042145
1764505198.5834484,-1.46496,1.34288,1.35814,-0.669126705,0.712095345,0.13171353
1764505198.5834484,-1.46496,1.34288,1.35814,-0.669126705,0.712095345,0.13171353
1764505198.5834484,-1.46496,1.34288,1.35814,-0.669126705,0.712095345,0.13171353
1764505198.5834484,-1.46496,1.34288,1.35814,-0.669126705,0.712095345,0.13171353
1764505198.5834484,-1.46496,1.34288,1.35814,-0.669126705,0.712095345,0.13171353
1764505198.5834484,-1.46496,1.34288,1.35814,-0.669126705,0.712095345,0.13171353
1764505198.5834484,-1.46496,1.34288,1.35814,-0.669126705,0.712095345,0.13171353
1764505198.5834484,-1.46496,1.34288,1.35814,-0.669126705,0.712095345,0.13171353
1764505198.5834484,-1.46496,1.34288,1.35814,-0.669126705,0.712095345,0.13171353
1764505198.5834484,-1.46496,1.34288,1.35814,-0.669126705,0.712095345,0.13171353
1764505198.5834484,-2.41108,1.49548,1.2208,-0.66857739,0.7165509,0.130431795
1764505198.5834484,-2.41108,1.49548,1.2208,-0.66857739,0.7165509,0.130431795
1764505198.5834484,-2.41108,1.49548,1.2208,-0.66857739,0.7165509,0.130431795
1764505198.5834484,-2.41108,1.49548,1.2208,-0.66857739,0.7165509,0.130431795
1764505198.5834484,-2.41108,1.49548,1.2208,-0.66857739,0.7165509,0.130431795
1764505198.5834484,-2.41108,1.49548,1.2208,-0.66857739,0.7165509,0.130431795
1764505198.5834484,-2.41108,1.49548,1.2208,-0.66857739,0.7165509,0.130431795
1764505198.5834484,-2.41108,1.49548,1.2208,-0.66857739,0.7165509,0.130431795
1764505198.5834484,-2.41108,1.49548,1.2208,-0.66857739,0.7165509,0.130431795
1764505198.5834484,-2.41108,1.49548,1.2208,-0.66857739,0.7165509,0.130431795
1764505198.6323893,-4.39488,1.95328,1.3734,-0.668394285,0.72131163,0.12951627
1764505198.6323893,-4.39488,1.95328,1.3734,-0.668394285,0.72131163,0.12951627
1764505198.6323893,-4.39488,1.95328,1.3734,-0.668394285,0.72131163,0.12951627
1764505198.6323893,-4.39488,1.95328,1.3734,-0.668394285,0.72131163,0.12951627
1764505198.6323893,-4.39488,1.95328,1.3734,-0.668394285,0.72131163,0.12951627
1764505198.6323893,-4.39488,1.95328,1.3734,-0.668394285,0.72131163,0.12951627
1764505198.6323893,-4.39488,1.95328,1.3734,-0.668394285,0.72131163,0.12951627
1764505198.6323893,-4.39488,1.95328,1.3734,-0.668394285,0.72131163,0.12951627
1764505198.6323893,-4.39488,1.95328,1.3734,-0.668394285,0.72131163,0.12951627
1764505198.6323893,-4.39488,1.95328,1.3734,-0.668394285,0.72131163,0.12951627
1764505198.6323893,-6.59232,2.38056,1.41918,-0.6664411650000001,0.72399717,0.129943515
1764505198.6323893,-6.59232,2.38056,1.41918,-0.6664411650000001,0.72399717,0.129943515
1764505198.6323893,-6.59232,2.38056,1.41918,-0.6664411650000001,0.72399717,0.129943515
1764505198.6333869,-6.59232,2.38056,1.41918,-0.6664411650000001,0.72399717,0.129943515
1764505198.6333869,-6.59232,2.38056,1.41918,-0.6664411650000001,0.72399717,0.129943515
1764505198.6333869,-6.59232,2.38056,1.41918,-0.6664411650000001,0.72399717,0.129943515
1764505198.6333869,-6.59232,2.38056,1.41918,-0.6664411650000001,0.72399717,0.129943515
1764505198.6333869,-6.59232,2.38056,1.41918,-0.6664411650000001,0.72399717,0.129943515
1764505198.6333869,-6.59232,2.38056,1.41918,-0.6664411650000001,0.72399717,0.129943515
1764505198.6333869,-6.59232,2.38056,1.41918,-0.6664411650000001,0.72399717,0.129943515
1764505198.6333869,-8.881319999999999,5.06632,1.95328,-0.6638166600000001,0.72167784,0.130187655
1764505198.6333869,-8.881319999999999,5.06632,1.95328,-0.6638166600000001,0.72167784,0.130187655
1764505198.6333869,-8.881319999999999,5.06632,1.95328,-0.6638166600000001,0.72167784,0.130187655
1764505198.6333869,-8.881319999999999,5.06632,1.95328,-0.6638166600000001,0.72167784,0.130187655
1764505198.67895,-8.881319999999999,5.06632,1.95328,-0.6638166600000001,0.72167784,0.130187655
1764505198.67895,-8.881319999999999,5.06632,1.95328,-0.6638166600000001,0.72167784,0.130187655
1764505198.67895,-8.881319999999999,5.06632,1.95328,-0.6638166600000001,0.72167784,0.130187655
1764505198.67895,-8.881319999999999,5.06632,1.95328,-0.6638166600000001,0.72167784,0.130187655
1764505198.67895,-8.881319999999999,5.06632,1.95328,-0.6638166600000001,0.72167784,0.130187655
1764505198.67895,-8.881319999999999,5.06632,1.95328,-0.6638166600000001,0.72167784,0.130187655
1764505198.6799643,-11.8265,8.13358,2.88414,-0.663877695,0.719053335,0.12902799
1764505198.6799643,-11.8265,8.13358,2.88414,-0.663877695,0.719053335,0.12902799
1764505198.6799643,-11.8265,8.13358,2.88414,-0.663877695,0.719053335,0.12902799
1764505198.6799643,-11.8265,8.13358,2.88414,-0.663877695,0.719053335,0.12902799
1764505198.6799643,-11.8265,8.13358,2.88414,-0.663877695,0.719053335,0.12902799
1764505198.6799643,-11.8265,8.13358,2.88414,-0.663877695,0.719053335,0.12902799
1764505198.6799643,-11.8265,8.13358,2.88414,-0.663877695,0.719053335,0.12902799
1764505198.6799643,-11.8265,8.13358,2.88414,-0.663877695,0.719053335,0.12902799
1764505198.6799643,-11.8265,8.13358,2.88414,-0.663877695,0.719053335,0.12902799
1764505198.6799643,-11.8265,8.13358,2.88414,-0.663877695,0.719053335,0.12902799
1764505198.6799643,-12.77262,6.3329,3.14356,-0.665464605,0.716001585,0.12927213
1764505198.6799643,-12.77262,6.3329,3.14356,-0.665464605,0.716001585,0.12927213
1764505198.6799643,-12.77262,6.3329,3.14356,-0.665464605,0.716001585,0.12927213
1764505198.6799643,-12.77262,6.3329,3.14356,-0.665464605,0.716001585,0.12927213
1764505198.6799643,-12.77262,6.3329,3.14356,-0.665464605,0.716001585,0.12927213
1764505198.6799643,-12.77262,6.3329,3.14356,-0.665464605,0.716001585,0.12927213
1764505198.6799643,-12.77262,6.3329,3.14356,-0.665464605,0.716001585,0.12927213
1764505198.6799643,-12.77262,6.3329,3.14356,-0.665464605,0.716001585,0.12927213
1764505198.7233162,-12.77262,6.3329,3.14356,-0.665464605,0.716001585,0.12927213
1764505198.7233162,-12.77262,6.3329,3.14356,-0.665464605,0.716001585,0.12927213
1764505198.7233162,-8.91184,4.41014,2.0601,-0.66662427,0.71117982,0.13146939
1764505198.7233162,-8.91184,4.41014,2.0601,-0.66662427,0.71117982,0.13146939
1764505198.7233162,-8.91184,4.41014,2.0601,-0.66662427,0.71117982,0.13146939
1764505198.7233162,-8.91184,4.41014,2.0601,-0.66662427,0.71117982,0.13146939
1764505198.7233162,-8.91184,4.41014,2.0601,-0.66662427,0.71117982,0.13146939
1764505198.7233162,-8.91184,4.41014,2.0601,-0.66662427,0.71117982,0.13146939
1764505198.7233162,-8.91184,4.41014,2.0601,-0.66662427,0.71117982,0.13146939
1764505198.7233162,-8.91184,4.41014,2.0601,-0.66662427,0.71117982,0.13146939
1764505198.7243388,-8.91184,4.41014,2.0601,-0.66662427,0.71117982,0.13146939
1764505198.7243388,-8.91184,4.41014,2.0601,-0.66662427,0.71117982,0.13146939
1764505198.7243388,-4.7306,2.53316,2.19744,-0.668638425,0.70690737,0.134277
1764505198.7243388,-4.7306,2.53316,2.19744,-0.668638425,0.70690737,0.134277
1764505198.7243388,-4.7306,2.53316,2.19744,-0.668638425,0.70690737,0.134277
1764505198.7243388,-4.7306,2.53316,2.19744,-0.668638425,0.70690737,0.134277
1764505198.7243388,-4.7306,2.53316,2.19744,-0.668638425,0.70690737,0.134277
1764505198.7243388,-4.7306,2.53316,2.19744,-0.668638425,0.70690737,0.134277
1764505198.7243388,-4.7306,2.53316,2.19744,-0.668638425,0.70690737,0.134277
1764505198.7243388,-4.7306,2.53316,2.19744,-0.668638425,0.70690737,0.134277
1764505198.7243388,-4.7306,2.53316,2.19744,-0.668638425,0.70690737,0.134277
1764505198.7243388,-4.7306,2.53316,2.19744,-0.668638425,0.70690737,0.134277
1764505198.774157,-4.2728,1.03768,2.53316,-0.67211742,0.7062359850000001,0.13500942
1764505198.774157,-4.2728,1.03768,2.53316,-0.67211742,0.7062359850000001,0.13500942
1764505198.774157,-4.2728,1.03768,2.53316,-0.67211742,0.7062359850000001,0.13500942
1764505198.774157,-4.2728,1.03768,2.53316,-0.67211742,0.7062359850000001,0.13500942
1764505198.774157,-4.2728,1.03768,2.53316,-0.67211742,0.7062359850000001,0.13500942
1764505198.774157,-4.2728,1.03768,2.53316,-0.67211742,0.7062359850000001,0.13500942
1764505198.774157,-4.2728,1.03768,2.53316,-0.67211742,0.7062359850000001,0.13500942
1764505198.774157,-4.2728,1.03768,2.53316,-0.67211742,0.7062359850000001,0.13500942
1764505198.774157,-4.2728,1.03768,2.53316,-0.67211742,0.7062359850000001,0.13500942
1764505198.7746632,-4.2728,1.03768,2.53316,-0.67211742,0.7062359850000001,0.13500942
1764505198.7746632,-6.027699999999999,0.28994,1.57178,-0.67053051,0.7088604900000001,0.13354458
1764505198.7746632,-6.027699999999999,0.28994,1.57178,-0.67053051,0.7088604900000001,0.13354458
1764505198.7746632,-6.027699999999999,0.28994,1.57178,-0.67053051,0.7088604900000001,0.13354458
1764505198.7746632,-6.027699999999999,0.28994,1.57178,-0.67053051,0.7088604900000001,0.13354458
1764505198.7746632,-6.027699999999999,0.28994,1.57178,-0.67053051,0.7088604900000001,0.13354458
1764505198.7746632,-6.027699999999999,0.28994,1.57178,-0.67053051,0.7088604900000001,0.13354458
1764505198.7746632,-6.027699999999999,0.28994,1.57178,-0.67053051,0.7088604900000001,0.13354458
1764505198.7746632,-6.027699999999999,0.28994,1.57178,-0.67053051,0.7088604900000001,0.13354458
1764505198.7746632,-6.027699999999999,0.28994,1.57178,-0.67053051,0.7088604900000001,0.13354458
1764505198.7746632,-6.027699999999999,0.28994,1.57178,-0.67053051,0.7088604900000001,0.13354458
1764505198.7746632,-9.0797,2.1364,-0.3051999999999999,-0.666319095,0.710874645,0.13269009
1764505198.7746632,-9.0797,2.1364,-0.3051999999999999,-0.666319095,0.710874645,0.13269009
1764505198.7746632,-9.0797,2.1364,-0.3051999999999999,-0.666319095,0.710874645,0.13269009
1764505198.7746632,-9.0797,2.1364,-0.3051999999999999,-0.666319095,0.710874645,0.13269009
1764505198.8210392,-9.0797,2.1364,-0.3051999999999999,-0.666319095,0.710874645,0.13269009
1764505198.8210392,-9.0797,2.1364,-0.3051999999999999,-0.666319095,0.710874645,0.13269009
1764505198.8210392,-9.0797,2.1364,-0.3051999999999999,-0.666319095,0.710874645,0.13269009
1764505198.8210392,-9.0797,2.1364,-0.3051999999999999,-0.666319095,0.710874645,0.13269009
1764505198.8210392,-9.0797,2.1364,-0.3051999999999999,-0.666319095,0.710874645,0.13269009
1764505198.8210392,-9.0797,2.1364,-0.3051999999999999,-0.666319095,0.710874645,0.13269009
1764505198.8210392,-9.33912,5.05106,-1.4497,-0.6638166600000001,0.712095345,0.129699375
1764505198.8220415,-9.33912,5.05106,-1.4497,-0.6638166600000001,0.712095345,0.129699375
1764505198.8220415,-9.33912,5.05106,-1.4497,-0.6638166600000001,0.712095345,0.129699375
1764505198.8220415,-9.33912,5.05106,-1.4497,-0.6638166600000001,0.712095345,0.129699375
1764505198.8220415,-9.33912,5.05106,-1.4497,-0.6638166600000001,0.712095345,0.129699375
1764505198.8220415,-9.33912,5.05106,-1.4497,-0.6638166600000001,0.712095345,0.129699375
1764505198.8220415,-9.33912,5.05106,-1.4497,-0.6638166600000001,0.712095345,0.129699375
1764505198.8220415,-9.33912,5.05106,-1.4497,-0.6638166600000001,0.712095345,0.129699375
1764505198.8220415,-9.33912,5.05106,-1.4497,-0.6638166600000001,0.712095345,0.129699375
1764505198.8220415,-9.33912,5.05106,-1.4497,-0.6638166600000001,0.712095345,0.129699375
1764505198.8220415,-7.14168,6.37868,-0.50358,-0.664121835,0.71130189,0.12805143
1764505198.8220415,-7.14168,6.37868,-0.50358,-0.664121835,0.71130189,0.12805143
1764505198.8220415,-7.14168,6.37868,-0.50358,-0.664121835,0.71130189,0.12805143
1764505198.8220415,-7.14168,6.37868,-0.50358,-0.664121835,0.71130189,0.12805143
1764505198.8230422,-7.14168,6.37868,-0.50358,-0.664121835,0.71130189,0.12805143
1764505198.8230422,-7.14168,6.37868,-0.50358,-0.664121835,0.71130189,0.12805143
1764505198.8230422,-7.14168,6.37868,-0.50358,-0.664121835,0.71130189,0.12805143
1764505198.8230422,-7.14168,6.37868,-0.50358,-0.664121835,0.71130189,0.12805143
1764505198.8653436,-7.14168,6.37868,-0.50358,-0.664121835,0.71130189,0.12805143
1764505198.8653436,-7.14168,6.37868,-0.50358,-0.664121835,0.71130189,0.12805143
1764505198.8653436,-3.15882,2.77732,0.88508,-0.669126705,0.710386365,0.12744108
1764505198.8653436,-3.15882,2.77732,0.88508,-0.669126705,0.710386365,0.12744108
1764505198.8653436,-3.15882,2.77732,0.88508,-0.669126705,0.710386365,0.12744108
1764505198.8663585,-3.15882,2.77732,0.88508,-0.669126705,0.710386365,0.12744108
1764505198.8663585,-3.15882,2.77732,0.88508,-0.669126705,0.710386365,0.12744108
1764505198.8663585,-3.15882,2.77732,0.88508,-0.669126705,0.710386365,0.12744108
1764505198.8663585,-3.15882,2.77732,0.88508,-0.669126705,0.710386365,0.12744108
1764505198.8663585,-3.15882,2.77732,0.88508,-0.669126705,0.710386365,0.12744108
1764505198.8663585,-3.15882,2.77732,0.88508,-0.669126705,0.710386365,0.12744108
1764505198.8663585,-3.15882,2.77732,0.88508,-0.669126705,0.710386365,0.12744108
1764505198.8674054,-0.18312,-0.74774,1.63282,-0.671201895,0.7104474000000001,0.130553865
1764505198.8674054,-0.18312,-0.74774,1.63282,-0.671201895,0.7104474000000001,0.130553865
1764505198.8674054,-0.18312,-0.74774,1.63282,-0.671201895,0.7104474000000001,0.130553865
1764505198.8674054,-0.18312,-0.74774,1.63282,-0.671201895,0.7104474000000001,0.130553865
1764505198.8674054,-0.18312,-0.74774,1.63282,-0.671201895,0.7104474000000001,0.130553865
1764505198.8674054,-0.18312,-0.74774,1.63282,-0.671201895,0.7104474000000001,0.130553865
1764505198.8674054,-0.18312,-0.74774,1.63282,-0.671201895,0.7104474000000001,0.130553865
1764505198.8674054,-0.18312,-0.74774,1.63282,-0.671201895,0.7104474000000001,0.130553865
1764505198.8674054,-0.18312,-0.74774,1.63282,-0.671201895,0.7104474000000001,0.130553865
1764505198.8674054,-0.18312,-0.74774,1.63282,-0.671201895,0.7104474000000001,0.130553865
1764505198.8674054,0.36624,-0.82404,1.63282,-0.670591545,0.712827765,0.133239405
1764505198.8684342,0.36624,-0.82404,1.63282,-0.670591545,0.712827765,0.133239405
1764505198.9172585,0.36624,-0.82404,1.63282,-0.670591545,0.712827765,0.133239405
1764505198.9172585,0.36624,-0.82404,1.63282,-0.670591545,0.712827765,0.133239405
1764505198.9172585,0.36624,-0.82404,1.63282,-0.670591545,0.712827765,0.133239405
1764505198.9172585,0.36624,-0.82404,1.63282,-0.670591545,0.712827765,0.133239405
1764505198.9172585,0.36624,-0.82404,1.63282,-0.670591545,0.712827765,0.133239405
1764505198.9172585,0.36624,-0.82404,1.63282,-0.670591545,0.712827765,0.133239405
1764505198.9172585,0.36624,-0.82404,1.63282,-0.670591545,0.712827765,0.133239405
1764505198.9172585,0.36624,-0.82404,1.63282,-0.670591545,0.712827765,0.133239405
1764505198.9172585,-1.58704,-0.9919,1.2208,-0.6690656700000001,0.71435364,0.13378872
1764505198.9172585,-1.58704,-0.9919,1.2208,-0.6690656700000001,0.71435364,0.13378872
1764505198.9172585,-1.58704,-0.9919,1.2208,-0.6690656700000001,0.71435364,0.13378872
1764505198.9172585,-1.58704,-0.9919,1.2208,-0.6690656700000001,0.71435364,0.13378872
1764505198.9172585,-1.58704,-0.9919,1.2208,-0.6690656700000001,0.71435364,0.13378872
1764505198.9172585,-1.58704,-0.9919,1.2208,-0.6690656700000001,0.71435364,0.13378872
1764505198.9172585,-1.58704,-0.9919,1.2208,-0.6690656700000001,0.71435364,0.13378872
1764505198.9172585,-1.58704,-0.9919,1.2208,-0.6690656700000001,0.71435364,0.13378872
1764505198.9172585,-1.58704,-0.9919,1.2208,-0.6690656700000001,0.71435364,0.13378872
1764505198.9172585,-1.58704,-0.9919,1.2208,-0.6690656700000001,0.71435364,0.13378872
1764505198.9172585,-2.42634,-0.6103999999999999,0.6867,-0.66833325,0.71471985,0.13391079
1764505198.9172585,-2.42634,-0.6103999999999999,0.6867,-0.66833325,0.71471985,0.13391079
1764505198.9172585,-2.42634,-0.6103999999999999,0.6867,-0.66833325,0.71471985,0.13391079
1764505198.9172585,-2.42634,-0.6103999999999999,0.6867,-0.66833325,0.71471985,0.13391079
1764505198.962403,-2.42634,-0.6103999999999999,0.6867,-0.66833325,0.71471985,0.13391079
1764505198.962403,-2.42634,-0.6103999999999999,0.6867,-0.66833325,0.71471985,0.13391079
1764505198.962403,-2.42634,-0.6103999999999999,0.6867,-0.66833325,0.71471985,0.13391079
1764505198.962403,-2.42634,-0.6103999999999999,0.6867,-0.66833325,0.71471985,0.13391079
1764505198.962403,-2.42634,-0.6103999999999999,0.6867,-0.66833325,0.71471985,0.13391079
1764505198.962403,-2.42634,-0.6103999999999999,0.6867,-0.66833325,0.71471985,0.13391079
1764505198.962403,-3.18934,0.96138,-0.4578,-0.66882153,0.713560185,0.13452114
1764505198.962403,-3.18934,0.96138,-0.4578,-0.66882153,0.713560185,0.13452114
1764505198.962403,-3.18934,0.96138,-0.4578,-0.66882153,0.713560185,0.13452114
1764505198.962403,-3.18934,0.96138,-0.4578,-0.66882153,0.713560185,0.13452114
1764505198.962403,-3.18934,0.96138,-0.4578,-0.66882153,0.713560185,0.13452114
1764505198.962403,-3.18934,0.96138,-0.4578,-0.66882153,0.713560185,0.13452114
1764505198.962403,-3.18934,0.96138,-0.4578,-0.66882153,0.713560185,0.13452114
1764505198.962403,-3.18934,0.96138,-0.4578,-0.66882153,0.713560185,0.13452114
1764505198.962403,-3.18934,0.96138,-0.4578,-0.66882153,0.713560185,0.13452114
1764505198.962403,-3.18934,0.96138,-0.4578,-0.66882153,0.713560185,0.13452114
1764505198.962403,-4.01338,0.9156,-1.48022,-0.66943188,0.711851205,0.13415493
1764505198.962403,-4.01338,0.9156,-1.48022,-0.66943188,0.711851205,0.13415493
1764505198.962403,-4.01338,0.9156,-1.48022,-0.66943188,0.711851205,0.13415493
1764505198.962403,-4.01338,0.9156,-1.48022,-0.66943188,0.711851205,0.13415493
1764505198.962403,-4.01338,0.9156,-1.48022,-0.66943188,0.711851205,0.13415493
1764505198.962403,-4.01338,0.9156,-1.48022,-0.66943188,0.711851205,0.13415493
1764505198.962403,-4.01338,0.9156,-1.48022,-0.66943188,0.711851205,0.13415493
1764505198.962403,-4.01338,0.9156,-1.48022,-0.66943188,0.711851205,0.13415493
1764505199.0087175,-4.01338,0.9156,-1.48022,-0.66943188,0.711851205,0.13415493
1764505199.0087175,-4.01338,0.9156,-1.48022,-0.66943188,0.711851205,0.13415493
1764505199.0087175,-5.96666,-0.13734,-2.18218,-0.668882565,0.71240052,0.13281216
1764505199.0087175,-5.96666,-0.13734,-2.18218,-0.668882565,0.71240052,0.13281216
1764505199.0087175,-5.96666,-0.13734,-2.18218,-0.668882565,0.71240052,0.13281216
1764505199.0087175,-5.96666,-0.13734,-2.18218,-0.668882565,0.71240052,0.13281216
1764505199.0087175,-5.96666,-0.13734,-2.18218,-0.668882565,0.71240052,0.13281216
1764505199.0087175,-5.96666,-0.13734,-2.18218,-0.668882565,0.71240052,0.13281216
1764505199.0087175,-5.96666,-0.13734,-2.18218,-0.668882565,0.71240052,0.13281216
1764505199.0087175,-5.96666,-0.13734,-2.18218,-0.668882565,0.71240052,0.13281216
1764505199.0087175,-5.96666,-0.13734,-2.18218,-0.668882565,0.71240052,0.13281216
1764505199.0087175,-5.96666,-0.13734,-2.18218,-0.668882565,0.71240052,0.13281216
1764505199.0087175,-7.27902,0.6714399999999999,-1.526,-0.66699048,0.71459778,0.13098111
1764505199.0087175,-7.27902,0.6714399999999999,-1.526,-0.66699048,0.71459778,0.13098111
1764505199.0087175,-7.27902,0.6714399999999999,-1.526,-0.66699048,0.71459778,0.13098111
1764505199.0087175,-7.27902,0.6714399999999999,-1.526,-0.66699048,0.71459778,0.13098111
1764505199.0087175,-7.27902,0.6714399999999999,-1.526,-0.66699048,0.71459778,0.13098111
1764505199.0087175,-7.27902,0.6714399999999999,-1.526,-0.66699048,0.71459778,0.13098111
1764505199.0087175,-7.27902,0.6714399999999999,-1.526,-0.66699048,0.71459778,0.13098111
1764505199.0087175,-7.27902,0.6714399999999999,-1.526,-0.66699048,0.71459778,0.13098111
1764505199.0087175,-7.27902,0.6714399999999999,-1.526,-0.66699048,0.71459778,0.13098111
1764505199.0106514,-7.27902,0.6714399999999999,-1.526,-0.66699048,0.71459778,0.13098111
1764505199.0106514,-6.24134,1.2055399999999998,-0.25942,-0.666563235,0.716001585,0.129577305
1764505199.0106514,-6.24134,1.2055399999999998,-0.25942,-0.666563235,0.716001585,0.129577305
1764505199.0542328,-6.24134,1.2055399999999998,-0.25942,-0.666563235,0.716001585,0.129577305
1764505199.0542328,-6.24134,1.2055399999999998,-0.25942,-0.666563235,0.716001585,0.129577305
1764505199.0542328,-6.24134,1.2055399999999998,-0.25942,-0.666563235,0.716001585,0.129577305
1764505199.0542328,-6.24134,1.2055399999999998,-0.25942,-0.666563235,0.716001585,0.129577305
1764505199.0542328,-6.24134,1.2055399999999998,-0.25942,-0.666563235,0.716001585,0.129577305
1764505199.0542328,-6.24134,1.2055399999999998,-0.25942,-0.666563235,0.716001585,0.129577305
1764505199.0542328,-6.24134,1.2055399999999998,-0.25942,-0.666563235,0.716001585,0.129577305
1764505199.0542328,-6.24134,1.2055399999999998,-0.25942,-0.666563235,0.716001585,0.129577305
1764505199.0542328,-3.64714,1.05294,0.54936,-0.666319095,0.71606262,0.12780729
1764505199.0542328,-3.64714,1.05294,0.54936,-0.666319095,0.71606262,0.12780729
1764505199.0542328,-3.64714,1.05294,0.54936,-0.666319095,0.71606262,0.12780729
1764505199.0542328,-3.64714,1.05294,0.54936,-0.666319095,0.71606262,0.12780729
1764505199.0542328,-3.64714,1.05294,0.54936,-0.666319095,0.71606262,0.12780729
1764505199.0542328,-3.64714,1.05294,0.54936,-0.666319095,0.71606262,0.12780729
1764505199.054766,-3.64714,1.05294,0.54936,-0.666319095,0.71606262,0.12780729
1764505199.054766,-3.64714,1.05294,0.54936,-0.666319095,0.71606262,0.12780729
1764505199.054766,-3.64714,1.05294,0.54936,-0.666319095,0.71606262,0.12780729
1764505199.054766,-3.64714,1.05294,0.54936,-0.666319095,0.71606262,0.12780729
1764505199.054766,-2.4416,-0.3204599999999999,0.59514,-0.6648542550000001,0.716856075,0.12609831
1764505199.054766,-2.4416,-0.3204599999999999,0.59514,-0.6648542550000001,0.716856075,0.12609831
1764505199.054766,-2.4416,-0.3204599999999999,0.59514,-0.6648542550000001,0.716856075,0.12609831
1764505199.054766,-2.4416,-0.3204599999999999,0.59514,-0.6648542550000001,0.716856075,0.12609831
1764505199.054766,-2.4416,-0.3204599999999999,0.59514,-0.6648542550000001,0.716856075,0.12609831
1764505199.054766,-2.4416,-0.3204599999999999,0.59514,-0.6648542550000001,0.716856075,0.12609831
1764505199.1013913,-2.4416,-0.3204599999999999,0.59514,-0.6648542550000001,0.716856075,0.12609831
1764505199.1013913,-2.4416,-0.3204599999999999,0.59514,-0.6648542550000001,0.716856075,0.12609831
1764505199.1013913,-2.4416,-0.3204599999999999,0.59514,-0.6648542550000001,0.716856075,0.12609831
1764505199.1024215,-2.4416,-0.3204599999999999,0.59514,-0.6648542550000001,0.716856075,0.12609831
1764505199.1024215,-3.25038,0.7019599999999999,0.06104,-0.6628401,0.7167340050000001,0.127013835
1764505199.1024215,-3.25038,0.7019599999999999,0.06104,-0.6628401,0.7167340050000001,0.127013835
1764505199.1024215,-3.25038,0.7019599999999999,0.06104,-0.6628401,0.7167340050000001,0.127013835
1764505199.1024215,-3.25038,0.7019599999999999,0.06104,-0.6628401,0.7167340050000001,0.127013835
1764505199.1024215,-3.25038,0.7019599999999999,0.06104,-0.6628401,0.7167340050000001,0.127013835
1764505199.1034222,-3.25038,0.7019599999999999,0.06104,-0.6628401,0.7167340050000001,0.127013835
1764505199.1034222,-3.25038,0.7019599999999999,0.06104,-0.6628401,0.7167340050000001,0.127013835
1764505199.1034222,-3.25038,0.7019599999999999,0.06104,-0.6628401,0.7167340050000001,0.127013835
1764505199.1034222,-3.25038,0.7019599999999999,0.06104,-0.6628401,0.7167340050000001,0.127013835
1764505199.1034222,-3.25038,0.7019599999999999,0.06104,-0.6628401,0.7167340050000001,0.127013835
1764505199.1034222,-5.06632,2.5942,0.1678599999999999,-0.66271803,0.716367795,0.129089025
1764505199.1034222,-5.06632,2.5942,0.1678599999999999,-0.66271803,0.716367795,0.129089025
1764505199.1044044,-5.06632,2.5942,0.1678599999999999,-0.66271803,0.716367795,0.129089025
1764505199.1044044,-5.06632,2.5942,0.1678599999999999,-0.66271803,0.716367795,0.129089025
1764505199.1044044,-5.06632,2.5942,0.1678599999999999,-0.66271803,0.716367795,0.129089025
1764505199.1049178,-5.06632,2.5942,0.1678599999999999,-0.66271803,0.716367795,0.129089025
1764505199.1049178,-5.06632,2.5942,0.1678599999999999,-0.66271803,0.716367795,0.129089025
1764505199.1049178,-5.06632,2.5942,0.1678599999999999,-0.66271803,0.716367795,0.129089025
1764505199.1492977,-5.06632,2.5942,0.1678599999999999,-0.66271803,0.716367795,0.129089025
1764505199.1492977,-5.06632,2.5942,0.1678599999999999,-0.66271803,0.716367795,0.129089025
1764505199.1502717,-5.890359999999999,3.21986,0.62566,-0.665586675,0.71764953,0.129577305
1764505199.1502717,-5.890359999999999,3.21986,0.62566,-0.665586675,0.71764953,0.129577305
1764505199.1502717,-5.890359999999999,3.21986,0.62566,-0.665586675,0.71764953,0.129577305
1764505199.1502717,-5.890359999999999,3.21986,0.62566,-0.665586675,0.71764953,0.129577305
1764505199.1502717,-5.890359999999999,3.21986,0.62566,-0.665586675,0.71764953,0.129577305
1764505199.1502717,-5.890359999999999,3.21986,0.62566,-0.665586675,0.71764953,0.129577305
1764505199.1512673,-5.890359999999999,3.21986,0.62566,-0.665586675,0.71764953,0.129577305
1764505199.1512673,-5.890359999999999,3.21986,0.62566,-0.665586675,0.71764953,0.129577305
1764505199.1516314,-5.890359999999999,3.21986,0.62566,-0.665586675,0.71764953,0.129577305
1764505199.1516314,-5.890359999999999,3.21986,0.62566,-0.665586675,0.71764953,0.129577305
1764505199.1516314,-5.93614,2.2127,1.03768,-0.66711255,0.71874816,0.130065585
1764505199.1516314,-5.93614,2.2127,1.03768,-0.66711255,0.71874816,0.130065585
1764505199.1516314,-5.93614,2.2127,1.03768,-0.66711255,0.71874816,0.130065585
1764505199.1516314,-5.93614,2.2127,1.03768,-0.66711255,0.71874816,0.130065585
1764505199.15264,-5.93614,2.2127,1.03768,-0.66711255,0.71874816,0.130065585
1764505199.15264,-5.93614,2.2127,1.03768,-0.66711255,0.71874816,0.130065585
1764505199.15264,-5.93614,2.2127,1.03768,-0.66711255,0.71874816,0.130065585
1764505199.15264,-5.93614,2.2127,1.03768,-0.66711255,0.71874816,0.130065585
1764505199.15264,-5.93614,2.2127,1.03768,-0.66711255,0.71874816,0.130065585
1764505199.15264,-5.93614,2.2127,1.03768,-0.66711255,0.71874816,0.130065585
1764505199.15264,-7.233239999999999,2.71628,0.03052,-0.66796704,0.71862609,0.131774565
1764505199.15264,-7.233239999999999,2.71628,0.03052,-0.66796704,0.71862609,0.131774565
1764505199.1951437,-7.233239999999999,2.71628,0.03052,-0.66796704,0.71862609,0.131774565
1764505199.1951437,-7.233239999999999,2.71628,0.03052,-0.66796704,0.71862609,0.131774565
1764505199.1951437,-7.233239999999999,2.71628,0.03052,-0.66796704,0.71862609,0.131774565
1764505199.1951437,-7.233239999999999,2.71628,0.03052,-0.66796704,0.71862609,0.131774565
1764505199.1951437,-7.233239999999999,2.71628,0.03052,-0.66796704,0.71862609,0.131774565
1764505199.1951437,-7.233239999999999,2.71628,0.03052,-0.66796704,0.71862609,0.131774565
1764505199.1951437,-7.233239999999999,2.71628,0.03052,-0.66796704,0.71862609,0.131774565
1764505199.1951437,-7.233239999999999,2.71628,0.03052,-0.66796704,0.71862609,0.131774565
1764505199.1951437,-7.309539999999999,2.77732,-0.39676,-0.668760495,0.7165509,0.13330044
1764505199.1951437,-7.309539999999999,2.77732,-0.39676,-0.668760495,0.7165509,0.13330044
1764505199.1951437,-7.309539999999999,2.77732,-0.39676,-0.668760495,0.7165509,0.13330044
1764505199.1951437,-7.309539999999999,2.77732,-0.39676,-0.668760495,0.7165509,0.13330044
1764505199.1951437,-7.309539999999999,2.77732,-0.39676,-0.668760495,0.7165509,0.13330044
1764505199.1951437,-7.309539999999999,2.77732,-0.39676,-0.668760495,0.7165509,0.13330044
1764505199.1951437,-7.309539999999999,2.77732,-0.39676,-0.668760495,0.7165509,0.13330044
1764505199.1951437,-7.309539999999999,2.77732,-0.39676,-0.668760495,0.7165509,0.13330044
1764505199.19566,-7.309539999999999,2.77732,-0.39676,-0.668760495,0.7165509,0.13330044
1764505199.19566,-7.309539999999999,2.77732,-0.39676,-0.668760495,0.7165509,0.13330044
1764505199.19566,-7.38584,2.41108,0.19838,-0.669126705,0.71325501,0.132751125
1764505199.19566,-7.38584,2.41108,0.19838,-0.669126705,0.71325501,0.132751125
1764505199.19566,-7.38584,2.41108,0.19838,-0.669126705,0.71325501,0.132751125
1764505199.19566,-7.38584,2.41108,0.19838,-0.669126705,0.71325501,0.132751125
1764505199.2424328,-7.38584,2.41108,0.19838,-0.669126705,0.71325501,0.132751125
1764505199.2424328,-7.38584,2.41108,0.19838,-0.669126705,0.71325501,0.132751125
1764505199.2424328,-7.38584,2.41108,0.19838,-0.669126705,0.71325501,0.132751125
1764505199.2424328,-7.38584,2.41108,0.19838,-0.669126705,0.71325501,0.132751125
1764505199.2424328,-7.38584,2.41108,0.19838,-0.669126705,0.71325501,0.132751125
1764505199.2424328,-7.38584,2.41108,0.19838,-0.669126705,0.71325501,0.132751125
1764505199.2424328,-6.53128,1.0682,1.8006799999999998,-0.6685163550000001,0.712461555,0.13000455
1764505199.2424328,-6.53128,1.0682,1.8006799999999998,-0.6685163550000001,0.712461555,0.13000455
1764505199.2424328,-6.53128,1.0682,1.8006799999999998,-0.6685163550000001,0.712461555,0.13000455
1764505199.2424328,-6.53128,1.0682,1.8006799999999998,-0.6685163550000001,0.712461555,0.13000455
1764505199.2424328,-6.53128,1.0682,1.8006799999999998,-0.6685163550000001,0.712461555,0.13000455
1764505199.2424328,-6.53128,1.0682,1.8006799999999998,-0.6685163550000001,0.712461555,0.13000455
1764505199.2424328,-6.53128,1.0682,1.8006799999999998,-0.6685163550000001,0.712461555,0.13000455
1764505199.2424328,-6.53128,1.0682,1.8006799999999998,-0.6685163550000001,0.712461555,0.13000455
1764505199.2424328,-6.53128,1.0682,1.8006799999999998,-0.6685163550000001,0.712461555,0.13000455
1764505199.2424328,-6.53128,1.0682,1.8006799999999998,-0.6685163550000001,0.712461555,0.13000455
1764505199.2424328,-6.72966,1.6022999999999998,1.55652,-0.667906005,0.712095345,0.12792936
1764505199.2424328,-6.72966,1.6022999999999998,1.55652,-0.667906005,0.712095345,0.12792936
1764505199.2424328,-6.72966,1.6022999999999998,1.55652,-0.667906005,0.712095345,0.12792936
1764505199.2424328,-6.72966,1.6022999999999998,1.55652,-0.667906005,0.712095345,0.12792936
1764505199.2424328,-6.72966,1.6022999999999998,1.55652,-0.667906005,0.712095345,0.12792936
1764505199.2434604,-6.72966,1.6022999999999998,1.55652,-0.667906005,0.712095345,0.12792936
1764505199.2434604,-6.72966,1.6022999999999998,1.55652,-0.667906005,0.712095345,0.12792936
1764505199.2434604,-6.72966,1.6022999999999998,1.55652,-0.667906005,0.712095345,0.12792936
1764505199.2892158,-6.72966,1.6022999999999998,1.55652,-0.667906005,0.712095345,0.12792936
1764505199.2892158,-6.72966,1.6022999999999998,1.55652,-0.667906005,0.712095345,0.12792936
1764505199.2892158,-7.21798,4.48644,0.04578,-0.668272215,0.711729135,0.127135905
1764505199.2892158,-7.21798,4.48644,0.04578,-0.668272215,0.711729135,0.127135905
1764505199.2892158,-7.21798,4.48644,0.04578,-0.668272215,0.711729135,0.127135905
1764505199.2892158,-7.21798,4.48644,0.04578,-0.668272215,0.711729135,0.127135905
1764505199.2892158,-7.21798,4.48644,0.04578,-0.668272215,0.711729135,0.127135905
1764505199.290228,-7.21798,4.48644,0.04578,-0.668272215,0.711729135,0.127135905
1764505199.290228,-7.21798,4.48644,0.04578,-0.668272215,0.711729135,0.127135905
1764505199.290228,-7.21798,4.48644,0.04578,-0.668272215,0.711729135,0.127135905
1764505199.290228,-7.21798,4.48644,0.04578,-0.668272215,0.711729135,0.127135905
1764505199.290228,-7.21798,4.48644,0.04578,-0.668272215,0.711729135,0.127135905
1764505199.290228,-6.2566,6.01244,-0.93086,-0.668394285,0.710874645,0.12548796
1764505199.290228,-6.2566,6.01244,-0.93086,-0.668394285,0.710874645,0.12548796
1764505199.290228,-6.2566,6.01244,-0.93086,-0.668394285,0.710874645,0.12548796
1764505199.290228,-6.2566,6.01244,-0.93086,-0.668394285,0.710874645,0.12548796
1764505199.290228,-6.2566,6.01244,-0.93086,-0.668394285,0.710874645,0.12548796
1764505199.290228,-6.2566,6.01244,-0.93086,-0.668394285,0.710874645,0.12548796
1764505199.290228,-6.2566,6.01244,-0.93086,-0.668394285,0.710874645,0.12548796
1764505199.290228,-6.2566,6.01244,-0.93086,-0.668394285,0.710874645,0.12548796
1764505199.290228,-6.2566,6.01244,-0.93086,-0.668394285,0.710874645,0.12548796
1764505199.290228,-6.2566,6.01244,-0.93086,-0.668394285,0.710874645,0.12548796
1764505199.290228,-4.56274,4.852679999999999,-0.44254,-0.668882565,0.710386365,0.125060715
1764505199.2912655,-4.56274,4.852679999999999,-0.44254,-0.668882565,0.710386365,0.125060715
1764505199.3361845,-4.56274,4.852679999999999,-0.44254,-0.668882565,0.710386365,0.125060715
1764505199.3361845,-4.56274,4.852679999999999,-0.44254,-0.668882565,0.710386365,0.125060715
1764505199.3361845,-4.56274,4.852679999999999,-0.44254,-0.668882565,0.710386365,0.125060715
1764505199.3361845,-4.56274,4.852679999999999,-0.44254,-0.668882565,0.710386365,0.125060715
1764505199.3361845,-4.56274,4.852679999999999,-0.44254,-0.668882565,0.710386365,0.125060715
1764505199.3361845,-4.56274,4.852679999999999,-0.44254,-0.668882565,0.710386365,0.125060715
1764505199.3361845,-4.56274,4.852679999999999,-0.44254,-0.668882565,0.710386365,0.125060715
1764505199.3361845,-4.56274,4.852679999999999,-0.44254,-0.668882565,0.710386365,0.125060715
1764505199.3361845,-1.78542,3.26564,0.65618,-0.667417725,0.71154603,0.127502115
1764505199.3361845,-1.78542,3.26564,0.65618,-0.667417725,0.71154603,0.127502115
1764505199.3361845,-1.78542,3.26564,0.65618,-0.667417725,0.71154603,0.127502115
1764505199.3361845,-1.78542,3.26564,0.65618,-0.667417725,0.71154603,0.127502115
1764505199.3361845,-1.78542,3.26564,0.65618,-0.667417725,0.71154603,0.127502115
1764505199.3361845,-1.78542,3.26564,0.65618,-0.667417725,0.71154603,0.127502115
1764505199.3361845,-1.78542,3.26564,0.65618,-0.667417725,0.71154603,0.127502115
1764505199.3361845,-1.78542,3.26564,0.65618,-0.667417725,0.71154603,0.127502115
1764505199.3361845,-1.78542,3.26564,0.65618,-0.667417725,0.71154603,0.127502115
1764505199.3361845,-1.78542,3.26564,0.65618,-0.667417725,0.71154603,0.127502115
1764505199.3361845,-0.79352,3.44876,1.99906,-0.664243905,0.713682255,0.13110318
1764505199.3361845,-0.79352,3.44876,1.99906,-0.664243905,0.713682255,0.13110318
1764505199.3361845,-0.79352,3.44876,1.99906,-0.664243905,0.713682255,0.13110318
1764505199.3361845,-0.79352,3.44876,1.99906,-0.664243905,0.713682255,0.13110318
1764505199.3361845,-0.79352,3.44876,1.99906,-0.664243905,0.713682255,0.13110318
1764505199.3361845,-0.79352,3.44876,1.99906,-0.664243905,0.713682255,0.13110318
1764505199.3832786,-0.79352,3.44876,1.99906,-0.664243905,0.713682255,0.13110318
1764505199.3832786,-0.79352,3.44876,1.99906,-0.664243905,0.713682255,0.13110318
1764505199.3832786,-0.79352,3.44876,1.99906,-0.664243905,0.713682255,0.13110318
1764505199.3832786,-0.79352,3.44876,1.99906,-0.664243905,0.713682255,0.13110318
1764505199.3832786,-2.45686,3.54032,2.94518,-0.66345045,0.71789367,0.13207974
1764505199.3832786,-2.45686,3.54032,2.94518,-0.66345045,0.71789367,0.13207974
1764505199.3832786,-2.45686,3.54032,2.94518,-0.66345045,0.71789367,0.13207974
1764505199.3832786,-2.45686,3.54032,2.94518,-0.66345045,0.71789367,0.13207974
1764505199.38479,-2.45686,3.54032,2.94518,-0.66345045,0.71789367,0.13207974
1764505199.38479,-2.45686,3.54032,2.94518,-0.66345045,0.71789367,0.13207974
1764505199.38479,-2.45686,3.54032,2.94518,-0.66345045,0.71789367,0.13207974
1764505199.38479,-2.45686,3.54032,2.94518,-0.66345045,0.71789367,0.13207974
1764505199.38479,-2.45686,3.54032,2.94518,-0.66345045,0.71789367,0.13207974
1764505199.38479,-2.45686,3.54032,2.94518,-0.66345045,0.71789367,0.13207974
1764505199.38479,-6.1803,1.54126,2.76206,-0.66515943,0.72204405,0.134338035
1764505199.38479,-6.1803,1.54126,2.76206,-0.66515943,0.72204405,0.134338035
1764505199.38479,-6.1803,1.54126,2.76206,-0.66515943,0.72204405,0.134338035
1764505199.38479,-6.1803,1.54126,2.76206,-0.66515943,0.72204405,0.134338035
1764505199.3863246,-6.1803,1.54126,2.76206,-0.66515943,0.72204405,0.134338035
1764505199.3863246,-6.1803,1.54126,2.76206,-0.66515943,0.72204405,0.134338035
1764505199.3863246,-6.1803,1.54126,2.76206,-0.66515943,0.72204405,0.134338035
1764505199.3863246,-6.1803,1.54126,2.76206,-0.66515943,0.72204405,0.134338035
1764505199.426029,-6.1803,1.54126,2.76206,-0.66515943,0.72204405,0.134338035
1764505199.426029,-6.1803,1.54126,2.76206,-0.66515943,0.72204405,0.134338035
1764505199.426029,-8.7745,1.54126,0.62566,-0.66613599,0.722349225,0.135924945
1764505199.426029,-8.7745,1.54126,0.62566,-0.66613599,0.722349225,0.135924945
1764505199.426029,-8.7745,1.54126,0.62566,-0.66613599,0.722349225,0.135924945
1764505199.426029,-8.7745,1.54126,0.62566,-0.66613599,0.722349225,0.135924945
1764505199.426029,-8.7745,1.54126,0.62566,-0.66613599,0.722349225,0.135924945
1764505199.426029,-8.7745,1.54126,0.62566,-0.66613599,0.722349225,0.135924945
1764505199.426029,-8.7745,1.54126,0.62566,-0.66613599,0.722349225,0.135924945
1764505199.426029,-8.7745,1.54126,0.62566,-0.66613599,0.722349225,0.135924945
1764505199.4284835,-8.7745,1.54126,0.62566,-0.66613599,0.722349225,0.135924945
1764505199.4284835,-8.7745,1.54126,0.62566,-0.66613599,0.722349225,0.135924945
1764505199.4284835,-10.51414,3.23512,-1.48022,-0.66613599,0.71874816,0.136535295
1764505199.4284835,-10.51414,3.23512,-1.48022,-0.66613599,0.71874816,0.136535295
1764505199.4294598,-10.51414,3.23512,-1.48022,-0.66613599,0.71874816,0.136535295
1764505199.4298224,-10.51414,3.23512,-1.48022,-0.66613599,0.71874816,0.136535295
1764505199.4298224,-10.51414,3.23512,-1.48022,-0.66613599,0.71874816,0.136535295
1764505199.4298224,-10.51414,3.23512,-1.48022,-0.66613599,0.71874816,0.136535295
1764505199.4298224,-10.51414,3.23512,-1.48022,-0.66613599,0.71874816,0.136535295
1764505199.4298224,-10.51414,3.23512,-1.48022,-0.66613599,0.71874816,0.136535295
1764505199.4308329,-10.51414,3.23512,-1.48022,-0.66613599,0.71874816,0.136535295
1764505199.4308329,-10.51414,3.23512,-1.48022,-0.66613599,0.71874816,0.136535295
1764505199.4308329,-11.0635,3.79974,-1.32762,-0.667417725,0.7141095000000001,0.13464321
1764505199.4308329,-11.0635,3.79974,-1.32762,-0.667417725,0.7141095000000001,0.13464321
1764505199.475459,-11.0635,3.79974,-1.32762,-0.667417725,0.7141095000000001,0.13464321
1764505199.475459,-11.0635,3.79974,-1.32762,-0.667417725,0.7141095000000001,0.13464321
1764505199.475459,-11.0635,3.79974,-1.32762,-0.667417725,0.7141095000000001,0.13464321
1764505199.475459,-11.0635,3.79974,-1.32762,-0.667417725,0.7141095000000001,0.13464321
1764505199.475459,-11.0635,3.79974,-1.32762,-0.667417725,0.7141095000000001,0.13464321
1764505199.475459,-11.0635,3.79974,-1.32762,-0.667417725,0.7141095000000001,0.13464321
1764505199.475459,-11.0635,3.79974,-1.32762,-0.667417725,0.7141095000000001,0.13464321
1764505199.475459,-11.0635,3.79974,-1.32762,-0.667417725,0.7141095000000001,0.13464321
1764505199.475459,-10.10212,2.6705,-1.02242,-0.669248775,0.71142396,0.13195767
1764505199.475459,-10.10212,2.6705,-1.02242,-0.669248775,0.71142396,0.13195767
1764505199.475459,-10.10212,2.6705,-1.02242,-0.669248775,0.71142396,0.13195767
1764505199.475459,-10.10212,2.6705,-1.02242,-0.669248775,0.71142396,0.13195767
1764505199.4764774,-10.10212,2.6705,-1.02242,-0.669248775,0.71142396,0.13195767
1764505199.4764774,-10.10212,2.6705,-1.02242,-0.669248775,0.71142396,0.13195767
1764505199.4764774,-10.10212,2.6705,-1.02242,-0.669248775,0.71142396,0.13195767
1764505199.4764774,-10.10212,2.6705,-1.02242,-0.669248775,0.71142396,0.13195767
1764505199.4764774,-10.10212,2.6705,-1.02242,-0.669248775,0.71142396,0.13195767
1764505199.4764774,-10.10212,2.6705,-1.02242,-0.669248775,0.71142396,0.13195767
1764505199.4764774,-6.37868,2.27374,-0.04578,-0.669248775,0.70898256,0.131408355
1764505199.4764774,-6.37868,2.27374,-0.04578,-0.669248775,0.70898256,0.131408355
1764505199.4764774,-6.37868,2.27374,-0.04578,-0.669248775,0.70898256,0.131408355
1764505199.4764774,-6.37868,2.27374,-0.04578,-0.669248775,0.70898256,0.131408355
1764505199.5220983,-6.37868,2.27374,-0.04578,-0.669248775,0.70898256,0.131408355
1764505199.5220983,-6.37868,2.27374,-0.04578,-0.669248775,0.70898256,0.131408355
1764505199.5220983,-6.37868,2.27374,-0.04578,-0.669248775,0.70898256,0.131408355
1764505199.5220983,-6.37868,2.27374,-0.04578,-0.669248775,0.70898256,0.131408355
1764505199.5220983,-6.37868,2.27374,-0.04578,-0.669248775,0.70898256,0.131408355
1764505199.5220983,-6.37868,2.27374,-0.04578,-0.669248775,0.70898256,0.131408355
1764505199.5220983,-3.37246,1.69386,0.96138,-0.66882153,0.70715151,0.130309725
1764505199.5220983,-3.37246,1.69386,0.96138,-0.66882153,0.70715151,0.130309725
1764505199.5220983,-3.37246,1.69386,0.96138,-0.66882153,0.70715151,0.130309725
1764505199.5220983,-3.37246,1.69386,0.96138,-0.66882153,0.70715151,0.130309725
1764505199.5220983,-3.37246,1.69386,0.96138,-0.66882153,0.70715151,0.130309725
1764505199.5220983,-3.37246,1.69386,0.96138,-0.66882153,0.70715151,0.130309725
1764505199.5220983,-3.37246,1.69386,0.96138,-0.66882153,0.70715151,0.130309725
1764505199.5220983,-3.37246,1.69386,0.96138,-0.66882153,0.70715151,0.130309725
1764505199.5220983,-3.37246,1.69386,0.96138,-0.66882153,0.70715151,0.130309725
1764505199.5220983,-3.37246,1.69386,0.96138,-0.66882153,0.70715151,0.130309725
1764505199.5220983,-2.71628,0.54936,1.05294,-0.670713615,0.70654116,0.129943515
1764505199.5220983,-2.71628,0.54936,1.05294,-0.670713615,0.70654116,0.129943515
1764505199.5220983,-2.71628,0.54936,1.05294,-0.670713615,0.70654116,0.129943515
1764505199.5220983,-2.71628,0.54936,1.05294,-0.670713615,0.70654116,0.129943515
1764505199.5220983,-2.71628,0.54936,1.05294,-0.670713615,0.70654116,0.129943515
1764505199.5220983,-2.71628,0.54936,1.05294,-0.670713615,0.70654116,0.129943515
1764505199.5220983,-2.71628,0.54936,1.05294,-0.670713615,0.70654116,0.129943515
1764505199.5220983,-2.71628,0.54936,1.05294,-0.670713615,0.70654116,0.129943515
1764505199.567617,-2.71628,0.54936,1.05294,-0.670713615,0.70654116,0.129943515
1764505199.567617,-2.71628,0.54936,1.05294,-0.670713615,0.70654116,0.129943515
1764505199.5696292,-1.73964,0.25942,0.12208,-0.670347405,0.706846335,0.129577305
1764505199.5696292,-1.73964,0.25942,0.12208,-0.670347405,0.706846335,0.129577305
1764505199.5696292,-1.73964,0.25942,0.12208,-0.670347405,0.706846335,0.129577305
1764505199.5696292,-1.73964,0.25942,0.12208,-0.670347405,0.706846335,0.129577305
1764505199.5696292,-1.73964,0.25942,0.12208,-0.670347405,0.706846335,0.129577305
1764505199.5696292,-1.73964,0.25942,0.12208,-0.670347405,0.706846335,0.129577305
1764505199.5696292,-1.73964,0.25942,0.12208,-0.670347405,0.706846335,0.129577305
1764505199.5696292,-1.73964,0.25942,0.12208,-0.670347405,0.706846335,0.129577305
1764505199.5696292,-1.73964,0.25942,0.12208,-0.670347405,0.706846335,0.129577305
1764505199.5696292,-1.73964,0.25942,0.12208,-0.670347405,0.706846335,0.129577305
1764505199.5696292,-3.03674,1.48022,-0.3357199999999999,-0.669981195,0.7092267,0.130065585
1764505199.5696292,-3.03674,1.48022,-0.3357199999999999,-0.669981195,0.7092267,0.130065585
1764505199.570632,-3.03674,1.48022,-0.3357199999999999,-0.669981195,0.7092267,0.130065585
1764505199.570632,-3.03674,1.48022,-0.3357199999999999,-0.669981195,0.7092267,0.130065585
1764505199.570632,-3.03674,1.48022,-0.3357199999999999,-0.669981195,0.7092267,0.130065585
1764505199.570632,-3.03674,1.48022,-0.3357199999999999,-0.669981195,0.7092267,0.130065585
1764505199.570632,-3.03674,1.48022,-0.3357199999999999,-0.669981195,0.7092267,0.130065585
1764505199.570632,-3.03674,1.48022,-0.3357199999999999,-0.669981195,0.7092267,0.130065585
1764505199.570632,-3.03674,1.48022,-0.3357199999999999,-0.669981195,0.7092267,0.130065585
1764505199.570632,-3.03674,1.48022,-0.3357199999999999,-0.669981195,0.7092267,0.130065585
1764505199.5726326,-2.68576,1.70912,-0.1678599999999999,-0.670347405,0.71032533,0.130798005
1764505199.5726326,-2.68576,1.70912,-0.1678599999999999,-0.670347405,0.71032533,0.130798005
1764505199.6133225,-2.68576,1.70912,-0.1678599999999999,-0.670347405,0.71032533,0.130798005
1764505199.6133225,-2.68576,1.70912,-0.1678599999999999,-0.670347405,0.71032533,0.130798005
1764505199.6133225,-2.68576,1.70912,-0.1678599999999999,-0.670347405,0.71032533,0.130798005
1764505199.6133225,-2.68576,1.70912,-0.1678599999999999,-0.670347405,0.71032533,0.130798005
1764505199.6133225,-2.68576,1.70912,-0.1678599999999999,-0.670347405,0.71032533,0.130798005
1764505199.6133225,-2.68576,1.70912,-0.1678599999999999,-0.670347405,0.71032533,0.130798005
1764505199.6133225,-2.68576,1.70912,-0.1678599999999999,-0.670347405,0.71032533,0.130798005
1764505199.6133225,-2.68576,1.70912,-0.1678599999999999,-0.670347405,0.71032533,0.130798005
1764505199.6133225,-2.79258,1.4497,-0.36624,-0.670347405,0.712217415,0.13256802
1764505199.6133225,-2.79258,1.4497,-0.36624,-0.670347405,0.712217415,0.13256802
1764505199.6133225,-2.79258,1.4497,-0.36624,-0.670347405,0.712217415,0.13256802
1764505199.6133225,-2.79258,1.4497,-0.36624,-0.670347405,0.712217415,0.13256802
1764505199.6133225,-2.79258,1.4497,-0.36624,-0.670347405,0.712217415,0.13256802
1764505199.6133225,-2.79258,1.4497,-0.36624,-0.670347405,0.712217415,0.13256802
1764505199.6133225,-2.79258,1.4497,-0.36624,-0.670347405,0.712217415,0.13256802
1764505199.6133225,-2.79258,1.4497,-0.36624,-0.670347405,0.712217415,0.13256802
1764505199.614838,-2.79258,1.4497,-0.36624,-0.670347405,0.712217415,0.13256802
1764505199.614838,-2.79258,1.4497,-0.36624,-0.670347405,0.712217415,0.13256802
1764505199.614838,-3.92182,1.73964,-0.94612,-0.66967602,0.714292605,0.133849755
1764505199.614838,-3.92182,1.73964,-0.94612,-0.66967602,0.714292605,0.133849755
1764505199.614838,-3.92182,1.73964,-0.94612,-0.66967602,0.714292605,0.133849755
1764505199.614838,-3.92182,1.73964,-0.94612,-0.66967602,0.714292605,0.133849755
1764505199.614838,-3.92182,1.73964,-0.94612,-0.66967602,0.714292605,0.133849755
1764505199.614838,-3.92182,1.73964,-0.94612,-0.66967602,0.714292605,0.133849755
1764505199.660263,-3.92182,1.73964,-0.94612,-0.66967602,0.714292605,0.133849755
1764505199.660263,-3.92182,1.73964,-0.94612,-0.66967602,0.714292605,0.133849755
1764505199.660263,-3.92182,1.73964,-0.94612,-0.66967602,0.714292605,0.133849755
1764505199.660263,-3.92182,1.73964,-0.94612,-0.66967602,0.714292605,0.133849755
1764505199.660263,-4.1965,1.28184,-0.13734,-0.669126705,0.71557434,0.135192525
1764505199.660263,-4.1965,1.28184,-0.13734,-0.669126705,0.71557434,0.135192525
1764505199.6612844,-4.1965,1.28184,-0.13734,-0.669126705,0.71557434,0.135192525
1764505199.6612844,-4.1965,1.28184,-0.13734,-0.669126705,0.71557434,0.135192525
1764505199.6612844,-4.1965,1.28184,-0.13734,-0.669126705,0.71557434,0.135192525
1764505199.6612844,-4.1965,1.28184,-0.13734,-0.669126705,0.71557434,0.135192525
1764505199.6612844,-4.1965,1.28184,-0.13734,-0.669126705,0.71557434,0.135192525
1764505199.6612844,-4.1965,1.28184,-0.13734,-0.669126705,0.71557434,0.135192525
1764505199.6612844,-4.1965,1.28184,-0.13734,-0.669126705,0.71557434,0.135192525
1764505199.6612844,-4.1965,1.28184,-0.13734,-0.669126705,0.71557434,0.135192525
1764505199.6622756,-4.74586,0.54936,0.2289,-0.66845532,0.7146588150000001,0.1354977
1764505199.6622756,-4.74586,0.54936,0.2289,-0.66845532,0.7146588150000001,0.1354977
1764505199.6622756,-4.74586,0.54936,0.2289,-0.66845532,0.7146588150000001,0.1354977
1764505199.6622756,-4.74586,0.54936,0.2289,-0.66845532,0.7146588150000001,0.1354977
1764505199.6622756,-4.74586,0.54936,0.2289,-0.66845532,0.7146588150000001,0.1354977
1764505199.6622756,-4.74586,0.54936,0.2289,-0.66845532,0.7146588150000001,0.1354977
1764505199.6622756,-4.74586,0.54936,0.2289,-0.66845532,0.7146588150000001,0.1354977
1764505199.6622756,-4.74586,0.54936,0.2289,-0.66845532,0.7146588150000001,0.1354977
1764505199.7087193,-4.74586,0.54936,0.2289,-0.66845532,0.7146588150000001,0.1354977
1764505199.7087193,-4.74586,0.54936,0.2289,-0.66845532,0.7146588150000001,0.1354977
1764505199.7087193,-4.45592,0.50358,0.51884,-0.669370845,0.7136212200000001,0.13354458
1764505199.7087193,-4.45592,0.50358,0.51884,-0.669370845,0.7136212200000001,0.13354458
1764505199.7087193,-4.45592,0.50358,0.51884,-0.669370845,0.7136212200000001,0.13354458
1764505199.7087193,-4.45592,0.50358,0.51884,-0.669370845,0.7136212200000001,0.13354458
1764505199.7087193,-4.45592,0.50358,0.51884,-0.669370845,0.7136212200000001,0.13354458
1764505199.7087193,-4.45592,0.50358,0.51884,-0.669370845,0.7136212200000001,0.13354458
1764505199.7087193,-4.45592,0.50358,0.51884,-0.669370845,0.7136212200000001,0.13354458
1764505199.7087193,-4.45592,0.50358,0.51884,-0.669370845,0.7136212200000001,0.13354458
1764505199.7087193,-4.45592,0.50358,0.51884,-0.669370845,0.7136212200000001,0.13354458
1764505199.7087193,-4.45592,0.50358,0.51884,-0.669370845,0.7136212200000001,0.13354458
1764505199.7087193,-4.1202,0.06104,0.0,-0.6695539500000001,0.7141095000000001,0.13171353
1764505199.7087193,-4.1202,0.06104,0.0,-0.6695539500000001,0.7141095000000001,0.13171353
1764505199.7107155,-4.1202,0.06104,0.0,-0.6695539500000001,0.7141095000000001,0.13171353
1764505199.7107155,-4.1202,0.06104,0.0,-0.6695539500000001,0.7141095000000001,0.13171353
1764505199.7107155,-4.1202,0.06104,0.0,-0.6695539500000001,0.7141095000000001,0.13171353
1764505199.7107155,-4.1202,0.06104,0.0,-0.6695539500000001,0.7141095000000001,0.13171353
1764505199.7107155,-4.1202,0.06104,0.0,-0.6695539500000001,0.7141095000000001,0.13171353
1764505199.7107155,-4.1202,0.06104,0.0,-0.6695539500000001,0.7141095000000001,0.13171353
1764505199.7107155,-4.1202,0.06104,0.0,-0.6695539500000001,0.7141095000000001,0.13171353
1764505199.7107155,-4.1202,0.06104,0.0,-0.6695539500000001,0.7141095000000001,0.13171353
1764505199.7107155,-3.92182,-0.28994,-0.56462,-0.66930981,0.713193975,0.131286285
1764505199.7107155,-3.92182,-0.28994,-0.56462,-0.66930981,0.713193975,0.131286285
1764505199.7554264,-3.92182,-0.28994,-0.56462,-0.66930981,0.713193975,0.131286285
1764505199.7554264,-3.92182,-0.28994,-0.56462,-0.66930981,0.713193975,0.131286285
1764505199.7554264,-3.92182,-0.28994,-0.56462,-0.66930981,0.713193975,0.131286285
1764505199.7554264,-3.92182,-0.28994,-0.56462,-0.66930981,0.713193975,0.131286285
1764505199.7554264,-3.92182,-0.28994,-0.56462,-0.66930981,0.713193975,0.131286285
1764505199.7554264,-3.92182,-0.28994,-0.56462,-0.66930981,0.713193975,0.131286285
1764505199.7554264,-3.92182,-0.28994,-0.56462,-0.66930981,0.713193975,0.131286285
1764505199.7554264,-3.92182,-0.28994,-0.56462,-0.66930981,0.713193975,0.131286285
1764505199.7564492,-3.90656,0.10682,-1.00716,-0.66882153,0.71154603,0.13195767
1764505199.7564492,-3.90656,0.10682,-1.00716,-0.66882153,0.71154603,0.13195767
1764505199.7564492,-3.90656,0.10682,-1.00716,-0.66882153,0.71154603,0.13195767
1764505199.7564492,-3.90656,0.10682,-1.00716,-0.66882153,0.71154603,0.13195767
1764505199.7564492,-3.90656,0.10682,-1.00716,-0.66882153,0.71154603,0.13195767
1764505199.7574415,-3.90656,0.10682,-1.00716,-0.66882153,0.71154603,0.13195767
1764505199.7574415,-3.90656,0.10682,-1.00716,-0.66882153,0.71154603,0.13195767
1764505199.7574415,-3.90656,0.10682,-1.00716,-0.66882153,0.71154603,0.13195767
1764505199.7574415,-3.90656,0.10682,-1.00716,-0.66882153,0.71154603,0.13195767
1764505199.7574415,-3.90656,0.10682,-1.00716,-0.66882153,0.71154603,0.13195767
1764505199.7584383,-3.54032,1.25132,0.04578,-0.668394285,0.70983705,0.131896635
1764505199.7584383,-3.54032,1.25132,0.04578,-0.668394285,0.70983705,0.131896635
1764505199.7584383,-3.54032,1.25132,0.04578,-0.668394285,0.70983705,0.131896635
1764505199.7584383,-3.54032,1.25132,0.04578,-0.668394285,0.70983705,0.131896635
1764505199.8011982,-3.54032,1.25132,0.04578,-0.668394285,0.70983705,0.131896635
1764505199.8011982,-3.54032,1.25132,0.04578,-0.668394285,0.70983705,0.131896635
1764505199.8011982,-3.54032,1.25132,0.04578,-0.668394285,0.70983705,0.131896635
1764505199.8021948,-3.54032,1.25132,0.04578,-0.668394285,0.70983705,0.131896635
1764505199.8021948,-3.54032,1.25132,0.04578,-0.668394285,0.70983705,0.131896635
1764505199.8021948,-3.54032,1.25132,0.04578,-0.668394285,0.70983705,0.131896635
1764505199.8021948,-2.5179,0.50358,1.05294,-0.66796704,0.710020155,0.131164215
1764505199.803198,-2.5179,0.50358,1.05294,-0.66796704,0.710020155,0.131164215
1764505199.803198,-2.5179,0.50358,1.05294,-0.66796704,0.710020155,0.131164215
1764505199.803198,-2.5179,0.50358,1.05294,-0.66796704,0.710020155,0.131164215
1764505199.803198,-2.5179,0.50358,1.05294,-0.66796704,0.710020155,0.131164215
1764505199.803198,-2.5179,0.50358,1.05294,-0.66796704,0.710020155,0.131164215
1764505199.803198,-2.5179,0.50358,1.05294,-0.66796704,0.710020155,0.131164215
1764505199.803198,-2.5179,0.50358,1.05294,-0.66796704,0.710020155,0.131164215
1764505199.8041978,-2.5179,0.50358,1.05294,-0.66796704,0.710020155,0.131164215
1764505199.8041978,-2.5179,0.50358,1.05294,-0.66796704,0.710020155,0.131164215
1764505199.8041978,-3.67766,0.77826,0.54936,-0.6674787600000001,0.71215638,0.130798005
1764505199.8041978,-3.67766,0.77826,0.54936,-0.6674787600000001,0.71215638,0.130798005
1764505199.80476,-3.67766,0.77826,0.54936,-0.6674787600000001,0.71215638,0.130798005
1764505199.80476,-3.67766,0.77826,0.54936,-0.6674787600000001,0.71215638,0.130798005
1764505199.80476,-3.67766,0.77826,0.54936,-0.6674787600000001,0.71215638,0.130798005
1764505199.80476,-3.67766,0.77826,0.54936,-0.6674787600000001,0.71215638,0.130798005
1764505199.80476,-3.67766,0.77826,0.54936,-0.6674787600000001,0.71215638,0.130798005
1764505199.80476,-3.67766,0.77826,0.54936,-0.6674787600000001,0.71215638,0.130798005
1764505199.849712,-3.67766,0.77826,0.54936,-0.6674787600000001,0.71215638,0.130798005
1764505199.849712,-3.67766,0.77826,0.54936,-0.6674787600000001,0.71215638,0.130798005
1764505199.849712,-2.70102,1.96854,0.28994,-0.667051515,0.71264466,0.1306149
1764505199.85082,-2.70102,1.96854,0.28994,-0.667051515,0.71264466,0.1306149
1764505199.8510168,-2.70102,1.96854,0.28994,-0.667051515,0.71264466,0.1306149
1764505199.8510168,-2.70102,1.96854,0.28994,-0.667051515,0.71264466,0.1306149
1764505199.8510168,-2.70102,1.96854,0.28994,-0.667051515,0.71264466,0.1306149
1764505199.8510168,-2.70102,1.96854,0.28994,-0.667051515,0.71264466,0.1306149
1764505199.8510168,-2.70102,1.96854,0.28994,-0.667051515,0.71264466,0.1306149
1764505199.8510168,-2.70102,1.96854,0.28994,-0.667051515,0.71264466,0.1306149
1764505199.8510168,-2.70102,1.96854,0.28994,-0.667051515,0.71264466,0.1306149
1764505199.852024,-2.70102,1.96854,0.28994,-0.667051515,0.71264466,0.1306149
1764505199.852024,-3.26564,1.51074,1.2971,-0.668882565,0.715025025,0.129333165
1764505199.852024,-3.26564,1.51074,1.2971,-0.668882565,0.715025025,0.129333165
1764505199.852024,-3.26564,1.51074,1.2971,-0.668882565,0.715025025,0.129333165
1764505199.852024,-3.26564,1.51074,1.2971,-0.668882565,0.715025025,0.129333165
1764505199.852024,-3.26564,1.51074,1.2971,-0.668882565,0.715025025,0.129333165
1764505199.852024,-3.26564,1.51074,1.2971,-0.668882565,0.715025025,0.129333165
1764505199.852024,-3.26564,1.51074,1.2971,-0.668882565,0.715025025,0.129333165
1764505199.852024,-3.26564,1.51074,1.2971,-0.668882565,0.715025025,0.129333165
1764505199.852024,-3.26564,1.51074,1.2971,-0.668882565,0.715025025,0.129333165
1764505199.852024,-3.26564,1.51074,1.2971,-0.668882565,0.715025025,0.129333165
1764505199.8933196,-4.66956,-0.44254,1.08346,-0.66992016,0.71618469,0.13000455
1764505199.8933196,-4.66956,-0.44254,1.08346,-0.66992016,0.71618469,0.13000455
1764505199.8933196,-4.66956,-0.44254,1.08346,-0.66992016,0.71618469,0.13000455
1764505199.8933196,-4.66956,-0.44254,1.08346,-0.66992016,0.71618469,0.13000455
1764505199.8933196,-4.66956,-0.44254,1.08346,-0.66992016,0.71618469,0.13000455
1764505199.8933196,-4.66956,-0.44254,1.08346,-0.66992016,0.71618469,0.13000455
1764505199.8933196,-4.66956,-0.44254,1.08346,-0.66992016,0.71618469,0.13000455
1764505199.8933196,-4.66956,-0.44254,1.08346,-0.66992016,0.71618469,0.13000455
1764505199.8933196,-4.66956,-0.44254,1.08346,-0.66992016,0.71618469,0.13000455
1764505199.8933196,-4.66956,-0.44254,1.08346,-0.66992016,0.71618469,0.13000455
1764505199.8933196,-6.4855,1.0682,-0.54936,-0.669126705,0.7167340050000001,0.1318356
1764505199.8933196,-6.4855,1.0682,-0.54936,-0.669126705,0.7167340050000001,0.1318356
1764505199.8948443,-6.4855,1.0682,-0.54936,-0.669126705,0.7167340050000001,0.1318356
1764505199.8948443,-6.4855,1.0682,-0.54936,-0.669126705,0.7167340050000001,0.1318356
1764505199.8948443,-6.4855,1.0682,-0.54936,-0.669126705,0.7167340050000001,0.1318356
1764505199.8948443,-6.4855,1.0682,-0.54936,-0.669126705,0.7167340050000001,0.1318356
1764505199.8958533,-6.4855,1.0682,-0.54936,-0.669126705,0.7167340050000001,0.1318356
1764505199.8958533,-6.4855,1.0682,-0.54936,-0.669126705,0.7167340050000001,0.1318356
1764505199.8961763,-6.4855,1.0682,-0.54936,-0.669126705,0.7167340050000001,0.1318356
1764505199.8961763,-6.4855,1.0682,-0.54936,-0.669126705,0.7167340050000001,0.1318356
1764505199.8961763,-6.4855,3.76922,-1.41918,-0.66796704,0.715879515,0.13207974
1764505199.8961763,-6.4855,3.76922,-1.41918,-0.66796704,0.715879515,0.13207974
1764505199.8968525,-6.4855,3.76922,-1.41918,-0.66796704,0.715879515,0.13207974
1764505199.8968525,-6.4855,3.76922,-1.41918,-0.66796704,0.715879515,0.13207974
1764505199.9395485,-6.4855,3.76922,-1.41918,-0.66796704,0.715879515,0.13207974
1764505199.9395485,-6.4855,3.76922,-1.41918,-0.66796704,0.715879515,0.13207974
1764505199.9395485,-6.4855,3.76922,-1.41918,-0.66796704,0.715879515,0.13207974
1764505199.9395485,-6.4855,3.76922,-1.41918,-0.66796704,0.715879515,0.13207974
1764505199.9395485,-6.4855,3.76922,-1.41918,-0.66796704,0.715879515,0.13207974
1764505199.9395485,-6.4855,3.76922,-1.41918,-0.66796704,0.715879515,0.13207974
1764505199.9395485,-6.37868,2.57894,-1.03768,-0.66918774,0.71471985,0.13122525
1764505199.9395485,-6.37868,2.57894,-1.03768,-0.66918774,0.71471985,0.13122525
1764505199.9410677,-6.37868,2.57894,-1.03768,-0.66918774,0.71471985,0.13122525
1764505199.9410677,-6.37868,2.57894,-1.03768,-0.66918774,0.71471985,0.13122525
1764505199.9410677,-6.37868,2.57894,-1.03768,-0.66918774,0.71471985,0.13122525
1764505199.9410677,-6.37868,2.57894,-1.03768,-0.66918774,0.71471985,0.13122525
1764505199.9410677,-6.37868,2.57894,-1.03768,-0.66918774,0.71471985,0.13122525
1764505199.9410677,-6.37868,2.57894,-1.03768,-0.66918774,0.71471985,0.13122525
1764505199.9410677,-6.37868,2.57894,-1.03768,-0.66918774,0.71471985,0.13122525
1764505199.9410677,-6.37868,2.57894,-1.03768,-0.66918774,0.71471985,0.13122525
1764505199.9410677,-6.08874,0.88508,0.13734,-0.668272215,0.71447571,0.12963834
1764505199.9410677,-6.08874,0.88508,0.13734,-0.668272215,0.71447571,0.12963834
1764505199.9410677,-6.08874,0.88508,0.13734,-0.668272215,0.71447571,0.12963834
1764505199.9410677,-6.08874,0.88508,0.13734,-0.668272215,0.71447571,0.12963834
1764505199.9410677,-6.08874,0.88508,0.13734,-0.668272215,0.71447571,0.12963834
1764505199.9410677,-6.08874,0.88508,0.13734,-0.668272215,0.71447571,0.12963834
1764505199.9410677,-6.08874,0.88508,0.13734,-0.668272215,0.71447571,0.12963834
1764505199.9410677,-6.08874,0.88508,0.13734,-0.668272215,0.71447571,0.12963834
1764505199.9897995,-6.08874,0.88508,0.13734,-0.668272215,0.71447571,0.12963834
1764505199.9897995,-6.08874,0.88508,0.13734,-0.668272215,0.71447571,0.12963834
1764505199.9897995,-5.1121,0.6714399999999999,1.23606,-0.667417725,0.714414675,0.130309725
1764505199.9897995,-5.1121,0.6714399999999999,1.23606,-0.667417725,0.714414675,0.130309725
1764505199.9897995,-5.1121,0.6714399999999999,1.23606,-0.667417725,0.714414675,0.130309725
1764505199.9897995,-5.1121,0.6714399999999999,1.23606,-0.667417725,0.714414675,0.130309725
1764505199.9897995,-5.1121,0.6714399999999999,1.23606,-0.667417725,0.714414675,0.130309725
1764505199.9897995,-5.1121,0.6714399999999999,1.23606,-0.667417725,0.714414675,0.130309725
1764505199.9897995,-5.1121,0.6714399999999999,1.23606,-0.667417725,0.714414675,0.130309725
1764505199.9897995,-5.1121,0.6714399999999999,1.23606,-0.667417725,0.714414675,0.130309725
1764505199.9897995,-5.1121,0.6714399999999999,1.23606,-0.667417725,0.714414675,0.130309725
1764505199.9897995,-5.1121,0.6714399999999999,1.23606,-0.667417725,0.714414675,0.130309725
1764505199.9897995,-4.33384,1.55652,1.17502,-0.668272215,0.71398743,0.13085904
1764505199.9897995,-4.33384,1.55652,1.17502,-0.668272215,0.71398743,0.13085904
1764505199.9897995,-4.33384,1.55652,1.17502,-0.668272215,0.71398743,0.13085904
1764505199.9897995,-4.33384,1.55652,1.17502,-0.668272215,0.71398743,0.13085904
1764505199.9897995,-4.33384,1.55652,1.17502,-0.668272215,0.71398743,0.13085904
1764505199.9897995,-4.33384,1.55652,1.17502,-0.668272215,0.71398743,0.13085904
1764505199.9897995,-4.33384,1.55652,1.17502,-0.668272215,0.71398743,0.13085904
1764505199.9897995,-4.33384,1.55652,1.17502,-0.668272215,0.71398743,0.13085904
1764505199.9897995,-4.33384,1.55652,1.17502,-0.668272215,0.71398743,0.13085904
1764505199.9897995,-4.33384,1.55652,1.17502,-0.668272215,0.71398743,0.13085904
1764505199.9897995,-4.07442,2.27374,0.62566,-0.668394285,0.71252259,0.129699375
1764505199.9897995,-4.07442,2.27374,0.62566,-0.668394285,0.71252259,0.129699375
1764505200.0351267,-4.07442,2.27374,0.62566,-0.668394285,0.71252259,0.129699375
1764505200.0351267,-4.07442,2.27374,0.62566,-0.668394285,0.71252259,0.129699375
1764505200.0351267,-4.07442,2.27374,0.62566,-0.668394285,0.71252259,0.129699375
1764505200.0351267,-4.07442,2.27374,0.62566,-0.668394285,0.71252259,0.129699375
1764505200.0351267,-4.07442,2.27374,0.62566,-0.668394285,0.71252259,0.129699375
1764505200.0351267,-4.07442,2.27374,0.62566,-0.668394285,0.71252259,0.129699375
1764505200.0351267,-4.07442,2.27374,0.62566,-0.668394285,0.71252259,0.129699375
1764505200.0351267,-4.07442,2.27374,0.62566,-0.668394285,0.71252259,0.129699375
1764505200.0351267,-3.95234,2.07536,0.21364,-0.669737055,0.711851205,0.13037076
1764505200.0351267,-3.95234,2.07536,0.21364,-0.669737055,0.711851205,0.13037076
1764505200.036681,-3.95234,2.07536,0.21364,-0.669737055,0.711851205,0.13037076
1764505200.036681,-3.95234,2.07536,0.21364,-0.669737055,0.711851205,0.13037076
1764505200.036681,-3.95234,2.07536,0.21364,-0.669737055,0.711851205,0.13037076
1764505200.036681,-3.95234,2.07536,0.21364,-0.669737055,0.711851205,0.13037076
1764505200.036681,-3.95234,2.07536,0.21364,-0.669737055,0.711851205,0.13037076
1764505200.036681,-3.95234,2.07536,0.21364,-0.669737055,0.711851205,0.13037076
1764505200.036681,-3.95234,2.07536,0.21364,-0.669737055,0.711851205,0.13037076
1764505200.036681,-3.95234,2.07536,0.21364,-0.669737055,0.711851205,0.13037076
1764505200.036681,-3.93708,1.0682,0.65618,-0.6716901750000001,0.71337708,0.13122525
1764505200.0377183,-3.93708,1.0682,0.65618,-0.6716901750000001,0.71337708,0.13122525
1764505200.0377183,-3.93708,1.0682,0.65618,-0.6716901750000001,0.71337708,0.13122525
1764505200.0377183,-3.93708,1.0682,0.65618,-0.6716901750000001,0.71337708,0.13122525
1764505200.0824196,-3.93708,1.0682,0.65618,-0.6716901750000001,0.71337708,0.13122525
1764505200.0824196,-3.93708,1.0682,0.65618,-0.6716901750000001,0.71337708,0.13122525
1764505200.0824196,-3.93708,1.0682,0.65618,-0.6716901750000001,0.71337708,0.13122525
1764505200.0824196,-3.93708,1.0682,0.65618,-0.6716901750000001,0.71337708,0.13122525
1764505200.0824196,-3.93708,1.0682,0.65618,-0.6716901750000001,0.71337708,0.13122525
1764505200.0824196,-3.93708,1.0682,0.65618,-0.6716901750000001,0.71337708,0.13122525
1764505200.0824196,-4.2728,0.28994,0.47306,-0.669859125,0.71496399,0.132262845
1764505200.0824196,-4.2728,0.28994,0.47306,-0.669859125,0.71496399,0.132262845
1764505200.0824196,-4.2728,0.28994,0.47306,-0.669859125,0.71496399,0.132262845
1764505200.0824196,-4.2728,0.28994,0.47306,-0.669859125,0.71496399,0.132262845
1764505200.0824196,-4.2728,0.28994,0.47306,-0.669859125,0.71496399,0.132262845
1764505200.0824196,-4.2728,0.28994,0.47306,-0.669859125,0.71496399,0.132262845
1764505200.0824196,-4.2728,0.28994,0.47306,-0.669859125,0.71496399,0.132262845
1764505200.0824196,-4.2728,0.28994,0.47306,-0.669859125,0.71496399,0.132262845
1764505200.0824196,-4.2728,0.28994,0.47306,-0.669859125,0.71496399,0.132262845
1764505200.0824196,-4.2728,0.28994,0.47306,-0.669859125,0.71496399,0.132262845
1764505200.0824196,-6.05822,1.77016,0.3051999999999999,-0.668272215,0.716611935,0.131530425
1764505200.0824196,-6.05822,1.77016,0.3051999999999999,-0.668272215,0.716611935,0.131530425
1764505200.0824196,-6.05822,1.77016,0.3051999999999999,-0.668272215,0.716611935,0.131530425
1764505200.0824196,-6.05822,1.77016,0.3051999999999999,-0.668272215,0.716611935,0.131530425
1764505200.0824196,-6.05822,1.77016,0.3051999999999999,-0.668272215,0.716611935,0.131530425
1764505200.0824196,-6.05822,1.77016,0.3051999999999999,-0.668272215,0.716611935,0.131530425
1764505200.0824196,-6.05822,1.77016,0.3051999999999999,-0.668272215,0.716611935,0.131530425
1764505200.0824196,-6.05822,1.77016,0.3051999999999999,-0.668272215,0.716611935,0.131530425
1764505200.1292474,-6.05822,1.77016,0.3051999999999999,-0.668272215,0.716611935,0.131530425
1764505200.1292474,-6.05822,1.77016,0.3051999999999999,-0.668272215,0.716611935,0.131530425
1764505200.1292474,-7.4011,1.99906,0.54936,-0.667173585,0.7177716000000001,0.130798005
1764505200.1292474,-7.4011,1.99906,0.54936,-0.667173585,0.7177716000000001,0.130798005
1764505200.1292474,-7.4011,1.99906,0.54936,-0.667173585,0.7177716000000001,0.130798005
1764505200.1292474,-7.4011,1.99906,0.54936,-0.667173585,0.7177716000000001,0.130798005
1764505200.1292474,-7.4011,1.99906,0.54936,-0.667173585,0.7177716000000001,0.130798005
1764505200.1292474,-7.4011,1.99906,0.54936,-0.667173585,0.7177716000000001,0.130798005
1764505200.1292474,-7.4011,1.99906,0.54936,-0.667173585,0.7177716000000001,0.130798005
1764505200.1292474,-7.4011,1.99906,0.54936,-0.667173585,0.7177716000000001,0.130798005
1764505200.1292474,-7.4011,1.99906,0.54936,-0.667173585,0.7177716000000001,0.130798005
1764505200.130129,-7.4011,1.99906,0.54936,-0.667173585,0.7177716000000001,0.130798005
1764505200.130129,-7.691039999999999,1.28184,0.65618,-0.66613599,0.71679504,0.130187655
1764505200.130129,-7.691039999999999,1.28184,0.65618,-0.66613599,0.71679504,0.130187655
1764505200.130129,-7.691039999999999,1.28184,0.65618,-0.66613599,0.71679504,0.130187655
1764505200.130129,-7.691039999999999,1.28184,0.65618,-0.66613599,0.71679504,0.130187655
1764505200.130129,-7.691039999999999,1.28184,0.65618,-0.66613599,0.71679504,0.130187655
1764505200.1312697,-7.691039999999999,1.28184,0.65618,-0.66613599,0.71679504,0.130187655
1764505200.1312697,-7.691039999999999,1.28184,0.65618,-0.66613599,0.71679504,0.130187655
1764505200.1312697,-7.691039999999999,1.28184,0.65618,-0.66613599,0.71679504,0.130187655
1764505200.1312697,-7.691039999999999,1.28184,0.65618,-0.66613599,0.71679504,0.130187655
1764505200.1312697,-7.691039999999999,1.28184,0.65618,-0.66613599,0.71679504,0.130187655
1764505200.1322658,-6.683879999999999,2.0601,0.62566,-0.665464605,0.714292605,0.13146939
1764505200.1322658,-6.683879999999999,2.0601,0.62566,-0.665464605,0.714292605,0.13146939
1764505200.1777651,-6.683879999999999,2.0601,0.62566,-0.665464605,0.714292605,0.13146939
1764505200.1777651,-6.683879999999999,2.0601,0.62566,-0.665464605,0.714292605,0.13146939
1764505200.1777651,-6.683879999999999,2.0601,0.62566,-0.665464605,0.714292605,0.13146939
1764505200.1782606,-6.683879999999999,2.0601,0.62566,-0.665464605,0.714292605,0.13146939
1764505200.1782606,-6.683879999999999,2.0601,0.62566,-0.665464605,0.714292605,0.13146939
1764505200.1782606,-6.683879999999999,2.0601,0.62566,-0.665464605,0.714292605,0.13146939
1764505200.1782606,-6.683879999999999,2.0601,0.62566,-0.665464605,0.714292605,0.13146939
1764505200.1782606,-6.683879999999999,2.0601,0.62566,-0.665464605,0.714292605,0.13146939
1764505200.1782606,-6.027699999999999,2.60946,0.09156,-0.66674634,0.71093568,0.131896635
1764505200.1782606,-6.027699999999999,2.60946,0.09156,-0.66674634,0.71093568,0.131896635
1764505200.1782606,-6.027699999999999,2.60946,0.09156,-0.66674634,0.71093568,0.131896635
1764505200.1782606,-6.027699999999999,2.60946,0.09156,-0.66674634,0.71093568,0.131896635
1764505200.1782606,-6.027699999999999,2.60946,0.09156,-0.66674634,0.71093568,0.131896635
1764505200.1782606,-6.027699999999999,2.60946,0.09156,-0.66674634,0.71093568,0.131896635
1764505200.1782606,-6.027699999999999,2.60946,0.09156,-0.66674634,0.71093568,0.131896635
1764505200.1782606,-6.027699999999999,2.60946,0.09156,-0.66674634,0.71093568,0.131896635
1764505200.1782606,-6.027699999999999,2.60946,0.09156,-0.66674634,0.71093568,0.131896635
1764505200.1782606,-6.027699999999999,2.60946,0.09156,-0.66674634,0.71093568,0.131896635
1764505200.1782606,-5.0358,1.8312,-0.3357199999999999,-0.667906005,0.708555315,0.13207974
1764505200.1782606,-5.0358,1.8312,-0.3357199999999999,-0.667906005,0.708555315,0.13207974
1764505200.1782606,-5.0358,1.8312,-0.3357199999999999,-0.667906005,0.708555315,0.13207974
1764505200.1782606,-5.0358,1.8312,-0.3357199999999999,-0.667906005,0.708555315,0.13207974
1764505200.1782606,-5.0358,1.8312,-0.3357199999999999,-0.667906005,0.708555315,0.13207974
1764505200.1782606,-5.0358,1.8312,-0.3357199999999999,-0.667906005,0.708555315,0.13207974
1764505200.2226765,-5.0358,1.8312,-0.3357199999999999,-0.667906005,0.708555315,0.13207974
1764505200.2232373,-5.0358,1.8312,-0.3357199999999999,-0.667906005,0.708555315,0.13207974
1764505200.2232373,-5.0358,1.8312,-0.3357199999999999,-0.667906005,0.708555315,0.13207974
1764505200.2232373,-5.0358,1.8312,-0.3357199999999999,-0.667906005,0.708555315,0.13207974
1764505200.2232373,-2.1364,0.94612,-0.4578,-0.66930981,0.70739565,0.13317837
1764505200.2232373,-2.1364,0.94612,-0.4578,-0.66930981,0.70739565,0.13317837
1764505200.2232373,-2.1364,0.94612,-0.4578,-0.66930981,0.70739565,0.13317837
1764505200.2232373,-2.1364,0.94612,-0.4578,-0.66930981,0.70739565,0.13317837
1764505200.2232373,-2.1364,0.94612,-0.4578,-0.66930981,0.70739565,0.13317837
1764505200.2232373,-2.1364,0.94612,-0.4578,-0.66930981,0.70739565,0.13317837
1764505200.2232373,-2.1364,0.94612,-0.4578,-0.66930981,0.70739565,0.13317837
1764505200.2232373,-2.1364,0.94612,-0.4578,-0.66930981,0.70739565,0.13317837
1764505200.2232373,-2.1364,0.94612,-0.4578,-0.66930981,0.70739565,0.13317837
1764505200.2232373,-2.1364,0.94612,-0.4578,-0.66930981,0.70739565,0.13317837
1764505200.2232373,-1.63282,0.62566,0.0762999999999999,-0.669370845,0.708006,0.13415493
1764505200.2237723,-1.63282,0.62566,0.0762999999999999,-0.669370845,0.708006,0.13415493
1764505200.2237723,-1.63282,0.62566,0.0762999999999999,-0.669370845,0.708006,0.13415493
1764505200.2237723,-1.63282,0.62566,0.0762999999999999,-0.669370845,0.708006,0.13415493
1764505200.2237723,-1.63282,0.62566,0.0762999999999999,-0.669370845,0.708006,0.13415493
1764505200.2237723,-1.63282,0.62566,0.0762999999999999,-0.669370845,0.708006,0.13415493
1764505200.2237723,-1.63282,0.62566,0.0762999999999999,-0.669370845,0.708006,0.13415493
1764505200.2237723,-1.63282,0.62566,0.0762999999999999,-0.669370845,0.708006,0.13415493
1764505200.271611,-1.63282,0.62566,0.0762999999999999,-0.669370845,0.708006,0.13415493
1764505200.271611,-1.63282,0.62566,0.0762999999999999,-0.669370845,0.708006,0.13415493
1764505200.271611,-2.42634,0.42728,-0.0762999999999999,-0.6689436,0.71032533,0.133361475
1764505200.271611,-2.42634,0.42728,-0.0762999999999999,-0.6689436,0.71032533,0.133361475
1764505200.271611,-2.42634,0.42728,-0.0762999999999999,-0.6689436,0.71032533,0.133361475
1764505200.271611,-2.42634,0.42728,-0.0762999999999999,-0.6689436,0.71032533,0.133361475
1764505200.271611,-2.42634,0.42728,-0.0762999999999999,-0.6689436,0.71032533,0.133361475
1764505200.271611,-2.42634,0.42728,-0.0762999999999999,-0.6689436,0.71032533,0.133361475
1764505200.271611,-2.42634,0.42728,-0.0762999999999999,-0.6689436,0.71032533,0.133361475
1764505200.271611,-2.42634,0.42728,-0.0762999999999999,-0.6689436,0.71032533,0.133361475
1764505200.271611,-2.42634,0.42728,-0.0762999999999999,-0.6689436,0.71032533,0.133361475
1764505200.271611,-2.42634,0.42728,-0.0762999999999999,-0.6689436,0.71032533,0.133361475
1764505200.271611,-4.60852,1.2971,-0.51884,-0.66796704,0.714292605,0.13146939
1764505200.271611,-4.60852,1.2971,-0.51884,-0.66796704,0.714292605,0.13146939
1764505200.271611,-4.60852,1.2971,-0.51884,-0.66796704,0.714292605,0.13146939
1764505200.271611,-4.60852,1.2971,-0.51884,-0.66796704,0.714292605,0.13146939
1764505200.271611,-4.60852,1.2971,-0.51884,-0.66796704,0.714292605,0.13146939
1764505200.271611,-4.60852,1.2971,-0.51884,-0.66796704,0.714292605,0.13146939
1764505200.271611,-4.60852,1.2971,-0.51884,-0.66796704,0.714292605,0.13146939
1764505200.271611,-4.60852,1.2971,-0.51884,-0.66796704,0.714292605,0.13146939
1764505200.271611,-4.60852,1.2971,-0.51884,-0.66796704,0.714292605,0.13146939
1764505200.2727706,-4.60852,1.2971,-0.51884,-0.66796704,0.714292605,0.13146939
1764505200.2727706,-5.63094,1.51074,-1.25132,-0.666807375,0.71630676,0.130675935
1764505200.2727706,-5.63094,1.51074,-1.25132,-0.666807375,0.71630676,0.130675935
1764505200.3203676,-5.63094,1.51074,-1.25132,-0.666807375,0.71630676,0.130675935
1764505200.3203676,-5.63094,1.51074,-1.25132,-0.666807375,0.71630676,0.130675935
1764505200.3203676,-5.63094,1.51074,-1.25132,-0.666807375,0.71630676,0.130675935
1764505200.3203676,-5.63094,1.51074,-1.25132,-0.666807375,0.71630676,0.130675935
1764505200.3203676,-5.63094,1.51074,-1.25132,-0.666807375,0.71630676,0.130675935
1764505200.3203676,-5.63094,1.51074,-1.25132,-0.666807375,0.71630676,0.130675935
1764505200.3203676,-5.63094,1.51074,-1.25132,-0.666807375,0.71630676,0.130675935
1764505200.3203676,-5.63094,1.51074,-1.25132,-0.666807375,0.71630676,0.130675935
1764505200.3203676,-4.24228,1.93802,-0.7019599999999999,-0.66760083,0.71386536,0.132384915
1764505200.3203676,-4.24228,1.93802,-0.7019599999999999,-0.66760083,0.71386536,0.132384915
1764505200.3203676,-4.24228,1.93802,-0.7019599999999999,-0.66760083,0.71386536,0.132384915
1764505200.3203676,-4.24228,1.93802,-0.7019599999999999,-0.66760083,0.71386536,0.132384915
1764505200.3213804,-4.24228,1.93802,-0.7019599999999999,-0.66760083,0.71386536,0.132384915
1764505200.3213804,-4.24228,1.93802,-0.7019599999999999,-0.66760083,0.71386536,0.132384915
1764505200.3213804,-4.24228,1.93802,-0.7019599999999999,-0.66760083,0.71386536,0.132384915
1764505200.3213804,-4.24228,1.93802,-0.7019599999999999,-0.66760083,0.71386536,0.132384915
1764505200.3213804,-4.24228,1.93802,-0.7019599999999999,-0.66760083,0.71386536,0.132384915
1764505200.3213804,-4.24228,1.93802,-0.7019599999999999,-0.66760083,0.71386536,0.132384915
1764505200.3213804,-2.91466,2.10588,0.0,-0.66967602,0.710386365,0.13269009
1764505200.3213804,-2.91466,2.10588,0.0,-0.66967602,0.710386365,0.13269009
1764505200.3213804,-2.91466,2.10588,0.0,-0.66967602,0.710386365,0.13269009
1764505200.3213804,-2.91466,2.10588,0.0,-0.66967602,0.710386365,0.13269009
1764505200.3213804,-2.91466,2.10588,0.0,-0.66967602,0.710386365,0.13269009
1764505200.3213804,-2.91466,2.10588,0.0,-0.66967602,0.710386365,0.13269009
1764505200.3670554,-2.91466,2.10588,0.0,-0.66967602,0.710386365,0.13269009
1764505200.3670554,-2.91466,2.10588,0.0,-0.66967602,0.710386365,0.13269009
1764505200.3670554,-2.91466,2.10588,0.0,-0.66967602,0.710386365,0.13269009
1764505200.3670554,-2.91466,2.10588,0.0,-0.66967602,0.710386365,0.13269009
1764505200.3670554,-3.86078,1.55652,0.763,-0.671385,0.70971498,0.132262845
1764505200.3670554,-3.86078,1.55652,0.763,-0.671385,0.70971498,0.132262845
1764505200.3670554,-3.86078,1.55652,0.763,-0.671385,0.70971498,0.132262845
1764505200.3685644,-3.86078,1.55652,0.763,-0.671385,0.70971498,0.132262845
1764505200.3685644,-3.86078,1.55652,0.763,-0.671385,0.70971498,0.132262845
1764505200.3685644,-3.86078,1.55652,0.763,-0.671385,0.70971498,0.132262845
1764505200.3691642,-3.86078,1.55652,0.763,-0.671385,0.70971498,0.132262845
1764505200.369376,-3.86078,1.55652,0.763,-0.671385,0.70971498,0.132262845
1764505200.3695831,-3.86078,1.55652,0.763,-0.671385,0.70971498,0.132262845
1764505200.3695831,-3.86078,1.55652,0.763,-0.671385,0.70971498,0.132262845
1764505200.3700602,-5.76828,1.23606,1.12924,-0.671568105,0.71191224,0.132751125
1764505200.3700602,-5.76828,1.23606,1.12924,-0.671568105,0.71191224,0.132751125
1764505200.3700602,-5.76828,1.23606,1.12924,-0.671568105,0.71191224,0.132751125
1764505200.3705912,-5.76828,1.23606,1.12924,-0.671568105,0.71191224,0.132751125
1764505200.3705912,-5.76828,1.23606,1.12924,-0.671568105,0.71191224,0.132751125
1764505200.3705912,-5.76828,1.23606,1.12924,-0.671568105,0.71191224,0.132751125
1764505200.3705912,-5.76828,1.23606,1.12924,-0.671568105,0.71191224,0.132751125
1764505200.3705912,-5.76828,1.23606,1.12924,-0.671568105,0.71191224,0.132751125
1764505200.3705912,-5.76828,1.23606,1.12924,-0.671568105,0.71191224,0.132751125
1764505200.3705912,-5.76828,1.23606,1.12924,-0.671568105,0.71191224,0.132751125
1764505200.412773,-5.00528,1.32762,0.6867,-0.671568105,0.71240052,0.13330044
1764505200.412773,-5.00528,1.32762,0.6867,-0.671568105,0.71240052,0.13330044
1764505200.412773,-5.00528,1.32762,0.6867,-0.671568105,0.71240052,0.13330044
1764505200.4145083,-5.00528,1.32762,0.6867,-0.671568105,0.71240052,0.13330044
1764505200.4145083,-5.00528,1.32762,0.6867,-0.671568105,0.71240052,0.13330044
1764505200.4145083,-5.00528,1.32762,0.6867,-0.671568105,0.71240052,0.13330044
1764505200.4145083,-5.00528,1.32762,0.6867,-0.671568105,0.71240052,0.13330044
1764505200.4145083,-5.00528,1.32762,0.6867,-0.671568105,0.71240052,0.13330044
1764505200.4145083,-5.00528,1.32762,0.6867,-0.671568105,0.71240052,0.13330044
1764505200.4145083,-5.00528,1.32762,0.6867,-0.671568105,0.71240052,0.13330044
1764505200.4145083,-2.19744,1.19028,1.4039199999999998,-0.6701032650000001,0.711118785,0.13207974
1764505200.4145083,-2.19744,1.19028,1.4039199999999998,-0.6701032650000001,0.711118785,0.13207974
1764505200.4145083,-2.19744,1.19028,1.4039199999999998,-0.6701032650000001,0.711118785,0.13207974
1764505200.4145083,-2.19744,1.19028,1.4039199999999998,-0.6701032650000001,0.711118785,0.13207974
1764505200.4145083,-2.19744,1.19028,1.4039199999999998,-0.6701032650000001,0.711118785,0.13207974
1764505200.4145083,-2.19744,1.19028,1.4039199999999998,-0.6701032650000001,0.711118785,0.13207974
1764505200.4145083,-2.19744,1.19028,1.4039199999999998,-0.6701032650000001,0.711118785,0.13207974
1764505200.4145083,-2.19744,1.19028,1.4039199999999998,-0.6701032650000001,0.711118785,0.13207974
1764505200.4145083,-2.19744,1.19028,1.4039199999999998,-0.6701032650000001,0.711118785,0.13207974
1764505200.4145083,-2.19744,1.19028,1.4039199999999998,-0.6701032650000001,0.711118785,0.13207974
1764505200.4145083,-1.26658,0.59514,2.41108,-0.67077465,0.710874645,0.130309725
1764505200.4145083,-1.26658,0.59514,2.41108,-0.67077465,0.710874645,0.130309725
1764505200.4145083,-1.26658,0.59514,2.41108,-0.67077465,0.710874645,0.130309725
1764505200.4150374,-1.26658,0.59514,2.41108,-0.67077465,0.710874645,0.130309725
1764505200.460867,-1.26658,0.59514,2.41108,-0.67077465,0.710874645,0.130309725
1764505200.460867,-1.26658,0.59514,2.41108,-0.67077465,0.710874645,0.130309725
1764505200.460867,-1.26658,0.59514,2.41108,-0.67077465,0.710874645,0.130309725
1764505200.460867,-1.26658,0.59514,2.41108,-0.67077465,0.710874645,0.130309725
1764505200.460867,-1.26658,0.59514,2.41108,-0.67077465,0.710874645,0.130309725
1764505200.460867,-1.26658,0.59514,2.41108,-0.67077465,0.710874645,0.130309725
1764505200.460867,-1.28184,-0.54936,2.47212,-0.67175121,0.71191224,0.13073697
1764505200.460867,-1.28184,-0.54936,2.47212,-0.67175121,0.71191224,0.13073697
1764505200.460867,-1.28184,-0.54936,2.47212,-0.67175121,0.71191224,0.13073697
1764505200.460867,-1.28184,-0.54936,2.47212,-0.67175121,0.71191224,0.13073697
1764505200.460867,-1.28184,-0.54936,2.47212,-0.67175121,0.71191224,0.13073697
1764505200.460867,-1.28184,-0.54936,2.47212,-0.67175121,0.71191224,0.13073697
1764505200.460867,-1.28184,-0.54936,2.47212,-0.67175121,0.71191224,0.13073697
1764505200.460867,-1.28184,-0.54936,2.47212,-0.67175121,0.71191224,0.13073697
1764505200.460867,-1.28184,-0.54936,2.47212,-0.67175121,0.71191224,0.13073697
1764505200.460867,-1.28184,-0.54936,2.47212,-0.67175121,0.71191224,0.13073697
1764505200.460867,-0.3815,-0.0762999999999999,1.93802,-0.670225335,0.712949835,0.131774565
1764505200.460867,-0.3815,-0.0762999999999999,1.93802,-0.670225335,0.712949835,0.131774565
1764505200.460867,-0.3815,-0.0762999999999999,1.93802,-0.670225335,0.712949835,0.131774565
1764505200.460867,-0.3815,-0.0762999999999999,1.93802,-0.670225335,0.712949835,0.131774565
1764505200.460867,-0.3815,-0.0762999999999999,1.93802,-0.670225335,0.712949835,0.131774565
1764505200.460867,-0.3815,-0.0762999999999999,1.93802,-0.670225335,0.712949835,0.131774565
1764505200.460867,-0.3815,-0.0762999999999999,1.93802,-0.670225335,0.712949835,0.131774565
1764505200.460867,-0.3815,-0.0762999999999999,1.93802,-0.670225335,0.712949835,0.131774565
1764505200.460867,-0.3815,-0.0762999999999999,1.93802,-0.670225335,0.712949835,0.131774565
1764505200.460867,-0.3815,-0.0762999999999999,1.93802,-0.670225335,0.712949835,0.131774565
1764505200.5134778,-1.12924,0.56462,1.8312,-0.669492915,0.714170535,0.13159146
1764505200.5134778,-1.12924,0.56462,1.8312,-0.669492915,0.714170535,0.13159146
1764505200.5134778,-1.12924,0.56462,1.8312,-0.669492915,0.714170535,0.13159146
1764505200.5134778,-1.12924,0.56462,1.8312,-0.669492915,0.714170535,0.13159146
1764505200.5134778,-1.12924,0.56462,1.8312,-0.669492915,0.714170535,0.13159146
1764505200.5134778,-1.12924,0.56462,1.8312,-0.669492915,0.714170535,0.13159146
1764505200.5134778,-1.12924,0.56462,1.8312,-0.669492915,0.714170535,0.13159146
1764505200.5134778,-1.12924,0.56462,1.8312,-0.669492915,0.714170535,0.13159146
1764505200.5134778,-1.12924,0.56462,1.8312,-0.669492915,0.714170535,0.13159146
1764505200.5134778,-1.12924,0.56462,1.8312,-0.669492915,0.714170535,0.13159146
1764505200.5134778,-2.5179,-0.7019599999999999,1.54126,-0.67053051,0.715025025,0.132140775
1764505200.5134778,-2.5179,-0.7019599999999999,1.54126,-0.67053051,0.715025025,0.132140775
1764505200.5134778,-2.5179,-0.7019599999999999,1.54126,-0.67053051,0.715025025,0.132140775
1764505200.5134778,-2.5179,-0.7019599999999999,1.54126,-0.67053051,0.715025025,0.132140775
1764505200.5134778,-2.5179,-0.7019599999999999,1.54126,-0.67053051,0.715025025,0.132140775
1764505200.5134778,-2.5179,-0.7019599999999999,1.54126,-0.67053051,0.715025025,0.132140775
1764505200.5134778,-2.5179,-0.7019599999999999,1.54126,-0.67053051,0.715025025,0.132140775
1764505200.5134778,-2.5179,-0.7019599999999999,1.54126,-0.67053051,0.715025025,0.132140775
1764505200.5134778,-2.5179,-0.7019599999999999,1.54126,-0.67053051,0.715025025,0.132140775
1764505200.5134778,-2.5179,-0.7019599999999999,1.54126,-0.67053051,0.715025025,0.132140775
1764505200.5134778,-3.54032,0.47306,1.08346,-0.669370845,0.715757445,0.133239405
1764505200.5134778,-3.54032,0.47306,1.08346,-0.669370845,0.715757445,0.133239405
1764505200.557639,-3.54032,0.47306,1.08346,-0.669370845,0.715757445,0.133239405
1764505200.557639,-3.54032,0.47306,1.08346,-0.669370845,0.715757445,0.133239405
1764505200.557639,-3.54032,0.47306,1.08346,-0.669370845,0.715757445,0.133239405
1764505200.557639,-3.54032,0.47306,1.08346,-0.669370845,0.715757445,0.133239405
1764505200.557639,-3.54032,0.47306,1.08346,-0.669370845,0.715757445,0.133239405
1764505200.557639,-3.54032,0.47306,1.08346,-0.669370845,0.715757445,0.133239405
1764505200.557639,-3.54032,0.47306,1.08346,-0.669370845,0.715757445,0.133239405
1764505200.557639,-3.54032,0.47306,1.08346,-0.669370845,0.715757445,0.133239405
1764505200.557639,-3.815,1.28184,0.9156,-0.66662427,0.71545227,0.133849755
1764505200.557639,-3.815,1.28184,0.9156,-0.66662427,0.71545227,0.133849755
1764505200.557639,-3.815,1.28184,0.9156,-0.66662427,0.71545227,0.133849755
1764505200.557639,-3.815,1.28184,0.9156,-0.66662427,0.71545227,0.133849755
1764505200.557639,-3.815,1.28184,0.9156,-0.66662427,0.71545227,0.133849755
1764505200.557639,-3.815,1.28184,0.9156,-0.66662427,0.71545227,0.133849755
1764505200.557639,-3.815,1.28184,0.9156,-0.66662427,0.71545227,0.133849755
1764505200.557639,-3.815,1.28184,0.9156,-0.66662427,0.71545227,0.133849755
1764505200.557639,-3.815,1.28184,0.9156,-0.66662427,0.71545227,0.133849755
1764505200.557639,-3.815,1.28184,0.9156,-0.66662427,0.71545227,0.133849755
1764505200.557639,-4.13546,0.8392999999999999,1.57178,-0.6658918500000001,0.71630676,0.13256802
1764505200.557639,-4.13546,0.8392999999999999,1.57178,-0.6658918500000001,0.71630676,0.13256802
1764505200.557639,-4.13546,0.8392999999999999,1.57178,-0.6658918500000001,0.71630676,0.13256802
1764505200.557639,-4.13546,0.8392999999999999,1.57178,-0.6658918500000001,0.71630676,0.13256802
1764505200.557639,-4.13546,0.8392999999999999,1.57178,-0.6658918500000001,0.71630676,0.13256802
1764505200.557639,-4.13546,0.8392999999999999,1.57178,-0.6658918500000001,0.71630676,0.13256802
1764505200.6023872,-4.13546,0.8392999999999999,1.57178,-0.6658918500000001,0.71630676,0.13256802
1764505200.6034038,-4.13546,0.8392999999999999,1.57178,-0.6658918500000001,0.71630676,0.13256802
1764505200.6034038,-4.13546,0.8392999999999999,1.57178,-0.6658918500000001,0.71630676,0.13256802
1764505200.6034038,-4.13546,0.8392999999999999,1.57178,-0.6658918500000001,0.71630676,0.13256802
1764505200.6034038,-5.7225,0.6103999999999999,2.71628,-0.66784497,0.717466425,0.13000455
1764505200.6034038,-5.7225,0.6103999999999999,2.71628,-0.66784497,0.717466425,0.13000455
1764505200.6034038,-5.7225,0.6103999999999999,2.71628,-0.66784497,0.717466425,0.13000455
1764505200.6034038,-5.7225,0.6103999999999999,2.71628,-0.66784497,0.717466425,0.13000455
1764505200.604913,-5.7225,0.6103999999999999,2.71628,-0.66784497,0.717466425,0.13000455
1764505200.604913,-5.7225,0.6103999999999999,2.71628,-0.66784497,0.717466425,0.13000455
1764505200.604913,-5.7225,0.6103999999999999,2.71628,-0.66784497,0.717466425,0.13000455
1764505200.604913,-5.7225,0.6103999999999999,2.71628,-0.66784497,0.717466425,0.13000455
1764505200.604913,-5.7225,0.6103999999999999,2.71628,-0.66784497,0.717466425,0.13000455
1764505200.604913,-5.7225,0.6103999999999999,2.71628,-0.66784497,0.717466425,0.13000455
1764505200.604913,-7.172199999999999,-0.3051999999999999,0.9003399999999999,-0.66833325,0.71764953,0.127502115
1764505200.604913,-7.172199999999999,-0.3051999999999999,0.9003399999999999,-0.66833325,0.71764953,0.127502115
1764505200.604913,-7.172199999999999,-0.3051999999999999,0.9003399999999999,-0.66833325,0.71764953,0.127502115
1764505200.604913,-7.172199999999999,-0.3051999999999999,0.9003399999999999,-0.66833325,0.71764953,0.127502115
1764505200.604913,-7.172199999999999,-0.3051999999999999,0.9003399999999999,-0.66833325,0.71764953,0.127502115
1764505200.604913,-7.172199999999999,-0.3051999999999999,0.9003399999999999,-0.66833325,0.71764953,0.127502115
1764505200.604913,-7.172199999999999,-0.3051999999999999,0.9003399999999999,-0.66833325,0.71764953,0.127502115
1764505200.605924,-7.172199999999999,-0.3051999999999999,0.9003399999999999,-0.66833325,0.71764953,0.127502115
1764505200.605924,-7.172199999999999,-0.3051999999999999,0.9003399999999999,-0.66833325,0.71764953,0.127502115
1764505200.605924,-7.172199999999999,-0.3051999999999999,0.9003399999999999,-0.66833325,0.71764953,0.127502115
1764505200.6497495,-6.7144,0.4578,-1.32762,-0.6665022,0.71557434,0.128112465
1764505200.6497495,-6.7144,0.4578,-1.32762,-0.6665022,0.71557434,0.128112465
1764505200.6497495,-6.7144,0.4578,-1.32762,-0.6665022,0.71557434,0.128112465
1764505200.6497495,-6.7144,0.4578,-1.32762,-0.6665022,0.71557434,0.128112465
1764505200.6497495,-6.7144,0.4578,-1.32762,-0.6665022,0.71557434,0.128112465
1764505200.6497495,-6.7144,0.4578,-1.32762,-0.6665022,0.71557434,0.128112465
1764505200.6497495,-6.7144,0.4578,-1.32762,-0.6665022,0.71557434,0.128112465
1764505200.6497495,-6.7144,0.4578,-1.32762,-0.6665022,0.71557434,0.128112465
1764505200.6497495,-6.7144,0.4578,-1.32762,-0.6665022,0.71557434,0.128112465
1764505200.6497495,-6.7144,0.4578,-1.32762,-0.6665022,0.71557434,0.128112465
1764505200.6497495,-5.38678,2.3653,-1.2055399999999998,-0.66564771,0.7116681,0.1293942
1764505200.6497495,-5.38678,2.3653,-1.2055399999999998,-0.66564771,0.7116681,0.1293942
1764505200.6497495,-5.38678,2.3653,-1.2055399999999998,-0.66564771,0.7116681,0.1293942
1764505200.6497495,-5.38678,2.3653,-1.2055399999999998,-0.66564771,0.7116681,0.1293942
1764505200.6497495,-5.38678,2.3653,-1.2055399999999998,-0.66564771,0.7116681,0.1293942
1764505200.6512804,-5.38678,2.3653,-1.2055399999999998,-0.66564771,0.7116681,0.1293942
1764505200.6512804,-5.38678,2.3653,-1.2055399999999998,-0.66564771,0.7116681,0.1293942
1764505200.6512804,-5.38678,2.3653,-1.2055399999999998,-0.66564771,0.7116681,0.1293942
1764505200.6512804,-5.38678,2.3653,-1.2055399999999998,-0.66564771,0.7116681,0.1293942
1764505200.6512804,-5.38678,2.3653,-1.2055399999999998,-0.66564771,0.7116681,0.1293942
1764505200.6512804,-4.74586,2.70102,0.03052,-0.66625806,0.707090475,0.129211095
1764505200.652291,-4.74586,2.70102,0.03052,-0.66625806,0.707090475,0.129211095
1764505200.6984794,-4.74586,2.70102,0.03052,-0.66625806,0.707090475,0.129211095
1764505200.699583,-4.74586,2.70102,0.03052,-0.66625806,0.707090475,0.129211095
1764505200.699583,-4.74586,2.70102,0.03052,-0.66625806,0.707090475,0.129211095
1764505200.699583,-4.74586,2.70102,0.03052,-0.66625806,0.707090475,0.129211095
1764505200.699583,-4.74586,2.70102,0.03052,-0.66625806,0.707090475,0.129211095
1764505200.7005827,-4.74586,2.70102,0.03052,-0.66625806,0.707090475,0.129211095
1764505200.7005827,-4.74586,2.70102,0.03052,-0.66625806,0.707090475,0.129211095
1764505200.7005827,-4.74586,2.70102,0.03052,-0.66625806,0.707090475,0.129211095
1764505200.7005827,-3.11304,0.77826,0.8698199999999999,-0.66784497,0.705381495,0.129455235
1764505200.7005827,-3.11304,0.77826,0.8698199999999999,-0.66784497,0.705381495,0.129455235
1764505200.7005827,-3.11304,0.77826,0.8698199999999999,-0.66784497,0.705381495,0.129455235
1764505200.7005827,-3.11304,0.77826,0.8698199999999999,-0.66784497,0.705381495,0.129455235
1764505200.7005827,-3.11304,0.77826,0.8698199999999999,-0.66784497,0.705381495,0.129455235
1764505200.7015834,-3.11304,0.77826,0.8698199999999999,-0.66784497,0.705381495,0.129455235
1764505200.7015834,-3.11304,0.77826,0.8698199999999999,-0.66784497,0.705381495,0.129455235
1764505200.7015834,-3.11304,0.77826,0.8698199999999999,-0.66784497,0.705381495,0.129455235
1764505200.7015834,-3.11304,0.77826,0.8698199999999999,-0.66784497,0.705381495,0.129455235
1764505200.7015834,-3.11304,0.77826,0.8698199999999999,-0.66784497,0.705381495,0.129455235
1764505200.7015834,-1.86172,1.02242,1.61756,-0.66930981,0.705991845,0.13085904
1764505200.7015834,-1.86172,1.02242,1.61756,-0.66930981,0.705991845,0.13085904
1764505200.7015834,-1.86172,1.02242,1.61756,-0.66930981,0.705991845,0.13085904
1764505200.7015834,-1.86172,1.02242,1.61756,-0.66930981,0.705991845,0.13085904
1764505200.7015834,-1.86172,1.02242,1.61756,-0.66930981,0.705991845,0.13085904
1764505200.7015834,-1.86172,1.02242,1.61756,-0.66930981,0.705991845,0.13085904
1764505200.7445202,-1.86172,1.02242,1.61756,-0.66930981,0.705991845,0.13085904
1764505200.7445202,-1.86172,1.02242,1.61756,-0.66930981,0.705991845,0.13085904
1764505200.7445202,-1.86172,1.02242,1.61756,-0.66930981,0.705991845,0.13085904
1764505200.7445202,-1.86172,1.02242,1.61756,-0.66930981,0.705991845,0.13085904
1764505200.7445202,-2.88414,2.38056,-0.19838,-0.67089672,0.706480125,0.13085904
1764505200.7445202,-2.88414,2.38056,-0.19838,-0.67089672,0.706480125,0.13085904
1764505200.7445202,-2.88414,2.38056,-0.19838,-0.67089672,0.706480125,0.13085904
1764505200.745028,-2.88414,2.38056,-0.19838,-0.67089672,0.706480125,0.13085904
1764505200.745028,-2.88414,2.38056,-0.19838,-0.67089672,0.706480125,0.13085904
1764505200.745028,-2.88414,2.38056,-0.19838,-0.67089672,0.706480125,0.13085904
1764505200.745028,-2.88414,2.38056,-0.19838,-0.67089672,0.706480125,0.13085904
1764505200.745028,-2.88414,2.38056,-0.19838,-0.67089672,0.706480125,0.13085904
1764505200.745028,-2.88414,2.38056,-0.19838,-0.67089672,0.706480125,0.13085904
1764505200.745028,-2.88414,2.38056,-0.19838,-0.67089672,0.706480125,0.13085904
1764505200.745028,-2.4416,1.86172,-1.6633399999999998,-0.67284984,0.70849428,0.1293942
1764505200.745028,-2.4416,1.86172,-1.6633399999999998,-0.67284984,0.70849428,0.1293942
1764505200.745028,-2.4416,1.86172,-1.6633399999999998,-0.67284984,0.70849428,0.1293942
1764505200.745028,-2.4416,1.86172,-1.6633399999999998,-0.67284984,0.70849428,0.1293942
1764505200.745028,-2.4416,1.86172,-1.6633399999999998,-0.67284984,0.70849428,0.1293942
1764505200.745028,-2.4416,1.86172,-1.6633399999999998,-0.67284984,0.70849428,0.1293942
1764505200.745028,-2.4416,1.86172,-1.6633399999999998,-0.67284984,0.70849428,0.1293942
1764505200.745028,-2.4416,1.86172,-1.6633399999999998,-0.67284984,0.70849428,0.1293942
1764505200.745028,-2.4416,1.86172,-1.6633399999999998,-0.67284984,0.70849428,0.1293942
1764505200.7455509,-2.4416,1.86172,-1.6633399999999998,-0.67284984,0.70849428,0.1293942
1764505200.7924535,-1.84646,0.47306,-1.00716,-0.67407054,0.71191224,0.129211095
1764505200.7924535,-1.84646,0.47306,-1.00716,-0.67407054,0.71191224,0.129211095
1764505200.7935028,-1.84646,0.47306,-1.00716,-0.67407054,0.71191224,0.129211095
1764505200.7935028,-1.84646,0.47306,-1.00716,-0.67407054,0.71191224,0.129211095
1764505200.7935028,-1.84646,0.47306,-1.00716,-0.67407054,0.71191224,0.129211095
1764505200.7935028,-1.84646,0.47306,-1.00716,-0.67407054,0.71191224,0.129211095
1764505200.7935028,-1.84646,0.47306,-1.00716,-0.67407054,0.71191224,0.129211095
1764505200.7935028,-1.84646,0.47306,-1.00716,-0.67407054,0.71191224,0.129211095
1764505200.7935028,-1.84646,0.47306,-1.00716,-0.67407054,0.71191224,0.129211095
1764505200.7935028,-1.84646,0.47306,-1.00716,-0.67407054,0.71191224,0.129211095
1764505200.7935028,-1.6022999999999998,-0.6714399999999999,-0.56462,-0.673521225,0.71423157,0.13012662
1764505200.7935028,-1.6022999999999998,-0.6714399999999999,-0.56462,-0.673521225,0.71423157,0.13012662
1764505200.7935028,-1.6022999999999998,-0.6714399999999999,-0.56462,-0.673521225,0.71423157,0.13012662
1764505200.7935028,-1.6022999999999998,-0.6714399999999999,-0.56462,-0.673521225,0.71423157,0.13012662
1764505200.7935028,-1.6022999999999998,-0.6714399999999999,-0.56462,-0.673521225,0.71423157,0.13012662
1764505200.7935028,-1.6022999999999998,-0.6714399999999999,-0.56462,-0.673521225,0.71423157,0.13012662
1764505200.7935028,-1.6022999999999998,-0.6714399999999999,-0.56462,-0.673521225,0.71423157,0.13012662
1764505200.7935028,-1.6022999999999998,-0.6714399999999999,-0.56462,-0.673521225,0.71423157,0.13012662
1764505200.7935028,-1.6022999999999998,-0.6714399999999999,-0.56462,-0.673521225,0.71423157,0.13012662
1764505200.7935028,-1.6022999999999998,-0.6714399999999999,-0.56462,-0.673521225,0.71423157,0.13012662
1764505200.7935028,-0.74774,-0.42728,-0.42728,-0.669370845,0.7165509,0.131896635
1764505200.7935028,-0.74774,-0.42728,-0.42728,-0.669370845,0.7165509,0.131896635
1764505200.8374195,-0.74774,-0.42728,-0.42728,-0.669370845,0.7165509,0.131896635
1764505200.8374195,-0.74774,-0.42728,-0.42728,-0.669370845,0.7165509,0.131896635
1764505200.8374195,-0.74774,-0.42728,-0.42728,-0.669370845,0.7165509,0.131896635
1764505200.8384428,-0.74774,-0.42728,-0.42728,-0.669370845,0.7165509,0.131896635
1764505200.8384428,-0.74774,-0.42728,-0.42728,-0.669370845,0.7165509,0.131896635
1764505200.8384428,-0.74774,-0.42728,-0.42728,-0.669370845,0.7165509,0.131896635
1764505200.8384428,-0.74774,-0.42728,-0.42728,-0.669370845,0.7165509,0.131896635
1764505200.8384428,-0.74774,-0.42728,-0.42728,-0.669370845,0.7165509,0.131896635
1764505200.8384428,0.3815,-0.6103999999999999,0.0762999999999999,-0.66784497,0.71740539,0.133483545
1764505200.8384428,0.3815,-0.6103999999999999,0.0762999999999999,-0.66784497,0.71740539,0.133483545
1764505200.8389564,0.3815,-0.6103999999999999,0.0762999999999999,-0.66784497,0.71740539,0.133483545
1764505200.8389564,0.3815,-0.6103999999999999,0.0762999999999999,-0.66784497,0.71740539,0.133483545
1764505200.8389564,0.3815,-0.6103999999999999,0.0762999999999999,-0.66784497,0.71740539,0.133483545
1764505200.8389564,0.3815,-0.6103999999999999,0.0762999999999999,-0.66784497,0.71740539,0.133483545
1764505200.8389564,0.3815,-0.6103999999999999,0.0762999999999999,-0.66784497,0.71740539,0.133483545
1764505200.8389564,0.3815,-0.6103999999999999,0.0762999999999999,-0.66784497,0.71740539,0.133483545
1764505200.839973,0.3815,-0.6103999999999999,0.0762999999999999,-0.66784497,0.71740539,0.133483545
1764505200.839973,0.3815,-0.6103999999999999,0.0762999999999999,-0.66784497,0.71740539,0.133483545
1764505200.839973,-1.54126,-0.3509799999999999,1.12924,-0.6689436,0.719053335,0.133361475
1764505200.839973,-1.54126,-0.3509799999999999,1.12924,-0.6689436,0.719053335,0.133361475
1764505200.839973,-1.54126,-0.3509799999999999,1.12924,-0.6689436,0.719053335,0.133361475
1764505200.839973,-1.54126,-0.3509799999999999,1.12924,-0.6689436,0.719053335,0.133361475
1764505200.839973,-1.54126,-0.3509799999999999,1.12924,-0.6689436,0.719053335,0.133361475
1764505200.839973,-1.54126,-0.3509799999999999,1.12924,-0.6689436,0.719053335,0.133361475
1764505200.8887982,-1.54126,-0.3509799999999999,1.12924,-0.6689436,0.719053335,0.133361475
1764505200.8887982,-1.54126,-0.3509799999999999,1.12924,-0.6689436,0.719053335,0.133361475
1764505200.8887982,-1.54126,-0.3509799999999999,1.12924,-0.6689436,0.719053335,0.133361475
1764505200.8887982,-1.54126,-0.3509799999999999,1.12924,-0.6689436,0.719053335,0.133361475
1764505200.8887982,-4.07442,-1.2055399999999998,0.50358,-0.667661865,0.722227155,0.13244595
1764505200.8887982,-4.07442,-1.2055399999999998,0.50358,-0.667661865,0.722227155,0.13244595
1764505200.8887982,-4.07442,-1.2055399999999998,0.50358,-0.667661865,0.722227155,0.13244595
1764505200.8887982,-4.07442,-1.2055399999999998,0.50358,-0.667661865,0.722227155,0.13244595
1764505200.8887982,-4.07442,-1.2055399999999998,0.50358,-0.667661865,0.722227155,0.13244595
1764505200.8887982,-4.07442,-1.2055399999999998,0.50358,-0.667661865,0.722227155,0.13244595
1764505200.8887982,-4.07442,-1.2055399999999998,0.50358,-0.667661865,0.722227155,0.13244595
1764505200.8887982,-4.07442,-1.2055399999999998,0.50358,-0.667661865,0.722227155,0.13244595
1764505200.8887982,-4.07442,-1.2055399999999998,0.50358,-0.667661865,0.722227155,0.13244595
1764505200.8887982,-4.07442,-1.2055399999999998,0.50358,-0.667661865,0.722227155,0.13244595
1764505200.8887982,-6.05822,-0.9156,0.51884,-0.66442701,0.723081645,0.131042145
1764505200.8887982,-6.05822,-0.9156,0.51884,-0.66442701,0.723081645,0.131042145
1764505200.8887982,-6.05822,-0.9156,0.51884,-0.66442701,0.723081645,0.131042145
1764505200.8887982,-6.05822,-0.9156,0.51884,-0.66442701,0.723081645,0.131042145
1764505200.8887982,-6.05822,-0.9156,0.51884,-0.66442701,0.723081645,0.131042145
1764505200.8887982,-6.05822,-0.9156,0.51884,-0.66442701,0.723081645,0.131042145
1764505200.8887982,-6.05822,-0.9156,0.51884,-0.66442701,0.723081645,0.131042145
1764505200.8887982,-6.05822,-0.9156,0.51884,-0.66442701,0.723081645,0.131042145
1764505200.8887982,-6.05822,-0.9156,0.51884,-0.66442701,0.723081645,0.131042145
1764505200.8887982,-6.05822,-0.9156,0.51884,-0.66442701,0.723081645,0.131042145
1764505200.9307835,-7.27902,0.18312,2.01432,-0.6628401,0.72167784,0.129455235
1764505200.9307835,-7.27902,0.18312,2.01432,-0.6628401,0.72167784,0.129455235
1764505200.9307835,-7.27902,0.18312,2.01432,-0.6628401,0.72167784,0.129455235
1764505200.9317944,-7.27902,0.18312,2.01432,-0.6628401,0.72167784,0.129455235
1764505200.9317944,-7.27902,0.18312,2.01432,-0.6628401,0.72167784,0.129455235
1764505200.9317944,-7.27902,0.18312,2.01432,-0.6628401,0.72167784,0.129455235
1764505200.9317944,-7.27902,0.18312,2.01432,-0.6628401,0.72167784,0.129455235
1764505200.9317944,-7.27902,0.18312,2.01432,-0.6628401,0.72167784,0.129455235
1764505200.9317944,-7.27902,0.18312,2.01432,-0.6628401,0.72167784,0.129455235
1764505200.9317944,-7.27902,0.18312,2.01432,-0.6628401,0.72167784,0.129455235
1764505200.9317944,-7.12642,0.51884,2.42634,-0.662534925,0.7189923,0.12841764
1764505200.9317944,-7.12642,0.51884,2.42634,-0.662534925,0.7189923,0.12841764
1764505200.9317944,-7.12642,0.51884,2.42634,-0.662534925,0.7189923,0.12841764
1764505200.9327924,-7.12642,0.51884,2.42634,-0.662534925,0.7189923,0.12841764
1764505200.9327924,-7.12642,0.51884,2.42634,-0.662534925,0.7189923,0.12841764
1764505200.9327924,-7.12642,0.51884,2.42634,-0.662534925,0.7189923,0.12841764
1764505200.9327924,-7.12642,0.51884,2.42634,-0.662534925,0.7189923,0.12841764
1764505200.9327924,-7.12642,0.51884,2.42634,-0.662534925,0.7189923,0.12841764
1764505200.9327924,-7.12642,0.51884,2.42634,-0.662534925,0.7189923,0.12841764
1764505200.9327924,-7.12642,0.51884,2.42634,-0.662534925,0.7189923,0.12841764
1764505200.9327924,-4.70008,0.6103999999999999,3.21986,-0.6627790650000001,0.71508606,0.12768522
1764505200.9327924,-4.70008,0.6103999999999999,3.21986,-0.6627790650000001,0.71508606,0.12768522
1764505200.9327924,-4.70008,0.6103999999999999,3.21986,-0.6627790650000001,0.71508606,0.12768522
1764505200.9327924,-4.70008,0.6103999999999999,3.21986,-0.6627790650000001,0.71508606,0.12768522
1764505200.976779,-4.70008,0.6103999999999999,3.21986,-0.6627790650000001,0.71508606,0.12768522
1764505200.976779,-4.70008,0.6103999999999999,3.21986,-0.6627790650000001,0.71508606,0.12768522
1764505200.976779,-4.70008,0.6103999999999999,3.21986,-0.6627790650000001,0.71508606,0.12768522
1764505200.976779,-4.70008,0.6103999999999999,3.21986,-0.6627790650000001,0.71508606,0.12768522
1764505200.976779,-4.70008,0.6103999999999999,3.21986,-0.6627790650000001,0.71508606,0.12768522
1764505200.976779,-4.70008,0.6103999999999999,3.21986,-0.6627790650000001,0.71508606,0.12768522
1764505200.9785883,-3.31142,1.12924,2.65524,-0.663877695,0.711973275,0.12756315
1764505200.9785883,-3.31142,1.12924,2.65524,-0.663877695,0.711973275,0.12756315
1764505200.9785883,-3.31142,1.12924,2.65524,-0.663877695,0.711973275,0.12756315
1764505200.9785883,-3.31142,1.12924,2.65524,-0.663877695,0.711973275,0.12756315
1764505200.9785883,-3.31142,1.12924,2.65524,-0.663877695,0.711973275,0.12756315
1764505200.9785883,-3.31142,1.12924,2.65524,-0.663877695,0.711973275,0.12756315
1764505200.9785883,-3.31142,1.12924,2.65524,-0.663877695,0.711973275,0.12756315
1764505200.9785883,-3.31142,1.12924,2.65524,-0.663877695,0.711973275,0.12756315
1764505200.9785883,-3.31142,1.12924,2.65524,-0.663877695,0.711973275,0.12756315
1764505200.9785883,-3.31142,1.12924,2.65524,-0.663877695,0.711973275,0.12756315
1764505200.9785883,-3.44876,0.9003399999999999,2.09062,-0.665830815,0.710874645,0.127502115
1764505200.9785883,-3.44876,0.9003399999999999,2.09062,-0.665830815,0.710874645,0.127502115
1764505200.9785883,-3.44876,0.9003399999999999,2.09062,-0.665830815,0.710874645,0.127502115
1764505200.9785883,-3.44876,0.9003399999999999,2.09062,-0.665830815,0.710874645,0.127502115
1764505200.9785883,-3.44876,0.9003399999999999,2.09062,-0.665830815,0.710874645,0.127502115
1764505200.9785883,-3.44876,0.9003399999999999,2.09062,-0.665830815,0.710874645,0.127502115
1764505201.027605,-3.44876,0.9003399999999999,2.09062,-0.665830815,0.710874645,0.127502115
1764505201.027605,-3.44876,0.9003399999999999,2.09062,-0.665830815,0.710874645,0.127502115
1764505201.0280385,-3.44876,0.9003399999999999,2.09062,-0.665830815,0.710874645,0.127502115
1764505201.0282495,-3.44876,0.9003399999999999,2.09062,-0.665830815,0.710874645,0.127502115
1764505201.0282495,-4.28806,1.51074,1.7549,-0.66564771,0.711607065,0.12878385
1764505201.0282495,-4.28806,1.51074,1.7549,-0.66564771,0.711607065,0.12878385
1764505201.0282495,-4.28806,1.51074,1.7549,-0.66564771,0.711607065,0.12878385
1764505201.0282495,-4.28806,1.51074,1.7549,-0.66564771,0.711607065,0.12878385
1764505201.0282495,-4.28806,1.51074,1.7549,-0.66564771,0.711607065,0.12878385
1764505201.0282495,-4.28806,1.51074,1.7549,-0.66564771,0.711607065,0.12878385
1764505201.0292587,-4.28806,1.51074,1.7549,-0.66564771,0.711607065,0.12878385
1764505201.0292587,-4.28806,1.51074,1.7549,-0.66564771,0.711607065,0.12878385
1764505201.0292587,-4.28806,1.51074,1.7549,-0.66564771,0.711607065,0.12878385
1764505201.0292587,-4.28806,1.51074,1.7549,-0.66564771,0.711607065,0.12878385
1764505201.0292587,-5.02054,2.16692,1.9075,-0.665586675,0.71240052,0.128966955
1764505201.0292587,-5.02054,2.16692,1.9075,-0.665586675,0.71240052,0.128966955
1764505201.0302556,-5.02054,2.16692,1.9075,-0.665586675,0.71240052,0.128966955
1764505201.0302556,-5.02054,2.16692,1.9075,-0.665586675,0.71240052,0.128966955
1764505201.0302556,-5.02054,2.16692,1.9075,-0.665586675,0.71240052,0.128966955
1764505201.0302556,-5.02054,2.16692,1.9075,-0.665586675,0.71240052,0.128966955
1764505201.0302556,-5.02054,2.16692,1.9075,-0.665586675,0.71240052,0.128966955
1764505201.0302556,-5.02054,2.16692,1.9075,-0.665586675,0.71240052,0.128966955
1764505201.0302556,-5.02054,2.16692,1.9075,-0.665586675,0.71240052,0.128966955
1764505201.03126,-5.02054,2.16692,1.9075,-0.665586675,0.71240052,0.128966955
1764505201.0712874,-4.54748,3.46402,1.54126,-0.6648542550000001,0.712461555,0.128478675
1764505201.0712874,-4.54748,3.46402,1.54126,-0.6648542550000001,0.712461555,0.128478675
1764505201.0712874,-4.54748,3.46402,1.54126,-0.6648542550000001,0.712461555,0.128478675
1764505201.0712874,-4.54748,3.46402,1.54126,-0.6648542550000001,0.712461555,0.128478675
1764505201.0712874,-4.54748,3.46402,1.54126,-0.6648542550000001,0.712461555,0.128478675
1764505201.0712874,-4.54748,3.46402,1.54126,-0.6648542550000001,0.712461555,0.128478675
1764505201.0712874,-4.54748,3.46402,1.54126,-0.6648542550000001,0.712461555,0.128478675
1764505201.0712874,-4.54748,3.46402,1.54126,-0.6648542550000001,0.712461555,0.128478675
1764505201.0712874,-4.54748,3.46402,1.54126,-0.6648542550000001,0.712461555,0.128478675
1764505201.0712874,-4.54748,3.46402,1.54126,-0.6648542550000001,0.712461555,0.128478675
1764505201.0712874,-5.05106,3.34194,1.25132,-0.6658918500000001,0.71215638,0.12853971
1764505201.0712874,-5.05106,3.34194,1.25132,-0.6658918500000001,0.71215638,0.12853971
1764505201.0712874,-5.05106,3.34194,1.25132,-0.6658918500000001,0.71215638,0.12853971
1764505201.0712874,-5.05106,3.34194,1.25132,-0.6658918500000001,0.71215638,0.12853971
1764505201.0712874,-5.05106,3.34194,1.25132,-0.6658918500000001,0.71215638,0.12853971
1764505201.0712874,-5.05106,3.34194,1.25132,-0.6658918500000001,0.71215638,0.12853971
1764505201.0722966,-5.05106,3.34194,1.25132,-0.6658918500000001,0.71215638,0.12853971
1764505201.0722966,-5.05106,3.34194,1.25132,-0.6658918500000001,0.71215638,0.12853971
1764505201.0722966,-5.05106,3.34194,1.25132,-0.6658918500000001,0.71215638,0.12853971
1764505201.0722966,-5.05106,3.34194,1.25132,-0.6658918500000001,0.71215638,0.12853971
1764505201.0722966,-5.7988,3.2046,1.00716,-0.66613599,0.712583625,0.1293942
1764505201.0722966,-5.7988,3.2046,1.00716,-0.66613599,0.712583625,0.1293942
1764505201.120494,-5.7988,3.2046,1.00716,-0.66613599,0.712583625,0.1293942
1764505201.120494,-5.7988,3.2046,1.00716,-0.66613599,0.712583625,0.1293942
1764505201.120494,-5.7988,3.2046,1.00716,-0.66613599,0.712583625,0.1293942
1764505201.120494,-5.7988,3.2046,1.00716,-0.66613599,0.712583625,0.1293942
1764505201.120494,-5.7988,3.2046,1.00716,-0.66613599,0.712583625,0.1293942
1764505201.120494,-5.7988,3.2046,1.00716,-0.66613599,0.712583625,0.1293942
1764505201.120494,-5.7988,3.2046,1.00716,-0.66613599,0.712583625,0.1293942
1764505201.120494,-5.7988,3.2046,1.00716,-0.66613599,0.712583625,0.1293942
1764505201.120494,-4.959499999999999,2.57894,0.8392999999999999,-0.66625806,0.712217415,0.13110318
1764505201.120494,-4.959499999999999,2.57894,0.8392999999999999,-0.66625806,0.712217415,0.13110318
1764505201.120494,-4.959499999999999,2.57894,0.8392999999999999,-0.66625806,0.712217415,0.13110318
1764505201.1214943,-4.959499999999999,2.57894,0.8392999999999999,-0.66625806,0.712217415,0.13110318
1764505201.1214943,-4.959499999999999,2.57894,0.8392999999999999,-0.66625806,0.712217415,0.13110318
1764505201.1214943,-4.959499999999999,2.57894,0.8392999999999999,-0.66625806,0.712217415,0.13110318
1764505201.1214943,-4.959499999999999,2.57894,0.8392999999999999,-0.66625806,0.712217415,0.13110318
1764505201.1214943,-4.959499999999999,2.57894,0.8392999999999999,-0.66625806,0.712217415,0.13110318
1764505201.1214943,-4.959499999999999,2.57894,0.8392999999999999,-0.66625806,0.712217415,0.13110318
1764505201.1214943,-4.959499999999999,2.57894,0.8392999999999999,-0.66625806,0.712217415,0.13110318
1764505201.1214943,-5.21892,2.01432,0.65618,-0.667783935,0.71264466,0.13024869
1764505201.1214943,-5.21892,2.01432,0.65618,-0.667783935,0.71264466,0.13024869
1764505201.1214943,-5.21892,2.01432,0.65618,-0.667783935,0.71264466,0.13024869
1764505201.1214943,-5.21892,2.01432,0.65618,-0.667783935,0.71264466,0.13024869
1764505201.1214943,-5.21892,2.01432,0.65618,-0.667783935,0.71264466,0.13024869
1764505201.1214943,-5.21892,2.01432,0.65618,-0.667783935,0.71264466,0.13024869
1764505201.169356,-5.21892,2.01432,0.65618,-0.667783935,0.71264466,0.13024869
1764505201.169356,-5.21892,2.01432,0.65618,-0.667783935,0.71264466,0.13024869
1764505201.169356,-5.21892,2.01432,0.65618,-0.667783935,0.71264466,0.13024869
1764505201.169356,-5.21892,2.01432,0.65618,-0.667783935,0.71264466,0.13024869
1764505201.169356,-5.08158,0.44254,-0.27468,-0.668394285,0.713682255,0.13098111
1764505201.169356,-5.08158,0.44254,-0.27468,-0.668394285,0.713682255,0.13098111
1764505201.169356,-5.08158,0.44254,-0.27468,-0.668394285,0.713682255,0.13098111
1764505201.169356,-5.08158,0.44254,-0.27468,-0.668394285,0.713682255,0.13098111
1764505201.169356,-5.08158,0.44254,-0.27468,-0.668394285,0.713682255,0.13098111
1764505201.169356,-5.08158,0.44254,-0.27468,-0.668394285,0.713682255,0.13098111
1764505201.169356,-5.08158,0.44254,-0.27468,-0.668394285,0.713682255,0.13098111
1764505201.169356,-5.08158,0.44254,-0.27468,-0.668394285,0.713682255,0.13098111
1764505201.169356,-5.08158,0.44254,-0.27468,-0.668394285,0.713682255,0.13098111
1764505201.169356,-5.08158,0.44254,-0.27468,-0.668394285,0.713682255,0.13098111
1764505201.169356,-4.8069,-0.36624,-0.3204599999999999,-0.66845532,0.71227845,0.13159146
1764505201.169356,-4.8069,-0.36624,-0.3204599999999999,-0.66845532,0.71227845,0.13159146
1764505201.1703558,-4.8069,-0.36624,-0.3204599999999999,-0.66845532,0.71227845,0.13159146
1764505201.1703558,-4.8069,-0.36624,-0.3204599999999999,-0.66845532,0.71227845,0.13159146
1764505201.1703558,-4.8069,-0.36624,-0.3204599999999999,-0.66845532,0.71227845,0.13159146
1764505201.1703558,-4.8069,-0.36624,-0.3204599999999999,-0.66845532,0.71227845,0.13159146
1764505201.1703558,-4.8069,-0.36624,-0.3204599999999999,-0.66845532,0.71227845,0.13159146
1764505201.1703558,-4.8069,-0.36624,-0.3204599999999999,-0.66845532,0.71227845,0.13159146
1764505201.1703558,-4.8069,-0.36624,-0.3204599999999999,-0.66845532,0.71227845,0.13159146
1764505201.1703558,-4.8069,-0.36624,-0.3204599999999999,-0.66845532,0.71227845,0.13159146
1764505201.2133684,-5.1121,0.88508,-1.17502,-0.66686841,0.71130189,0.130553865
1764505201.2133684,-5.1121,0.88508,-1.17502,-0.66686841,0.71130189,0.130553865
1764505201.2133684,-5.1121,0.88508,-1.17502,-0.66686841,0.71130189,0.130553865
1764505201.2133684,-5.1121,0.88508,-1.17502,-0.66686841,0.71130189,0.130553865
1764505201.2133684,-5.1121,0.88508,-1.17502,-0.66686841,0.71130189,0.130553865
1764505201.2133684,-5.1121,0.88508,-1.17502,-0.66686841,0.71130189,0.130553865
1764505201.2133684,-5.1121,0.88508,-1.17502,-0.66686841,0.71130189,0.130553865
1764505201.2133684,-5.1121,0.88508,-1.17502,-0.66686841,0.71130189,0.130553865
1764505201.2133684,-5.1121,0.88508,-1.17502,-0.66686841,0.71130189,0.130553865
1764505201.2133684,-5.1121,0.88508,-1.17502,-0.66686841,0.71130189,0.130553865
1764505201.2133684,-4.8069,0.18312,-1.26658,-0.667173585,0.7109967150000001,0.129211095
1764505201.2133684,-4.8069,0.18312,-1.26658,-0.667173585,0.7109967150000001,0.129211095
1764505201.2133684,-4.8069,0.18312,-1.26658,-0.667173585,0.7109967150000001,0.129211095
1764505201.2133684,-4.8069,0.18312,-1.26658,-0.667173585,0.7109967150000001,0.129211095
1764505201.2133684,-4.8069,0.18312,-1.26658,-0.667173585,0.7109967150000001,0.129211095
1764505201.2133684,-4.8069,0.18312,-1.26658,-0.667173585,0.7109967150000001,0.129211095
1764505201.2133684,-4.8069,0.18312,-1.26658,-0.667173585,0.7109967150000001,0.129211095
1764505201.2133684,-4.8069,0.18312,-1.26658,-0.667173585,0.7109967150000001,0.129211095
1764505201.2144053,-4.8069,0.18312,-1.26658,-0.667173585,0.7109967150000001,0.129211095
1764505201.2144053,-4.8069,0.18312,-1.26658,-0.667173585,0.7109967150000001,0.129211095
1764505201.2144053,-3.6624,-0.71722,-1.32762,-0.6664411650000001,0.71032533,0.12963834
1764505201.2144053,-3.6624,-0.71722,-1.32762,-0.6664411650000001,0.71032533,0.12963834
1764505201.216962,-3.6624,-0.71722,-1.32762,-0.6664411650000001,0.71032533,0.12963834
1764505201.216962,-3.6624,-0.71722,-1.32762,-0.6664411650000001,0.71032533,0.12963834
1764505201.264999,-3.6624,-0.71722,-1.32762,-0.6664411650000001,0.71032533,0.12963834
1764505201.264999,-3.6624,-0.71722,-1.32762,-0.6664411650000001,0.71032533,0.12963834
1764505201.266014,-3.6624,-0.71722,-1.32762,-0.6664411650000001,0.71032533,0.12963834
1764505201.266014,-3.6624,-0.71722,-1.32762,-0.6664411650000001,0.71032533,0.12963834
1764505201.266014,-3.6624,-0.71722,-1.32762,-0.6664411650000001,0.71032533,0.12963834
1764505201.266014,-3.6624,-0.71722,-1.32762,-0.6664411650000001,0.71032533,0.12963834
1764505201.266014,-1.2971,-1.12924,-1.6786,-0.665586675,0.709165665,0.13134732
1764505201.266014,-1.2971,-1.12924,-1.6786,-0.665586675,0.709165665,0.13134732
1764505201.266014,-1.2971,-1.12924,-1.6786,-0.665586675,0.709165665,0.13134732
1764505201.2670186,-1.2971,-1.12924,-1.6786,-0.665586675,0.709165665,0.13134732
1764505201.2670186,-1.2971,-1.12924,-1.6786,-0.665586675,0.709165665,0.13134732
1764505201.2670186,-1.2971,-1.12924,-1.6786,-0.665586675,0.709165665,0.13134732
1764505201.2670186,-1.2971,-1.12924,-1.6786,-0.665586675,0.709165665,0.13134732
1764505201.2670186,-1.2971,-1.12924,-1.6786,-0.665586675,0.709165665,0.13134732
1764505201.2670186,-1.2971,-1.12924,-1.6786,-0.665586675,0.709165665,0.13134732
1764505201.2670186,-1.2971,-1.12924,-1.6786,-0.665586675,0.709165665,0.13134732
1764505201.2670186,-0.6409199999999999,-0.19838,-1.70912,-0.6640608,0.708677385,0.131774565
1764505201.2680094,-0.6409199999999999,-0.19838,-1.70912,-0.6640608,0.708677385,0.131774565
1764505201.2680094,-0.6409199999999999,-0.19838,-1.70912,-0.6640608,0.708677385,0.131774565
1764505201.2680094,-0.6409199999999999,-0.19838,-1.70912,-0.6640608,0.708677385,0.131774565
1764505201.2680094,-0.6409199999999999,-0.19838,-1.70912,-0.6640608,0.708677385,0.131774565
1764505201.2680094,-0.6409199999999999,-0.19838,-1.70912,-0.6640608,0.708677385,0.131774565
1764505201.2680094,-0.6409199999999999,-0.19838,-1.70912,-0.6640608,0.708677385,0.131774565
1764505201.2680094,-0.6409199999999999,-0.19838,-1.70912,-0.6640608,0.708677385,0.131774565
1764505201.306982,-0.6409199999999999,-0.19838,-1.70912,-0.6640608,0.708677385,0.131774565
1764505201.306982,-0.6409199999999999,-0.19838,-1.70912,-0.6640608,0.708677385,0.131774565
1764505201.306982,0.21364,-1.4497,-1.26658,-0.665098395,0.71069154,0.13159146
1764505201.306982,0.21364,-1.4497,-1.26658,-0.665098395,0.71069154,0.13159146
1764505201.306982,0.21364,-1.4497,-1.26658,-0.665098395,0.71069154,0.13159146
1764505201.306982,0.21364,-1.4497,-1.26658,-0.665098395,0.71069154,0.13159146
1764505201.306982,0.21364,-1.4497,-1.26658,-0.665098395,0.71069154,0.13159146
1764505201.306982,0.21364,-1.4497,-1.26658,-0.665098395,0.71069154,0.13159146
1764505201.306982,0.21364,-1.4497,-1.26658,-0.665098395,0.71069154,0.13159146
1764505201.306982,0.21364,-1.4497,-1.26658,-0.665098395,0.71069154,0.13159146
1764505201.3079915,0.21364,-1.4497,-1.26658,-0.665098395,0.71069154,0.13159146
1764505201.3079915,0.21364,-1.4497,-1.26658,-0.665098395,0.71069154,0.13159146
1764505201.3079915,0.25942,-2.94518,-1.3734,-0.66808911,0.71520813,0.13171353
1764505201.3079915,0.25942,-2.94518,-1.3734,-0.66808911,0.71520813,0.13171353
1764505201.3079915,0.25942,-2.94518,-1.3734,-0.66808911,0.71520813,0.13171353
1764505201.3079915,0.25942,-2.94518,-1.3734,-0.66808911,0.71520813,0.13171353
1764505201.3089893,0.25942,-2.94518,-1.3734,-0.66808911,0.71520813,0.13171353
1764505201.3089893,0.25942,-2.94518,-1.3734,-0.66808911,0.71520813,0.13171353
1764505201.3089893,0.25942,-2.94518,-1.3734,-0.66808911,0.71520813,0.13171353
1764505201.3089893,0.25942,-2.94518,-1.3734,-0.66808911,0.71520813,0.13171353
1764505201.3089893,0.25942,-2.94518,-1.3734,-0.66808911,0.71520813,0.13171353
1764505201.3089893,0.25942,-2.94518,-1.3734,-0.66808911,0.71520813,0.13171353
1764505201.355231,-1.8312,-4.16598,-2.12114,-0.668882565,0.71948058,0.13159146
1764505201.355231,-1.8312,-4.16598,-2.12114,-0.668882565,0.71948058,0.13159146
1764505201.355231,-1.8312,-4.16598,-2.12114,-0.668882565,0.71948058,0.13159146
1764505201.355231,-1.8312,-4.16598,-2.12114,-0.668882565,0.71948058,0.13159146
1764505201.355231,-1.8312,-4.16598,-2.12114,-0.668882565,0.71948058,0.13159146
1764505201.355231,-1.8312,-4.16598,-2.12114,-0.668882565,0.71948058,0.13159146
1764505201.355231,-1.8312,-4.16598,-2.12114,-0.668882565,0.71948058,0.13159146
1764505201.355231,-1.8312,-4.16598,-2.12114,-0.668882565,0.71948058,0.13159146
1764505201.355231,-1.8312,-4.16598,-2.12114,-0.668882565,0.71948058,0.13159146
1764505201.355231,-1.8312,-4.16598,-2.12114,-0.668882565,0.71948058,0.13159146
1764505201.355231,-5.67672,-2.01432,-2.68576,-0.6674787600000001,0.72363096,0.130431795
1764505201.355231,-5.67672,-2.01432,-2.68576,-0.6674787600000001,0.72363096,0.130431795
1764505201.355231,-5.67672,-2.01432,-2.68576,-0.6674787600000001,0.72363096,0.130431795
1764505201.355231,-5.67672,-2.01432,-2.68576,-0.6674787600000001,0.72363096,0.130431795
1764505201.355231,-5.67672,-2.01432,-2.68576,-0.6674787600000001,0.72363096,0.130431795
1764505201.356249,-5.67672,-2.01432,-2.68576,-0.6674787600000001,0.72363096,0.130431795
1764505201.356249,-5.67672,-2.01432,-2.68576,-0.6674787600000001,0.72363096,0.130431795
1764505201.356249,-5.67672,-2.01432,-2.68576,-0.6674787600000001,0.72363096,0.130431795
1764505201.356249,-5.67672,-2.01432,-2.68576,-0.6674787600000001,0.72363096,0.130431795
1764505201.356249,-5.67672,-2.01432,-2.68576,-0.6674787600000001,0.72363096,0.130431795
1764505201.356249,-7.49266,0.2289,-1.72438,-0.6664411650000001,0.7238751,0.130065585
1764505201.356249,-7.49266,0.2289,-1.72438,-0.6664411650000001,0.7238751,0.130065585
1764505201.356249,-7.49266,0.2289,-1.72438,-0.6664411650000001,0.7238751,0.130065585
1764505201.356249,-7.49266,0.2289,-1.72438,-0.6664411650000001,0.7238751,0.130065585
1764505201.399688,-7.49266,0.2289,-1.72438,-0.6664411650000001,0.7238751,0.130065585
1764505201.399688,-7.49266,0.2289,-1.72438,-0.6664411650000001,0.7238751,0.130065585
1764505201.399688,-7.49266,0.2289,-1.72438,-0.6664411650000001,0.7238751,0.130065585
1764505201.399688,-7.49266,0.2289,-1.72438,-0.6664411650000001,0.7238751,0.130065585
1764505201.399688,-7.49266,0.2289,-1.72438,-0.6664411650000001,0.7238751,0.130065585
1764505201.399688,-7.49266,0.2289,-1.72438,-0.6664411650000001,0.7238751,0.130065585
1764505201.399688,-6.271859999999999,2.8231,0.42728,-0.66454908,0.71923644,0.128356605
1764505201.399688,-6.271859999999999,2.8231,0.42728,-0.66454908,0.71923644,0.128356605
1764505201.399688,-6.271859999999999,2.8231,0.42728,-0.66454908,0.71923644,0.128356605
1764505201.399688,-6.271859999999999,2.8231,0.42728,-0.66454908,0.71923644,0.128356605
1764505201.399688,-6.271859999999999,2.8231,0.42728,-0.66454908,0.71923644,0.128356605
1764505201.399688,-6.271859999999999,2.8231,0.42728,-0.66454908,0.71923644,0.128356605
1764505201.399688,-6.271859999999999,2.8231,0.42728,-0.66454908,0.71923644,0.128356605
1764505201.399688,-6.271859999999999,2.8231,0.42728,-0.66454908,0.71923644,0.128356605
1764505201.399688,-6.271859999999999,2.8231,0.42728,-0.66454908,0.71923644,0.128356605
1764505201.399688,-6.271859999999999,2.8231,0.42728,-0.66454908,0.71923644,0.128356605
1764505201.399688,-4.440659999999999,2.45686,1.78542,-0.665098395,0.71374329,0.125915205
1764505201.399688,-4.440659999999999,2.45686,1.78542,-0.665098395,0.71374329,0.125915205
1764505201.399688,-4.440659999999999,2.45686,1.78542,-0.665098395,0.71374329,0.125915205
1764505201.399688,-4.440659999999999,2.45686,1.78542,-0.665098395,0.71374329,0.125915205
1764505201.399688,-4.440659999999999,2.45686,1.78542,-0.665098395,0.71374329,0.125915205
1764505201.399688,-4.440659999999999,2.45686,1.78542,-0.665098395,0.71374329,0.125915205
1764505201.4435873,-4.440659999999999,2.45686,1.78542,-0.665098395,0.71374329,0.125915205
1764505201.4451632,-4.440659999999999,2.45686,1.78542,-0.665098395,0.71374329,0.125915205
1764505201.4451632,-4.440659999999999,2.45686,1.78542,-0.665098395,0.71374329,0.125915205
1764505201.4451632,-4.440659999999999,2.45686,1.78542,-0.665098395,0.71374329,0.125915205
1764505201.4451632,-2.70102,0.96138,1.72438,-0.6674787600000001,0.709287735,0.126647625
1764505201.4451632,-2.70102,0.96138,1.72438,-0.6674787600000001,0.709287735,0.126647625
1764505201.4451632,-2.70102,0.96138,1.72438,-0.6674787600000001,0.709287735,0.126647625
1764505201.4451632,-2.70102,0.96138,1.72438,-0.6674787600000001,0.709287735,0.126647625
1764505201.4461925,-2.70102,0.96138,1.72438,-0.6674787600000001,0.709287735,0.126647625
1764505201.4461925,-2.70102,0.96138,1.72438,-0.6674787600000001,0.709287735,0.126647625
1764505201.4461925,-2.70102,0.96138,1.72438,-0.6674787600000001,0.709287735,0.126647625
1764505201.4461925,-2.70102,0.96138,1.72438,-0.6674787600000001,0.709287735,0.126647625
1764505201.4461925,-2.70102,0.96138,1.72438,-0.6674787600000001,0.709287735,0.126647625
1764505201.4461925,-2.70102,0.96138,1.72438,-0.6674787600000001,0.709287735,0.126647625
1764505201.4461925,-1.77016,1.03768,1.72438,-0.6695539500000001,0.708921525,0.128600745
1764505201.4461925,-1.77016,1.03768,1.72438,-0.6695539500000001,0.708921525,0.128600745
1764505201.4461925,-1.77016,1.03768,1.72438,-0.6695539500000001,0.708921525,0.128600745
1764505201.4461925,-1.77016,1.03768,1.72438,-0.6695539500000001,0.708921525,0.128600745
1764505201.447178,-1.77016,1.03768,1.72438,-0.6695539500000001,0.708921525,0.128600745
1764505201.447178,-1.77016,1.03768,1.72438,-0.6695539500000001,0.708921525,0.128600745
1764505201.447178,-1.77016,1.03768,1.72438,-0.6695539500000001,0.708921525,0.128600745
1764505201.447178,-1.77016,1.03768,1.72438,-0.6695539500000001,0.708921525,0.128600745
1764505201.447178,-1.77016,1.03768,1.72438,-0.6695539500000001,0.708921525,0.128600745
1764505201.447178,-1.77016,1.03768,1.72438,-0.6695539500000001,0.708921525,0.128600745
1764505201.4998868,-3.06726,1.81594,0.7019599999999999,-0.66845532,0.71154603,0.12951627
1764505201.4998868,-3.06726,1.81594,0.7019599999999999,-0.66845532,0.71154603,0.12951627
1764505201.4998868,-3.06726,1.81594,0.7019599999999999,-0.66845532,0.71154603,0.12951627
1764505201.4998868,-3.06726,1.81594,0.7019599999999999,-0.66845532,0.71154603,0.12951627
1764505201.4998868,-3.06726,1.81594,0.7019599999999999,-0.66845532,0.71154603,0.12951627
1764505201.4998868,-3.06726,1.81594,0.7019599999999999,-0.66845532,0.71154603,0.12951627
1764505201.4998868,-3.06726,1.81594,0.7019599999999999,-0.66845532,0.71154603,0.12951627
1764505201.4998868,-3.06726,1.81594,0.7019599999999999,-0.66845532,0.71154603,0.12951627
1764505201.4998868,-3.06726,1.81594,0.7019599999999999,-0.66845532,0.71154603,0.12951627
1764505201.4998868,-3.06726,1.81594,0.7019599999999999,-0.66845532,0.71154603,0.12951627
1764505201.4998868,-4.60852,2.1364,0.59514,-0.66699048,0.71642883,0.13012662
1764505201.4998868,-4.60852,2.1364,0.59514,-0.66699048,0.71642883,0.13012662
1764505201.4998868,-4.60852,2.1364,0.59514,-0.66699048,0.71642883,0.13012662
1764505201.4998868,-4.60852,2.1364,0.59514,-0.66699048,0.71642883,0.13012662
1764505201.4998868,-4.60852,2.1364,0.59514,-0.66699048,0.71642883,0.13012662
1764505201.4998868,-4.60852,2.1364,0.59514,-0.66699048,0.71642883,0.13012662
1764505201.4998868,-4.60852,2.1364,0.59514,-0.66699048,0.71642883,0.13012662
1764505201.4998868,-4.60852,2.1364,0.59514,-0.66699048,0.71642883,0.13012662
1764505201.4998868,-4.60852,2.1364,0.59514,-0.66699048,0.71642883,0.13012662
1764505201.5008798,-4.60852,2.1364,0.59514,-0.66699048,0.71642883,0.13012662
1764505201.5008798,-4.70008,1.70912,0.3509799999999999,-0.665464605,0.71960265,0.13146939
1764505201.5008798,-4.70008,1.70912,0.3509799999999999,-0.665464605,0.71960265,0.13146939
1764505201.5008798,-4.70008,1.70912,0.3509799999999999,-0.665464605,0.71960265,0.13146939
1764505201.5008798,-4.70008,1.70912,0.3509799999999999,-0.665464605,0.71960265,0.13146939
1764505201.501887,-4.70008,1.70912,0.3509799999999999,-0.665464605,0.71960265,0.13146939
1764505201.501887,-4.70008,1.70912,0.3509799999999999,-0.665464605,0.71960265,0.13146939
1764505201.5396566,-4.70008,1.70912,0.3509799999999999,-0.665464605,0.71960265,0.13146939
1764505201.5396566,-4.70008,1.70912,0.3509799999999999,-0.665464605,0.71960265,0.13146939
1764505201.5396566,-4.70008,1.70912,0.3509799999999999,-0.665464605,0.71960265,0.13146939
1764505201.5396566,-4.70008,1.70912,0.3509799999999999,-0.665464605,0.71960265,0.13146939
1764505201.5396566,-4.852679999999999,2.1364,0.54936,-0.66345045,0.71984679,0.132384915
1764505201.5396566,-4.852679999999999,2.1364,0.54936,-0.66345045,0.71984679,0.132384915
1764505201.5396566,-4.852679999999999,2.1364,0.54936,-0.66345045,0.71984679,0.132384915
1764505201.540671,-4.852679999999999,2.1364,0.54936,-0.66345045,0.71984679,0.132384915
1764505201.540671,-4.852679999999999,2.1364,0.54936,-0.66345045,0.71984679,0.132384915
1764505201.540671,-4.852679999999999,2.1364,0.54936,-0.66345045,0.71984679,0.132384915
1764505201.540671,-4.852679999999999,2.1364,0.54936,-0.66345045,0.71984679,0.132384915
1764505201.540671,-4.852679999999999,2.1364,0.54936,-0.66345045,0.71984679,0.132384915
1764505201.540671,-4.852679999999999,2.1364,0.54936,-0.66345045,0.71984679,0.132384915
1764505201.540671,-4.852679999999999,2.1364,0.54936,-0.66345045,0.71984679,0.132384915
1764505201.540671,-6.958559999999999,2.65524,0.3509799999999999,-0.66442701,0.7189923,0.131896635
1764505201.540671,-6.958559999999999,2.65524,0.3509799999999999,-0.66442701,0.7189923,0.131896635
1764505201.540671,-6.958559999999999,2.65524,0.3509799999999999,-0.66442701,0.7189923,0.131896635
1764505201.540671,-6.958559999999999,2.65524,0.3509799999999999,-0.66442701,0.7189923,0.131896635
1764505201.540671,-6.958559999999999,2.65524,0.3509799999999999,-0.66442701,0.7189923,0.131896635
1764505201.540671,-6.958559999999999,2.65524,0.3509799999999999,-0.66442701,0.7189923,0.131896635
1764505201.5875804,-6.958559999999999,2.65524,0.3509799999999999,-0.66442701,0.7189923,0.131896635
1764505201.5875804,-6.958559999999999,2.65524,0.3509799999999999,-0.66442701,0.7189923,0.131896635
1764505201.5875804,-6.958559999999999,2.65524,0.3509799999999999,-0.66442701,0.7189923,0.131896635
1764505201.5875804,-6.958559999999999,2.65524,0.3509799999999999,-0.66442701,0.7189923,0.131896635
1764505201.5875804,-9.03392,1.61756,0.04578,-0.6658918500000001,0.7193585100000001,0.13073697
1764505201.5875804,-9.03392,1.61756,0.04578,-0.6658918500000001,0.7193585100000001,0.13073697
1764505201.5875804,-9.03392,1.61756,0.04578,-0.6658918500000001,0.7193585100000001,0.13073697
1764505201.5875804,-9.03392,1.61756,0.04578,-0.6658918500000001,0.7193585100000001,0.13073697
1764505201.5875804,-9.03392,1.61756,0.04578,-0.6658918500000001,0.7193585100000001,0.13073697
1764505201.5875804,-9.03392,1.61756,0.04578,-0.6658918500000001,0.7193585100000001,0.13073697
1764505201.5875804,-9.03392,1.61756,0.04578,-0.6658918500000001,0.7193585100000001,0.13073697
1764505201.5875804,-9.03392,1.61756,0.04578,-0.6658918500000001,0.7193585100000001,0.13073697
1764505201.5875804,-9.03392,1.61756,0.04578,-0.6658918500000001,0.7193585100000001,0.13073697
1764505201.5875804,-9.03392,1.61756,0.04578,-0.6658918500000001,0.7193585100000001,0.13073697
1764505201.5875804,-7.95046,1.08346,-0.04578,-0.66552564,0.718687125,0.131408355
1764505201.5875804,-7.95046,1.08346,-0.04578,-0.66552564,0.718687125,0.131408355
1764505201.5875804,-7.95046,1.08346,-0.04578,-0.66552564,0.718687125,0.131408355
1764505201.5875804,-7.95046,1.08346,-0.04578,-0.66552564,0.718687125,0.131408355
1764505201.5875804,-7.95046,1.08346,-0.04578,-0.66552564,0.718687125,0.131408355
1764505201.5875804,-7.95046,1.08346,-0.04578,-0.66552564,0.718687125,0.131408355
1764505201.5875804,-7.95046,1.08346,-0.04578,-0.66552564,0.718687125,0.131408355
1764505201.5875804,-7.95046,1.08346,-0.04578,-0.66552564,0.718687125,0.131408355
1764505201.58858,-7.95046,1.08346,-0.04578,-0.66552564,0.718687125,0.131408355
1764505201.58858,-7.95046,1.08346,-0.04578,-0.66552564,0.718687125,0.131408355
1764505201.634405,-6.60758,1.38866,-0.8087799999999999,-0.6648542550000001,0.715269165,0.13159146
1764505201.634405,-6.60758,1.38866,-0.8087799999999999,-0.6648542550000001,0.715269165,0.13159146
1764505201.634405,-6.60758,1.38866,-0.8087799999999999,-0.6648542550000001,0.715269165,0.13159146
1764505201.634405,-6.60758,1.38866,-0.8087799999999999,-0.6648542550000001,0.715269165,0.13159146
1764505201.634405,-6.60758,1.38866,-0.8087799999999999,-0.6648542550000001,0.715269165,0.13159146
1764505201.634405,-6.60758,1.38866,-0.8087799999999999,-0.6648542550000001,0.715269165,0.13159146
1764505201.634405,-6.60758,1.38866,-0.8087799999999999,-0.6648542550000001,0.715269165,0.13159146
1764505201.634405,-6.60758,1.38866,-0.8087799999999999,-0.6648542550000001,0.715269165,0.13159146
1764505201.634405,-6.60758,1.38866,-0.8087799999999999,-0.6648542550000001,0.715269165,0.13159146
1764505201.634405,-6.60758,1.38866,-0.8087799999999999,-0.6648542550000001,0.715269165,0.13159146
1764505201.6354194,-4.54748,1.6633399999999998,0.0,-0.666685305,0.71105775,0.130798005
1764505201.6354194,-4.54748,1.6633399999999998,0.0,-0.666685305,0.71105775,0.130798005
1764505201.6354194,-4.54748,1.6633399999999998,0.0,-0.666685305,0.71105775,0.130798005
1764505201.6354194,-4.54748,1.6633399999999998,0.0,-0.666685305,0.71105775,0.130798005
1764505201.6354194,-4.54748,1.6633399999999998,0.0,-0.666685305,0.71105775,0.130798005
1764505201.6354194,-4.54748,1.6633399999999998,0.0,-0.666685305,0.71105775,0.130798005
1764505201.6354194,-4.54748,1.6633399999999998,0.0,-0.666685305,0.71105775,0.130798005
1764505201.6354194,-4.54748,1.6633399999999998,0.0,-0.666685305,0.71105775,0.130798005
1764505201.6359348,-4.54748,1.6633399999999998,0.0,-0.666685305,0.71105775,0.130798005
1764505201.6359348,-4.54748,1.6633399999999998,0.0,-0.666685305,0.71105775,0.130798005
1764505201.6359348,-2.48738,-0.3357199999999999,0.8698199999999999,-0.669126705,0.70947084,0.1306149
1764505201.6359348,-2.48738,-0.3357199999999999,0.8698199999999999,-0.669126705,0.70947084,0.1306149
1764505201.681363,-2.48738,-0.3357199999999999,0.8698199999999999,-0.669126705,0.70947084,0.1306149
1764505201.681363,-2.48738,-0.3357199999999999,0.8698199999999999,-0.669126705,0.70947084,0.1306149
1764505201.6818695,-2.48738,-0.3357199999999999,0.8698199999999999,-0.669126705,0.70947084,0.1306149
1764505201.6818695,-2.48738,-0.3357199999999999,0.8698199999999999,-0.669126705,0.70947084,0.1306149
1764505201.6818695,-2.48738,-0.3357199999999999,0.8698199999999999,-0.669126705,0.70947084,0.1306149
1764505201.6818695,-2.48738,-0.3357199999999999,0.8698199999999999,-0.669126705,0.70947084,0.1306149
1764505201.6818695,-2.48738,-0.3357199999999999,0.8698199999999999,-0.669126705,0.70947084,0.1306149
1764505201.6818695,-2.48738,-0.3357199999999999,0.8698199999999999,-0.669126705,0.70947084,0.1306149
1764505201.6818695,-0.51884,-2.19744,0.79352,-0.670469475,0.711240855,0.133117335
1764505201.6818695,-0.51884,-2.19744,0.79352,-0.670469475,0.711240855,0.133117335
1764505201.6818695,-0.51884,-2.19744,0.79352,-0.670469475,0.711240855,0.133117335
1764505201.6818695,-0.51884,-2.19744,0.79352,-0.670469475,0.711240855,0.133117335
1764505201.6818695,-0.51884,-2.19744,0.79352,-0.670469475,0.711240855,0.133117335
1764505201.6818695,-0.51884,-2.19744,0.79352,-0.670469475,0.711240855,0.133117335
1764505201.6818695,-0.51884,-2.19744,0.79352,-0.670469475,0.711240855,0.133117335
1764505201.6818695,-0.51884,-2.19744,0.79352,-0.670469475,0.711240855,0.133117335
1764505201.6823752,-0.51884,-2.19744,0.79352,-0.670469475,0.711240855,0.133117335
1764505201.6823752,-0.51884,-2.19744,0.79352,-0.670469475,0.711240855,0.133117335
1764505201.6823752,-0.36624,-2.8231,0.62566,-0.669981195,0.71630676,0.135192525
1764505201.6823752,-0.36624,-2.8231,0.62566,-0.669981195,0.71630676,0.135192525
1764505201.6823752,-0.36624,-2.8231,0.62566,-0.669981195,0.71630676,0.135192525
1764505201.6823752,-0.36624,-2.8231,0.62566,-0.669981195,0.71630676,0.135192525
1764505201.6823752,-0.36624,-2.8231,0.62566,-0.669981195,0.71630676,0.135192525
1764505201.6823752,-0.36624,-2.8231,0.62566,-0.669981195,0.71630676,0.135192525
1764505201.7270126,-0.36624,-2.8231,0.62566,-0.669981195,0.71630676,0.135192525
1764505201.7280166,-0.36624,-2.8231,0.62566,-0.669981195,0.71630676,0.135192525
1764505201.7280166,-0.36624,-2.8231,0.62566,-0.669981195,0.71630676,0.135192525
1764505201.7280166,-0.36624,-2.8231,0.62566,-0.669981195,0.71630676,0.135192525
1764505201.7280166,-1.93802,-3.49454,0.36624,-0.67004223,0.720762315,0.135680805
1764505201.7280166,-1.93802,-3.49454,0.36624,-0.67004223,0.720762315,0.135680805
1764505201.7280166,-1.93802,-3.49454,0.36624,-0.67004223,0.720762315,0.135680805
1764505201.7280166,-1.93802,-3.49454,0.36624,-0.67004223,0.720762315,0.135680805
1764505201.7280166,-1.93802,-3.49454,0.36624,-0.67004223,0.720762315,0.135680805
1764505201.7280166,-1.93802,-3.49454,0.36624,-0.67004223,0.720762315,0.135680805
1764505201.7280166,-1.93802,-3.49454,0.36624,-0.67004223,0.720762315,0.135680805
1764505201.7280166,-1.93802,-3.49454,0.36624,-0.67004223,0.720762315,0.135680805
1764505201.7280166,-1.93802,-3.49454,0.36624,-0.67004223,0.720762315,0.135680805
1764505201.7280166,-1.93802,-3.49454,0.36624,-0.67004223,0.720762315,0.135680805
1764505201.7280166,-5.32574,-3.1283,0.85456,-0.66845532,0.724424415,0.135802875
1764505201.7280166,-5.32574,-3.1283,0.85456,-0.66845532,0.724424415,0.135802875
1764505201.7280166,-5.32574,-3.1283,0.85456,-0.66845532,0.724424415,0.135802875
1764505201.7280166,-5.32574,-3.1283,0.85456,-0.66845532,0.724424415,0.135802875
1764505201.7280166,-5.32574,-3.1283,0.85456,-0.66845532,0.724424415,0.135802875
1764505201.7280166,-5.32574,-3.1283,0.85456,-0.66845532,0.724424415,0.135802875
1764505201.7280166,-5.32574,-3.1283,0.85456,-0.66845532,0.724424415,0.135802875
1764505201.7280166,-5.32574,-3.1283,0.85456,-0.66845532,0.724424415,0.135802875
1764505201.7280166,-5.32574,-3.1283,0.85456,-0.66845532,0.724424415,0.135802875
1764505201.7280166,-5.32574,-3.1283,0.85456,-0.66845532,0.724424415,0.135802875
1764505201.773903,-8.14884,-2.63998,1.63282,-0.66613599,0.725156835,0.134826315
1764505201.773903,-8.14884,-2.63998,1.63282,-0.66613599,0.725156835,0.134826315
1764505201.773903,-8.14884,-2.63998,1.63282,-0.66613599,0.725156835,0.134826315
1764505201.773903,-8.14884,-2.63998,1.63282,-0.66613599,0.725156835,0.134826315
1764505201.773903,-8.14884,-2.63998,1.63282,-0.66613599,0.725156835,0.134826315
1764505201.775452,-8.14884,-2.63998,1.63282,-0.66613599,0.725156835,0.134826315
1764505201.775452,-8.14884,-2.63998,1.63282,-0.66613599,0.725156835,0.134826315
1764505201.7758448,-8.14884,-2.63998,1.63282,-0.66613599,0.725156835,0.134826315
1764505201.7758448,-8.14884,-2.63998,1.63282,-0.66613599,0.725156835,0.134826315
1764505201.7758448,-8.14884,-2.63998,1.63282,-0.66613599,0.725156835,0.134826315
1764505201.776466,-9.59854,-1.4039199999999998,2.76206,-0.665342535,0.722349225,0.13439907
1764505201.776466,-9.59854,-1.4039199999999998,2.76206,-0.665342535,0.722349225,0.13439907
1764505201.776466,-9.59854,-1.4039199999999998,2.76206,-0.665342535,0.722349225,0.13439907
1764505201.776466,-9.59854,-1.4039199999999998,2.76206,-0.665342535,0.722349225,0.13439907
1764505201.776466,-9.59854,-1.4039199999999998,2.76206,-0.665342535,0.722349225,0.13439907
1764505201.776466,-9.59854,-1.4039199999999998,2.76206,-0.665342535,0.722349225,0.13439907
1764505201.77747,-9.59854,-1.4039199999999998,2.76206,-0.665342535,0.722349225,0.13439907
1764505201.77747,-9.59854,-1.4039199999999998,2.76206,-0.665342535,0.722349225,0.13439907
1764505201.77747,-9.59854,-1.4039199999999998,2.76206,-0.665342535,0.722349225,0.13439907
1764505201.77747,-9.59854,-1.4039199999999998,2.76206,-0.665342535,0.722349225,0.13439907
1764505201.77747,-10.43784,0.42728,2.88414,-0.66540357,0.71716125,0.132873195
1764505201.77747,-10.43784,0.42728,2.88414,-0.66540357,0.71716125,0.132873195
1764505201.82233,-10.43784,0.42728,2.88414,-0.66540357,0.71716125,0.132873195
1764505201.82233,-10.43784,0.42728,2.88414,-0.66540357,0.71716125,0.132873195
1764505201.823333,-10.43784,0.42728,2.88414,-0.66540357,0.71716125,0.132873195
1764505201.823333,-10.43784,0.42728,2.88414,-0.66540357,0.71716125,0.132873195
1764505201.823333,-10.43784,0.42728,2.88414,-0.66540357,0.71716125,0.132873195
1764505201.823333,-10.43784,0.42728,2.88414,-0.66540357,0.71716125,0.132873195
1764505201.823333,-10.43784,0.42728,2.88414,-0.66540357,0.71716125,0.132873195
1764505201.823333,-10.43784,0.42728,2.88414,-0.66540357,0.71716125,0.132873195
1764505201.823333,-9.0797,0.59514,2.07536,-0.66564771,0.710874645,0.13232388
1764505201.823333,-9.0797,0.59514,2.07536,-0.66564771,0.710874645,0.13232388
1764505201.823333,-9.0797,0.59514,2.07536,-0.66564771,0.710874645,0.13232388
1764505201.823333,-9.0797,0.59514,2.07536,-0.66564771,0.710874645,0.13232388
1764505201.823333,-9.0797,0.59514,2.07536,-0.66564771,0.710874645,0.13232388
1764505201.823333,-9.0797,0.59514,2.07536,-0.66564771,0.710874645,0.13232388
1764505201.823333,-9.0797,0.59514,2.07536,-0.66564771,0.710874645,0.13232388
1764505201.823333,-9.0797,0.59514,2.07536,-0.66564771,0.710874645,0.13232388
1764505201.823333,-9.0797,0.59514,2.07536,-0.66564771,0.710874645,0.13232388
1764505201.823333,-9.0797,0.59514,2.07536,-0.66564771,0.710874645,0.13232388
1764505201.823333,-5.9514,0.39676,1.19028,-0.667173585,0.705259425,0.13220181
1764505201.823333,-5.9514,0.39676,1.19028,-0.667173585,0.705259425,0.13220181
1764505201.823333,-5.9514,0.39676,1.19028,-0.667173585,0.705259425,0.13220181
1764505201.823333,-5.9514,0.39676,1.19028,-0.667173585,0.705259425,0.13220181
1764505201.823333,-5.9514,0.39676,1.19028,-0.667173585,0.705259425,0.13220181
1764505201.823333,-5.9514,0.39676,1.19028,-0.667173585,0.705259425,0.13220181
1764505201.867449,-5.9514,0.39676,1.19028,-0.667173585,0.705259425,0.13220181
1764505201.867449,-5.9514,0.39676,1.19028,-0.667173585,0.705259425,0.13220181
1764505201.867449,-5.9514,0.39676,1.19028,-0.667173585,0.705259425,0.13220181
1764505201.867449,-5.9514,0.39676,1.19028,-0.667173585,0.705259425,0.13220181
1764505201.867449,-1.526,-0.1678599999999999,0.94612,-0.668882565,0.703184235,0.132995265
1764505201.867449,-1.526,-0.1678599999999999,0.94612,-0.668882565,0.703184235,0.132995265
1764505201.867449,-1.526,-0.1678599999999999,0.94612,-0.668882565,0.703184235,0.132995265
1764505201.8680024,-1.526,-0.1678599999999999,0.94612,-0.668882565,0.703184235,0.132995265
1764505201.8680024,-1.526,-0.1678599999999999,0.94612,-0.668882565,0.703184235,0.132995265
1764505201.8680024,-1.526,-0.1678599999999999,0.94612,-0.668882565,0.703184235,0.132995265
1764505201.8680024,-1.526,-0.1678599999999999,0.94612,-0.668882565,0.703184235,0.132995265
1764505201.8680024,-1.526,-0.1678599999999999,0.94612,-0.668882565,0.703184235,0.132995265
1764505201.8680024,-1.526,-0.1678599999999999,0.94612,-0.668882565,0.703184235,0.132995265
1764505201.8680024,-1.526,-0.1678599999999999,0.94612,-0.668882565,0.703184235,0.132995265
1764505201.8680024,0.71722,-1.35814,1.87698,-0.669614985,0.705137355,0.13378872
1764505201.8680024,0.71722,-1.35814,1.87698,-0.669614985,0.705137355,0.13378872
1764505201.8680024,0.71722,-1.35814,1.87698,-0.669614985,0.705137355,0.13378872
1764505201.8680024,0.71722,-1.35814,1.87698,-0.669614985,0.705137355,0.13378872
1764505201.8680024,0.71722,-1.35814,1.87698,-0.669614985,0.705137355,0.13378872
1764505201.8680024,0.71722,-1.35814,1.87698,-0.669614985,0.705137355,0.13378872
1764505201.8680024,0.71722,-1.35814,1.87698,-0.669614985,0.705137355,0.13378872
1764505201.8680024,0.71722,-1.35814,1.87698,-0.669614985,0.705137355,0.13378872
1764505201.8680024,0.71722,-1.35814,1.87698,-0.669614985,0.705137355,0.13378872
1764505201.8680024,0.71722,-1.35814,1.87698,-0.669614985,0.705137355,0.13378872
1764505201.9154422,-1.11398,-1.73964,1.92276,-0.667783935,0.71069154,0.133971825
1764505201.9154422,-1.11398,-1.73964,1.92276,-0.667783935,0.71069154,0.133971825
1764505201.9154422,-1.11398,-1.73964,1.92276,-0.667783935,0.71069154,0.133971825
1764505201.9154422,-1.11398,-1.73964,1.92276,-0.667783935,0.71069154,0.133971825
1764505201.9154422,-1.11398,-1.73964,1.92276,-0.667783935,0.71069154,0.133971825
1764505201.9154422,-1.11398,-1.73964,1.92276,-0.667783935,0.71069154,0.133971825
1764505201.9154422,-1.11398,-1.73964,1.92276,-0.667783935,0.71069154,0.133971825
1764505201.9154422,-1.11398,-1.73964,1.92276,-0.667783935,0.71069154,0.133971825
1764505201.9154422,-1.11398,-1.73964,1.92276,-0.667783935,0.71069154,0.133971825
1764505201.9154422,-1.11398,-1.73964,1.92276,-0.667783935,0.71069154,0.133971825
1764505201.9154422,-3.98286,-0.25942,1.23606,-0.663755625,0.71581848,0.13500942
1764505201.9154422,-3.98286,-0.25942,1.23606,-0.663755625,0.71581848,0.13500942
1764505201.9154422,-3.98286,-0.25942,1.23606,-0.663755625,0.71581848,0.13500942
1764505201.9154422,-3.98286,-0.25942,1.23606,-0.663755625,0.71581848,0.13500942
1764505201.9154422,-3.98286,-0.25942,1.23606,-0.663755625,0.71581848,0.13500942
1764505201.9154422,-3.98286,-0.25942,1.23606,-0.663755625,0.71581848,0.13500942
1764505201.9154422,-3.98286,-0.25942,1.23606,-0.663755625,0.71581848,0.13500942
1764505201.9154422,-3.98286,-0.25942,1.23606,-0.663755625,0.71581848,0.13500942
1764505201.9154422,-3.98286,-0.25942,1.23606,-0.663755625,0.71581848,0.13500942
1764505201.9154422,-3.98286,-0.25942,1.23606,-0.663755625,0.71581848,0.13500942
1764505201.9154422,-6.3329,1.4497,-0.0762999999999999,-0.66125319,0.71716125,0.13513149
1764505201.9154422,-6.3329,1.4497,-0.0762999999999999,-0.66125319,0.71716125,0.13513149
1764505201.9154422,-6.3329,1.4497,-0.0762999999999999,-0.66125319,0.71716125,0.13513149
1764505201.9154422,-6.3329,1.4497,-0.0762999999999999,-0.66125319,0.71716125,0.13513149
1764505201.9631035,-6.3329,1.4497,-0.0762999999999999,-0.66125319,0.71716125,0.13513149
1764505201.964109,-6.3329,1.4497,-0.0762999999999999,-0.66125319,0.71716125,0.13513149
1764505201.964352,-6.3329,1.4497,-0.0762999999999999,-0.66125319,0.71716125,0.13513149
1764505201.9644306,-6.3329,1.4497,-0.0762999999999999,-0.66125319,0.71716125,0.13513149
1764505201.9644306,-6.3329,1.4497,-0.0762999999999999,-0.66125319,0.71716125,0.13513149
1764505201.9644306,-6.3329,1.4497,-0.0762999999999999,-0.66125319,0.71716125,0.13513149
1764505201.9644306,-8.65242,4.21176,0.28994,-0.66113112,0.71386536,0.13366665
1764505201.9644306,-8.65242,4.21176,0.28994,-0.66113112,0.71386536,0.13366665
1764505201.9644306,-8.65242,4.21176,0.28994,-0.66113112,0.71386536,0.13366665
1764505201.9644306,-8.65242,4.21176,0.28994,-0.66113112,0.71386536,0.13366665
1764505201.965437,-8.65242,4.21176,0.28994,-0.66113112,0.71386536,0.13366665
1764505201.965437,-8.65242,4.21176,0.28994,-0.66113112,0.71386536,0.13366665
1764505201.965437,-8.65242,4.21176,0.28994,-0.66113112,0.71386536,0.13366665
1764505201.965437,-8.65242,4.21176,0.28994,-0.66113112,0.71386536,0.13366665
1764505201.965437,-8.65242,4.21176,0.28994,-0.66113112,0.71386536,0.13366665
1764505201.965437,-8.65242,4.21176,0.28994,-0.66113112,0.71386536,0.13366665
1764505201.965437,-10.88038,4.94424,-0.6409199999999999,-0.661680435,0.710630505,0.13171353
1764505201.965437,-10.88038,4.94424,-0.6409199999999999,-0.661680435,0.710630505,0.13171353
1764505201.9669623,-10.88038,4.94424,-0.6409199999999999,-0.661680435,0.710630505,0.13171353
1764505201.9669623,-10.88038,4.94424,-0.6409199999999999,-0.661680435,0.710630505,0.13171353
1764505201.9669623,-10.88038,4.94424,-0.6409199999999999,-0.661680435,0.710630505,0.13171353
1764505201.9669623,-10.88038,4.94424,-0.6409199999999999,-0.661680435,0.710630505,0.13171353
1764505202.0077028,-10.88038,4.94424,-0.6409199999999999,-0.661680435,0.710630505,0.13171353
1764505202.008824,-10.88038,4.94424,-0.6409199999999999,-0.661680435,0.710630505,0.13171353
1764505202.008824,-10.88038,4.94424,-0.6409199999999999,-0.661680435,0.710630505,0.13171353
1764505202.008824,-10.88038,4.94424,-0.6409199999999999,-0.661680435,0.710630505,0.13171353
1764505202.008824,-10.62096,5.70724,-2.42634,-0.660459735,0.705991845,0.129943515
1764505202.008824,-10.62096,5.70724,-2.42634,-0.660459735,0.705991845,0.129943515
1764505202.008824,-10.62096,5.70724,-2.42634,-0.660459735,0.705991845,0.129943515
1764505202.008824,-10.62096,5.70724,-2.42634,-0.660459735,0.705991845,0.129943515
1764505202.008824,-10.62096,5.70724,-2.42634,-0.660459735,0.705991845,0.129943515
1764505202.008824,-10.62096,5.70724,-2.42634,-0.660459735,0.705991845,0.129943515
1764505202.008824,-10.62096,5.70724,-2.42634,-0.660459735,0.705991845,0.129943515
1764505202.008824,-10.62096,5.70724,-2.42634,-0.660459735,0.705991845,0.129943515
1764505202.008824,-10.62096,5.70724,-2.42634,-0.660459735,0.705991845,0.129943515
1764505202.008824,-10.62096,5.70724,-2.42634,-0.660459735,0.705991845,0.129943515
1764505202.008824,-5.8751,6.790699999999999,-3.21986,-0.661558365,0.70055973,0.13171353
1764505202.008824,-5.8751,6.790699999999999,-3.21986,-0.661558365,0.70055973,0.13171353
1764505202.008824,-5.8751,6.790699999999999,-3.21986,-0.661558365,0.70055973,0.13171353
1764505202.0098355,-5.8751,6.790699999999999,-3.21986,-0.661558365,0.70055973,0.13171353
1764505202.0098355,-5.8751,6.790699999999999,-3.21986,-0.661558365,0.70055973,0.13171353
1764505202.0098355,-5.8751,6.790699999999999,-3.21986,-0.661558365,0.70055973,0.13171353
1764505202.0098355,-5.8751,6.790699999999999,-3.21986,-0.661558365,0.70055973,0.13171353
1764505202.0098355,-5.8751,6.790699999999999,-3.21986,-0.661558365,0.70055973,0.13171353
1764505202.0098355,-5.8751,6.790699999999999,-3.21986,-0.661558365,0.70055973,0.13171353
1764505202.0098355,-5.8751,6.790699999999999,-3.21986,-0.661558365,0.70055973,0.13171353
1764505202.05351,-0.85456,8.65242,-1.38866,-0.66393873,0.69775212,0.1306149
1764505202.05351,-0.85456,8.65242,-1.38866,-0.66393873,0.69775212,0.1306149
1764505202.05351,-0.85456,8.65242,-1.38866,-0.66393873,0.69775212,0.1306149
1764505202.05351,-0.85456,8.65242,-1.38866,-0.66393873,0.69775212,0.1306149
1764505202.05351,-0.85456,8.65242,-1.38866,-0.66393873,0.69775212,0.1306149
1764505202.05351,-0.85456,8.65242,-1.38866,-0.66393873,0.69775212,0.1306149
1764505202.05351,-0.85456,8.65242,-1.38866,-0.66393873,0.69775212,0.1306149
1764505202.05351,-0.85456,8.65242,-1.38866,-0.66393873,0.69775212,0.1306149
1764505202.05351,-0.85456,8.65242,-1.38866,-0.66393873,0.69775212,0.1306149
1764505202.05351,-0.85456,8.65242,-1.38866,-0.66393873,0.69775212,0.1306149
1764505202.0550823,3.06726,6.21082,1.03768,-0.667906005,0.7015362900000001,0.12902799
1764505202.0550823,3.06726,6.21082,1.03768,-0.667906005,0.7015362900000001,0.12902799
1764505202.0550823,3.06726,6.21082,1.03768,-0.667906005,0.7015362900000001,0.12902799
1764505202.0550823,3.06726,6.21082,1.03768,-0.667906005,0.7015362900000001,0.12902799
1764505202.0550823,3.06726,6.21082,1.03768,-0.667906005,0.7015362900000001,0.12902799
1764505202.0550823,3.06726,6.21082,1.03768,-0.667906005,0.7015362900000001,0.12902799
1764505202.0550823,3.06726,6.21082,1.03768,-0.667906005,0.7015362900000001,0.12902799
1764505202.0561008,3.06726,6.21082,1.03768,-0.667906005,0.7015362900000001,0.12902799
1764505202.0561008,3.06726,6.21082,1.03768,-0.667906005,0.7015362900000001,0.12902799
1764505202.0561008,3.06726,6.21082,1.03768,-0.667906005,0.7015362900000001,0.12902799
1764505202.057096,2.6705,2.68576,-0.50358,-0.66967602,0.70861635,0.130798005
1764505202.057096,2.6705,2.68576,-0.50358,-0.66967602,0.70861635,0.130798005
1764505202.103058,2.6705,2.68576,-0.50358,-0.66967602,0.70861635,0.130798005
1764505202.103058,2.6705,2.68576,-0.50358,-0.66967602,0.70861635,0.130798005
1764505202.103058,2.6705,2.68576,-0.50358,-0.66967602,0.70861635,0.130798005
1764505202.103058,2.6705,2.68576,-0.50358,-0.66967602,0.70861635,0.130798005
1764505202.103058,2.6705,2.68576,-0.50358,-0.66967602,0.70861635,0.130798005
1764505202.103058,2.6705,2.68576,-0.50358,-0.66967602,0.70861635,0.130798005
1764505202.103058,2.6705,2.68576,-0.50358,-0.66967602,0.70861635,0.130798005
1764505202.103058,2.6705,2.68576,-0.50358,-0.66967602,0.70861635,0.130798005
1764505202.103058,0.01526,3.17408,-2.57894,-0.66857739,0.7167340050000001,0.1330563
1764505202.103058,0.01526,3.17408,-2.57894,-0.66857739,0.7167340050000001,0.1330563
1764505202.103058,0.01526,3.17408,-2.57894,-0.66857739,0.7167340050000001,0.1330563
1764505202.103058,0.01526,3.17408,-2.57894,-0.66857739,0.7167340050000001,0.1330563
1764505202.103058,0.01526,3.17408,-2.57894,-0.66857739,0.7167340050000001,0.1330563
1764505202.103058,0.01526,3.17408,-2.57894,-0.66857739,0.7167340050000001,0.1330563
1764505202.103058,0.01526,3.17408,-2.57894,-0.66857739,0.7167340050000001,0.1330563
1764505202.103058,0.01526,3.17408,-2.57894,-0.66857739,0.7167340050000001,0.1330563
1764505202.103058,0.01526,3.17408,-2.57894,-0.66857739,0.7167340050000001,0.1330563
1764505202.103058,0.01526,3.17408,-2.57894,-0.66857739,0.7167340050000001,0.1330563
1764505202.103058,-1.92276,4.059159999999999,-2.6705,-0.669004635,0.72277647,0.13598598
1764505202.103058,-1.92276,4.059159999999999,-2.6705,-0.669004635,0.72277647,0.13598598
1764505202.103058,-1.92276,4.059159999999999,-2.6705,-0.669004635,0.72277647,0.13598598
1764505202.103058,-1.92276,4.059159999999999,-2.6705,-0.669004635,0.72277647,0.13598598
1764505202.103058,-1.92276,4.059159999999999,-2.6705,-0.669004635,0.72277647,0.13598598
1764505202.103058,-1.92276,4.059159999999999,-2.6705,-0.669004635,0.72277647,0.13598598
1764505202.1474004,-1.92276,4.059159999999999,-2.6705,-0.669004635,0.72277647,0.13598598
1764505202.1474004,-1.92276,4.059159999999999,-2.6705,-0.669004635,0.72277647,0.13598598
1764505202.1474004,-1.92276,4.059159999999999,-2.6705,-0.669004635,0.72277647,0.13598598
1764505202.1474004,-1.92276,4.059159999999999,-2.6705,-0.669004635,0.72277647,0.13598598
1764505202.1474004,-4.07442,2.8994,-0.94612,-0.669370845,0.72607236,0.138976695
1764505202.1474004,-4.07442,2.8994,-0.94612,-0.669370845,0.72607236,0.138976695
1764505202.1474004,-4.07442,2.8994,-0.94612,-0.669370845,0.72607236,0.138976695
1764505202.1474004,-4.07442,2.8994,-0.94612,-0.669370845,0.72607236,0.138976695
1764505202.1474004,-4.07442,2.8994,-0.94612,-0.669370845,0.72607236,0.138976695
1764505202.1474004,-4.07442,2.8994,-0.94612,-0.669370845,0.72607236,0.138976695
1764505202.1474004,-4.07442,2.8994,-0.94612,-0.669370845,0.72607236,0.138976695
1764505202.1474004,-4.07442,2.8994,-0.94612,-0.669370845,0.72607236,0.138976695
1764505202.1474004,-4.07442,2.8994,-0.94612,-0.669370845,0.72607236,0.138976695
1764505202.1474004,-4.07442,2.8994,-0.94612,-0.669370845,0.72607236,0.138976695
1764505202.148418,-5.753019999999999,2.2127,0.06104,-0.667906005,0.72595029,0.14013636
1764505202.148418,-5.753019999999999,2.2127,0.06104,-0.667906005,0.72595029,0.14013636
1764505202.148418,-5.753019999999999,2.2127,0.06104,-0.667906005,0.72595029,0.14013636
1764505202.148418,-5.753019999999999,2.2127,0.06104,-0.667906005,0.72595029,0.14013636
1764505202.148418,-5.753019999999999,2.2127,0.06104,-0.667906005,0.72595029,0.14013636
1764505202.148418,-5.753019999999999,2.2127,0.06104,-0.667906005,0.72595029,0.14013636
1764505202.148418,-5.753019999999999,2.2127,0.06104,-0.667906005,0.72595029,0.14013636
1764505202.148418,-5.753019999999999,2.2127,0.06104,-0.667906005,0.72595029,0.14013636
1764505202.148418,-5.753019999999999,2.2127,0.06104,-0.667906005,0.72595029,0.14013636
1764505202.148418,-5.753019999999999,2.2127,0.06104,-0.667906005,0.72595029,0.14013636
1764505202.196358,-8.805019999999999,2.22796,-1.0682,-0.66796704,0.72363096,0.13928187
1764505202.196358,-8.805019999999999,2.22796,-1.0682,-0.66796704,0.72363096,0.13928187
1764505202.196358,-8.805019999999999,2.22796,-1.0682,-0.66796704,0.72363096,0.13928187
1764505202.196358,-8.805019999999999,2.22796,-1.0682,-0.66796704,0.72363096,0.13928187
1764505202.196358,-8.805019999999999,2.22796,-1.0682,-0.66796704,0.72363096,0.13928187
1764505202.196358,-8.805019999999999,2.22796,-1.0682,-0.66796704,0.72363096,0.13928187
1764505202.196358,-8.805019999999999,2.22796,-1.0682,-0.66796704,0.72363096,0.13928187
1764505202.196358,-8.805019999999999,2.22796,-1.0682,-0.66796704,0.72363096,0.13928187
1764505202.196358,-8.805019999999999,2.22796,-1.0682,-0.66796704,0.72363096,0.13928187
1764505202.196358,-8.805019999999999,2.22796,-1.0682,-0.66796704,0.72363096,0.13928187
1764505202.196358,-10.34628,2.35004,-2.48738,-0.66760083,0.720029895,0.137023575
1764505202.196358,-10.34628,2.35004,-2.48738,-0.66760083,0.720029895,0.137023575
1764505202.196358,-10.34628,2.35004,-2.48738,-0.66760083,0.720029895,0.137023575
1764505202.196358,-10.34628,2.35004,-2.48738,-0.66760083,0.720029895,0.137023575
1764505202.196358,-10.34628,2.35004,-2.48738,-0.66760083,0.720029895,0.137023575
1764505202.196358,-10.34628,2.35004,-2.48738,-0.66760083,0.720029895,0.137023575
1764505202.196358,-10.34628,2.35004,-2.48738,-0.66760083,0.720029895,0.137023575
1764505202.196358,-10.34628,2.35004,-2.48738,-0.66760083,0.720029895,0.137023575
1764505202.196358,-10.34628,2.35004,-2.48738,-0.66760083,0.720029895,0.137023575
1764505202.196358,-10.34628,2.35004,-2.48738,-0.66760083,0.720029895,0.137023575
1764505202.196358,-7.79786,2.10588,-2.31952,-0.66857739,0.71471985,0.13488735
1764505202.196358,-7.79786,2.10588,-2.31952,-0.66857739,0.71471985,0.13488735
1764505202.196358,-7.79786,2.10588,-2.31952,-0.66857739,0.71471985,0.13488735
1764505202.196358,-7.79786,2.10588,-2.31952,-0.66857739,0.71471985,0.13488735
1764505202.2448325,-7.79786,2.10588,-2.31952,-0.66857739,0.71471985,0.13488735
1764505202.2448325,-7.79786,2.10588,-2.31952,-0.66857739,0.71471985,0.13488735
1764505202.2453485,-7.79786,2.10588,-2.31952,-0.66857739,0.71471985,0.13488735
1764505202.2453485,-7.79786,2.10588,-2.31952,-0.66857739,0.71471985,0.13488735
1764505202.2453485,-7.79786,2.10588,-2.31952,-0.66857739,0.71471985,0.13488735
1764505202.2453485,-7.79786,2.10588,-2.31952,-0.66857739,0.71471985,0.13488735
1764505202.2453485,-3.44876,0.62566,-1.05294,-0.670713615,0.710874645,0.133971825
1764505202.2453485,-3.44876,0.62566,-1.05294,-0.670713615,0.710874645,0.133971825
1764505202.2453485,-3.44876,0.62566,-1.05294,-0.670713615,0.710874645,0.133971825
1764505202.2453485,-3.44876,0.62566,-1.05294,-0.670713615,0.710874645,0.133971825
1764505202.2453485,-3.44876,0.62566,-1.05294,-0.670713615,0.710874645,0.133971825
1764505202.2453485,-3.44876,0.62566,-1.05294,-0.670713615,0.710874645,0.133971825
1764505202.2453485,-3.44876,0.62566,-1.05294,-0.670713615,0.710874645,0.133971825
1764505202.2453485,-3.44876,0.62566,-1.05294,-0.670713615,0.710874645,0.133971825
1764505202.2453485,-3.44876,0.62566,-1.05294,-0.670713615,0.710874645,0.133971825
1764505202.2453485,-3.44876,0.62566,-1.05294,-0.670713615,0.710874645,0.133971825
1764505202.2453485,-0.6103999999999999,-0.94612,-0.12208,-0.67065258,0.709287735,0.13293423
1764505202.2453485,-0.6103999999999999,-0.94612,-0.12208,-0.67065258,0.709287735,0.13293423
1764505202.2453485,-0.6103999999999999,-0.94612,-0.12208,-0.67065258,0.709287735,0.13293423
1764505202.2453485,-0.6103999999999999,-0.94612,-0.12208,-0.67065258,0.709287735,0.13293423
1764505202.2453485,-0.6103999999999999,-0.94612,-0.12208,-0.67065258,0.709287735,0.13293423
1764505202.2453485,-0.6103999999999999,-0.94612,-0.12208,-0.67065258,0.709287735,0.13293423
1764505202.2453485,-0.6103999999999999,-0.94612,-0.12208,-0.67065258,0.709287735,0.13293423
1764505202.2453485,-0.6103999999999999,-0.94612,-0.12208,-0.67065258,0.709287735,0.13293423
1764505202.2901294,-0.6103999999999999,-0.94612,-0.12208,-0.67065258,0.709287735,0.13293423
1764505202.2901294,-0.6103999999999999,-0.94612,-0.12208,-0.67065258,0.709287735,0.13293423
1764505202.2901294,0.24416,-0.5341,0.09156,-0.67040844,0.709043595,0.132873195
1764505202.2901294,0.24416,-0.5341,0.09156,-0.67040844,0.709043595,0.132873195
1764505202.2901294,0.24416,-0.5341,0.09156,-0.67040844,0.709043595,0.132873195
1764505202.2901294,0.24416,-0.5341,0.09156,-0.67040844,0.709043595,0.132873195
1764505202.2901294,0.24416,-0.5341,0.09156,-0.67040844,0.709043595,0.132873195
1764505202.2901294,0.24416,-0.5341,0.09156,-0.67040844,0.709043595,0.132873195
1764505202.2901294,0.24416,-0.5341,0.09156,-0.67040844,0.709043595,0.132873195
1764505202.2901294,0.24416,-0.5341,0.09156,-0.67040844,0.709043595,0.132873195
1764505202.2901294,0.24416,-0.5341,0.09156,-0.67040844,0.709043595,0.132873195
1764505202.2901294,0.24416,-0.5341,0.09156,-0.67040844,0.709043595,0.132873195
1764505202.291247,-1.73964,0.2289,-0.59514,-0.6689436,0.710386365,0.13171353
1764505202.291247,-1.73964,0.2289,-0.59514,-0.6689436,0.710386365,0.13171353
1764505202.291247,-1.73964,0.2289,-0.59514,-0.6689436,0.710386365,0.13171353
1764505202.291247,-1.73964,0.2289,-0.59514,-0.6689436,0.710386365,0.13171353
1764505202.291247,-1.73964,0.2289,-0.59514,-0.6689436,0.710386365,0.13171353
1764505202.291247,-1.73964,0.2289,-0.59514,-0.6689436,0.710386365,0.13171353
1764505202.291247,-1.73964,0.2289,-0.59514,-0.6689436,0.710386365,0.13171353
1764505202.291247,-1.73964,0.2289,-0.59514,-0.6689436,0.710386365,0.13171353
1764505202.291247,-1.73964,0.2289,-0.59514,-0.6689436,0.710386365,0.13171353
1764505202.291247,-1.73964,0.2289,-0.59514,-0.6689436,0.710386365,0.13171353
1764505202.291247,-3.5098,1.72438,-0.71722,-0.668394285,0.712095345,0.13037076
1764505202.291247,-3.5098,1.72438,-0.71722,-0.668394285,0.712095345,0.13037076
1764505202.336157,-3.5098,1.72438,-0.71722,-0.668394285,0.712095345,0.13037076
1764505202.336157,-3.5098,1.72438,-0.71722,-0.668394285,0.712095345,0.13037076
1764505202.336157,-3.5098,1.72438,-0.71722,-0.668394285,0.712095345,0.13037076
1764505202.336157,-3.5098,1.72438,-0.71722,-0.668394285,0.712095345,0.13037076
1764505202.336157,-3.5098,1.72438,-0.71722,-0.668394285,0.712095345,0.13037076
1764505202.336157,-3.5098,1.72438,-0.71722,-0.668394285,0.712095345,0.13037076
1764505202.336157,-3.5098,1.72438,-0.71722,-0.668394285,0.712095345,0.13037076
1764505202.336157,-3.5098,1.72438,-0.71722,-0.668394285,0.712095345,0.13037076
1764505202.336157,-5.67672,3.63188,-2.25848,-0.6674787600000001,0.712705695,0.129333165
1764505202.336157,-5.67672,3.63188,-2.25848,-0.6674787600000001,0.712705695,0.129333165
1764505202.336157,-5.67672,3.63188,-2.25848,-0.6674787600000001,0.712705695,0.129333165
1764505202.336157,-5.67672,3.63188,-2.25848,-0.6674787600000001,0.712705695,0.129333165
1764505202.336157,-5.67672,3.63188,-2.25848,-0.6674787600000001,0.712705695,0.129333165
1764505202.336157,-5.67672,3.63188,-2.25848,-0.6674787600000001,0.712705695,0.129333165
1764505202.336157,-5.67672,3.63188,-2.25848,-0.6674787600000001,0.712705695,0.129333165
1764505202.336157,-5.67672,3.63188,-2.25848,-0.6674787600000001,0.712705695,0.129333165
1764505202.3371725,-5.67672,3.63188,-2.25848,-0.6674787600000001,0.712705695,0.129333165
1764505202.3371725,-5.67672,3.63188,-2.25848,-0.6674787600000001,0.712705695,0.129333165
1764505202.3371725,-4.8069,3.90656,-2.92992,-0.66686841,0.712583625,0.130431795
1764505202.3371725,-4.8069,3.90656,-2.92992,-0.66686841,0.712583625,0.130431795
1764505202.3371725,-4.8069,3.90656,-2.92992,-0.66686841,0.712583625,0.130431795
1764505202.3371725,-4.8069,3.90656,-2.92992,-0.66686841,0.712583625,0.130431795
1764505202.3865027,-4.8069,3.90656,-2.92992,-0.66686841,0.712583625,0.130431795
1764505202.3865027,-4.8069,3.90656,-2.92992,-0.66686841,0.712583625,0.130431795
1764505202.3865027,-4.8069,3.90656,-2.92992,-0.66686841,0.712583625,0.130431795
1764505202.3875053,-4.8069,3.90656,-2.92992,-0.66686841,0.712583625,0.130431795
1764505202.3875053,-4.8069,3.90656,-2.92992,-0.66686841,0.712583625,0.130431795
1764505202.3876948,-4.8069,3.90656,-2.92992,-0.66686841,0.712583625,0.130431795
1764505202.3876948,-5.38678,4.715339999999999,-2.4416,-0.66625806,0.71130189,0.130553865
1764505202.3876948,-5.38678,4.715339999999999,-2.4416,-0.66625806,0.71130189,0.130553865
1764505202.3876948,-5.38678,4.715339999999999,-2.4416,-0.66625806,0.71130189,0.130553865
1764505202.3876948,-5.38678,4.715339999999999,-2.4416,-0.66625806,0.71130189,0.130553865
1764505202.388299,-5.38678,4.715339999999999,-2.4416,-0.66625806,0.71130189,0.130553865
1764505202.388299,-5.38678,4.715339999999999,-2.4416,-0.66625806,0.71130189,0.130553865
1764505202.388299,-5.38678,4.715339999999999,-2.4416,-0.66625806,0.71130189,0.130553865
1764505202.388299,-5.38678,4.715339999999999,-2.4416,-0.66625806,0.71130189,0.130553865
1764505202.388299,-5.38678,4.715339999999999,-2.4416,-0.66625806,0.71130189,0.130553865
1764505202.3893137,-5.38678,4.715339999999999,-2.4416,-0.66625806,0.71130189,0.130553865
1764505202.3893137,-6.05822,5.27996,-1.95328,-0.6669294450000001,0.7088604900000001,0.13037076
1764505202.3893137,-6.05822,5.27996,-1.95328,-0.6669294450000001,0.7088604900000001,0.13037076
1764505202.3893137,-6.05822,5.27996,-1.95328,-0.6669294450000001,0.7088604900000001,0.13037076
1764505202.3893137,-6.05822,5.27996,-1.95328,-0.6669294450000001,0.7088604900000001,0.13037076
1764505202.3893137,-6.05822,5.27996,-1.95328,-0.6669294450000001,0.7088604900000001,0.13037076
1764505202.3893137,-6.05822,5.27996,-1.95328,-0.6669294450000001,0.7088604900000001,0.13037076
1764505202.390309,-6.05822,5.27996,-1.95328,-0.6669294450000001,0.7088604900000001,0.13037076
1764505202.390309,-6.05822,5.27996,-1.95328,-0.6669294450000001,0.7088604900000001,0.13037076
1764505202.4324253,-6.05822,5.27996,-1.95328,-0.6669294450000001,0.7088604900000001,0.13037076
1764505202.4324253,-6.05822,5.27996,-1.95328,-0.6669294450000001,0.7088604900000001,0.13037076
1764505202.4324253,-5.32574,3.67766,-1.99906,-0.667417725,0.70825014,0.13085904
1764505202.4324253,-5.32574,3.67766,-1.99906,-0.667417725,0.70825014,0.13085904
1764505202.4324253,-5.32574,3.67766,-1.99906,-0.667417725,0.70825014,0.13085904
1764505202.4324253,-5.32574,3.67766,-1.99906,-0.667417725,0.70825014,0.13085904
1764505202.4324253,-5.32574,3.67766,-1.99906,-0.667417725,0.70825014,0.13085904
1764505202.4324253,-5.32574,3.67766,-1.99906,-0.667417725,0.70825014,0.13085904
1764505202.4324253,-5.32574,3.67766,-1.99906,-0.667417725,0.70825014,0.13085904
1764505202.4324253,-5.32574,3.67766,-1.99906,-0.667417725,0.70825014,0.13085904
1764505202.4334924,-5.32574,3.67766,-1.99906,-0.667417725,0.70825014,0.13085904
1764505202.433617,-5.32574,3.67766,-1.99906,-0.667417725,0.70825014,0.13085904
1764505202.4336798,-2.8994,3.2046,-1.41918,-0.6695539500000001,0.707700825,0.130920075
1764505202.4336798,-2.8994,3.2046,-1.41918,-0.6695539500000001,0.707700825,0.130920075
1764505202.4336798,-2.8994,3.2046,-1.41918,-0.6695539500000001,0.707700825,0.130920075
1764505202.4336798,-2.8994,3.2046,-1.41918,-0.6695539500000001,0.707700825,0.130920075
1764505202.4336798,-2.8994,3.2046,-1.41918,-0.6695539500000001,0.707700825,0.130920075
1764505202.4336798,-2.8994,3.2046,-1.41918,-0.6695539500000001,0.707700825,0.130920075
1764505202.4336798,-2.8994,3.2046,-1.41918,-0.6695539500000001,0.707700825,0.130920075
1764505202.4336798,-2.8994,3.2046,-1.41918,-0.6695539500000001,0.707700825,0.130920075
1764505202.4346862,-2.8994,3.2046,-1.41918,-0.6695539500000001,0.707700825,0.130920075
1764505202.4346862,-2.8994,3.2046,-1.41918,-0.6695539500000001,0.707700825,0.130920075
1764505202.4346862,-1.70912,2.9757,-0.77826,-0.67175121,0.70812807,0.130675935
1764505202.4346862,-1.70912,2.9757,-0.77826,-0.67175121,0.70812807,0.130675935
1764505202.4776745,-1.70912,2.9757,-0.77826,-0.67175121,0.70812807,0.130675935
1764505202.4776745,-1.70912,2.9757,-0.77826,-0.67175121,0.70812807,0.130675935
1764505202.4776745,-1.70912,2.9757,-0.77826,-0.67175121,0.70812807,0.130675935
1764505202.4776745,-1.70912,2.9757,-0.77826,-0.67175121,0.70812807,0.130675935
1764505202.4776745,-1.70912,2.9757,-0.77826,-0.67175121,0.70812807,0.130675935
1764505202.4776745,-1.70912,2.9757,-0.77826,-0.67175121,0.70812807,0.130675935
1764505202.4776745,-1.70912,2.9757,-0.77826,-0.67175121,0.70812807,0.130675935
1764505202.4776745,-1.70912,2.9757,-0.77826,-0.67175121,0.70812807,0.130675935
1764505202.4776745,-1.64808,1.526,0.03052,-0.67321605,0.712949835,0.129699375
1764505202.4776745,-1.64808,1.526,0.03052,-0.67321605,0.712949835,0.129699375
1764505202.4776745,-1.64808,1.526,0.03052,-0.67321605,0.712949835,0.129699375
1764505202.4776745,-1.64808,1.526,0.03052,-0.67321605,0.712949835,0.129699375
1764505202.4776745,-1.64808,1.526,0.03052,-0.67321605,0.712949835,0.129699375
1764505202.4776745,-1.64808,1.526,0.03052,-0.67321605,0.712949835,0.129699375
1764505202.4776745,-1.64808,1.526,0.03052,-0.67321605,0.712949835,0.129699375
1764505202.4776745,-1.64808,1.526,0.03052,-0.67321605,0.712949835,0.129699375
1764505202.4776745,-1.64808,1.526,0.03052,-0.67321605,0.712949835,0.129699375
1764505202.4776745,-1.64808,1.526,0.03052,-0.67321605,0.712949835,0.129699375
1764505202.4776745,-2.62472,-0.06104,1.35814,-0.6727277700000001,0.71948058,0.130309725
1764505202.4776745,-2.62472,-0.06104,1.35814,-0.6727277700000001,0.71948058,0.130309725
1764505202.4776745,-2.62472,-0.06104,1.35814,-0.6727277700000001,0.71948058,0.130309725
1764505202.478693,-2.62472,-0.06104,1.35814,-0.6727277700000001,0.71948058,0.130309725
1764505202.5275214,-2.62472,-0.06104,1.35814,-0.6727277700000001,0.71948058,0.130309725
1764505202.5275214,-2.62472,-0.06104,1.35814,-0.6727277700000001,0.71948058,0.130309725
1764505202.5275214,-2.62472,-0.06104,1.35814,-0.6727277700000001,0.71948058,0.130309725
1764505202.5275214,-2.62472,-0.06104,1.35814,-0.6727277700000001,0.71948058,0.130309725
1764505202.5275214,-2.62472,-0.06104,1.35814,-0.6727277700000001,0.71948058,0.130309725
1764505202.5275214,-2.62472,-0.06104,1.35814,-0.6727277700000001,0.71948058,0.130309725
1764505202.5275214,-4.2728,0.57988,2.24322,-0.67126293,0.72363096,0.13122525
1764505202.5275214,-4.2728,0.57988,2.24322,-0.67126293,0.72363096,0.13122525
1764505202.5275214,-4.2728,0.57988,2.24322,-0.67126293,0.72363096,0.13122525
1764505202.5275214,-4.2728,0.57988,2.24322,-0.67126293,0.72363096,0.13122525
1764505202.5275214,-4.2728,0.57988,2.24322,-0.67126293,0.72363096,0.13122525
1764505202.5275214,-4.2728,0.57988,2.24322,-0.67126293,0.72363096,0.13122525
1764505202.5275214,-4.2728,0.57988,2.24322,-0.67126293,0.72363096,0.13122525
1764505202.5275214,-4.2728,0.57988,2.24322,-0.67126293,0.72363096,0.13122525
1764505202.5275214,-4.2728,0.57988,2.24322,-0.67126293,0.72363096,0.13122525
1764505202.5275214,-4.2728,0.57988,2.24322,-0.67126293,0.72363096,0.13122525
1764505202.5275214,-5.4936,1.48022,2.04484,-0.67040844,0.722349225,0.13293423
1764505202.5275214,-5.4936,1.48022,2.04484,-0.67040844,0.722349225,0.13293423
1764505202.5275214,-5.4936,1.48022,2.04484,-0.67040844,0.722349225,0.13293423
1764505202.5275214,-5.4936,1.48022,2.04484,-0.67040844,0.722349225,0.13293423
1764505202.5275214,-5.4936,1.48022,2.04484,-0.67040844,0.722349225,0.13293423
1764505202.5275214,-5.4936,1.48022,2.04484,-0.67040844,0.722349225,0.13293423
1764505202.5275214,-5.4936,1.48022,2.04484,-0.67040844,0.722349225,0.13293423
1764505202.5275214,-5.4936,1.48022,2.04484,-0.67040844,0.722349225,0.13293423
1764505202.5706415,-5.4936,1.48022,2.04484,-0.67040844,0.722349225,0.13293423
1764505202.5706415,-5.4936,1.48022,2.04484,-0.67040844,0.722349225,0.13293423
1764505202.5706415,-7.15694,2.0601,0.65618,-0.671079825,0.7172833200000001,0.13256802
1764505202.5716405,-7.15694,2.0601,0.65618,-0.671079825,0.7172833200000001,0.13256802
1764505202.5726418,-7.15694,2.0601,0.65618,-0.671079825,0.7172833200000001,0.13256802
1764505202.5726418,-7.15694,2.0601,0.65618,-0.671079825,0.7172833200000001,0.13256802
1764505202.5726418,-7.15694,2.0601,0.65618,-0.671079825,0.7172833200000001,0.13256802
1764505202.5726418,-7.15694,2.0601,0.65618,-0.671079825,0.7172833200000001,0.13256802
1764505202.5726418,-7.15694,2.0601,0.65618,-0.671079825,0.7172833200000001,0.13256802
1764505202.5726418,-7.15694,2.0601,0.65618,-0.671079825,0.7172833200000001,0.13256802
1764505202.5726418,-7.15694,2.0601,0.65618,-0.671079825,0.7172833200000001,0.13256802
1764505202.5726418,-7.15694,2.0601,0.65618,-0.671079825,0.7172833200000001,0.13256802
1764505202.5726418,-7.81312,1.6633399999999998,-0.51884,-0.671385,0.712461555,0.131286285
1764505202.5726418,-7.81312,1.6633399999999998,-0.51884,-0.671385,0.712461555,0.131286285
1764505202.5726418,-7.81312,1.6633399999999998,-0.51884,-0.671385,0.712461555,0.131286285
1764505202.5736392,-7.81312,1.6633399999999998,-0.51884,-0.671385,0.712461555,0.131286285
1764505202.5736392,-7.81312,1.6633399999999998,-0.51884,-0.671385,0.712461555,0.131286285
1764505202.5736392,-7.81312,1.6633399999999998,-0.51884,-0.671385,0.712461555,0.131286285
1764505202.5736392,-7.81312,1.6633399999999998,-0.51884,-0.671385,0.712461555,0.131286285
1764505202.5736392,-7.81312,1.6633399999999998,-0.51884,-0.671385,0.712461555,0.131286285
1764505202.5736392,-7.81312,1.6633399999999998,-0.51884,-0.671385,0.712461555,0.131286285
1764505202.5736392,-7.81312,1.6633399999999998,-0.51884,-0.671385,0.712461555,0.131286285
1764505202.5736392,-7.05012,0.9156,-0.8698199999999999,-0.67187328,0.7094098050000001,0.13085904
1764505202.5751455,-7.05012,0.9156,-0.8698199999999999,-0.67187328,0.7094098050000001,0.13085904
1764505202.6215813,-7.05012,0.9156,-0.8698199999999999,-0.67187328,0.7094098050000001,0.13085904
1764505202.6215813,-7.05012,0.9156,-0.8698199999999999,-0.67187328,0.7094098050000001,0.13085904
1764505202.6215813,-7.05012,0.9156,-0.8698199999999999,-0.67187328,0.7094098050000001,0.13085904
1764505202.6215813,-7.05012,0.9156,-0.8698199999999999,-0.67187328,0.7094098050000001,0.13085904
1764505202.6215813,-7.05012,0.9156,-0.8698199999999999,-0.67187328,0.7094098050000001,0.13085904
1764505202.6215813,-7.05012,0.9156,-0.8698199999999999,-0.67187328,0.7094098050000001,0.13085904
1764505202.6215813,-7.05012,0.9156,-0.8698199999999999,-0.67187328,0.7094098050000001,0.13085904
1764505202.6215813,-7.05012,0.9156,-0.8698199999999999,-0.67187328,0.7094098050000001,0.13085904
1764505202.6215813,-6.69914,-0.42728,-0.3509799999999999,-0.67236156,0.708555315,0.12951627
1764505202.6215813,-6.69914,-0.42728,-0.3509799999999999,-0.67236156,0.708555315,0.12951627
1764505202.6215813,-6.69914,-0.42728,-0.3509799999999999,-0.67236156,0.708555315,0.12951627
1764505202.6215813,-6.69914,-0.42728,-0.3509799999999999,-0.67236156,0.708555315,0.12951627
1764505202.6215813,-6.69914,-0.42728,-0.3509799999999999,-0.67236156,0.708555315,0.12951627
1764505202.6215813,-6.69914,-0.42728,-0.3509799999999999,-0.67236156,0.708555315,0.12951627
1764505202.6222205,-6.69914,-0.42728,-0.3509799999999999,-0.67236156,0.708555315,0.12951627
1764505202.6222205,-6.69914,-0.42728,-0.3509799999999999,-0.67236156,0.708555315,0.12951627
1764505202.6222205,-6.69914,-0.42728,-0.3509799999999999,-0.67236156,0.708555315,0.12951627
1764505202.6222205,-6.69914,-0.42728,-0.3509799999999999,-0.67236156,0.708555315,0.12951627
1764505202.6222205,-4.959499999999999,-0.1525999999999999,0.48832,-0.67187328,0.70763979,0.12805143
1764505202.6222205,-4.959499999999999,-0.1525999999999999,0.48832,-0.67187328,0.70763979,0.12805143
1764505202.6222205,-4.959499999999999,-0.1525999999999999,0.48832,-0.67187328,0.70763979,0.12805143
1764505202.6222205,-4.959499999999999,-0.1525999999999999,0.48832,-0.67187328,0.70763979,0.12805143
1764505202.6232224,-4.959499999999999,-0.1525999999999999,0.48832,-0.67187328,0.70763979,0.12805143
1764505202.6232224,-4.959499999999999,-0.1525999999999999,0.48832,-0.67187328,0.70763979,0.12805143
1764505202.6639445,-4.959499999999999,-0.1525999999999999,0.48832,-0.67187328,0.70763979,0.12805143
1764505202.6654837,-4.959499999999999,-0.1525999999999999,0.48832,-0.67187328,0.70763979,0.12805143
1764505202.6654837,-4.959499999999999,-0.1525999999999999,0.48832,-0.67187328,0.70763979,0.12805143
1764505202.6654837,-4.959499999999999,-0.1525999999999999,0.48832,-0.67187328,0.70763979,0.12805143
1764505202.666496,-2.86888,0.96138,0.8087799999999999,-0.672056385,0.706602195,0.126891765
1764505202.666496,-2.86888,0.96138,0.8087799999999999,-0.672056385,0.706602195,0.126891765
1764505202.666496,-2.86888,0.96138,0.8087799999999999,-0.672056385,0.706602195,0.126891765
1764505202.667274,-2.86888,0.96138,0.8087799999999999,-0.672056385,0.706602195,0.126891765
1764505202.667274,-2.86888,0.96138,0.8087799999999999,-0.672056385,0.706602195,0.126891765
1764505202.667274,-2.86888,0.96138,0.8087799999999999,-0.672056385,0.706602195,0.126891765
1764505202.667274,-2.86888,0.96138,0.8087799999999999,-0.672056385,0.706602195,0.126891765
1764505202.667274,-2.86888,0.96138,0.8087799999999999,-0.672056385,0.706602195,0.126891765
1764505202.667274,-2.86888,0.96138,0.8087799999999999,-0.672056385,0.706602195,0.126891765
1764505202.6687913,-2.86888,0.96138,0.8087799999999999,-0.672056385,0.706602195,0.126891765
1764505202.6687913,-1.55652,0.96138,0.03052,-0.67150707,0.70580874,0.126281415
1764505202.6687913,-1.55652,0.96138,0.03052,-0.67150707,0.70580874,0.126281415
1764505202.6687913,-1.55652,0.96138,0.03052,-0.67150707,0.70580874,0.126281415
1764505202.6696634,-1.55652,0.96138,0.03052,-0.67150707,0.70580874,0.126281415
1764505202.6696634,-1.55652,0.96138,0.03052,-0.67150707,0.70580874,0.126281415
1764505202.6696634,-1.55652,0.96138,0.03052,-0.67150707,0.70580874,0.126281415
1764505202.6696634,-1.55652,0.96138,0.03052,-0.67150707,0.70580874,0.126281415
1764505202.6696634,-1.55652,0.96138,0.03052,-0.67150707,0.70580874,0.126281415
1764505202.7102752,-1.55652,0.96138,0.03052,-0.67150707,0.70580874,0.126281415
1764505202.7102752,-1.55652,0.96138,0.03052,-0.67150707,0.70580874,0.126281415
1764505202.7102752,-2.01432,1.28184,-1.4039199999999998,-0.67040844,0.705259425,0.127380045
1764505202.711311,-2.01432,1.28184,-1.4039199999999998,-0.67040844,0.705259425,0.127380045
1764505202.711311,-2.01432,1.28184,-1.4039199999999998,-0.67040844,0.705259425,0.127380045
1764505202.711311,-2.01432,1.28184,-1.4039199999999998,-0.67040844,0.705259425,0.127380045
1764505202.711311,-2.01432,1.28184,-1.4039199999999998,-0.67040844,0.705259425,0.127380045
1764505202.711311,-2.01432,1.28184,-1.4039199999999998,-0.67040844,0.705259425,0.127380045
1764505202.711311,-2.01432,1.28184,-1.4039199999999998,-0.67040844,0.705259425,0.127380045
1764505202.711311,-2.01432,1.28184,-1.4039199999999998,-0.67040844,0.705259425,0.127380045
1764505202.711311,-2.01432,1.28184,-1.4039199999999998,-0.67040844,0.705259425,0.127380045
1764505202.711311,-2.01432,1.28184,-1.4039199999999998,-0.67040844,0.705259425,0.127380045
1764505202.7129169,-3.60136,2.6705,-1.2971,-0.669737055,0.706602195,0.128966955
1764505202.7129169,-3.60136,2.6705,-1.2971,-0.669737055,0.706602195,0.128966955
1764505202.7129169,-3.60136,2.6705,-1.2971,-0.669737055,0.706602195,0.128966955
1764505202.7129169,-3.60136,2.6705,-1.2971,-0.669737055,0.706602195,0.128966955
1764505202.7139554,-3.60136,2.6705,-1.2971,-0.669737055,0.706602195,0.128966955
1764505202.7139554,-3.60136,2.6705,-1.2971,-0.669737055,0.706602195,0.128966955
1764505202.7139554,-3.60136,2.6705,-1.2971,-0.669737055,0.706602195,0.128966955
1764505202.7139554,-3.60136,2.6705,-1.2971,-0.669737055,0.706602195,0.128966955
1764505202.7139554,-3.60136,2.6705,-1.2971,-0.669737055,0.706602195,0.128966955
1764505202.7139554,-3.60136,2.6705,-1.2971,-0.669737055,0.706602195,0.128966955
1764505202.7139554,-4.28806,2.289,-0.0762999999999999,-0.67028637,0.7092267,0.12951627
1764505202.7139554,-4.28806,2.289,-0.0762999999999999,-0.67028637,0.7092267,0.12951627
1764505202.759308,-4.28806,2.289,-0.0762999999999999,-0.67028637,0.7092267,0.12951627
1764505202.759308,-4.28806,2.289,-0.0762999999999999,-0.67028637,0.7092267,0.12951627
1764505202.759308,-4.28806,2.289,-0.0762999999999999,-0.67028637,0.7092267,0.12951627
1764505202.759308,-4.28806,2.289,-0.0762999999999999,-0.67028637,0.7092267,0.12951627
1764505202.759308,-4.28806,2.289,-0.0762999999999999,-0.67028637,0.7092267,0.12951627
1764505202.759308,-4.28806,2.289,-0.0762999999999999,-0.67028637,0.7092267,0.12951627
1764505202.7601478,-4.28806,2.289,-0.0762999999999999,-0.67028637,0.7092267,0.12951627
1764505202.7601478,-4.28806,2.289,-0.0762999999999999,-0.67028637,0.7092267,0.12951627
1764505202.7601478,-4.63904,2.54842,1.09872,-0.67028637,0.71215638,0.13049283
1764505202.7601478,-4.63904,2.54842,1.09872,-0.67028637,0.71215638,0.13049283
1764505202.7601478,-4.63904,2.54842,1.09872,-0.67028637,0.71215638,0.13049283
1764505202.7601478,-4.63904,2.54842,1.09872,-0.67028637,0.71215638,0.13049283
1764505202.7601478,-4.63904,2.54842,1.09872,-0.67028637,0.71215638,0.13049283
1764505202.7601478,-4.63904,2.54842,1.09872,-0.67028637,0.71215638,0.13049283
1764505202.7601478,-4.63904,2.54842,1.09872,-0.67028637,0.71215638,0.13049283
1764505202.7601478,-4.63904,2.54842,1.09872,-0.67028637,0.71215638,0.13049283
1764505202.7616558,-4.63904,2.54842,1.09872,-0.67028637,0.71215638,0.13049283
1764505202.7616558,-4.63904,2.54842,1.09872,-0.67028637,0.71215638,0.13049283
1764505202.7616558,-4.3491,3.08252,0.51884,-0.66979809,0.71240052,0.130920075
1764505202.762122,-4.3491,3.08252,0.51884,-0.66979809,0.71240052,0.130920075
1764505202.762122,-4.3491,3.08252,0.51884,-0.66979809,0.71240052,0.130920075
1764505202.762122,-4.3491,3.08252,0.51884,-0.66979809,0.71240052,0.130920075
1764505202.8024857,-4.3491,3.08252,0.51884,-0.66979809,0.71240052,0.130920075
1764505202.8024857,-4.3491,3.08252,0.51884,-0.66979809,0.71240052,0.130920075
1764505202.804504,-4.3491,3.08252,0.51884,-0.66979809,0.71240052,0.130920075
1764505202.804504,-4.3491,3.08252,0.51884,-0.66979809,0.71240052,0.130920075
1764505202.804504,-4.3491,3.08252,0.51884,-0.66979809,0.71240052,0.130920075
1764505202.804504,-4.3491,3.08252,0.51884,-0.66979809,0.71240052,0.130920075
1764505202.804504,-1.19028,2.1364,1.08346,-0.67004223,0.713193975,0.130675935
1764505202.804504,-1.19028,2.1364,1.08346,-0.67004223,0.713193975,0.130675935
1764505202.804504,-1.19028,2.1364,1.08346,-0.67004223,0.713193975,0.130675935
1764505202.804504,-1.19028,2.1364,1.08346,-0.67004223,0.713193975,0.130675935
1764505202.804504,-1.19028,2.1364,1.08346,-0.67004223,0.713193975,0.130675935
1764505202.804504,-1.19028,2.1364,1.08346,-0.67004223,0.713193975,0.130675935
1764505202.8054976,-1.19028,2.1364,1.08346,-0.67004223,0.713193975,0.130675935
1764505202.8054976,-1.19028,2.1364,1.08346,-0.67004223,0.713193975,0.130675935
1764505202.8054976,-1.19028,2.1364,1.08346,-0.67004223,0.713193975,0.130675935
1764505202.8054976,-1.19028,2.1364,1.08346,-0.67004223,0.713193975,0.130675935
1764505202.8054976,-0.06104,0.28994,2.22796,-0.67175121,0.714292605,0.13256802
1764505202.8054976,-0.06104,0.28994,2.22796,-0.67175121,0.714292605,0.13256802
1764505202.8054976,-0.06104,0.28994,2.22796,-0.67175121,0.714292605,0.13256802
1764505202.8054976,-0.06104,0.28994,2.22796,-0.67175121,0.714292605,0.13256802
1764505202.8054976,-0.06104,0.28994,2.22796,-0.67175121,0.714292605,0.13256802
1764505202.8054976,-0.06104,0.28994,2.22796,-0.67175121,0.714292605,0.13256802
1764505202.8054976,-0.06104,0.28994,2.22796,-0.67175121,0.714292605,0.13256802
1764505202.8054976,-0.06104,0.28994,2.22796,-0.67175121,0.714292605,0.13256802
1764505202.8507974,-0.06104,0.28994,2.22796,-0.67175121,0.714292605,0.13256802
1764505202.8507974,-0.06104,0.28994,2.22796,-0.67175121,0.714292605,0.13256802
1764505202.8507974,-2.45686,-1.41918,1.9075,-0.674497785,0.718565055,0.134277
1764505202.8507974,-2.45686,-1.41918,1.9075,-0.674497785,0.718565055,0.134277
1764505202.8507974,-2.45686,-1.41918,1.9075,-0.674497785,0.718565055,0.134277
1764505202.8507974,-2.45686,-1.41918,1.9075,-0.674497785,0.718565055,0.134277
1764505202.8507974,-2.45686,-1.41918,1.9075,-0.674497785,0.718565055,0.134277
1764505202.8507974,-2.45686,-1.41918,1.9075,-0.674497785,0.718565055,0.134277
1764505202.8507974,-2.45686,-1.41918,1.9075,-0.674497785,0.718565055,0.134277
1764505202.8514524,-2.45686,-1.41918,1.9075,-0.674497785,0.718565055,0.134277
1764505202.8514524,-2.45686,-1.41918,1.9075,-0.674497785,0.718565055,0.134277
1764505202.8514524,-2.45686,-1.41918,1.9075,-0.674497785,0.718565055,0.134277
1764505202.8514524,-7.2485,0.54936,0.4578,-0.67236156,0.72167784,0.134582175
1764505202.8514524,-7.2485,0.54936,0.4578,-0.67236156,0.72167784,0.134582175
1764505202.8514524,-7.2485,0.54936,0.4578,-0.67236156,0.72167784,0.134582175
1764505202.8514524,-7.2485,0.54936,0.4578,-0.67236156,0.72167784,0.134582175
1764505202.8514524,-7.2485,0.54936,0.4578,-0.67236156,0.72167784,0.134582175
1764505202.8514524,-7.2485,0.54936,0.4578,-0.67236156,0.72167784,0.134582175
1764505202.8514524,-7.2485,0.54936,0.4578,-0.67236156,0.72167784,0.134582175
1764505202.8514524,-7.2485,0.54936,0.4578,-0.67236156,0.72167784,0.134582175
1764505202.8514524,-7.2485,0.54936,0.4578,-0.67236156,0.72167784,0.134582175
1764505202.8514524,-7.2485,0.54936,0.4578,-0.67236156,0.72167784,0.134582175
1764505202.8514524,-9.52224,1.9838,-0.71722,-0.671446035,0.71972472,0.13330044
1764505202.8514524,-9.52224,1.9838,-0.71722,-0.671446035,0.71972472,0.13330044
1764505202.8998082,-9.52224,1.9838,-0.71722,-0.671446035,0.71972472,0.13330044
1764505202.8998082,-9.52224,1.9838,-0.71722,-0.671446035,0.71972472,0.13330044
1764505202.8998082,-9.52224,1.9838,-0.71722,-0.671446035,0.71972472,0.13330044
1764505202.8998082,-9.52224,1.9838,-0.71722,-0.671446035,0.71972472,0.13330044
1764505202.8998082,-9.52224,1.9838,-0.71722,-0.671446035,0.71972472,0.13330044
1764505202.8998082,-9.52224,1.9838,-0.71722,-0.671446035,0.71972472,0.13330044
1764505202.8998082,-9.52224,1.9838,-0.71722,-0.671446035,0.71972472,0.13330044
1764505202.8998082,-9.52224,1.9838,-0.71722,-0.671446035,0.71972472,0.13330044
1764505202.8998082,-9.919,1.25132,-0.3204599999999999,-0.672422595,0.71471985,0.131896635
1764505202.9013176,-9.919,1.25132,-0.3204599999999999,-0.672422595,0.71471985,0.131896635
1764505202.9013176,-9.919,1.25132,-0.3204599999999999,-0.672422595,0.71471985,0.131896635
1764505202.9013176,-9.919,1.25132,-0.3204599999999999,-0.672422595,0.71471985,0.131896635
1764505202.9013176,-9.919,1.25132,-0.3204599999999999,-0.672422595,0.71471985,0.131896635
1764505202.9013176,-9.919,1.25132,-0.3204599999999999,-0.672422595,0.71471985,0.131896635
1764505202.9013176,-9.919,1.25132,-0.3204599999999999,-0.672422595,0.71471985,0.131896635
1764505202.9013176,-9.919,1.25132,-0.3204599999999999,-0.672422595,0.71471985,0.131896635
1764505202.9013176,-9.919,1.25132,-0.3204599999999999,-0.672422595,0.71471985,0.131896635
1764505202.9013176,-9.919,1.25132,-0.3204599999999999,-0.672422595,0.71471985,0.131896635
1764505202.9013176,-7.034859999999999,0.9003399999999999,0.763,-0.674009505,0.70788393,0.13037076
1764505202.9013176,-7.034859999999999,0.9003399999999999,0.763,-0.674009505,0.70788393,0.13037076
1764505202.9013176,-7.034859999999999,0.9003399999999999,0.763,-0.674009505,0.70788393,0.13037076
1764505202.9023273,-7.034859999999999,0.9003399999999999,0.763,-0.674009505,0.70788393,0.13037076
1764505202.9440336,-7.034859999999999,0.9003399999999999,0.763,-0.674009505,0.70788393,0.13037076
1764505202.9440336,-7.034859999999999,0.9003399999999999,0.763,-0.674009505,0.70788393,0.13037076
1764505202.9440336,-7.034859999999999,0.9003399999999999,0.763,-0.674009505,0.70788393,0.13037076
1764505202.9455805,-7.034859999999999,0.9003399999999999,0.763,-0.674009505,0.70788393,0.13037076
1764505202.9455805,-7.034859999999999,0.9003399999999999,0.763,-0.674009505,0.70788393,0.13037076
1764505202.9455805,-7.034859999999999,0.9003399999999999,0.763,-0.674009505,0.70788393,0.13037076
1764505202.9455805,-3.78448,-0.3357199999999999,1.1445,-0.67516917,0.703184235,0.130187655
1764505202.9455805,-3.78448,-0.3357199999999999,1.1445,-0.67516917,0.703184235,0.130187655
1764505202.9455805,-3.78448,-0.3357199999999999,1.1445,-0.67516917,0.703184235,0.130187655
1764505202.9455805,-3.78448,-0.3357199999999999,1.1445,-0.67516917,0.703184235,0.130187655
1764505202.9455805,-3.78448,-0.3357199999999999,1.1445,-0.67516917,0.703184235,0.130187655
1764505202.9455805,-3.78448,-0.3357199999999999,1.1445,-0.67516917,0.703184235,0.130187655
1764505202.9455805,-3.78448,-0.3357199999999999,1.1445,-0.67516917,0.703184235,0.130187655
1764505202.9455805,-3.78448,-0.3357199999999999,1.1445,-0.67516917,0.703184235,0.130187655
1764505202.9455805,-3.78448,-0.3357199999999999,1.1445,-0.67516917,0.703184235,0.130187655
1764505202.9455805,-3.78448,-0.3357199999999999,1.1445,-0.67516917,0.703184235,0.130187655
1764505202.9455805,-3.1283,-0.6103999999999999,0.48832,-0.67553538,0.70287906,0.128844885
1764505202.9455805,-3.1283,-0.6103999999999999,0.48832,-0.67553538,0.70287906,0.128844885
1764505202.9455805,-3.1283,-0.6103999999999999,0.48832,-0.67553538,0.70287906,0.128844885
1764505202.9455805,-3.1283,-0.6103999999999999,0.48832,-0.67553538,0.70287906,0.128844885
1764505202.9455805,-3.1283,-0.6103999999999999,0.48832,-0.67553538,0.70287906,0.128844885
1764505202.9455805,-3.1283,-0.6103999999999999,0.48832,-0.67553538,0.70287906,0.128844885
1764505202.9455805,-3.1283,-0.6103999999999999,0.48832,-0.67553538,0.70287906,0.128844885
1764505202.9455805,-3.1283,-0.6103999999999999,0.48832,-0.67553538,0.70287906,0.128844885
1764505202.991185,-3.1283,-0.6103999999999999,0.48832,-0.67553538,0.70287906,0.128844885
1764505202.991185,-3.1283,-0.6103999999999999,0.48832,-0.67553538,0.70287906,0.128844885
1764505202.991185,-2.07536,-0.50358,0.24416,-0.6738264,0.704282865,0.12878385
1764505202.991185,-2.07536,-0.50358,0.24416,-0.6738264,0.704282865,0.12878385
1764505202.991185,-2.07536,-0.50358,0.24416,-0.6738264,0.704282865,0.12878385
1764505202.991185,-2.07536,-0.50358,0.24416,-0.6738264,0.704282865,0.12878385
1764505202.991185,-2.07536,-0.50358,0.24416,-0.6738264,0.704282865,0.12878385
1764505202.991185,-2.07536,-0.50358,0.24416,-0.6738264,0.704282865,0.12878385
1764505202.9921808,-2.07536,-0.50358,0.24416,-0.6738264,0.704282865,0.12878385
1764505202.9921808,-2.07536,-0.50358,0.24416,-0.6738264,0.704282865,0.12878385
1764505202.9921808,-2.07536,-0.50358,0.24416,-0.6738264,0.704282865,0.12878385
1764505202.9921808,-2.07536,-0.50358,0.24416,-0.6738264,0.704282865,0.12878385
1764505202.9921808,-2.41108,-0.28994,-0.39676,-0.67236156,0.7078228950000001,0.12878385
1764505202.9921808,-2.41108,-0.28994,-0.39676,-0.67236156,0.7078228950000001,0.12878385
1764505202.9921808,-2.41108,-0.28994,-0.39676,-0.67236156,0.7078228950000001,0.12878385
1764505202.9921808,-2.41108,-0.28994,-0.39676,-0.67236156,0.7078228950000001,0.12878385
1764505202.993183,-2.41108,-0.28994,-0.39676,-0.67236156,0.7078228950000001,0.12878385
1764505202.993183,-2.41108,-0.28994,-0.39676,-0.67236156,0.7078228950000001,0.12878385
1764505202.993183,-2.41108,-0.28994,-0.39676,-0.67236156,0.7078228950000001,0.12878385
1764505202.993183,-2.41108,-0.28994,-0.39676,-0.67236156,0.7078228950000001,0.12878385
1764505202.993183,-2.41108,-0.28994,-0.39676,-0.67236156,0.7078228950000001,0.12878385
1764505202.993183,-2.41108,-0.28994,-0.39676,-0.67236156,0.7078228950000001,0.12878385
1764505203.0354488,-1.55652,-0.18312,0.0762999999999999,-0.670347405,0.710874645,0.128966955
1764505203.0354488,-1.55652,-0.18312,0.0762999999999999,-0.670347405,0.710874645,0.128966955
1764505203.0354488,-1.55652,-0.18312,0.0762999999999999,-0.670347405,0.710874645,0.128966955
1764505203.0354488,-1.55652,-0.18312,0.0762999999999999,-0.670347405,0.710874645,0.128966955
1764505203.0354488,-1.55652,-0.18312,0.0762999999999999,-0.670347405,0.710874645,0.128966955
1764505203.0354488,-1.55652,-0.18312,0.0762999999999999,-0.670347405,0.710874645,0.128966955
1764505203.0354488,-1.55652,-0.18312,0.0762999999999999,-0.670347405,0.710874645,0.128966955
1764505203.0354488,-1.55652,-0.18312,0.0762999999999999,-0.670347405,0.710874645,0.128966955
1764505203.0354488,-1.55652,-0.18312,0.0762999999999999,-0.670347405,0.710874645,0.128966955
1764505203.0354488,-1.55652,-0.18312,0.0762999999999999,-0.670347405,0.710874645,0.128966955
1764505203.0354488,-1.92276,-0.13734,0.04578,-0.668272215,0.714902955,0.130798005
1764505203.0354488,-1.92276,-0.13734,0.04578,-0.668272215,0.714902955,0.130798005
1764505203.0354488,-1.92276,-0.13734,0.04578,-0.668272215,0.714902955,0.130798005
1764505203.0354488,-1.92276,-0.13734,0.04578,-0.668272215,0.714902955,0.130798005
1764505203.0354488,-1.92276,-0.13734,0.04578,-0.668272215,0.714902955,0.130798005
1764505203.0354488,-1.92276,-0.13734,0.04578,-0.668272215,0.714902955,0.130798005
1764505203.0364647,-1.92276,-0.13734,0.04578,-0.668272215,0.714902955,0.130798005
1764505203.037471,-1.92276,-0.13734,0.04578,-0.668272215,0.714902955,0.130798005
1764505203.037471,-1.92276,-0.13734,0.04578,-0.668272215,0.714902955,0.130798005
1764505203.037471,-1.92276,-0.13734,0.04578,-0.668272215,0.714902955,0.130798005
1764505203.0385091,-4.45592,0.44254,1.17502,-0.666685305,0.71984679,0.132018705
1764505203.0385091,-4.45592,0.44254,1.17502,-0.666685305,0.71984679,0.132018705
1764505203.0385091,-4.45592,0.44254,1.17502,-0.666685305,0.71984679,0.132018705
1764505203.0385091,-4.45592,0.44254,1.17502,-0.666685305,0.71984679,0.132018705
1764505203.0394926,-4.45592,0.44254,1.17502,-0.666685305,0.71984679,0.132018705
1764505203.0394926,-4.45592,0.44254,1.17502,-0.666685305,0.71984679,0.132018705
1764505203.08264,-4.45592,0.44254,1.17502,-0.666685305,0.71984679,0.132018705
1764505203.08264,-4.45592,0.44254,1.17502,-0.666685305,0.71984679,0.132018705
1764505203.08264,-4.45592,0.44254,1.17502,-0.666685305,0.71984679,0.132018705
1764505203.08264,-4.45592,0.44254,1.17502,-0.666685305,0.71984679,0.132018705
1764505203.08264,-8.042019999999999,-0.6103999999999999,2.09062,-0.66564771,0.726743745,0.131408355
1764505203.08264,-8.042019999999999,-0.6103999999999999,2.09062,-0.66564771,0.726743745,0.131408355
1764505203.08264,-8.042019999999999,-0.6103999999999999,2.09062,-0.66564771,0.726743745,0.131408355
1764505203.08264,-8.042019999999999,-0.6103999999999999,2.09062,-0.66564771,0.726743745,0.131408355
1764505203.08264,-8.042019999999999,-0.6103999999999999,2.09062,-0.66564771,0.726743745,0.131408355
1764505203.08264,-8.042019999999999,-0.6103999999999999,2.09062,-0.66564771,0.726743745,0.131408355
1764505203.0836513,-8.042019999999999,-0.6103999999999999,2.09062,-0.66564771,0.726743745,0.131408355
1764505203.0836513,-8.042019999999999,-0.6103999999999999,2.09062,-0.66564771,0.726743745,0.131408355
1764505203.0836513,-8.042019999999999,-0.6103999999999999,2.09062,-0.66564771,0.726743745,0.131408355
1764505203.0836513,-8.042019999999999,-0.6103999999999999,2.09062,-0.66564771,0.726743745,0.131408355
1764505203.0836513,-10.84986,0.13734,3.63188,-0.662656995,0.732114825,0.13000455
1764505203.0836513,-10.84986,0.13734,3.63188,-0.662656995,0.732114825,0.13000455
1764505203.0836513,-10.84986,0.13734,3.63188,-0.662656995,0.732114825,0.13000455
1764505203.0836513,-10.84986,0.13734,3.63188,-0.662656995,0.732114825,0.13000455
1764505203.0836513,-10.84986,0.13734,3.63188,-0.662656995,0.732114825,0.13000455
1764505203.0836513,-10.84986,0.13734,3.63188,-0.662656995,0.732114825,0.13000455
1764505203.129819,-10.84986,0.13734,3.63188,-0.662656995,0.732114825,0.13000455
1764505203.129819,-10.84986,0.13734,3.63188,-0.662656995,0.732114825,0.13000455
1764505203.129819,-10.84986,0.13734,3.63188,-0.662656995,0.732114825,0.13000455
1764505203.129819,-10.84986,0.13734,3.63188,-0.662656995,0.732114825,0.13000455
1764505203.129819,-13.71874,2.57894,6.1803,-0.66052077,0.73461726,0.1281735
1764505203.129819,-13.71874,2.57894,6.1803,-0.66052077,0.73461726,0.1281735
1764505203.129819,-13.71874,2.57894,6.1803,-0.66052077,0.73461726,0.1281735
1764505203.129819,-13.71874,2.57894,6.1803,-0.66052077,0.73461726,0.1281735
1764505203.129819,-13.71874,2.57894,6.1803,-0.66052077,0.73461726,0.1281735
1764505203.129819,-13.71874,2.57894,6.1803,-0.66052077,0.73461726,0.1281735
1764505203.129819,-13.71874,2.57894,6.1803,-0.66052077,0.73461726,0.1281735
1764505203.129819,-13.71874,2.57894,6.1803,-0.66052077,0.73461726,0.1281735
1764505203.129819,-13.71874,2.57894,6.1803,-0.66052077,0.73461726,0.1281735
1764505203.129819,-13.71874,2.57894,6.1803,-0.66052077,0.73461726,0.1281735
1764505203.129819,-16.862299999999998,4.822159999999999,7.63,-0.65905593,0.735166575,0.126647625
1764505203.129819,-16.862299999999998,4.822159999999999,7.63,-0.65905593,0.735166575,0.126647625
1764505203.129819,-16.862299999999998,4.822159999999999,7.63,-0.65905593,0.735166575,0.126647625
1764505203.129819,-16.862299999999998,4.822159999999999,7.63,-0.65905593,0.735166575,0.126647625
1764505203.129819,-16.862299999999998,4.822159999999999,7.63,-0.65905593,0.735166575,0.126647625
1764505203.129819,-16.862299999999998,4.822159999999999,7.63,-0.65905593,0.735166575,0.126647625
1764505203.1308005,-16.862299999999998,4.822159999999999,7.63,-0.65905593,0.735166575,0.126647625
1764505203.1308005,-16.862299999999998,4.822159999999999,7.63,-0.65905593,0.735166575,0.126647625
1764505203.1769233,-16.862299999999998,4.822159999999999,7.63,-0.65905593,0.735166575,0.126647625
1764505203.1769233,-16.862299999999998,4.822159999999999,7.63,-0.65905593,0.735166575,0.126647625
1764505203.1779444,-18.28148,7.27902,8.881319999999999,-0.65868972,0.72900204,0.12597624
1764505203.1779444,-18.28148,7.27902,8.881319999999999,-0.65868972,0.72900204,0.12597624
1764505203.1779444,-18.28148,7.27902,8.881319999999999,-0.65868972,0.72900204,0.12597624
1764505203.1779444,-18.28148,7.27902,8.881319999999999,-0.65868972,0.72900204,0.12597624
1764505203.1779444,-18.28148,7.27902,8.881319999999999,-0.65868972,0.72900204,0.12597624
1764505203.1779444,-18.28148,7.27902,8.881319999999999,-0.65868972,0.72900204,0.12597624
1764505203.1779444,-18.28148,7.27902,8.881319999999999,-0.65868972,0.72900204,0.12597624
1764505203.1779444,-18.28148,7.27902,8.881319999999999,-0.65868972,0.72900204,0.12597624
1764505203.1779444,-18.28148,7.27902,8.881319999999999,-0.65868972,0.72900204,0.12597624
1764505203.1779444,-18.28148,7.27902,8.881319999999999,-0.65868972,0.72900204,0.12597624
1764505203.1779444,-16.72496,8.75924,9.919,-0.66174147,0.718931265,0.12683073
1764505203.1779444,-16.72496,8.75924,9.919,-0.66174147,0.718931265,0.12683073
1764505203.1779444,-16.72496,8.75924,9.919,-0.66174147,0.718931265,0.12683073
1764505203.1779444,-16.72496,8.75924,9.919,-0.66174147,0.718931265,0.12683073
1764505203.1779444,-16.72496,8.75924,9.919,-0.66174147,0.718931265,0.12683073
1764505203.1779444,-16.72496,8.75924,9.919,-0.66174147,0.718931265,0.12683073
1764505203.179456,-16.72496,8.75924,9.919,-0.66174147,0.718931265,0.12683073
1764505203.179456,-16.72496,8.75924,9.919,-0.66174147,0.718931265,0.12683073
1764505203.179456,-16.72496,8.75924,9.919,-0.66174147,0.718931265,0.12683073
1764505203.179456,-16.72496,8.75924,9.919,-0.66174147,0.718931265,0.12683073
1764505203.179456,-13.23042,9.44594,9.33912,-0.6677229,0.709653945,0.12756315
1764505203.179456,-13.23042,9.44594,9.33912,-0.6677229,0.709653945,0.12756315
1764505203.179456,-13.23042,9.44594,9.33912,-0.6677229,0.709653945,0.12756315
1764505203.179456,-13.23042,9.44594,9.33912,-0.6677229,0.709653945,0.12756315
1764505203.2240903,-13.23042,9.44594,9.33912,-0.6677229,0.709653945,0.12756315
1764505203.2240903,-13.23042,9.44594,9.33912,-0.6677229,0.709653945,0.12756315
1764505203.2240903,-13.23042,9.44594,9.33912,-0.6677229,0.709653945,0.12756315
1764505203.2240903,-13.23042,9.44594,9.33912,-0.6677229,0.709653945,0.12756315
1764505203.2240903,-13.23042,9.44594,9.33912,-0.6677229,0.709653945,0.12756315
1764505203.2240903,-13.23042,9.44594,9.33912,-0.6677229,0.709653945,0.12756315
1764505203.2240903,-5.7225,3.6624,7.965719999999999,-0.674863995,0.70361148,0.13232388
1764505203.2240903,-5.7225,3.6624,7.965719999999999,-0.674863995,0.70361148,0.13232388
1764505203.2240903,-5.7225,3.6624,7.965719999999999,-0.674863995,0.70361148,0.13232388
1764505203.2240903,-5.7225,3.6624,7.965719999999999,-0.674863995,0.70361148,0.13232388
1764505203.2240903,-5.7225,3.6624,7.965719999999999,-0.674863995,0.70361148,0.13232388
1764505203.2240903,-5.7225,3.6624,7.965719999999999,-0.674863995,0.70361148,0.13232388
1764505203.2240903,-5.7225,3.6624,7.965719999999999,-0.674863995,0.70361148,0.13232388
1764505203.2240903,-5.7225,3.6624,7.965719999999999,-0.674863995,0.70361148,0.13232388
1764505203.2240903,-5.7225,3.6624,7.965719999999999,-0.674863995,0.70361148,0.13232388
1764505203.2240903,-5.7225,3.6624,7.965719999999999,-0.674863995,0.70361148,0.13232388
1764505203.2240903,-0.04578,-0.3815,7.4011,-0.676328835,0.70409976,0.13940394
1764505203.2240903,-0.04578,-0.3815,7.4011,-0.676328835,0.70409976,0.13940394
1764505203.2240903,-0.04578,-0.3815,7.4011,-0.676328835,0.70409976,0.13940394
1764505203.2240903,-0.04578,-0.3815,7.4011,-0.676328835,0.70409976,0.13940394
1764505203.2240903,-0.04578,-0.3815,7.4011,-0.676328835,0.70409976,0.13940394
1764505203.2240903,-0.04578,-0.3815,7.4011,-0.676328835,0.70409976,0.13940394
1764505203.2240903,-0.04578,-0.3815,7.4011,-0.676328835,0.70409976,0.13940394
1764505203.2240903,-0.04578,-0.3815,7.4011,-0.676328835,0.70409976,0.13940394
1764505203.27096,-0.04578,-0.3815,7.4011,-0.676328835,0.70409976,0.13940394
1764505203.27096,-0.04578,-0.3815,7.4011,-0.676328835,0.70409976,0.13940394
1764505203.2719934,-2.62472,-2.60946,8.19462,-0.67431468,0.71374329,0.1428219
1764505203.2719934,-2.62472,-2.60946,8.19462,-0.67431468,0.71374329,0.1428219
1764505203.2719934,-2.62472,-2.60946,8.19462,-0.67431468,0.71374329,0.1428219
1764505203.2719934,-2.62472,-2.60946,8.19462,-0.67431468,0.71374329,0.1428219
1764505203.2719934,-2.62472,-2.60946,8.19462,-0.67431468,0.71374329,0.1428219
1764505203.2719934,-2.62472,-2.60946,8.19462,-0.67431468,0.71374329,0.1428219
1764505203.2719934,-2.62472,-2.60946,8.19462,-0.67431468,0.71374329,0.1428219
1764505203.2719934,-2.62472,-2.60946,8.19462,-0.67431468,0.71374329,0.1428219
1764505203.2719934,-2.62472,-2.60946,8.19462,-0.67431468,0.71374329,0.1428219
1764505203.2719934,-2.62472,-2.60946,8.19462,-0.67431468,0.71374329,0.1428219
1764505203.2719934,-8.14884,-3.93708,9.12548,-0.6689436,0.724180275,0.143371215
1764505203.2719934,-8.14884,-3.93708,9.12548,-0.6689436,0.724180275,0.143371215
1764505203.272992,-8.14884,-3.93708,9.12548,-0.6689436,0.724180275,0.143371215
1764505203.272992,-8.14884,-3.93708,9.12548,-0.6689436,0.724180275,0.143371215
1764505203.272992,-8.14884,-3.93708,9.12548,-0.6689436,0.724180275,0.143371215
1764505203.272992,-8.14884,-3.93708,9.12548,-0.6689436,0.724180275,0.143371215
1764505203.272992,-8.14884,-3.93708,9.12548,-0.6689436,0.724180275,0.143371215
1764505203.272992,-8.14884,-3.93708,9.12548,-0.6689436,0.724180275,0.143371215
1764505203.274057,-8.14884,-3.93708,9.12548,-0.6689436,0.724180275,0.143371215
1764505203.274057,-8.14884,-3.93708,9.12548,-0.6689436,0.724180275,0.143371215
1764505203.274057,-13.36776,-1.64808,9.3849,-0.662290785,0.729063075,0.14025843
1764505203.274057,-13.36776,-1.64808,9.3849,-0.662290785,0.729063075,0.14025843
1764505203.3215222,-13.36776,-1.64808,9.3849,-0.662290785,0.729063075,0.14025843
1764505203.3215222,-13.36776,-1.64808,9.3849,-0.662290785,0.729063075,0.14025843
1764505203.3215222,-13.36776,-1.64808,9.3849,-0.662290785,0.729063075,0.14025843
1764505203.322637,-13.36776,-1.64808,9.3849,-0.662290785,0.729063075,0.14025843
1764505203.322637,-13.36776,-1.64808,9.3849,-0.662290785,0.729063075,0.14025843
1764505203.322637,-13.36776,-1.64808,9.3849,-0.662290785,0.729063075,0.14025843
1764505203.322637,-13.36776,-1.64808,9.3849,-0.662290785,0.729063075,0.14025843
1764505203.322637,-13.36776,-1.64808,9.3849,-0.662290785,0.729063075,0.14025843
1764505203.322637,-12.11644,0.06104,10.65148,-0.659361105,0.72729306,0.136901505
1764505203.322637,-12.11644,0.06104,10.65148,-0.659361105,0.72729306,0.136901505
1764505203.322637,-12.11644,0.06104,10.65148,-0.659361105,0.72729306,0.136901505
1764505203.322637,-12.11644,0.06104,10.65148,-0.659361105,0.72729306,0.136901505
1764505203.322637,-12.11644,0.06104,10.65148,-0.659361105,0.72729306,0.136901505
1764505203.322637,-12.11644,0.06104,10.65148,-0.659361105,0.72729306,0.136901505
1764505203.322637,-12.11644,0.06104,10.65148,-0.659361105,0.72729306,0.136901505
1764505203.322637,-12.11644,0.06104,10.65148,-0.659361105,0.72729306,0.136901505
1764505203.322637,-12.11644,0.06104,10.65148,-0.659361105,0.72729306,0.136901505
1764505203.322637,-12.11644,0.06104,10.65148,-0.659361105,0.72729306,0.136901505
1764505203.322637,-7.309539999999999,1.4497,8.942359999999999,-0.658628685,0.71923644,0.13500942
1764505203.322637,-7.309539999999999,1.4497,8.942359999999999,-0.658628685,0.71923644,0.13500942
1764505203.322637,-7.309539999999999,1.4497,8.942359999999999,-0.658628685,0.71923644,0.13500942
1764505203.322637,-7.309539999999999,1.4497,8.942359999999999,-0.658628685,0.71923644,0.13500942
1764505203.322637,-7.309539999999999,1.4497,8.942359999999999,-0.658628685,0.71923644,0.13500942
1764505203.322637,-7.309539999999999,1.4497,8.942359999999999,-0.658628685,0.71923644,0.13500942
1764505203.3676963,-7.309539999999999,1.4497,8.942359999999999,-0.658628685,0.71923644,0.13500942
1764505203.3676963,-7.309539999999999,1.4497,8.942359999999999,-0.658628685,0.71923644,0.13500942
1764505203.3676963,-7.309539999999999,1.4497,8.942359999999999,-0.658628685,0.71923644,0.13500942
1764505203.368206,-7.309539999999999,1.4497,8.942359999999999,-0.658628685,0.71923644,0.13500942
1764505203.368206,-5.38678,2.24322,7.41636,-0.6579573,0.7128888,0.13317837
1764505203.368206,-5.38678,2.24322,7.41636,-0.6579573,0.7128888,0.13317837
1764505203.368206,-5.38678,2.24322,7.41636,-0.6579573,0.7128888,0.13317837
1764505203.368206,-5.38678,2.24322,7.41636,-0.6579573,0.7128888,0.13317837
1764505203.368206,-5.38678,2.24322,7.41636,-0.6579573,0.7128888,0.13317837
1764505203.368206,-5.38678,2.24322,7.41636,-0.6579573,0.7128888,0.13317837
1764505203.368206,-5.38678,2.24322,7.41636,-0.6579573,0.7128888,0.13317837
1764505203.368206,-5.38678,2.24322,7.41636,-0.6579573,0.7128888,0.13317837
1764505203.368206,-5.38678,2.24322,7.41636,-0.6579573,0.7128888,0.13317837
1764505203.368206,-5.38678,2.24322,7.41636,-0.6579573,0.7128888,0.13317837
1764505203.368206,-7.46214,5.24944,8.75924,-0.655821075,0.71374329,0.129699375
1764505203.368206,-7.46214,5.24944,8.75924,-0.655821075,0.71374329,0.129699375
1764505203.368206,-7.46214,5.24944,8.75924,-0.655821075,0.71374329,0.129699375
1764505203.368206,-7.46214,5.24944,8.75924,-0.655821075,0.71374329,0.129699375
1764505203.368206,-7.46214,5.24944,8.75924,-0.655821075,0.71374329,0.129699375
1764505203.368206,-7.46214,5.24944,8.75924,-0.655821075,0.71374329,0.129699375
1764505203.368206,-7.46214,5.24944,8.75924,-0.655821075,0.71374329,0.129699375
1764505203.368206,-7.46214,5.24944,8.75924,-0.655821075,0.71374329,0.129699375
1764505203.368206,-7.46214,5.24944,8.75924,-0.655821075,0.71374329,0.129699375
1764505203.368206,-7.46214,5.24944,8.75924,-0.655821075,0.71374329,0.129699375
1764505203.4156015,-7.41636,5.06632,12.10118,-0.65405106,0.719663685,0.129821445
1764505203.4156015,-7.41636,5.06632,12.10118,-0.65405106,0.719663685,0.129821445
1764505203.4156015,-7.41636,5.06632,12.10118,-0.65405106,0.719663685,0.129821445
1764505203.4156015,-7.41636,5.06632,12.10118,-0.65405106,0.719663685,0.129821445
1764505203.4156015,-7.41636,5.06632,12.10118,-0.65405106,0.719663685,0.129821445
1764505203.4166136,-7.41636,5.06632,12.10118,-0.65405106,0.719663685,0.129821445
1764505203.4166136,-7.41636,5.06632,12.10118,-0.65405106,0.719663685,0.129821445
1764505203.4166136,-7.41636,5.06632,12.10118,-0.65405106,0.719663685,0.129821445
1764505203.4166136,-7.41636,5.06632,12.10118,-0.65405106,0.719663685,0.129821445
1764505203.4166136,-7.41636,5.06632,12.10118,-0.65405106,0.719663685,0.129821445
1764505203.4166136,-7.84364,5.21892,13.4288,-0.64977861,0.726255465,0.131408355
1764505203.4176116,-7.84364,5.21892,13.4288,-0.64977861,0.726255465,0.131408355
1764505203.4176116,-7.84364,5.21892,13.4288,-0.64977861,0.726255465,0.131408355
1764505203.4176116,-7.84364,5.21892,13.4288,-0.64977861,0.726255465,0.131408355
1764505203.4176116,-7.84364,5.21892,13.4288,-0.64977861,0.726255465,0.131408355
1764505203.4176116,-7.84364,5.21892,13.4288,-0.64977861,0.726255465,0.131408355
1764505203.4176116,-7.84364,5.21892,13.4288,-0.64977861,0.726255465,0.131408355
1764505203.4176116,-7.84364,5.21892,13.4288,-0.64977861,0.726255465,0.131408355
1764505203.4176116,-7.84364,5.21892,13.4288,-0.64977861,0.726255465,0.131408355
1764505203.419153,-7.84364,5.21892,13.4288,-0.64977861,0.726255465,0.131408355
1764505203.419153,-9.919,7.340059999999999,11.3687,-0.645811335,0.72924618,0.133483545
1764505203.419153,-9.919,7.340059999999999,11.3687,-0.645811335,0.72924618,0.133483545
1764505203.459664,-9.919,7.340059999999999,11.3687,-0.645811335,0.72924618,0.133483545
1764505203.459664,-9.919,7.340059999999999,11.3687,-0.645811335,0.72924618,0.133483545
1764505203.459664,-9.919,7.340059999999999,11.3687,-0.645811335,0.72924618,0.133483545
1764505203.459664,-9.919,7.340059999999999,11.3687,-0.645811335,0.72924618,0.133483545
1764505203.459664,-9.919,7.340059999999999,11.3687,-0.645811335,0.72924618,0.133483545
1764505203.459664,-9.919,7.340059999999999,11.3687,-0.645811335,0.72924618,0.133483545
1764505203.459664,-9.919,7.340059999999999,11.3687,-0.645811335,0.72924618,0.133483545
1764505203.459664,-9.919,7.340059999999999,11.3687,-0.645811335,0.72924618,0.133483545
1764505203.459664,-13.41354,7.340059999999999,9.55276,-0.646421685,0.73242,0.135436665
1764505203.459664,-13.41354,7.340059999999999,9.55276,-0.646421685,0.73242,0.135436665
1764505203.460694,-13.41354,7.340059999999999,9.55276,-0.646421685,0.73242,0.135436665
1764505203.460694,-13.41354,7.340059999999999,9.55276,-0.646421685,0.73242,0.135436665
1764505203.460694,-13.41354,7.340059999999999,9.55276,-0.646421685,0.73242,0.135436665
1764505203.461913,-13.41354,7.340059999999999,9.55276,-0.646421685,0.73242,0.135436665
1764505203.461913,-13.41354,7.340059999999999,9.55276,-0.646421685,0.73242,0.135436665
1764505203.461913,-13.41354,7.340059999999999,9.55276,-0.646421685,0.73242,0.135436665
1764505203.4627202,-13.41354,7.340059999999999,9.55276,-0.646421685,0.73242,0.135436665
1764505203.4627202,-13.41354,7.340059999999999,9.55276,-0.646421685,0.73242,0.135436665
1764505203.4627202,-13.18464,6.45498,8.48456,-0.646909965,0.73278621,0.13964808
1764505203.4627202,-13.18464,6.45498,8.48456,-0.646909965,0.73278621,0.13964808
1764505203.4627202,-13.18464,6.45498,8.48456,-0.646909965,0.73278621,0.13964808
1764505203.4637086,-13.18464,6.45498,8.48456,-0.646909965,0.73278621,0.13964808
1764505203.4637086,-13.18464,6.45498,8.48456,-0.646909965,0.73278621,0.13964808
1764505203.4637086,-13.18464,6.45498,8.48456,-0.646909965,0.73278621,0.13964808
1764505203.4637086,-13.18464,6.45498,8.48456,-0.646909965,0.73278621,0.13964808
1764505203.464702,-13.18464,6.45498,8.48456,-0.646909965,0.73278621,0.13964808
1764505203.5087693,-13.18464,6.45498,8.48456,-0.646909965,0.73278621,0.13964808
1764505203.5087693,-13.18464,6.45498,8.48456,-0.646909965,0.73278621,0.13964808
1764505203.5087693,-13.87134,6.88226,7.965719999999999,-0.647520315,0.73022274,0.14257776
1764505203.5087693,-13.87134,6.88226,7.965719999999999,-0.647520315,0.73022274,0.14257776
1764505203.5087693,-13.87134,6.88226,7.965719999999999,-0.647520315,0.73022274,0.14257776
1764505203.5087693,-13.87134,6.88226,7.965719999999999,-0.647520315,0.73022274,0.14257776
1764505203.5087693,-13.87134,6.88226,7.965719999999999,-0.647520315,0.73022274,0.14257776
1764505203.5087693,-13.87134,6.88226,7.965719999999999,-0.647520315,0.73022274,0.14257776
1764505203.5087693,-13.87134,6.88226,7.965719999999999,-0.647520315,0.73022274,0.14257776
1764505203.5087693,-13.87134,6.88226,7.965719999999999,-0.647520315,0.73022274,0.14257776
1764505203.5087693,-13.87134,6.88226,7.965719999999999,-0.647520315,0.73022274,0.14257776
1764505203.5087693,-13.87134,6.88226,7.965719999999999,-0.647520315,0.73022274,0.14257776
1764505203.5087693,-16.038259999999998,8.7745,5.21892,-0.6459944400000001,0.72570615,0.14331018
1764505203.5087693,-16.038259999999998,8.7745,5.21892,-0.6459944400000001,0.72570615,0.14331018
1764505203.5087693,-16.038259999999998,8.7745,5.21892,-0.6459944400000001,0.72570615,0.14331018
1764505203.5087693,-16.038259999999998,8.7745,5.21892,-0.6459944400000001,0.72570615,0.14331018
1764505203.5087693,-16.038259999999998,8.7745,5.21892,-0.6459944400000001,0.72570615,0.14331018
1764505203.5087693,-16.038259999999998,8.7745,5.21892,-0.6459944400000001,0.72570615,0.14331018
1764505203.5087693,-16.038259999999998,8.7745,5.21892,-0.6459944400000001,0.72570615,0.14331018
1764505203.5087693,-16.038259999999998,8.7745,5.21892,-0.6459944400000001,0.72570615,0.14331018
1764505203.5087693,-16.038259999999998,8.7745,5.21892,-0.6459944400000001,0.72570615,0.14331018
1764505203.5087693,-16.038259999999998,8.7745,5.21892,-0.6459944400000001,0.72570615,0.14331018
1764505203.5529037,-18.06784,12.1317,4.53222,-0.64489581,0.722349225,0.140929815
1764505203.5529037,-18.06784,12.1317,4.53222,-0.64489581,0.722349225,0.140929815
1764505203.5539134,-18.06784,12.1317,4.53222,-0.64489581,0.722349225,0.140929815
1764505203.5539134,-18.06784,12.1317,4.53222,-0.64489581,0.722349225,0.140929815
1764505203.5539134,-18.06784,12.1317,4.53222,-0.64489581,0.722349225,0.140929815
1764505203.5539134,-18.06784,12.1317,4.53222,-0.64489581,0.722349225,0.140929815
1764505203.5539134,-18.06784,12.1317,4.53222,-0.64489581,0.722349225,0.140929815
1764505203.5539134,-18.06784,12.1317,4.53222,-0.64489581,0.722349225,0.140929815
1764505203.5554538,-18.06784,12.1317,4.53222,-0.64489581,0.722349225,0.140929815
1764505203.5554538,-18.06784,12.1317,4.53222,-0.64489581,0.722349225,0.140929815
1764505203.5554538,-17.36588,12.07066,6.66862,-0.646787895,0.7238751,0.13830531
1764505203.5564692,-17.36588,12.07066,6.66862,-0.646787895,0.7238751,0.13830531
1764505203.5564692,-17.36588,12.07066,6.66862,-0.646787895,0.7238751,0.13830531
1764505203.5564692,-17.36588,12.07066,6.66862,-0.646787895,0.7238751,0.13830531
1764505203.5564692,-17.36588,12.07066,6.66862,-0.646787895,0.7238751,0.13830531
1764505203.5574708,-17.36588,12.07066,6.66862,-0.646787895,0.7238751,0.13830531
1764505203.5574708,-17.36588,12.07066,6.66862,-0.646787895,0.7238751,0.13830531
1764505203.5582683,-17.36588,12.07066,6.66862,-0.646787895,0.7238751,0.13830531
1764505203.5582683,-17.36588,12.07066,6.66862,-0.646787895,0.7238751,0.13830531
1764505203.5586853,-17.36588,12.07066,6.66862,-0.646787895,0.7238751,0.13830531
1764505203.5589294,-16.0993,9.90374,8.82028,-0.65222001,0.727842375,0.138732555
1764505203.5591383,-16.0993,9.90374,8.82028,-0.65222001,0.727842375,0.138732555
1764505203.599891,-16.0993,9.90374,8.82028,-0.65222001,0.727842375,0.138732555
1764505203.599891,-16.0993,9.90374,8.82028,-0.65222001,0.727842375,0.138732555
1764505203.599891,-16.0993,9.90374,8.82028,-0.65222001,0.727842375,0.138732555
1764505203.599891,-16.0993,9.90374,8.82028,-0.65222001,0.727842375,0.138732555
1764505203.599891,-16.0993,9.90374,8.82028,-0.65222001,0.727842375,0.138732555
1764505203.599891,-16.0993,9.90374,8.82028,-0.65222001,0.727842375,0.138732555
1764505203.599891,-16.0993,9.90374,8.82028,-0.65222001,0.727842375,0.138732555
1764505203.599891,-16.0993,9.90374,8.82028,-0.65222001,0.727842375,0.138732555
1764505203.599891,-9.3849,3.7387,8.65242,-0.6567366,0.726743745,0.14501916
1764505203.599891,-9.3849,3.7387,8.65242,-0.6567366,0.726743745,0.14501916
1764505203.599891,-9.3849,3.7387,8.65242,-0.6567366,0.726743745,0.14501916
1764505203.599891,-9.3849,3.7387,8.65242,-0.6567366,0.726743745,0.14501916
1764505203.599891,-9.3849,3.7387,8.65242,-0.6567366,0.726743745,0.14501916
1764505203.599891,-9.3849,3.7387,8.65242,-0.6567366,0.726743745,0.14501916
1764505203.599891,-9.3849,3.7387,8.65242,-0.6567366,0.726743745,0.14501916
1764505203.599891,-9.3849,3.7387,8.65242,-0.6567366,0.726743745,0.14501916
1764505203.599891,-9.3849,3.7387,8.65242,-0.6567366,0.726743745,0.14501916
1764505203.599891,-9.3849,3.7387,8.65242,-0.6567366,0.726743745,0.14501916
1764505203.599891,-8.65242,4.959499999999999,8.530339999999999,-0.65624832,0.724790625,0.148986435
1764505203.599891,-8.65242,4.959499999999999,8.530339999999999,-0.65624832,0.724790625,0.148986435
1764505203.599891,-8.65242,4.959499999999999,8.530339999999999,-0.65624832,0.724790625,0.148986435
1764505203.600909,-8.65242,4.959499999999999,8.530339999999999,-0.65624832,0.724790625,0.148986435
1764505203.600909,-8.65242,4.959499999999999,8.530339999999999,-0.65624832,0.724790625,0.148986435
1764505203.600909,-8.65242,4.959499999999999,8.530339999999999,-0.65624832,0.724790625,0.148986435
1764505203.6462789,-8.65242,4.959499999999999,8.530339999999999,-0.65624832,0.724790625,0.148986435
1764505203.6462789,-8.65242,4.959499999999999,8.530339999999999,-0.65624832,0.724790625,0.148986435
1764505203.6462789,-8.65242,4.959499999999999,8.530339999999999,-0.65624832,0.724790625,0.148986435
1764505203.6462789,-8.65242,4.959499999999999,8.530339999999999,-0.65624832,0.724790625,0.148986435
1764505203.6462789,-8.606639999999999,3.54032,7.202719999999999,-0.65478348,0.72045714,0.15002403
1764505203.6462789,-8.606639999999999,3.54032,7.202719999999999,-0.65478348,0.72045714,0.15002403
1764505203.6462789,-8.606639999999999,3.54032,7.202719999999999,-0.65478348,0.72045714,0.15002403
1764505203.6462789,-8.606639999999999,3.54032,7.202719999999999,-0.65478348,0.72045714,0.15002403
1764505203.6462789,-8.606639999999999,3.54032,7.202719999999999,-0.65478348,0.72045714,0.15002403
1764505203.6462789,-8.606639999999999,3.54032,7.202719999999999,-0.65478348,0.72045714,0.15002403
1764505203.6462789,-8.606639999999999,3.54032,7.202719999999999,-0.65478348,0.72045714,0.15002403
1764505203.6462789,-8.606639999999999,3.54032,7.202719999999999,-0.65478348,0.72045714,0.15002403
1764505203.6462789,-8.606639999999999,3.54032,7.202719999999999,-0.65478348,0.72045714,0.15002403
1764505203.6462789,-8.606639999999999,3.54032,7.202719999999999,-0.65478348,0.72045714,0.15002403
1764505203.6468642,-6.24134,0.71722,6.3329,-0.65466141,0.718198845,0.1525875
1764505203.6468642,-6.24134,0.71722,6.3329,-0.65466141,0.718198845,0.1525875
1764505203.6468642,-6.24134,0.71722,6.3329,-0.65466141,0.718198845,0.1525875
1764505203.6468642,-6.24134,0.71722,6.3329,-0.65466141,0.718198845,0.1525875
1764505203.6468642,-6.24134,0.71722,6.3329,-0.65466141,0.718198845,0.1525875
1764505203.6468642,-6.24134,0.71722,6.3329,-0.65466141,0.718198845,0.1525875
1764505203.6468642,-6.24134,0.71722,6.3329,-0.65466141,0.718198845,0.1525875
1764505203.64828,-6.24134,0.71722,6.3329,-0.65466141,0.718198845,0.1525875
1764505203.64828,-6.24134,0.71722,6.3329,-0.65466141,0.718198845,0.1525875
1764505203.64828,-6.24134,0.71722,6.3329,-0.65466141,0.718198845,0.1525875
1764505203.6926415,-2.18218,-1.03768,6.302379999999999,-0.654722445,0.7136212200000001,0.153014745
1764505203.6926415,-2.18218,-1.03768,6.302379999999999,-0.654722445,0.7136212200000001,0.153014745
1764505203.6926415,-2.18218,-1.03768,6.302379999999999,-0.654722445,0.7136212200000001,0.153014745
1764505203.6926415,-2.18218,-1.03768,6.302379999999999,-0.654722445,0.7136212200000001,0.153014745
1764505203.6926415,-2.18218,-1.03768,6.302379999999999,-0.654722445,0.7136212200000001,0.153014745
1764505203.6926415,-2.18218,-1.03768,6.302379999999999,-0.654722445,0.7136212200000001,0.153014745
1764505203.6926415,-2.18218,-1.03768,6.302379999999999,-0.654722445,0.7136212200000001,0.153014745
1764505203.6926415,-2.18218,-1.03768,6.302379999999999,-0.654722445,0.7136212200000001,0.153014745
1764505203.6926415,-2.18218,-1.03768,6.302379999999999,-0.654722445,0.7136212200000001,0.153014745
1764505203.6926415,-2.18218,-1.03768,6.302379999999999,-0.654722445,0.7136212200000001,0.153014745
1764505203.6926415,0.01526,-3.21986,4.22702,-0.655699005,0.71117982,0.15283164
1764505203.6926415,0.01526,-3.21986,4.22702,-0.655699005,0.71117982,0.15283164
1764505203.6926415,0.01526,-3.21986,4.22702,-0.655699005,0.71117982,0.15283164
1764505203.6926415,0.01526,-3.21986,4.22702,-0.655699005,0.71117982,0.15283164
1764505203.6926415,0.01526,-3.21986,4.22702,-0.655699005,0.71117982,0.15283164
1764505203.6926415,0.01526,-3.21986,4.22702,-0.655699005,0.71117982,0.15283164
1764505203.6926415,0.01526,-3.21986,4.22702,-0.655699005,0.71117982,0.15283164
1764505203.6926415,0.01526,-3.21986,4.22702,-0.655699005,0.71117982,0.15283164
1764505203.6946397,0.01526,-3.21986,4.22702,-0.655699005,0.71117982,0.15283164
1764505203.6946397,0.01526,-3.21986,4.22702,-0.655699005,0.71117982,0.15283164
1764505203.6946397,1.17502,-4.94424,1.03768,-0.65319657,0.711240855,0.152892675
1764505203.6946397,1.17502,-4.94424,1.03768,-0.65319657,0.711240855,0.152892675
1764505203.6946397,1.17502,-4.94424,1.03768,-0.65319657,0.711240855,0.152892675
1764505203.6946397,1.17502,-4.94424,1.03768,-0.65319657,0.711240855,0.152892675
1764505203.7407537,1.17502,-4.94424,1.03768,-0.65319657,0.711240855,0.152892675
1764505203.7407537,1.17502,-4.94424,1.03768,-0.65319657,0.711240855,0.152892675
1764505203.7407537,1.17502,-4.94424,1.03768,-0.65319657,0.711240855,0.152892675
1764505203.7407537,1.17502,-4.94424,1.03768,-0.65319657,0.711240855,0.152892675
1764505203.7407537,1.17502,-4.94424,1.03768,-0.65319657,0.711240855,0.152892675
1764505203.7407537,1.17502,-4.94424,1.03768,-0.65319657,0.711240855,0.152892675
1764505203.7407537,2.73154,-4.8832,0.21364,-0.65075517,0.712583625,0.151549905
1764505203.7407537,2.73154,-4.8832,0.21364,-0.65075517,0.712583625,0.151549905
1764505203.7407537,2.73154,-4.8832,0.21364,-0.65075517,0.712583625,0.151549905
1764505203.7407537,2.73154,-4.8832,0.21364,-0.65075517,0.712583625,0.151549905
1764505203.7407537,2.73154,-4.8832,0.21364,-0.65075517,0.712583625,0.151549905
1764505203.7407537,2.73154,-4.8832,0.21364,-0.65075517,0.712583625,0.151549905
1764505203.7407537,2.73154,-4.8832,0.21364,-0.65075517,0.712583625,0.151549905
1764505203.7407537,2.73154,-4.8832,0.21364,-0.65075517,0.712583625,0.151549905
1764505203.7407537,2.73154,-4.8832,0.21364,-0.65075517,0.712583625,0.151549905
1764505203.7407537,2.73154,-4.8832,0.21364,-0.65075517,0.712583625,0.151549905
1764505203.7407537,1.73964,-4.60852,0.1678599999999999,-0.648863085,0.716611935,0.147521595
1764505203.7407537,1.73964,-4.60852,0.1678599999999999,-0.648863085,0.716611935,0.147521595
1764505203.7407537,1.73964,-4.60852,0.1678599999999999,-0.648863085,0.716611935,0.147521595
1764505203.7407537,1.73964,-4.60852,0.1678599999999999,-0.648863085,0.716611935,0.147521595
1764505203.741754,1.73964,-4.60852,0.1678599999999999,-0.648863085,0.716611935,0.147521595
1764505203.741754,1.73964,-4.60852,0.1678599999999999,-0.648863085,0.716611935,0.147521595
1764505203.7869012,1.73964,-4.60852,0.1678599999999999,-0.648863085,0.716611935,0.147521595
1764505203.7869012,1.73964,-4.60852,0.1678599999999999,-0.648863085,0.716611935,0.147521595
1764505203.7869012,1.73964,-4.60852,0.1678599999999999,-0.648863085,0.716611935,0.147521595
1764505203.7869012,1.73964,-4.60852,0.1678599999999999,-0.648863085,0.716611935,0.147521595
1764505203.7869012,3.25038,-7.73682,-0.57988,-0.64721514,0.72448545,0.145690545
1764505203.7869012,3.25038,-7.73682,-0.57988,-0.64721514,0.72448545,0.145690545
1764505203.78732,3.25038,-7.73682,-0.57988,-0.64721514,0.72448545,0.145690545
1764505203.78732,3.25038,-7.73682,-0.57988,-0.64721514,0.72448545,0.145690545
1764505203.78732,3.25038,-7.73682,-0.57988,-0.64721514,0.72448545,0.145690545
1764505203.78732,3.25038,-7.73682,-0.57988,-0.64721514,0.72448545,0.145690545
1764505203.78732,3.25038,-7.73682,-0.57988,-0.64721514,0.72448545,0.145690545
1764505203.78732,3.25038,-7.73682,-0.57988,-0.64721514,0.72448545,0.145690545
1764505203.78732,3.25038,-7.73682,-0.57988,-0.64721514,0.72448545,0.145690545
1764505203.78732,3.25038,-7.73682,-0.57988,-0.64721514,0.72448545,0.145690545
1764505203.78732,-2.63998,-5.2647,-2.9757,-0.63635091,0.73278621,0.144225705
1764505203.78732,-2.63998,-5.2647,-2.9757,-0.63635091,0.73278621,0.144225705
1764505203.78732,-2.63998,-5.2647,-2.9757,-0.63635091,0.73278621,0.144225705
1764505203.78732,-2.63998,-5.2647,-2.9757,-0.63635091,0.73278621,0.144225705
1764505203.78732,-2.63998,-5.2647,-2.9757,-0.63635091,0.73278621,0.144225705
1764505203.78732,-2.63998,-5.2647,-2.9757,-0.63635091,0.73278621,0.144225705
1764505203.78732,-2.63998,-5.2647,-2.9757,-0.63635091,0.73278621,0.144225705
1764505203.78732,-2.63998,-5.2647,-2.9757,-0.63635091,0.73278621,0.144225705
1764505203.8344953,-2.63998,-5.2647,-2.9757,-0.63635091,0.73278621,0.144225705
1764505203.8344953,-2.63998,-5.2647,-2.9757,-0.63635091,0.73278621,0.144225705
1764505203.8344953,-11.38396,1.92276,-4.16598,-0.6302474100000001,0.73327449,0.14221155
1764505203.8355248,-11.38396,1.92276,-4.16598,-0.6302474100000001,0.73327449,0.14221155
1764505203.8355248,-11.38396,1.92276,-4.16598,-0.6302474100000001,0.73327449,0.14221155
1764505203.8355248,-11.38396,1.92276,-4.16598,-0.6302474100000001,0.73327449,0.14221155
1764505203.8355248,-11.38396,1.92276,-4.16598,-0.6302474100000001,0.73327449,0.14221155
1764505203.8355248,-11.38396,1.92276,-4.16598,-0.6302474100000001,0.73327449,0.14221155
1764505203.8355248,-11.38396,1.92276,-4.16598,-0.6302474100000001,0.73327449,0.14221155
1764505203.8355248,-11.38396,1.92276,-4.16598,-0.6302474100000001,0.73327449,0.14221155
1764505203.8355248,-11.38396,1.92276,-4.16598,-0.6302474100000001,0.73327449,0.14221155
1764505203.8355248,-11.38396,1.92276,-4.16598,-0.6302474100000001,0.73327449,0.14221155
1764505203.8355248,-14.84798,6.97382,-4.303319999999999,-0.636411945,0.72131163,0.13561977
1764505203.8355248,-14.84798,6.97382,-4.303319999999999,-0.636411945,0.72131163,0.13561977
1764505203.8355248,-14.84798,6.97382,-4.303319999999999,-0.636411945,0.72131163,0.13561977
1764505203.8367498,-14.84798,6.97382,-4.303319999999999,-0.636411945,0.72131163,0.13561977
1764505203.8367498,-14.84798,6.97382,-4.303319999999999,-0.636411945,0.72131163,0.13561977
1764505203.8367498,-14.84798,6.97382,-4.303319999999999,-0.636411945,0.72131163,0.13561977
1764505203.8367498,-14.84798,6.97382,-4.303319999999999,-0.636411945,0.72131163,0.13561977
1764505203.8367498,-14.84798,6.97382,-4.303319999999999,-0.636411945,0.72131163,0.13561977
1764505203.8377662,-14.84798,6.97382,-4.303319999999999,-0.636411945,0.72131163,0.13561977
1764505203.8377662,-14.84798,6.97382,-4.303319999999999,-0.636411945,0.72131163,0.13561977
1764505203.8377662,-7.84364,11.03298,-7.41636,-0.638975415,0.709776015,0.126281415
1764505203.8377662,-7.84364,11.03298,-7.41636,-0.638975415,0.709776015,0.126281415
1764505203.8814228,-7.84364,11.03298,-7.41636,-0.638975415,0.709776015,0.126281415
1764505203.8814228,-7.84364,11.03298,-7.41636,-0.638975415,0.709776015,0.126281415
1764505203.8814228,-7.84364,11.03298,-7.41636,-0.638975415,0.709776015,0.126281415
1764505203.8814228,-7.84364,11.03298,-7.41636,-0.638975415,0.709776015,0.126281415
1764505203.8814228,-7.84364,11.03298,-7.41636,-0.638975415,0.709776015,0.126281415
1764505203.8814228,-7.84364,11.03298,-7.41636,-0.638975415,0.709776015,0.126281415
1764505203.8814228,-7.84364,11.03298,-7.41636,-0.638975415,0.709776015,0.126281415
1764505203.8814228,-7.84364,11.03298,-7.41636,-0.638975415,0.709776015,0.126281415
1764505203.8814228,13.8866,5.31048,-5.9514,-0.646665825,0.70446597,0.13708461
1764505203.8814228,13.8866,5.31048,-5.9514,-0.646665825,0.70446597,0.13708461
1764505203.8814228,13.8866,5.31048,-5.9514,-0.646665825,0.70446597,0.13708461
1764505203.8814228,13.8866,5.31048,-5.9514,-0.646665825,0.70446597,0.13708461
1764505203.8814228,13.8866,5.31048,-5.9514,-0.646665825,0.70446597,0.13708461
1764505203.8814228,13.8866,5.31048,-5.9514,-0.646665825,0.70446597,0.13708461
1764505203.8814228,13.8866,5.31048,-5.9514,-0.646665825,0.70446597,0.13708461
1764505203.8814228,13.8866,5.31048,-5.9514,-0.646665825,0.70446597,0.13708461
1764505203.8814228,13.8866,5.31048,-5.9514,-0.646665825,0.70446597,0.13708461
1764505203.8814228,13.8866,5.31048,-5.9514,-0.646665825,0.70446597,0.13708461
1764505203.885178,21.60816,-1.12924,-1.81594,-0.655576935,0.707334615,0.14843712
1764505203.885178,21.60816,-1.12924,-1.81594,-0.655576935,0.707334615,0.14843712
1764505203.885178,21.60816,-1.12924,-1.81594,-0.655576935,0.707334615,0.14843712
1764505203.885178,21.60816,-1.12924,-1.81594,-0.655576935,0.707334615,0.14843712
1764505203.8857262,21.60816,-1.12924,-1.81594,-0.655576935,0.707334615,0.14843712
1764505203.8857262,21.60816,-1.12924,-1.81594,-0.655576935,0.707334615,0.14843712
1764505203.930409,21.60816,-1.12924,-1.81594,-0.655576935,0.707334615,0.14843712
1764505203.930409,21.60816,-1.12924,-1.81594,-0.655576935,0.707334615,0.14843712
1764505203.930409,21.60816,-1.12924,-1.81594,-0.655576935,0.707334615,0.14843712
1764505203.9314048,21.60816,-1.12924,-1.81594,-0.655576935,0.707334615,0.14843712
1764505203.9314048,16.66392,-2.0601,-0.82404,-0.6567366,0.71850402,0.147399525
1764505203.9314048,16.66392,-2.0601,-0.82404,-0.6567366,0.71850402,0.147399525
1764505203.9314048,16.66392,-2.0601,-0.82404,-0.6567366,0.71850402,0.147399525
1764505203.9314048,16.66392,-2.0601,-0.82404,-0.6567366,0.71850402,0.147399525
1764505203.9314048,16.66392,-2.0601,-0.82404,-0.6567366,0.71850402,0.147399525
1764505203.9314048,16.66392,-2.0601,-0.82404,-0.6567366,0.71850402,0.147399525
1764505203.9314048,16.66392,-2.0601,-0.82404,-0.6567366,0.71850402,0.147399525
1764505203.9314048,16.66392,-2.0601,-0.82404,-0.6567366,0.71850402,0.147399525
1764505203.9314048,16.66392,-2.0601,-0.82404,-0.6567366,0.71850402,0.147399525
1764505203.9314048,16.66392,-2.0601,-0.82404,-0.6567366,0.71850402,0.147399525
1764505203.9314048,8.02676,-3.40298,0.57988,-0.65099931,0.73583796,0.143493285
1764505203.9314048,8.02676,-3.40298,0.57988,-0.65099931,0.73583796,0.143493285
1764505203.9314048,8.02676,-3.40298,0.57988,-0.65099931,0.73583796,0.143493285
1764505203.9314048,8.02676,-3.40298,0.57988,-0.65099931,0.73583796,0.143493285
1764505203.9319167,8.02676,-3.40298,0.57988,-0.65099931,0.73583796,0.143493285
1764505203.9319167,8.02676,-3.40298,0.57988,-0.65099931,0.73583796,0.143493285
1764505203.9319167,8.02676,-3.40298,0.57988,-0.65099931,0.73583796,0.143493285
1764505203.9319167,8.02676,-3.40298,0.57988,-0.65099931,0.73583796,0.143493285
1764505203.9319167,8.02676,-3.40298,0.57988,-0.65099931,0.73583796,0.143493285
1764505203.9319167,8.02676,-3.40298,0.57988,-0.65099931,0.73583796,0.143493285
1764505203.9744518,4.852679999999999,-2.50264,1.41918,-0.644346495,0.7503032550000001,0.141784305
1764505203.9744518,4.852679999999999,-2.50264,1.41918,-0.644346495,0.7503032550000001,0.141784305
1764505203.9744518,4.852679999999999,-2.50264,1.41918,-0.644346495,0.7503032550000001,0.141784305
1764505203.9744518,4.852679999999999,-2.50264,1.41918,-0.644346495,0.7503032550000001,0.141784305
1764505203.9744518,4.852679999999999,-2.50264,1.41918,-0.644346495,0.7503032550000001,0.141784305
1764505203.9744518,4.852679999999999,-2.50264,1.41918,-0.644346495,0.7503032550000001,0.141784305
1764505203.9744518,4.852679999999999,-2.50264,1.41918,-0.644346495,0.7503032550000001,0.141784305
1764505203.9744518,4.852679999999999,-2.50264,1.41918,-0.644346495,0.7503032550000001,0.141784305
1764505203.9744518,4.852679999999999,-2.50264,1.41918,-0.644346495,0.7503032550000001,0.141784305
1764505203.9744518,4.852679999999999,-2.50264,1.41918,-0.644346495,0.7503032550000001,0.141784305
1764505203.9744518,0.9919,4.47118,-1.9075,-0.6397078350000001,0.75634572,0.14001429
1764505203.9744518,0.9919,4.47118,-1.9075,-0.6397078350000001,0.75634572,0.14001429
1764505203.9744518,0.9919,4.47118,-1.9075,-0.6397078350000001,0.75634572,0.14001429
1764505203.9744518,0.9919,4.47118,-1.9075,-0.6397078350000001,0.75634572,0.14001429
1764505203.9744518,0.9919,4.47118,-1.9075,-0.6397078350000001,0.75634572,0.14001429
1764505203.9744518,0.9919,4.47118,-1.9075,-0.6397078350000001,0.75634572,0.14001429
1764505203.9744518,0.9919,4.47118,-1.9075,-0.6397078350000001,0.75634572,0.14001429
1764505203.9744518,0.9919,4.47118,-1.9075,-0.6397078350000001,0.75634572,0.14001429
1764505203.9754553,0.9919,4.47118,-1.9075,-0.6397078350000001,0.75634572,0.14001429
1764505203.9754553,0.9919,4.47118,-1.9075,-0.6397078350000001,0.75634572,0.14001429
1764505203.9754553,-4.86794,6.11926,-3.08252,-0.640684395,0.756406755,0.13708461
1764505203.9754553,-4.86794,6.11926,-3.08252,-0.640684395,0.756406755,0.13708461
1764505203.9769995,-4.86794,6.11926,-3.08252,-0.640684395,0.756406755,0.13708461
1764505203.9769995,-4.86794,6.11926,-3.08252,-0.640684395,0.756406755,0.13708461
1764505204.0224946,-4.86794,6.11926,-3.08252,-0.640684395,0.756406755,0.13708461
1764505204.0224946,-4.86794,6.11926,-3.08252,-0.640684395,0.756406755,0.13708461
1764505204.0224946,-4.86794,6.11926,-3.08252,-0.640684395,0.756406755,0.13708461
1764505204.0224946,-4.86794,6.11926,-3.08252,-0.640684395,0.756406755,0.13708461
1764505204.0224946,-4.86794,6.11926,-3.08252,-0.640684395,0.756406755,0.13708461
1764505204.0224946,-4.86794,6.11926,-3.08252,-0.640684395,0.756406755,0.13708461
1764505204.0224946,-11.04824,4.303319999999999,-1.58704,-0.641905095,0.751157745,0.134338035
1764505204.0224946,-11.04824,4.303319999999999,-1.58704,-0.641905095,0.751157745,0.134338035
1764505204.0224946,-11.04824,4.303319999999999,-1.58704,-0.641905095,0.751157745,0.134338035
1764505204.0224946,-11.04824,4.303319999999999,-1.58704,-0.641905095,0.751157745,0.134338035
1764505204.0224946,-11.04824,4.303319999999999,-1.58704,-0.641905095,0.751157745,0.134338035
1764505204.0224946,-11.04824,4.303319999999999,-1.58704,-0.641905095,0.751157745,0.134338035
1764505204.0224946,-11.04824,4.303319999999999,-1.58704,-0.641905095,0.751157745,0.134338035
1764505204.0224946,-11.04824,4.303319999999999,-1.58704,-0.641905095,0.751157745,0.134338035
1764505204.0224946,-11.04824,4.303319999999999,-1.58704,-0.641905095,0.751157745,0.134338035
1764505204.0224946,-11.04824,4.303319999999999,-1.58704,-0.641905095,0.751157745,0.134338035
1764505204.0224946,-11.93332,5.7988,0.88508,-0.6433699350000001,0.74377251,0.13232388
1764505204.0224946,-11.93332,5.7988,0.88508,-0.6433699350000001,0.74377251,0.13232388
1764505204.0224946,-11.93332,5.7988,0.88508,-0.6433699350000001,0.74377251,0.13232388
1764505204.0224946,-11.93332,5.7988,0.88508,-0.6433699350000001,0.74377251,0.13232388
1764505204.0224946,-11.93332,5.7988,0.88508,-0.6433699350000001,0.74377251,0.13232388
1764505204.0224946,-11.93332,5.7988,0.88508,-0.6433699350000001,0.74377251,0.13232388
1764505204.0659168,-11.93332,5.7988,0.88508,-0.6433699350000001,0.74377251,0.13232388
1764505204.0659168,-11.93332,5.7988,0.88508,-0.6433699350000001,0.74377251,0.13232388
1764505204.0659168,-11.93332,5.7988,0.88508,-0.6433699350000001,0.74377251,0.13232388
1764505204.0659168,-11.93332,5.7988,0.88508,-0.6433699350000001,0.74377251,0.13232388
1764505204.0659168,-7.828379999999999,5.67672,2.6705,-0.645323055,0.73937799,0.13073697
1764505204.0659168,-7.828379999999999,5.67672,2.6705,-0.645323055,0.73937799,0.13073697
1764505204.0659168,-7.828379999999999,5.67672,2.6705,-0.645323055,0.73937799,0.13073697
1764505204.0659168,-7.828379999999999,5.67672,2.6705,-0.645323055,0.73937799,0.13073697
1764505204.0659168,-7.828379999999999,5.67672,2.6705,-0.645323055,0.73937799,0.13073697
1764505204.0659168,-7.828379999999999,5.67672,2.6705,-0.645323055,0.73937799,0.13073697
1764505204.066939,-7.828379999999999,5.67672,2.6705,-0.645323055,0.73937799,0.13073697
1764505204.066939,-7.828379999999999,5.67672,2.6705,-0.645323055,0.73937799,0.13073697
1764505204.066939,-7.828379999999999,5.67672,2.6705,-0.645323055,0.73937799,0.13073697
1764505204.066939,-7.828379999999999,5.67672,2.6705,-0.645323055,0.73937799,0.13073697
1764505204.066939,-3.06726,3.92182,2.77732,-0.6470320350000001,0.736509345,0.129455235
1764505204.066939,-3.06726,3.92182,2.77732,-0.6470320350000001,0.736509345,0.129455235
1764505204.066939,-3.06726,3.92182,2.77732,-0.6470320350000001,0.736509345,0.129455235
1764505204.0679388,-3.06726,3.92182,2.77732,-0.6470320350000001,0.736509345,0.129455235
1764505204.0679388,-3.06726,3.92182,2.77732,-0.6470320350000001,0.736509345,0.129455235
1764505204.0679388,-3.06726,3.92182,2.77732,-0.6470320350000001,0.736509345,0.129455235
1764505204.0679388,-3.06726,3.92182,2.77732,-0.6470320350000001,0.736509345,0.129455235
1764505204.0679388,-3.06726,3.92182,2.77732,-0.6470320350000001,0.736509345,0.129455235
1764505204.1120582,-3.06726,3.92182,2.77732,-0.6470320350000001,0.736509345,0.129455235
1764505204.1120582,-3.06726,3.92182,2.77732,-0.6470320350000001,0.736509345,0.129455235
1764505204.1120582,-1.70912,2.19744,2.19744,-0.646177545,0.73473933,0.129089025
1764505204.1120582,-1.70912,2.19744,2.19744,-0.646177545,0.73473933,0.129089025
1764505204.1120582,-1.70912,2.19744,2.19744,-0.646177545,0.73473933,0.129089025
1764505204.1120582,-1.70912,2.19744,2.19744,-0.646177545,0.73473933,0.129089025
1764505204.1120582,-1.70912,2.19744,2.19744,-0.646177545,0.73473933,0.129089025
1764505204.1120582,-1.70912,2.19744,2.19744,-0.646177545,0.73473933,0.129089025
1764505204.1120582,-1.70912,2.19744,2.19744,-0.646177545,0.73473933,0.129089025
1764505204.1120582,-1.70912,2.19744,2.19744,-0.646177545,0.73473933,0.129089025
1764505204.1120582,-1.70912,2.19744,2.19744,-0.646177545,0.73473933,0.129089025
1764505204.1132226,-1.70912,2.19744,2.19744,-0.646177545,0.73473933,0.129089025
1764505204.1132226,-0.3815,1.92276,2.79258,-0.64379718,0.7336407,0.128478675
1764505204.1132226,-0.3815,1.92276,2.79258,-0.64379718,0.7336407,0.128478675
1764505204.1132226,-0.3815,1.92276,2.79258,-0.64379718,0.7336407,0.128478675
1764505204.1132226,-0.3815,1.92276,2.79258,-0.64379718,0.7336407,0.128478675
1764505204.1132226,-0.3815,1.92276,2.79258,-0.64379718,0.7336407,0.128478675
1764505204.1132226,-0.3815,1.92276,2.79258,-0.64379718,0.7336407,0.128478675
1764505204.1132226,-0.3815,1.92276,2.79258,-0.64379718,0.7336407,0.128478675
1764505204.1132226,-0.3815,1.92276,2.79258,-0.64379718,0.7336407,0.128478675
1764505204.1132226,-0.3815,1.92276,2.79258,-0.64379718,0.7336407,0.128478675
1764505204.1132226,-0.3815,1.92276,2.79258,-0.64379718,0.7336407,0.128478675
1764505204.1132226,0.03052,2.35004,2.5942,-0.64196613,0.7336407,0.13024869
1764505204.1132226,0.03052,2.35004,2.5942,-0.64196613,0.7336407,0.13024869
1764505204.160261,0.03052,2.35004,2.5942,-0.64196613,0.7336407,0.13024869
1764505204.160261,0.03052,2.35004,2.5942,-0.64196613,0.7336407,0.13024869
1764505204.160261,0.03052,2.35004,2.5942,-0.64196613,0.7336407,0.13024869
1764505204.160261,0.03052,2.35004,2.5942,-0.64196613,0.7336407,0.13024869
1764505204.160261,0.03052,2.35004,2.5942,-0.64196613,0.7336407,0.13024869
1764505204.160261,0.03052,2.35004,2.5942,-0.64196613,0.7336407,0.13024869
1764505204.160261,0.03052,2.35004,2.5942,-0.64196613,0.7336407,0.13024869
1764505204.160261,0.03052,2.35004,2.5942,-0.64196613,0.7336407,0.13024869
1764505204.160261,0.62566,2.96044,1.8006799999999998,-0.64269855,0.732847245,0.132384915
1764505204.160261,0.62566,2.96044,1.8006799999999998,-0.64269855,0.732847245,0.132384915
1764505204.160261,0.62566,2.96044,1.8006799999999998,-0.64269855,0.732847245,0.132384915
1764505204.160261,0.62566,2.96044,1.8006799999999998,-0.64269855,0.732847245,0.132384915
1764505204.160261,0.62566,2.96044,1.8006799999999998,-0.64269855,0.732847245,0.132384915
1764505204.160261,0.62566,2.96044,1.8006799999999998,-0.64269855,0.732847245,0.132384915
1764505204.160261,0.62566,2.96044,1.8006799999999998,-0.64269855,0.732847245,0.132384915
1764505204.160261,0.62566,2.96044,1.8006799999999998,-0.64269855,0.732847245,0.132384915
1764505204.160261,0.62566,2.96044,1.8006799999999998,-0.64269855,0.732847245,0.132384915
1764505204.161275,0.62566,2.96044,1.8006799999999998,-0.64269855,0.732847245,0.132384915
1764505204.161275,-1.09872,3.3572,0.10682,-0.644102355,0.735044505,0.13220181
1764505204.161275,-1.09872,3.3572,0.10682,-0.644102355,0.735044505,0.13220181
1764505204.161275,-1.09872,3.3572,0.10682,-0.644102355,0.735044505,0.13220181
1764505204.161275,-1.09872,3.3572,0.10682,-0.644102355,0.735044505,0.13220181
1764505204.161275,-1.09872,3.3572,0.10682,-0.644102355,0.735044505,0.13220181
1764505204.161275,-1.09872,3.3572,0.10682,-0.644102355,0.735044505,0.13220181
1764505204.2070472,-1.09872,3.3572,0.10682,-0.644102355,0.735044505,0.13220181
1764505204.2070472,-1.09872,3.3572,0.10682,-0.644102355,0.735044505,0.13220181
1764505204.2070472,-1.09872,3.3572,0.10682,-0.644102355,0.735044505,0.13220181
1764505204.2070472,-1.09872,3.3572,0.10682,-0.644102355,0.735044505,0.13220181
1764505204.2070472,-2.63998,2.80784,-1.43444,-0.64513995,0.736875555,0.132873195
1764505204.2070472,-2.63998,2.80784,-1.43444,-0.64513995,0.736875555,0.132873195
1764505204.2070472,-2.63998,2.80784,-1.43444,-0.64513995,0.736875555,0.132873195
1764505204.2070472,-2.63998,2.80784,-1.43444,-0.64513995,0.736875555,0.132873195
1764505204.2070472,-2.63998,2.80784,-1.43444,-0.64513995,0.736875555,0.132873195
1764505204.2070472,-2.63998,2.80784,-1.43444,-0.64513995,0.736875555,0.132873195
1764505204.2070472,-2.63998,2.80784,-1.43444,-0.64513995,0.736875555,0.132873195
1764505204.2070472,-2.63998,2.80784,-1.43444,-0.64513995,0.736875555,0.132873195
1764505204.2070472,-2.63998,2.80784,-1.43444,-0.64513995,0.736875555,0.132873195
1764505204.2070472,-2.63998,2.80784,-1.43444,-0.64513995,0.736875555,0.132873195
1764505204.2070472,-5.234179999999999,2.68576,-1.99906,-0.64416339,0.7360821,0.133239405
1764505204.2070472,-5.234179999999999,2.68576,-1.99906,-0.64416339,0.7360821,0.133239405
1764505204.258037,-5.234179999999999,2.68576,-1.99906,-0.64416339,0.7360821,0.133239405
1764505204.258037,-5.234179999999999,2.68576,-1.99906,-0.64416339,0.7360821,0.133239405
1764505204.258037,-5.234179999999999,2.68576,-1.99906,-0.64416339,0.7360821,0.133239405
1764505204.258037,-5.234179999999999,2.68576,-1.99906,-0.64416339,0.7360821,0.133239405
1764505204.258037,-5.234179999999999,2.68576,-1.99906,-0.64416339,0.7360821,0.133239405
1764505204.258037,-5.234179999999999,2.68576,-1.99906,-0.64416339,0.7360821,0.133239405
1764505204.258037,-5.234179999999999,2.68576,-1.99906,-0.64416339,0.7360821,0.133239405
1764505204.258037,-5.234179999999999,2.68576,-1.99906,-0.64416339,0.7360821,0.133239405
1764505204.258037,-5.371519999999999,4.01338,-1.03768,-0.64318683,0.736021065,0.130553865
1764505204.258037,-5.371519999999999,4.01338,-1.03768,-0.64318683,0.736021065,0.130553865
1764505204.258037,-5.371519999999999,4.01338,-1.03768,-0.64318683,0.736021065,0.130553865
1764505204.258037,-5.371519999999999,4.01338,-1.03768,-0.64318683,0.736021065,0.130553865
1764505204.258037,-5.371519999999999,4.01338,-1.03768,-0.64318683,0.736021065,0.130553865
1764505204.258037,-5.371519999999999,4.01338,-1.03768,-0.64318683,0.736021065,0.130553865
1764505204.258037,-5.371519999999999,4.01338,-1.03768,-0.64318683,0.736021065,0.130553865
1764505204.258037,-5.371519999999999,4.01338,-1.03768,-0.64318683,0.736021065,0.130553865
1764505204.258037,-5.371519999999999,4.01338,-1.03768,-0.64318683,0.736021065,0.130553865
1764505204.258037,-5.371519999999999,4.01338,-1.03768,-0.64318683,0.736021065,0.130553865
1764505204.258037,-4.83742,3.57084,0.7019599999999999,-0.643247865,0.7387676400000001,0.12829557
1764505204.258037,-4.83742,3.57084,0.7019599999999999,-0.643247865,0.7387676400000001,0.12829557
1764505204.258037,-4.83742,3.57084,0.7019599999999999,-0.643247865,0.7387676400000001,0.12829557
1764505204.258037,-4.83742,3.57084,0.7019599999999999,-0.643247865,0.7387676400000001,0.12829557
1764505204.258037,-4.83742,3.57084,0.7019599999999999,-0.643247865,0.7387676400000001,0.12829557
1764505204.258037,-4.83742,3.57084,0.7019599999999999,-0.643247865,0.7387676400000001,0.12829557
1764505204.258037,-4.83742,3.57084,0.7019599999999999,-0.643247865,0.7387676400000001,0.12829557
1764505204.258037,-4.83742,3.57084,0.7019599999999999,-0.643247865,0.7387676400000001,0.12829557
1764505204.3042986,-4.83742,3.57084,0.7019599999999999,-0.643247865,0.7387676400000001,0.12829557
1764505204.3042986,-4.83742,3.57084,0.7019599999999999,-0.643247865,0.7387676400000001,0.12829557
1764505204.3042986,-4.577999999999999,4.303319999999999,1.15976,-0.64172199,0.7371807300000001,0.12658659
1764505204.3042986,-4.577999999999999,4.303319999999999,1.15976,-0.64172199,0.7371807300000001,0.12658659
1764505204.3042986,-4.577999999999999,4.303319999999999,1.15976,-0.64172199,0.7371807300000001,0.12658659
1764505204.3042986,-4.577999999999999,4.303319999999999,1.15976,-0.64172199,0.7371807300000001,0.12658659
1764505204.3042986,-4.577999999999999,4.303319999999999,1.15976,-0.64172199,0.7371807300000001,0.12658659
1764505204.3042986,-4.577999999999999,4.303319999999999,1.15976,-0.64172199,0.7371807300000001,0.12658659
1764505204.3042986,-4.577999999999999,4.303319999999999,1.15976,-0.64172199,0.7371807300000001,0.12658659
1764505204.3042986,-4.577999999999999,4.303319999999999,1.15976,-0.64172199,0.7371807300000001,0.12658659
1764505204.3042986,-4.577999999999999,4.303319999999999,1.15976,-0.64172199,0.7371807300000001,0.12658659
1764505204.3042986,-4.577999999999999,4.303319999999999,1.15976,-0.64172199,0.7371807300000001,0.12658659
1764505204.3042986,-3.54032,6.9433,1.02242,-0.64098957,0.735654855,0.12548796
1764505204.3042986,-3.54032,6.9433,1.02242,-0.64098957,0.735654855,0.12548796
1764505204.3042986,-3.54032,6.9433,1.02242,-0.64098957,0.735654855,0.12548796
1764505204.3042986,-3.54032,6.9433,1.02242,-0.64098957,0.735654855,0.12548796
1764505204.3042986,-3.54032,6.9433,1.02242,-0.64098957,0.735654855,0.12548796
1764505204.3042986,-3.54032,6.9433,1.02242,-0.64098957,0.735654855,0.12548796
1764505204.3042986,-3.54032,6.9433,1.02242,-0.64098957,0.735654855,0.12548796
1764505204.3042986,-3.54032,6.9433,1.02242,-0.64098957,0.735654855,0.12548796
1764505204.3042986,-3.54032,6.9433,1.02242,-0.64098957,0.735654855,0.12548796
1764505204.3042986,-3.54032,6.9433,1.02242,-0.64098957,0.735654855,0.12548796
1764505204.3042986,-2.73154,7.3248,1.26658,-0.64391925,0.735288645,0.1257321
1764505204.3042986,-2.73154,7.3248,1.26658,-0.64391925,0.735288645,0.1257321
1764505204.3042986,-2.73154,7.3248,1.26658,-0.64391925,0.735288645,0.1257321
1764505204.3042986,-2.73154,7.3248,1.26658,-0.64391925,0.735288645,0.1257321
1764505204.305828,-2.73154,7.3248,1.26658,-0.64391925,0.735288645,0.1257321
1764505204.305828,-2.73154,7.3248,1.26658,-0.64391925,0.735288645,0.1257321
1764505204.305828,-2.73154,7.3248,1.26658,-0.64391925,0.735288645,0.1257321
1764505204.305828,-2.73154,7.3248,1.26658,-0.64391925,0.735288645,0.1257321
1764505204.3495643,-2.73154,7.3248,1.26658,-0.64391925,0.735288645,0.1257321
1764505204.3495643,-2.73154,7.3248,1.26658,-0.64391925,0.735288645,0.1257321
1764505204.3495643,-2.88414,6.22608,0.51884,-0.646055475,0.73278621,0.127990395
1764505204.3495643,-2.88414,6.22608,0.51884,-0.646055475,0.73278621,0.127990395
1764505204.3495643,-2.88414,6.22608,0.51884,-0.646055475,0.73278621,0.127990395
1764505204.3495643,-2.88414,6.22608,0.51884,-0.646055475,0.73278621,0.127990395
1764505204.3495643,-2.88414,6.22608,0.51884,-0.646055475,0.73278621,0.127990395
1764505204.3495643,-2.88414,6.22608,0.51884,-0.646055475,0.73278621,0.127990395
1764505204.3495643,-2.88414,6.22608,0.51884,-0.646055475,0.73278621,0.127990395
1764505204.3495643,-2.88414,6.22608,0.51884,-0.646055475,0.73278621,0.127990395
1764505204.3495643,-2.88414,6.22608,0.51884,-0.646055475,0.73278621,0.127990395
1764505204.3495643,-2.88414,6.22608,0.51884,-0.646055475,0.73278621,0.127990395
1764505204.3495643,-3.70818,6.516019999999999,-0.03052,-0.6486189450000001,0.730405845,0.130065585
1764505204.3495643,-3.70818,6.516019999999999,-0.03052,-0.6486189450000001,0.730405845,0.130065585
1764505204.3495643,-3.70818,6.516019999999999,-0.03052,-0.6486189450000001,0.730405845,0.130065585
1764505204.3495643,-3.70818,6.516019999999999,-0.03052,-0.6486189450000001,0.730405845,0.130065585
1764505204.3495643,-3.70818,6.516019999999999,-0.03052,-0.6486189450000001,0.730405845,0.130065585
1764505204.3495643,-3.70818,6.516019999999999,-0.03052,-0.6486189450000001,0.730405845,0.130065585
1764505204.3495643,-3.70818,6.516019999999999,-0.03052,-0.6486189450000001,0.730405845,0.130065585
1764505204.3495643,-3.70818,6.516019999999999,-0.03052,-0.6486189450000001,0.730405845,0.130065585
1764505204.3495643,-3.70818,6.516019999999999,-0.03052,-0.6486189450000001,0.730405845,0.130065585
1764505204.3495643,-3.70818,6.516019999999999,-0.03052,-0.6486189450000001,0.730405845,0.130065585
1764505204.39335,-5.38678,5.508859999999999,-1.43444,-0.650572065,0.730283775,0.129455235
1764505204.39335,-5.38678,5.508859999999999,-1.43444,-0.650572065,0.730283775,0.129455235
1764505204.394346,-5.38678,5.508859999999999,-1.43444,-0.650572065,0.730283775,0.129455235
1764505204.394346,-5.38678,5.508859999999999,-1.43444,-0.650572065,0.730283775,0.129455235
1764505204.394346,-5.38678,5.508859999999999,-1.43444,-0.650572065,0.730283775,0.129455235
1764505204.394346,-5.38678,5.508859999999999,-1.43444,-0.650572065,0.730283775,0.129455235
1764505204.394346,-5.38678,5.508859999999999,-1.43444,-0.650572065,0.730283775,0.129455235
1764505204.394346,-5.38678,5.508859999999999,-1.43444,-0.650572065,0.730283775,0.129455235
1764505204.394346,-5.38678,5.508859999999999,-1.43444,-0.650572065,0.730283775,0.129455235
1764505204.394346,-5.38678,5.508859999999999,-1.43444,-0.650572065,0.730283775,0.129455235
1764505204.394346,-3.09778,2.77732,-0.39676,-0.65136552,0.732725175,0.12927213
1764505204.394346,-3.09778,2.77732,-0.39676,-0.65136552,0.732725175,0.12927213
1764505204.394346,-3.09778,2.77732,-0.39676,-0.65136552,0.732725175,0.12927213
1764505204.394346,-3.09778,2.77732,-0.39676,-0.65136552,0.732725175,0.12927213
1764505204.394346,-3.09778,2.77732,-0.39676,-0.65136552,0.732725175,0.12927213
1764505204.394346,-3.09778,2.77732,-0.39676,-0.65136552,0.732725175,0.12927213
1764505204.394346,-3.09778,2.77732,-0.39676,-0.65136552,0.732725175,0.12927213
1764505204.394346,-3.09778,2.77732,-0.39676,-0.65136552,0.732725175,0.12927213
1764505204.394346,-3.09778,2.77732,-0.39676,-0.65136552,0.732725175,0.12927213
1764505204.394346,-3.09778,2.77732,-0.39676,-0.65136552,0.732725175,0.12927213
1764505204.394346,-1.03768,1.6786,1.81594,-0.65038896,0.736387275,0.131042145
1764505204.394346,-1.03768,1.6786,1.81594,-0.65038896,0.736387275,0.131042145
1764505204.442814,-1.03768,1.6786,1.81594,-0.65038896,0.736387275,0.131042145
1764505204.442814,-1.03768,1.6786,1.81594,-0.65038896,0.736387275,0.131042145
1764505204.442814,-1.03768,1.6786,1.81594,-0.65038896,0.736387275,0.131042145
1764505204.442814,-1.03768,1.6786,1.81594,-0.65038896,0.736387275,0.131042145
1764505204.442814,-1.03768,1.6786,1.81594,-0.65038896,0.736387275,0.131042145
1764505204.4438229,-1.03768,1.6786,1.81594,-0.65038896,0.736387275,0.131042145
1764505204.4438229,-1.03768,1.6786,1.81594,-0.65038896,0.736387275,0.131042145
1764505204.4438229,-1.03768,1.6786,1.81594,-0.65038896,0.736387275,0.131042145
1764505204.4438229,-1.2055399999999998,1.72438,3.17408,-0.650327925,0.73681452,0.132384915
1764505204.4438229,-1.2055399999999998,1.72438,3.17408,-0.650327925,0.73681452,0.132384915
1764505204.4438229,-1.2055399999999998,1.72438,3.17408,-0.650327925,0.73681452,0.132384915
1764505204.4438229,-1.2055399999999998,1.72438,3.17408,-0.650327925,0.73681452,0.132384915
1764505204.4438229,-1.2055399999999998,1.72438,3.17408,-0.650327925,0.73681452,0.132384915
1764505204.4438229,-1.2055399999999998,1.72438,3.17408,-0.650327925,0.73681452,0.132384915
1764505204.4438229,-1.2055399999999998,1.72438,3.17408,-0.650327925,0.73681452,0.132384915
1764505204.4438229,-1.2055399999999998,1.72438,3.17408,-0.650327925,0.73681452,0.132384915
1764505204.4438229,-1.2055399999999998,1.72438,3.17408,-0.650327925,0.73681452,0.132384915
1764505204.4438229,-1.2055399999999998,1.72438,3.17408,-0.650327925,0.73681452,0.132384915
1764505204.4438229,-2.30426,1.58704,2.94518,-0.65209794,0.7348614,0.13220181
1764505204.4438229,-2.30426,1.58704,2.94518,-0.65209794,0.7348614,0.13220181
1764505204.4438229,-2.30426,1.58704,2.94518,-0.65209794,0.7348614,0.13220181
1764505204.4438229,-2.30426,1.58704,2.94518,-0.65209794,0.7348614,0.13220181
1764505204.4438229,-2.30426,1.58704,2.94518,-0.65209794,0.7348614,0.13220181
1764505204.4438229,-2.30426,1.58704,2.94518,-0.65209794,0.7348614,0.13220181
1764505204.4907427,-2.30426,1.58704,2.94518,-0.65209794,0.7348614,0.13220181
1764505204.4907427,-2.30426,1.58704,2.94518,-0.65209794,0.7348614,0.13220181
1764505204.4907427,-2.30426,1.58704,2.94518,-0.65209794,0.7348614,0.13220181
1764505204.4907427,-2.30426,1.58704,2.94518,-0.65209794,0.7348614,0.13220181
1764505204.4907427,-4.28806,0.59514,2.25848,-0.65356278,0.73254207,0.13171353
1764505204.4907427,-4.28806,0.59514,2.25848,-0.65356278,0.73254207,0.13171353
1764505204.4907427,-4.28806,0.59514,2.25848,-0.65356278,0.73254207,0.13171353
1764505204.4907427,-4.28806,0.59514,2.25848,-0.65356278,0.73254207,0.13171353
1764505204.4907427,-4.28806,0.59514,2.25848,-0.65356278,0.73254207,0.13171353
1764505204.4907427,-4.28806,0.59514,2.25848,-0.65356278,0.73254207,0.13171353
1764505204.4907427,-4.28806,0.59514,2.25848,-0.65356278,0.73254207,0.13171353
1764505204.4917042,-4.28806,0.59514,2.25848,-0.65356278,0.73254207,0.13171353
1764505204.4917042,-4.28806,0.59514,2.25848,-0.65356278,0.73254207,0.13171353
1764505204.4917042,-4.28806,0.59514,2.25848,-0.65356278,0.73254207,0.13171353
1764505204.4917042,-4.56274,-0.21364,0.3509799999999999,-0.6542952,0.73290828,0.13024869
1764505204.4917042,-4.56274,-0.21364,0.3509799999999999,-0.6542952,0.73290828,0.13024869
1764505204.4917042,-4.56274,-0.21364,0.3509799999999999,-0.6542952,0.73290828,0.13024869
1764505204.4917042,-4.56274,-0.21364,0.3509799999999999,-0.6542952,0.73290828,0.13024869
1764505204.4927125,-4.56274,-0.21364,0.3509799999999999,-0.6542952,0.73290828,0.13024869
1764505204.4927125,-4.56274,-0.21364,0.3509799999999999,-0.6542952,0.73290828,0.13024869
1764505204.4927125,-4.56274,-0.21364,0.3509799999999999,-0.6542952,0.73290828,0.13024869
1764505204.4927125,-4.56274,-0.21364,0.3509799999999999,-0.6542952,0.73290828,0.13024869
1764505204.4927125,-4.56274,-0.21364,0.3509799999999999,-0.6542952,0.73290828,0.13024869
1764505204.4927125,-4.56274,-0.21364,0.3509799999999999,-0.6542952,0.73290828,0.13024869
1764505204.5397148,-4.59326,-0.36624,0.6714399999999999,-0.65368485,0.7361431350000001,0.129455235
1764505204.5397148,-4.59326,-0.36624,0.6714399999999999,-0.65368485,0.7361431350000001,0.129455235
1764505204.5397148,-4.59326,-0.36624,0.6714399999999999,-0.65368485,0.7361431350000001,0.129455235
1764505204.5397148,-4.59326,-0.36624,0.6714399999999999,-0.65368485,0.7361431350000001,0.129455235
1764505204.5407152,-4.59326,-0.36624,0.6714399999999999,-0.65368485,0.7361431350000001,0.129455235
1764505204.5407152,-4.59326,-0.36624,0.6714399999999999,-0.65368485,0.7361431350000001,0.129455235
1764505204.5407152,-4.59326,-0.36624,0.6714399999999999,-0.65368485,0.7361431350000001,0.129455235
1764505204.5407152,-4.59326,-0.36624,0.6714399999999999,-0.65368485,0.7361431350000001,0.129455235
1764505204.5407152,-4.59326,-0.36624,0.6714399999999999,-0.65368485,0.7361431350000001,0.129455235
1764505204.5407152,-4.59326,-0.36624,0.6714399999999999,-0.65368485,0.7361431350000001,0.129455235
1764505204.5407152,-5.27996,-1.34288,1.48022,-0.65148759,0.739194885,0.127135905
1764505204.5417142,-5.27996,-1.34288,1.48022,-0.65148759,0.739194885,0.127135905
1764505204.5417142,-5.27996,-1.34288,1.48022,-0.65148759,0.739194885,0.127135905
1764505204.5417142,-5.27996,-1.34288,1.48022,-0.65148759,0.739194885,0.127135905
1764505204.5417142,-5.27996,-1.34288,1.48022,-0.65148759,0.739194885,0.127135905
1764505204.5417142,-5.27996,-1.34288,1.48022,-0.65148759,0.739194885,0.127135905
1764505204.5417142,-5.27996,-1.34288,1.48022,-0.65148759,0.739194885,0.127135905
1764505204.5417142,-5.27996,-1.34288,1.48022,-0.65148759,0.739194885,0.127135905
1764505204.5427172,-5.27996,-1.34288,1.48022,-0.65148759,0.739194885,0.127135905
1764505204.5427172,-5.27996,-1.34288,1.48022,-0.65148759,0.739194885,0.127135905
1764505204.5427172,-4.10494,-1.7549,1.526,-0.64745928,0.740659725,0.125060715
1764505204.5427172,-4.10494,-1.7549,1.526,-0.64745928,0.740659725,0.125060715
1764505204.5427172,-4.10494,-1.7549,1.526,-0.64745928,0.740659725,0.125060715
1764505204.5427172,-4.10494,-1.7549,1.526,-0.64745928,0.740659725,0.125060715
1764505204.582093,-4.10494,-1.7549,1.526,-0.64745928,0.740659725,0.125060715
1764505204.582093,-4.10494,-1.7549,1.526,-0.64745928,0.740659725,0.125060715
1764505204.582093,-4.10494,-1.7549,1.526,-0.64745928,0.740659725,0.125060715
1764505204.5826025,-4.10494,-1.7549,1.526,-0.64745928,0.740659725,0.125060715
1764505204.5826025,-4.10494,-1.7549,1.526,-0.64745928,0.740659725,0.125060715
1764505204.5826025,-4.10494,-1.7549,1.526,-0.64745928,0.740659725,0.125060715
1764505204.5826025,-4.5017,-1.43444,1.78542,-0.64221027,0.741270075,0.12548796
1764505204.5826025,-4.5017,-1.43444,1.78542,-0.64221027,0.741270075,0.12548796
1764505204.5826025,-4.5017,-1.43444,1.78542,-0.64221027,0.741270075,0.12548796
1764505204.5826025,-4.5017,-1.43444,1.78542,-0.64221027,0.741270075,0.12548796
1764505204.5826025,-4.5017,-1.43444,1.78542,-0.64221027,0.741270075,0.12548796
1764505204.5826025,-4.5017,-1.43444,1.78542,-0.64221027,0.741270075,0.12548796
1764505204.5826025,-4.5017,-1.43444,1.78542,-0.64221027,0.741270075,0.12548796
1764505204.5826025,-4.5017,-1.43444,1.78542,-0.64221027,0.741270075,0.12548796
1764505204.5826025,-4.5017,-1.43444,1.78542,-0.64221027,0.741270075,0.12548796
1764505204.5826025,-4.5017,-1.43444,1.78542,-0.64221027,0.741270075,0.12548796
1764505204.5826025,-6.34816,0.88508,1.03768,-0.63903645,0.7398052350000001,0.125182785
1764505204.5826025,-6.34816,0.88508,1.03768,-0.63903645,0.7398052350000001,0.125182785
1764505204.5826025,-6.34816,0.88508,1.03768,-0.63903645,0.7398052350000001,0.125182785
1764505204.5826025,-6.34816,0.88508,1.03768,-0.63903645,0.7398052350000001,0.125182785
1764505204.5826025,-6.34816,0.88508,1.03768,-0.63903645,0.7398052350000001,0.125182785
1764505204.5826025,-6.34816,0.88508,1.03768,-0.63903645,0.7398052350000001,0.125182785
1764505204.5826025,-6.34816,0.88508,1.03768,-0.63903645,0.7398052350000001,0.125182785
1764505204.5826025,-6.34816,0.88508,1.03768,-0.63903645,0.7398052350000001,0.125182785
1764505204.627453,-6.34816,0.88508,1.03768,-0.63903645,0.7398052350000001,0.125182785
1764505204.627453,-6.34816,0.88508,1.03768,-0.63903645,0.7398052350000001,0.125182785
1764505204.6284642,-7.84364,3.09778,1.02242,-0.63696126,0.73766901,0.12426726
1764505204.6284642,-7.84364,3.09778,1.02242,-0.63696126,0.73766901,0.12426726
1764505204.6284642,-7.84364,3.09778,1.02242,-0.63696126,0.73766901,0.12426726
1764505204.6284642,-7.84364,3.09778,1.02242,-0.63696126,0.73766901,0.12426726
1764505204.6284642,-7.84364,3.09778,1.02242,-0.63696126,0.73766901,0.12426726
1764505204.6284642,-7.84364,3.09778,1.02242,-0.63696126,0.73766901,0.12426726
1764505204.6284642,-7.84364,3.09778,1.02242,-0.63696126,0.73766901,0.12426726
1764505204.6284642,-7.84364,3.09778,1.02242,-0.63696126,0.73766901,0.12426726
1764505204.6284642,-7.84364,3.09778,1.02242,-0.63696126,0.73766901,0.12426726
1764505204.6284642,-7.84364,3.09778,1.02242,-0.63696126,0.73766901,0.12426726
1764505204.6298532,-8.51508,3.00622,-0.27468,-0.63757161,0.7348614,0.123473805
1764505204.6298532,-8.51508,3.00622,-0.27468,-0.63757161,0.7348614,0.123473805
1764505204.6298532,-8.51508,3.00622,-0.27468,-0.63757161,0.7348614,0.123473805
1764505204.6298532,-8.51508,3.00622,-0.27468,-0.63757161,0.7348614,0.123473805
1764505204.6298532,-8.51508,3.00622,-0.27468,-0.63757161,0.7348614,0.123473805
1764505204.6298532,-8.51508,3.00622,-0.27468,-0.63757161,0.7348614,0.123473805
1764505204.6298532,-8.51508,3.00622,-0.27468,-0.63757161,0.7348614,0.123473805
1764505204.6298532,-8.51508,3.00622,-0.27468,-0.63757161,0.7348614,0.123473805
1764505204.6308484,-8.51508,3.00622,-0.27468,-0.63757161,0.7348614,0.123473805
1764505204.6308484,-8.51508,3.00622,-0.27468,-0.63757161,0.7348614,0.123473805
1764505204.6771712,-5.76828,2.02958,-1.32762,-0.64001301,0.73095516,0.123962085
1764505204.6771712,-5.76828,2.02958,-1.32762,-0.64001301,0.73095516,0.123962085
1764505204.6771712,-5.76828,2.02958,-1.32762,-0.64001301,0.73095516,0.123962085
1764505204.6771712,-5.76828,2.02958,-1.32762,-0.64001301,0.73095516,0.123962085
1764505204.6771712,-5.76828,2.02958,-1.32762,-0.64001301,0.73095516,0.123962085
1764505204.6771712,-5.76828,2.02958,-1.32762,-0.64001301,0.73095516,0.123962085
1764505204.6771712,-5.76828,2.02958,-1.32762,-0.64001301,0.73095516,0.123962085
1764505204.6771712,-5.76828,2.02958,-1.32762,-0.64001301,0.73095516,0.123962085
1764505204.6771712,-5.76828,2.02958,-1.32762,-0.64001301,0.73095516,0.123962085
1764505204.6771712,-5.76828,2.02958,-1.32762,-0.64001301,0.73095516,0.123962085
1764505204.6771712,-3.29616,1.63282,-1.55652,-0.641660955,0.728208585,0.12438933
1764505204.677627,-3.29616,1.63282,-1.55652,-0.641660955,0.728208585,0.12438933
1764505204.677627,-3.29616,1.63282,-1.55652,-0.641660955,0.728208585,0.12438933
1764505204.677627,-3.29616,1.63282,-1.55652,-0.641660955,0.728208585,0.12438933
1764505204.677627,-3.29616,1.63282,-1.55652,-0.641660955,0.728208585,0.12438933
1764505204.677627,-3.29616,1.63282,-1.55652,-0.641660955,0.728208585,0.12438933
1764505204.677627,-3.29616,1.63282,-1.55652,-0.641660955,0.728208585,0.12438933
1764505204.677627,-3.29616,1.63282,-1.55652,-0.641660955,0.728208585,0.12438933
1764505204.677627,-3.29616,1.63282,-1.55652,-0.641660955,0.728208585,0.12438933
1764505204.677627,-3.29616,1.63282,-1.55652,-0.641660955,0.728208585,0.12438933
1764505204.677627,-1.4039199999999998,2.289,-1.73964,-0.642393375,0.7266827100000001,0.124450365
1764505204.677627,-1.4039199999999998,2.289,-1.73964,-0.642393375,0.7266827100000001,0.124450365
1764505204.677627,-1.4039199999999998,2.289,-1.73964,-0.642393375,0.7266827100000001,0.124450365
1764505204.677627,-1.4039199999999998,2.289,-1.73964,-0.642393375,0.7266827100000001,0.124450365
1764505204.7228324,-1.4039199999999998,2.289,-1.73964,-0.642393375,0.7266827100000001,0.124450365
1764505204.7228324,-1.4039199999999998,2.289,-1.73964,-0.642393375,0.7266827100000001,0.124450365
1764505204.7228324,-1.4039199999999998,2.289,-1.73964,-0.642393375,0.7266827100000001,0.124450365
1764505204.7228324,-1.4039199999999998,2.289,-1.73964,-0.642393375,0.7266827100000001,0.124450365
1764505204.7228324,-1.4039199999999998,2.289,-1.73964,-0.642393375,0.7266827100000001,0.124450365
1764505204.7228324,-1.4039199999999998,2.289,-1.73964,-0.642393375,0.7266827100000001,0.124450365
1764505204.7228324,-0.09156,2.27374,-0.65618,-0.64428546,0.72704892,0.12353484
1764505204.7228324,-0.09156,2.27374,-0.65618,-0.64428546,0.72704892,0.12353484
1764505204.7238271,-0.09156,2.27374,-0.65618,-0.64428546,0.72704892,0.12353484
1764505204.7238271,-0.09156,2.27374,-0.65618,-0.64428546,0.72704892,0.12353484
1764505204.7238271,-0.09156,2.27374,-0.65618,-0.64428546,0.72704892,0.12353484
1764505204.7238271,-0.09156,2.27374,-0.65618,-0.64428546,0.72704892,0.12353484
1764505204.7238271,-0.09156,2.27374,-0.65618,-0.64428546,0.72704892,0.12353484
1764505204.7238271,-0.09156,2.27374,-0.65618,-0.64428546,0.72704892,0.12353484
1764505204.7238271,-0.09156,2.27374,-0.65618,-0.64428546,0.72704892,0.12353484
1764505204.7238271,-0.09156,2.27374,-0.65618,-0.64428546,0.72704892,0.12353484
1764505204.7238271,0.6867,1.86172,-0.59514,-0.646787895,0.729795495,0.122131035
1764505204.7238271,0.6867,1.86172,-0.59514,-0.646787895,0.729795495,0.122131035
1764505204.7238271,0.6867,1.86172,-0.59514,-0.646787895,0.729795495,0.122131035
1764505204.7238271,0.6867,1.86172,-0.59514,-0.646787895,0.729795495,0.122131035
1764505204.7238271,0.6867,1.86172,-0.59514,-0.646787895,0.729795495,0.122131035
1764505204.7238271,0.6867,1.86172,-0.59514,-0.646787895,0.729795495,0.122131035
1764505204.7238271,0.6867,1.86172,-0.59514,-0.646787895,0.729795495,0.122131035
1764505204.7238271,0.6867,1.86172,-0.59514,-0.646787895,0.729795495,0.122131035
1764505204.7698665,0.6867,1.86172,-0.59514,-0.646787895,0.729795495,0.122131035
1764505204.7698665,0.6867,1.86172,-0.59514,-0.646787895,0.729795495,0.122131035
1764505204.7703788,0.8698199999999999,1.2971,-0.59514,-0.64770342,0.73425105,0.121764825
1764505204.7703788,0.8698199999999999,1.2971,-0.59514,-0.64770342,0.73425105,0.121764825
1764505204.7703788,0.8698199999999999,1.2971,-0.59514,-0.64770342,0.73425105,0.121764825
1764505204.7703788,0.8698199999999999,1.2971,-0.59514,-0.64770342,0.73425105,0.121764825
1764505204.7703788,0.8698199999999999,1.2971,-0.59514,-0.64770342,0.73425105,0.121764825
1764505204.7703788,0.8698199999999999,1.2971,-0.59514,-0.64770342,0.73425105,0.121764825
1764505204.7703788,0.8698199999999999,1.2971,-0.59514,-0.64770342,0.73425105,0.121764825
1764505204.7703788,0.8698199999999999,1.2971,-0.59514,-0.64770342,0.73425105,0.121764825
1764505204.7703788,0.8698199999999999,1.2971,-0.59514,-0.64770342,0.73425105,0.121764825
1764505204.7703788,0.8698199999999999,1.2971,-0.59514,-0.64770342,0.73425105,0.121764825
1764505204.7703788,-0.0762999999999999,2.12114,0.06104,-0.6481917,0.7373028,0.12133758
1764505204.7703788,-0.0762999999999999,2.12114,0.06104,-0.6481917,0.7373028,0.12133758
1764505204.7703788,-0.0762999999999999,2.12114,0.06104,-0.6481917,0.7373028,0.12133758
1764505204.7703788,-0.0762999999999999,2.12114,0.06104,-0.6481917,0.7373028,0.12133758
1764505204.7703788,-0.0762999999999999,2.12114,0.06104,-0.6481917,0.7373028,0.12133758
1764505204.7703788,-0.0762999999999999,2.12114,0.06104,-0.6481917,0.7373028,0.12133758
1764505204.7703788,-0.0762999999999999,2.12114,0.06104,-0.6481917,0.7373028,0.12133758
1764505204.7703788,-0.0762999999999999,2.12114,0.06104,-0.6481917,0.7373028,0.12133758
1764505204.7703788,-0.0762999999999999,2.12114,0.06104,-0.6481917,0.7373028,0.12133758
1764505204.7703788,-0.0762999999999999,2.12114,0.06104,-0.6481917,0.7373028,0.12133758
1764505204.8166406,-1.73964,2.54842,0.3204599999999999,-0.64794756,0.73950006,0.122131035
1764505204.8181767,-1.73964,2.54842,0.3204599999999999,-0.64794756,0.73950006,0.122131035
1764505204.8181767,-1.73964,2.54842,0.3204599999999999,-0.64794756,0.73950006,0.122131035
1764505204.8181767,-1.73964,2.54842,0.3204599999999999,-0.64794756,0.73950006,0.122131035
1764505204.8181767,-1.73964,2.54842,0.3204599999999999,-0.64794756,0.73950006,0.122131035
1764505204.8181767,-1.73964,2.54842,0.3204599999999999,-0.64794756,0.73950006,0.122131035
1764505204.8181767,-1.73964,2.54842,0.3204599999999999,-0.64794756,0.73950006,0.122131035
1764505204.8181767,-1.73964,2.54842,0.3204599999999999,-0.64794756,0.73950006,0.122131035
1764505204.8197114,-1.73964,2.54842,0.3204599999999999,-0.64794756,0.73950006,0.122131035
1764505204.8199475,-1.73964,2.54842,0.3204599999999999,-0.64794756,0.73950006,0.122131035
1764505204.8199475,-2.6705,2.27374,-0.1525999999999999,-0.64684893,0.739683165,0.124084155
1764505204.8199475,-2.6705,2.27374,-0.1525999999999999,-0.64684893,0.739683165,0.124084155
1764505204.8199475,-2.6705,2.27374,-0.1525999999999999,-0.64684893,0.739683165,0.124084155
1764505204.8199475,-2.6705,2.27374,-0.1525999999999999,-0.64684893,0.739683165,0.124084155
1764505204.8199475,-2.6705,2.27374,-0.1525999999999999,-0.64684893,0.739683165,0.124084155
1764505204.8199475,-2.6705,2.27374,-0.1525999999999999,-0.64684893,0.739683165,0.124084155
1764505204.820974,-2.6705,2.27374,-0.1525999999999999,-0.64684893,0.739683165,0.124084155
1764505204.820974,-2.6705,2.27374,-0.1525999999999999,-0.64684893,0.739683165,0.124084155
1764505204.820974,-2.6705,2.27374,-0.1525999999999999,-0.64684893,0.739683165,0.124084155
1764505204.820974,-2.6705,2.27374,-0.1525999999999999,-0.64684893,0.739683165,0.124084155
1764505204.820974,-4.53222,2.56368,-0.74774,-0.6454451250000001,0.73791315,0.124938645
1764505204.820974,-4.53222,2.56368,-0.74774,-0.6454451250000001,0.73791315,0.124938645
1764505204.821958,-4.53222,2.56368,-0.74774,-0.6454451250000001,0.73791315,0.124938645
1764505204.821958,-4.53222,2.56368,-0.74774,-0.6454451250000001,0.73791315,0.124938645
1764505204.8625803,-4.53222,2.56368,-0.74774,-0.6454451250000001,0.73791315,0.124938645
1764505204.8625803,-4.53222,2.56368,-0.74774,-0.6454451250000001,0.73791315,0.124938645
1764505204.8625803,-4.53222,2.56368,-0.74774,-0.6454451250000001,0.73791315,0.124938645
1764505204.8625803,-4.53222,2.56368,-0.74774,-0.6454451250000001,0.73791315,0.124938645
1764505204.8635914,-4.53222,2.56368,-0.74774,-0.6454451250000001,0.73791315,0.124938645
1764505204.8635914,-4.53222,2.56368,-0.74774,-0.6454451250000001,0.73791315,0.124938645
1764505204.8635914,-4.852679999999999,2.85362,-1.05294,-0.64562823,0.736265205,0.12414519
1764505204.8635914,-4.852679999999999,2.85362,-1.05294,-0.64562823,0.736265205,0.12414519
1764505204.8635914,-4.852679999999999,2.85362,-1.05294,-0.64562823,0.736265205,0.12414519
1764505204.8635914,-4.852679999999999,2.85362,-1.05294,-0.64562823,0.736265205,0.12414519
1764505204.8635914,-4.852679999999999,2.85362,-1.05294,-0.64562823,0.736265205,0.12414519
1764505204.8635914,-4.852679999999999,2.85362,-1.05294,-0.64562823,0.736265205,0.12414519
1764505204.8635914,-4.852679999999999,2.85362,-1.05294,-0.64562823,0.736265205,0.12414519
1764505204.8635914,-4.852679999999999,2.85362,-1.05294,-0.64562823,0.736265205,0.12414519
1764505204.8655896,-4.852679999999999,2.85362,-1.05294,-0.64562823,0.736265205,0.12414519
1764505204.8655896,-4.852679999999999,2.85362,-1.05294,-0.64562823,0.736265205,0.12414519
1764505204.8655896,-3.11304,1.2055399999999998,-0.8698199999999999,-0.64745928,0.73449519,0.12475554
1764505204.8655896,-3.11304,1.2055399999999998,-0.8698199999999999,-0.64745928,0.73449519,0.12475554
1764505204.8655896,-3.11304,1.2055399999999998,-0.8698199999999999,-0.64745928,0.73449519,0.12475554
1764505204.8655896,-3.11304,1.2055399999999998,-0.8698199999999999,-0.64745928,0.73449519,0.12475554
1764505204.8655896,-3.11304,1.2055399999999998,-0.8698199999999999,-0.64745928,0.73449519,0.12475554
1764505204.8655896,-3.11304,1.2055399999999998,-0.8698199999999999,-0.64745928,0.73449519,0.12475554
1764505204.8655896,-3.11304,1.2055399999999998,-0.8698199999999999,-0.64745928,0.73449519,0.12475554
1764505204.8655896,-3.11304,1.2055399999999998,-0.8698199999999999,-0.64745928,0.73449519,0.12475554
1764505204.91209,-3.11304,1.2055399999999998,-0.8698199999999999,-0.64745928,0.73449519,0.12475554
1764505204.91209,-3.11304,1.2055399999999998,-0.8698199999999999,-0.64745928,0.73449519,0.12475554
1764505204.91209,-1.4039199999999998,-0.12208,-1.19028,-0.648741015,0.73278621,0.124938645
1764505204.91209,-1.4039199999999998,-0.12208,-1.19028,-0.648741015,0.73278621,0.124938645
1764505204.91209,-1.4039199999999998,-0.12208,-1.19028,-0.648741015,0.73278621,0.124938645
1764505204.91209,-1.4039199999999998,-0.12208,-1.19028,-0.648741015,0.73278621,0.124938645
1764505204.91209,-1.4039199999999998,-0.12208,-1.19028,-0.648741015,0.73278621,0.124938645
1764505204.91209,-1.4039199999999998,-0.12208,-1.19028,-0.648741015,0.73278621,0.124938645
1764505204.91209,-1.4039199999999998,-0.12208,-1.19028,-0.648741015,0.73278621,0.124938645
1764505204.91209,-1.4039199999999998,-0.12208,-1.19028,-0.648741015,0.73278621,0.124938645
1764505204.91209,-1.4039199999999998,-0.12208,-1.19028,-0.648741015,0.73278621,0.124938645
1764505204.91209,-1.4039199999999998,-0.12208,-1.19028,-0.648741015,0.73278621,0.124938645
1764505204.91209,-0.96138,-0.28994,-1.84646,-0.64904619,0.731870685,0.12341277
1764505204.91209,-0.96138,-0.28994,-1.84646,-0.64904619,0.731870685,0.12341277
1764505204.91209,-0.96138,-0.28994,-1.84646,-0.64904619,0.731870685,0.12341277
1764505204.91209,-0.96138,-0.28994,-1.84646,-0.64904619,0.731870685,0.12341277
1764505204.91209,-0.96138,-0.28994,-1.84646,-0.64904619,0.731870685,0.12341277
1764505204.913249,-0.96138,-0.28994,-1.84646,-0.64904619,0.731870685,0.12341277
1764505204.913249,-0.96138,-0.28994,-1.84646,-0.64904619,0.731870685,0.12341277
1764505204.913249,-0.96138,-0.28994,-1.84646,-0.64904619,0.731870685,0.12341277
1764505204.913249,-0.96138,-0.28994,-1.84646,-0.64904619,0.731870685,0.12341277
1764505204.913249,-0.96138,-0.28994,-1.84646,-0.64904619,0.731870685,0.12341277
1764505204.913249,-2.60946,0.3815,-2.02958,-0.647520315,0.732603105,0.12292449
1764505204.913249,-2.60946,0.3815,-2.02958,-0.647520315,0.732603105,0.12292449
1764505204.9563053,-2.60946,0.3815,-2.02958,-0.647520315,0.732603105,0.12292449
1764505204.9573262,-2.60946,0.3815,-2.02958,-0.647520315,0.732603105,0.12292449
1764505204.9598663,-2.60946,0.3815,-2.02958,-0.647520315,0.732603105,0.12292449
1764505204.9598663,-2.60946,0.3815,-2.02958,-0.647520315,0.732603105,0.12292449
1764505204.9598663,-2.60946,0.3815,-2.02958,-0.647520315,0.732603105,0.12292449
1764505204.9598663,-2.60946,0.3815,-2.02958,-0.647520315,0.732603105,0.12292449
1764505204.9598663,-2.60946,0.3815,-2.02958,-0.647520315,0.732603105,0.12292449
1764505204.9598663,-2.60946,0.3815,-2.02958,-0.647520315,0.732603105,0.12292449
1764505204.9608607,-3.57084,1.9075,-1.2208,-0.6449568450000001,0.735776925,0.12011688
1764505204.9608607,-3.57084,1.9075,-1.2208,-0.6449568450000001,0.735776925,0.12011688
1764505204.9608607,-3.57084,1.9075,-1.2208,-0.6449568450000001,0.735776925,0.12011688
1764505204.9608607,-3.57084,1.9075,-1.2208,-0.6449568450000001,0.735776925,0.12011688
1764505204.9608607,-3.57084,1.9075,-1.2208,-0.6449568450000001,0.735776925,0.12011688
1764505204.9608607,-3.57084,1.9075,-1.2208,-0.6449568450000001,0.735776925,0.12011688
1764505204.9608607,-3.57084,1.9075,-1.2208,-0.6449568450000001,0.735776925,0.12011688
1764505204.9608607,-3.57084,1.9075,-1.2208,-0.6449568450000001,0.735776925,0.12011688
1764505204.9608607,-3.57084,1.9075,-1.2208,-0.6449568450000001,0.735776925,0.12011688
1764505204.9608607,-3.57084,1.9075,-1.2208,-0.6449568450000001,0.735776925,0.12011688
1764505204.9608607,-3.99812,3.052,0.25942,-0.6449568450000001,0.740537655,0.11889618
1764505204.9608607,-3.99812,3.052,0.25942,-0.6449568450000001,0.740537655,0.11889618
1764505204.9608607,-3.99812,3.052,0.25942,-0.6449568450000001,0.740537655,0.11889618
1764505204.9608607,-3.99812,3.052,0.25942,-0.6449568450000001,0.740537655,0.11889618
1764505205.001794,-3.99812,3.052,0.25942,-0.6449568450000001,0.740537655,0.11889618
1764505205.0028255,-3.99812,3.052,0.25942,-0.6449568450000001,0.740537655,0.11889618
1764505205.0028255,-3.99812,3.052,0.25942,-0.6449568450000001,0.740537655,0.11889618
1764505205.0028255,-3.99812,3.052,0.25942,-0.6449568450000001,0.740537655,0.11889618
1764505205.0028255,-3.99812,3.052,0.25942,-0.6449568450000001,0.740537655,0.11889618
1764505205.0028255,-3.99812,3.052,0.25942,-0.6449568450000001,0.740537655,0.11889618
1764505205.0028255,-3.5098,1.526,1.38866,-0.64526202,0.742612845,0.120055845
1764505205.0038245,-3.5098,1.526,1.38866,-0.64526202,0.742612845,0.120055845
1764505205.0038245,-3.5098,1.526,1.38866,-0.64526202,0.742612845,0.120055845
1764505205.0038245,-3.5098,1.526,1.38866,-0.64526202,0.742612845,0.120055845
1764505205.0038245,-3.5098,1.526,1.38866,-0.64526202,0.742612845,0.120055845
1764505205.0038245,-3.5098,1.526,1.38866,-0.64526202,0.742612845,0.120055845
1764505205.0038245,-3.5098,1.526,1.38866,-0.64526202,0.742612845,0.120055845
1764505205.0038245,-3.5098,1.526,1.38866,-0.64526202,0.742612845,0.120055845
1764505205.0038245,-3.5098,1.526,1.38866,-0.64526202,0.742612845,0.120055845
1764505205.0053327,-3.5098,1.526,1.38866,-0.64526202,0.742612845,0.120055845
1764505205.0053327,-4.74586,1.28184,1.2208,-0.64501788,0.74059869,0.12243621
1764505205.0053327,-4.74586,1.28184,1.2208,-0.64501788,0.74059869,0.12243621
1764505205.0053327,-4.74586,1.28184,1.2208,-0.64501788,0.74059869,0.12243621
1764505205.0053327,-4.74586,1.28184,1.2208,-0.64501788,0.74059869,0.12243621
1764505205.0053327,-4.74586,1.28184,1.2208,-0.64501788,0.74059869,0.12243621
1764505205.0053327,-4.74586,1.28184,1.2208,-0.64501788,0.74059869,0.12243621
1764505205.0053327,-4.74586,1.28184,1.2208,-0.64501788,0.74059869,0.12243621
1764505205.0053327,-4.74586,1.28184,1.2208,-0.64501788,0.74059869,0.12243621
1764505205.0514293,-4.74586,1.28184,1.2208,-0.64501788,0.74059869,0.12243621
1764505205.0514293,-4.74586,1.28184,1.2208,-0.64501788,0.74059869,0.12243621
1764505205.0514293,-5.81406,2.39582,-0.0762999999999999,-0.645323055,0.73498347,0.124328295
1764505205.0514293,-5.81406,2.39582,-0.0762999999999999,-0.645323055,0.73498347,0.124328295
1764505205.0514293,-5.81406,2.39582,-0.0762999999999999,-0.645323055,0.73498347,0.124328295
1764505205.0514293,-5.81406,2.39582,-0.0762999999999999,-0.645323055,0.73498347,0.124328295
1764505205.0514293,-5.81406,2.39582,-0.0762999999999999,-0.645323055,0.73498347,0.124328295
1764505205.0514293,-5.81406,2.39582,-0.0762999999999999,-0.645323055,0.73498347,0.124328295
1764505205.0514293,-5.81406,2.39582,-0.0762999999999999,-0.645323055,0.73498347,0.124328295
1764505205.0514293,-5.81406,2.39582,-0.0762999999999999,-0.645323055,0.73498347,0.124328295
1764505205.0514293,-5.81406,2.39582,-0.0762999999999999,-0.645323055,0.73498347,0.124328295
1764505205.0514293,-5.81406,2.39582,-0.0762999999999999,-0.645323055,0.73498347,0.124328295
1764505205.0524652,-5.98192,2.8994,-0.09156,-0.648374805,0.731260335,0.123595875
1764505205.0524652,-5.98192,2.8994,-0.09156,-0.648374805,0.731260335,0.123595875
1764505205.0524652,-5.98192,2.8994,-0.09156,-0.648374805,0.731260335,0.123595875
1764505205.0524652,-5.98192,2.8994,-0.09156,-0.648374805,0.731260335,0.123595875
1764505205.0524652,-5.98192,2.8994,-0.09156,-0.648374805,0.731260335,0.123595875
1764505205.0524652,-5.98192,2.8994,-0.09156,-0.648374805,0.731260335,0.123595875
1764505205.0524652,-5.98192,2.8994,-0.09156,-0.648374805,0.731260335,0.123595875
1764505205.0524652,-5.98192,2.8994,-0.09156,-0.648374805,0.731260335,0.123595875
1764505205.0524652,-5.98192,2.8994,-0.09156,-0.648374805,0.731260335,0.123595875
1764505205.0524652,-5.98192,2.8994,-0.09156,-0.648374805,0.731260335,0.123595875
1764505205.097464,-6.683879999999999,1.63282,-1.34288,-0.65136552,0.73095516,0.123229665
1764505205.097464,-6.683879999999999,1.63282,-1.34288,-0.65136552,0.73095516,0.123229665
1764505205.0984523,-6.683879999999999,1.63282,-1.34288,-0.65136552,0.73095516,0.123229665
1764505205.0984523,-6.683879999999999,1.63282,-1.34288,-0.65136552,0.73095516,0.123229665
1764505205.0984523,-6.683879999999999,1.63282,-1.34288,-0.65136552,0.73095516,0.123229665
1764505205.0984523,-6.683879999999999,1.63282,-1.34288,-0.65136552,0.73095516,0.123229665
1764505205.0994503,-6.683879999999999,1.63282,-1.34288,-0.65136552,0.73095516,0.123229665
1764505205.0994503,-6.683879999999999,1.63282,-1.34288,-0.65136552,0.73095516,0.123229665
1764505205.0994503,-6.683879999999999,1.63282,-1.34288,-0.65136552,0.73095516,0.123229665
1764505205.0994503,-6.683879999999999,1.63282,-1.34288,-0.65136552,0.73095516,0.123229665
1764505205.0994503,-5.27996,0.65618,-2.16692,-0.6512434500000001,0.7298565300000001,0.12292449
1764505205.1004505,-5.27996,0.65618,-2.16692,-0.6512434500000001,0.7298565300000001,0.12292449
1764505205.1004505,-5.27996,0.65618,-2.16692,-0.6512434500000001,0.7298565300000001,0.12292449
1764505205.1004505,-5.27996,0.65618,-2.16692,-0.6512434500000001,0.7298565300000001,0.12292449
1764505205.1011589,-5.27996,0.65618,-2.16692,-0.6512434500000001,0.7298565300000001,0.12292449
1764505205.1011589,-5.27996,0.65618,-2.16692,-0.6512434500000001,0.7298565300000001,0.12292449
1764505205.1011589,-5.27996,0.65618,-2.16692,-0.6512434500000001,0.7298565300000001,0.12292449
1764505205.1011589,-5.27996,0.65618,-2.16692,-0.6512434500000001,0.7298565300000001,0.12292449
1764505205.1011589,-5.27996,0.65618,-2.16692,-0.6512434500000001,0.7298565300000001,0.12292449
1764505205.1011589,-5.27996,0.65618,-2.16692,-0.6512434500000001,0.7298565300000001,0.12292449
1764505205.1011589,-3.17408,1.28184,-1.9075,-0.65087724,0.730161705,0.121642755
1764505205.1011589,-3.17408,1.28184,-1.9075,-0.65087724,0.730161705,0.121642755
1764505205.1024504,-3.17408,1.28184,-1.9075,-0.65087724,0.730161705,0.121642755
1764505205.1024504,-3.17408,1.28184,-1.9075,-0.65087724,0.730161705,0.121642755
1764505205.1437988,-3.17408,1.28184,-1.9075,-0.65087724,0.730161705,0.121642755
1764505205.1437988,-3.17408,1.28184,-1.9075,-0.65087724,0.730161705,0.121642755
1764505205.1448033,-3.17408,1.28184,-1.9075,-0.65087724,0.730161705,0.121642755
1764505205.1448033,-3.17408,1.28184,-1.9075,-0.65087724,0.730161705,0.121642755
1764505205.1448033,-3.17408,1.28184,-1.9075,-0.65087724,0.730161705,0.121642755
1764505205.1448033,-3.17408,1.28184,-1.9075,-0.65087724,0.730161705,0.121642755
1764505205.1448033,-1.93802,0.62566,-0.3815,-0.6512434500000001,0.73168758,0.120177915
1764505205.1448033,-1.93802,0.62566,-0.3815,-0.6512434500000001,0.73168758,0.120177915
1764505205.1448033,-1.93802,0.62566,-0.3815,-0.6512434500000001,0.73168758,0.120177915
1764505205.1448033,-1.93802,0.62566,-0.3815,-0.6512434500000001,0.73168758,0.120177915
1764505205.1448033,-1.93802,0.62566,-0.3815,-0.6512434500000001,0.73168758,0.120177915
1764505205.1448033,-1.93802,0.62566,-0.3815,-0.6512434500000001,0.73168758,0.120177915
1764505205.1448033,-1.93802,0.62566,-0.3815,-0.6512434500000001,0.73168758,0.120177915
1764505205.1448033,-1.93802,0.62566,-0.3815,-0.6512434500000001,0.73168758,0.120177915
1764505205.1448033,-1.93802,0.62566,-0.3815,-0.6512434500000001,0.73168758,0.120177915
1764505205.1448033,-1.93802,0.62566,-0.3815,-0.6512434500000001,0.73168758,0.120177915
1764505205.1448033,-2.2127,1.31236,1.64808,-0.64990068,0.7336407,0.11755341
1764505205.1448033,-2.2127,1.31236,1.64808,-0.64990068,0.7336407,0.11755341
1764505205.1448033,-2.2127,1.31236,1.64808,-0.64990068,0.7336407,0.11755341
1764505205.1448033,-2.2127,1.31236,1.64808,-0.64990068,0.7336407,0.11755341
1764505205.1448033,-2.2127,1.31236,1.64808,-0.64990068,0.7336407,0.11755341
1764505205.1448033,-2.2127,1.31236,1.64808,-0.64990068,0.7336407,0.11755341
1764505205.1448033,-2.2127,1.31236,1.64808,-0.64990068,0.7336407,0.11755341
1764505205.1448033,-2.2127,1.31236,1.64808,-0.64990068,0.7336407,0.11755341
1764505205.189802,-2.2127,1.31236,1.64808,-0.64990068,0.7336407,0.11755341
1764505205.189802,-2.2127,1.31236,1.64808,-0.64990068,0.7336407,0.11755341
1764505205.189802,-2.38056,2.04484,1.87698,-0.64745928,0.736631415,0.1171872
1764505205.189802,-2.38056,2.04484,1.87698,-0.64745928,0.736631415,0.1171872
1764505205.189802,-2.38056,2.04484,1.87698,-0.64745928,0.736631415,0.1171872
1764505205.189802,-2.38056,2.04484,1.87698,-0.64745928,0.736631415,0.1171872
1764505205.189802,-2.38056,2.04484,1.87698,-0.64745928,0.736631415,0.1171872
1764505205.189802,-2.38056,2.04484,1.87698,-0.64745928,0.736631415,0.1171872
1764505205.189802,-2.38056,2.04484,1.87698,-0.64745928,0.736631415,0.1171872
1764505205.189802,-2.38056,2.04484,1.87698,-0.64745928,0.736631415,0.1171872
1764505205.189802,-2.38056,2.04484,1.87698,-0.64745928,0.736631415,0.1171872
1764505205.189802,-2.38056,2.04484,1.87698,-0.64745928,0.736631415,0.1171872
1764505205.189802,-3.84552,3.38772,0.8392999999999999,-0.645933405,0.73827936,0.117980655
1764505205.189802,-3.84552,3.38772,0.8392999999999999,-0.645933405,0.73827936,0.117980655
1764505205.189802,-3.84552,3.38772,0.8392999999999999,-0.645933405,0.73827936,0.117980655
1764505205.189802,-3.84552,3.38772,0.8392999999999999,-0.645933405,0.73827936,0.117980655
1764505205.189802,-3.84552,3.38772,0.8392999999999999,-0.645933405,0.73827936,0.117980655
1764505205.189802,-3.84552,3.38772,0.8392999999999999,-0.645933405,0.73827936,0.117980655
1764505205.189802,-3.84552,3.38772,0.8392999999999999,-0.645933405,0.73827936,0.117980655
1764505205.190817,-3.84552,3.38772,0.8392999999999999,-0.645933405,0.73827936,0.117980655
1764505205.190817,-3.84552,3.38772,0.8392999999999999,-0.645933405,0.73827936,0.117980655
1764505205.190817,-3.84552,3.38772,0.8392999999999999,-0.645933405,0.73827936,0.117980655
1764505205.2373931,-5.615679999999999,3.57084,-1.03768,-0.646543755,0.73693659,0.118713075
1764505205.2379324,-5.615679999999999,3.57084,-1.03768,-0.646543755,0.73693659,0.118713075
1764505205.2379324,-5.615679999999999,3.57084,-1.03768,-0.646543755,0.73693659,0.118713075
1764505205.2379324,-5.615679999999999,3.57084,-1.03768,-0.646543755,0.73693659,0.118713075
1764505205.2379324,-5.615679999999999,3.57084,-1.03768,-0.646543755,0.73693659,0.118713075
1764505205.2379324,-5.615679999999999,3.57084,-1.03768,-0.646543755,0.73693659,0.118713075
1764505205.2379324,-5.615679999999999,3.57084,-1.03768,-0.646543755,0.73693659,0.118713075
1764505205.2379324,-5.615679999999999,3.57084,-1.03768,-0.646543755,0.73693659,0.118713075
1764505205.2379324,-5.615679999999999,3.57084,-1.03768,-0.646543755,0.73693659,0.118713075
1764505205.2379324,-5.615679999999999,3.57084,-1.03768,-0.646543755,0.73693659,0.118713075
1764505205.2379324,-5.40204,3.15882,-0.79352,-0.647276175,0.7351055400000001,0.12060516
1764505205.2379324,-5.40204,3.15882,-0.79352,-0.647276175,0.7351055400000001,0.12060516
1764505205.2379324,-5.40204,3.15882,-0.79352,-0.647276175,0.7351055400000001,0.12060516
1764505205.2379324,-5.40204,3.15882,-0.79352,-0.647276175,0.7351055400000001,0.12060516
1764505205.2379324,-5.40204,3.15882,-0.79352,-0.647276175,0.7351055400000001,0.12060516
1764505205.2379324,-5.40204,3.15882,-0.79352,-0.647276175,0.7351055400000001,0.12060516
1764505205.2379324,-5.40204,3.15882,-0.79352,-0.647276175,0.7351055400000001,0.12060516
1764505205.2379324,-5.40204,3.15882,-0.79352,-0.647276175,0.7351055400000001,0.12060516
1764505205.2379324,-5.40204,3.15882,-0.79352,-0.647276175,0.7351055400000001,0.12060516
1764505205.2379324,-5.40204,3.15882,-0.79352,-0.647276175,0.7351055400000001,0.12060516
1764505205.2379324,-4.83742,2.30426,0.13734,-0.64782549,0.73339656,0.122497245
1764505205.2379324,-4.83742,2.30426,0.13734,-0.64782549,0.73339656,0.122497245
1764505205.2379324,-4.83742,2.30426,0.13734,-0.64782549,0.73339656,0.122497245
1764505205.2379324,-4.83742,2.30426,0.13734,-0.64782549,0.73339656,0.122497245
1764505205.2826147,-4.83742,2.30426,0.13734,-0.64782549,0.73339656,0.122497245
1764505205.2826147,-4.83742,2.30426,0.13734,-0.64782549,0.73339656,0.122497245
1764505205.2826147,-4.83742,2.30426,0.13734,-0.64782549,0.73339656,0.122497245
1764505205.2826147,-4.83742,2.30426,0.13734,-0.64782549,0.73339656,0.122497245
1764505205.2826147,-4.83742,2.30426,0.13734,-0.64782549,0.73339656,0.122497245
1764505205.2826147,-4.83742,2.30426,0.13734,-0.64782549,0.73339656,0.122497245
1764505205.2826147,-4.10494,1.8312,0.54936,-0.64745928,0.73083309,0.123962085
1764505205.2836137,-4.10494,1.8312,0.54936,-0.64745928,0.73083309,0.123962085
1764505205.2836137,-4.10494,1.8312,0.54936,-0.64745928,0.73083309,0.123962085
1764505205.2836137,-4.10494,1.8312,0.54936,-0.64745928,0.73083309,0.123962085
1764505205.2836137,-4.10494,1.8312,0.54936,-0.64745928,0.73083309,0.123962085
1764505205.2836137,-4.10494,1.8312,0.54936,-0.64745928,0.73083309,0.123962085
1764505205.2836137,-4.10494,1.8312,0.54936,-0.64745928,0.73083309,0.123962085
1764505205.2836137,-4.10494,1.8312,0.54936,-0.64745928,0.73083309,0.123962085
1764505205.2836137,-4.10494,1.8312,0.54936,-0.64745928,0.73083309,0.123962085
1764505205.2836137,-4.10494,1.8312,0.54936,-0.64745928,0.73083309,0.123962085
1764505205.2846122,-3.5098,1.69386,0.59514,-0.648374805,0.729917565,0.12377898
1764505205.2846122,-3.5098,1.69386,0.59514,-0.648374805,0.729917565,0.12377898
1764505205.2862928,-3.5098,1.69386,0.59514,-0.648374805,0.729917565,0.12377898
1764505205.2862928,-3.5098,1.69386,0.59514,-0.648374805,0.729917565,0.12377898
1764505205.2862928,-3.5098,1.69386,0.59514,-0.648374805,0.729917565,0.12377898
1764505205.2862928,-3.5098,1.69386,0.59514,-0.648374805,0.729917565,0.12377898
1764505205.3292515,-3.5098,1.69386,0.59514,-0.648374805,0.729917565,0.12377898
1764505205.3292515,-3.5098,1.69386,0.59514,-0.648374805,0.729917565,0.12377898
1764505205.329779,-3.5098,1.69386,0.59514,-0.648374805,0.729917565,0.12377898
1764505205.329779,-3.5098,1.69386,0.59514,-0.648374805,0.729917565,0.12377898
1764505205.329779,-3.29616,0.9919,0.9003399999999999,-0.650449995,0.73022274,0.120788265
1764505205.329779,-3.29616,0.9919,0.9003399999999999,-0.650449995,0.73022274,0.120788265
1764505205.329779,-3.29616,0.9919,0.9003399999999999,-0.650449995,0.73022274,0.120788265
1764505205.329779,-3.29616,0.9919,0.9003399999999999,-0.650449995,0.73022274,0.120788265
1764505205.329779,-3.29616,0.9919,0.9003399999999999,-0.650449995,0.73022274,0.120788265
1764505205.329779,-3.29616,0.9919,0.9003399999999999,-0.650449995,0.73022274,0.120788265
1764505205.329779,-3.29616,0.9919,0.9003399999999999,-0.650449995,0.73022274,0.120788265
1764505205.329779,-3.29616,0.9919,0.9003399999999999,-0.650449995,0.73022274,0.120788265
1764505205.329779,-3.29616,0.9919,0.9003399999999999,-0.650449995,0.73022274,0.120788265
1764505205.329779,-3.29616,0.9919,0.9003399999999999,-0.650449995,0.73022274,0.120788265
1764505205.329779,-2.16692,0.10682,0.93086,-0.65038896,0.7308941250000001,0.1184079
1764505205.329779,-2.16692,0.10682,0.93086,-0.65038896,0.7308941250000001,0.1184079
1764505205.329779,-2.16692,0.10682,0.93086,-0.65038896,0.7308941250000001,0.1184079
1764505205.329779,-2.16692,0.10682,0.93086,-0.65038896,0.7308941250000001,0.1184079
1764505205.329779,-2.16692,0.10682,0.93086,-0.65038896,0.7308941250000001,0.1184079
1764505205.329779,-2.16692,0.10682,0.93086,-0.65038896,0.7308941250000001,0.1184079
1764505205.329779,-2.16692,0.10682,0.93086,-0.65038896,0.7308941250000001,0.1184079
1764505205.329779,-2.16692,0.10682,0.93086,-0.65038896,0.7308941250000001,0.1184079
1764505205.3307896,-2.16692,0.10682,0.93086,-0.65038896,0.7308941250000001,0.1184079
1764505205.3307896,-2.16692,0.10682,0.93086,-0.65038896,0.7308941250000001,0.1184079
1764505205.3782449,-0.94612,-0.763,-0.47306,-0.64990068,0.7324810350000001,0.11828583
1764505205.3782449,-0.94612,-0.763,-0.47306,-0.64990068,0.7324810350000001,0.11828583
1764505205.3782449,-0.94612,-0.763,-0.47306,-0.64990068,0.7324810350000001,0.11828583
1764505205.3782449,-0.94612,-0.763,-0.47306,-0.64990068,0.7324810350000001,0.11828583
1764505205.3782449,-0.94612,-0.763,-0.47306,-0.64990068,0.7324810350000001,0.11828583
1764505205.3782449,-0.94612,-0.763,-0.47306,-0.64990068,0.7324810350000001,0.11828583
1764505205.3782449,-0.94612,-0.763,-0.47306,-0.64990068,0.7324810350000001,0.11828583
1764505205.3782449,-0.94612,-0.763,-0.47306,-0.64990068,0.7324810350000001,0.11828583
1764505205.3782449,-0.94612,-0.763,-0.47306,-0.64990068,0.7324810350000001,0.11828583
1764505205.3782449,-0.94612,-0.763,-0.47306,-0.64990068,0.7324810350000001,0.11828583
1764505205.3782449,-0.41202,-0.27468,-0.25942,-0.649961715,0.733579665,0.120299985
1764505205.3782449,-0.41202,-0.27468,-0.25942,-0.649961715,0.733579665,0.120299985
1764505205.3782449,-0.41202,-0.27468,-0.25942,-0.649961715,0.733579665,0.120299985
1764505205.3782449,-0.41202,-0.27468,-0.25942,-0.649961715,0.733579665,0.120299985
1764505205.3782449,-0.41202,-0.27468,-0.25942,-0.649961715,0.733579665,0.120299985
1764505205.3782449,-0.41202,-0.27468,-0.25942,-0.649961715,0.733579665,0.120299985
1764505205.3782449,-0.41202,-0.27468,-0.25942,-0.649961715,0.733579665,0.120299985
1764505205.3782449,-0.41202,-0.27468,-0.25942,-0.649961715,0.733579665,0.120299985
1764505205.3782449,-0.41202,-0.27468,-0.25942,-0.649961715,0.733579665,0.120299985
1764505205.3782449,-0.41202,-0.27468,-0.25942,-0.649961715,0.733579665,0.120299985
1764505205.3782449,-0.56462,0.71722,-0.59514,-0.65038896,0.73254207,0.121764825
1764505205.3782449,-0.56462,0.71722,-0.59514,-0.65038896,0.73254207,0.121764825
1764505205.4261112,-0.56462,0.71722,-0.59514,-0.65038896,0.73254207,0.121764825
1764505205.4261112,-0.56462,0.71722,-0.59514,-0.65038896,0.73254207,0.121764825
1764505205.4261112,-0.56462,0.71722,-0.59514,-0.65038896,0.73254207,0.121764825
1764505205.4261112,-0.56462,0.71722,-0.59514,-0.65038896,0.73254207,0.121764825
1764505205.4261112,-0.56462,0.71722,-0.59514,-0.65038896,0.73254207,0.121764825
1764505205.4261112,-0.56462,0.71722,-0.59514,-0.65038896,0.73254207,0.121764825
1764505205.4261112,-0.56462,0.71722,-0.59514,-0.65038896,0.73254207,0.121764825
1764505205.4261112,-0.56462,0.71722,-0.59514,-0.65038896,0.73254207,0.121764825
1764505205.4261112,-2.0601,1.77016,-0.2289,-0.65099931,0.73168758,0.12207
1764505205.427122,-2.0601,1.77016,-0.2289,-0.65099931,0.73168758,0.12207
1764505205.427122,-2.0601,1.77016,-0.2289,-0.65099931,0.73168758,0.12207
1764505205.427122,-2.0601,1.77016,-0.2289,-0.65099931,0.73168758,0.12207
1764505205.427122,-2.0601,1.77016,-0.2289,-0.65099931,0.73168758,0.12207
1764505205.427122,-2.0601,1.77016,-0.2289,-0.65099931,0.73168758,0.12207
1764505205.427122,-2.0601,1.77016,-0.2289,-0.65099931,0.73168758,0.12207
1764505205.427122,-2.0601,1.77016,-0.2289,-0.65099931,0.73168758,0.12207
1764505205.427122,-2.0601,1.77016,-0.2289,-0.65099931,0.73168758,0.12207
1764505205.427122,-2.0601,1.77016,-0.2289,-0.65099931,0.73168758,0.12207
1764505205.427122,-2.53316,0.8392999999999999,-0.85456,-0.65112138,0.73254207,0.120177915
1764505205.427122,-2.53316,0.8392999999999999,-0.85456,-0.65112138,0.73254207,0.120177915
1764505205.427122,-2.53316,0.8392999999999999,-0.85456,-0.65112138,0.73254207,0.120177915
1764505205.427122,-2.53316,0.8392999999999999,-0.85456,-0.65112138,0.73254207,0.120177915
1764505205.427122,-2.53316,0.8392999999999999,-0.85456,-0.65112138,0.73254207,0.120177915
1764505205.4286287,-2.53316,0.8392999999999999,-0.85456,-0.65112138,0.73254207,0.120177915
1764505205.4286287,-2.53316,0.8392999999999999,-0.85456,-0.65112138,0.73254207,0.120177915
1764505205.4286287,-2.53316,0.8392999999999999,-0.85456,-0.65112138,0.73254207,0.120177915
1764505205.471171,-2.53316,0.8392999999999999,-0.85456,-0.65112138,0.73254207,0.120177915
1764505205.471171,-2.53316,0.8392999999999999,-0.85456,-0.65112138,0.73254207,0.120177915
1764505205.471171,-2.41108,-0.6867,-2.0601,-0.65136552,0.734800365,0.119079285
1764505205.471171,-2.41108,-0.6867,-2.0601,-0.65136552,0.734800365,0.119079285
1764505205.471171,-2.41108,-0.6867,-2.0601,-0.65136552,0.734800365,0.119079285
1764505205.471171,-2.41108,-0.6867,-2.0601,-0.65136552,0.734800365,0.119079285
1764505205.471171,-2.41108,-0.6867,-2.0601,-0.65136552,0.734800365,0.119079285
1764505205.471171,-2.41108,-0.6867,-2.0601,-0.65136552,0.734800365,0.119079285
1764505205.471171,-2.41108,-0.6867,-2.0601,-0.65136552,0.734800365,0.119079285
1764505205.471171,-2.41108,-0.6867,-2.0601,-0.65136552,0.734800365,0.119079285
1764505205.471171,-2.41108,-0.6867,-2.0601,-0.65136552,0.734800365,0.119079285
1764505205.471171,-2.41108,-0.6867,-2.0601,-0.65136552,0.734800365,0.119079285
1764505205.471171,-2.27374,-1.81594,-3.52506,-0.6512434500000001,0.735044505,0.11877411
1764505205.471171,-2.27374,-1.81594,-3.52506,-0.6512434500000001,0.735044505,0.11877411
1764505205.471171,-2.27374,-1.81594,-3.52506,-0.6512434500000001,0.735044505,0.11877411
1764505205.471171,-2.27374,-1.81594,-3.52506,-0.6512434500000001,0.735044505,0.11877411
1764505205.471171,-2.27374,-1.81594,-3.52506,-0.6512434500000001,0.735044505,0.11877411
1764505205.471171,-2.27374,-1.81594,-3.52506,-0.6512434500000001,0.735044505,0.11877411
1764505205.471171,-2.27374,-1.81594,-3.52506,-0.6512434500000001,0.735044505,0.11877411
1764505205.471171,-2.27374,-1.81594,-3.52506,-0.6512434500000001,0.735044505,0.11877411
1764505205.471171,-2.27374,-1.81594,-3.52506,-0.6512434500000001,0.735044505,0.11877411
1764505205.471171,-2.27374,-1.81594,-3.52506,-0.6512434500000001,0.735044505,0.11877411
1764505205.5196724,-2.63998,-0.97664,-4.51696,-0.64977861,0.734190015,0.117492375
1764505205.5196724,-2.63998,-0.97664,-4.51696,-0.64977861,0.734190015,0.117492375
1764505205.5196724,-2.63998,-0.97664,-4.51696,-0.64977861,0.734190015,0.117492375
1764505205.5196724,-2.63998,-0.97664,-4.51696,-0.64977861,0.734190015,0.117492375
1764505205.5196724,-2.63998,-0.97664,-4.51696,-0.64977861,0.734190015,0.117492375
1764505205.5196724,-2.63998,-0.97664,-4.51696,-0.64977861,0.734190015,0.117492375
1764505205.5196724,-2.63998,-0.97664,-4.51696,-0.64977861,0.734190015,0.117492375
1764505205.5196724,-2.63998,-0.97664,-4.51696,-0.64977861,0.734190015,0.117492375
1764505205.5196724,-2.63998,-0.97664,-4.51696,-0.64977861,0.734190015,0.117492375
1764505205.5196724,-2.63998,-0.97664,-4.51696,-0.64977861,0.734190015,0.117492375
1764505205.5206912,-2.16692,1.09872,-5.00528,-0.6470320350000001,0.732358965,0.116149605
1764505205.5206912,-2.16692,1.09872,-5.00528,-0.6470320350000001,0.732358965,0.116149605
1764505205.5216846,-2.16692,1.09872,-5.00528,-0.6470320350000001,0.732358965,0.116149605
1764505205.5216846,-2.16692,1.09872,-5.00528,-0.6470320350000001,0.732358965,0.116149605
1764505205.5216846,-2.16692,1.09872,-5.00528,-0.6470320350000001,0.732358965,0.116149605
1764505205.5216846,-2.16692,1.09872,-5.00528,-0.6470320350000001,0.732358965,0.116149605
1764505205.5224729,-2.16692,1.09872,-5.00528,-0.6470320350000001,0.732358965,0.116149605
1764505205.5226803,-2.16692,1.09872,-5.00528,-0.6470320350000001,0.732358965,0.116149605
1764505205.5228913,-2.16692,1.09872,-5.00528,-0.6470320350000001,0.732358965,0.116149605
1764505205.5231023,-2.16692,1.09872,-5.00528,-0.6470320350000001,0.732358965,0.116149605
1764505205.5231023,-2.56368,3.26564,-5.4173,-0.64391925,0.731870685,0.114562695
1764505205.5231023,-2.56368,3.26564,-5.4173,-0.64391925,0.731870685,0.114562695
1764505205.5231023,-2.56368,3.26564,-5.4173,-0.64391925,0.731870685,0.114562695
1764505205.5241125,-2.56368,3.26564,-5.4173,-0.64391925,0.731870685,0.114562695
1764505205.5643816,-2.56368,3.26564,-5.4173,-0.64391925,0.731870685,0.114562695
1764505205.5643816,-2.56368,3.26564,-5.4173,-0.64391925,0.731870685,0.114562695
1764505205.5643816,-2.56368,3.26564,-5.4173,-0.64391925,0.731870685,0.114562695
1764505205.5643816,-2.56368,3.26564,-5.4173,-0.64391925,0.731870685,0.114562695
1764505205.5643816,-2.56368,3.26564,-5.4173,-0.64391925,0.731870685,0.114562695
1764505205.5643816,-2.56368,3.26564,-5.4173,-0.64391925,0.731870685,0.114562695
1764505205.5643816,-2.33478,5.08158,-4.18124,-0.644102355,0.731748615,0.113586135
1764505205.5643816,-2.33478,5.08158,-4.18124,-0.644102355,0.731748615,0.113586135
1764505205.5643816,-2.33478,5.08158,-4.18124,-0.644102355,0.731748615,0.113586135
1764505205.5643816,-2.33478,5.08158,-4.18124,-0.644102355,0.731748615,0.113586135
1764505205.5643816,-2.33478,5.08158,-4.18124,-0.644102355,0.731748615,0.113586135
1764505205.5643816,-2.33478,5.08158,-4.18124,-0.644102355,0.731748615,0.113586135
1764505205.5643816,-2.33478,5.08158,-4.18124,-0.644102355,0.731748615,0.113586135
1764505205.5643816,-2.33478,5.08158,-4.18124,-0.644102355,0.731748615,0.113586135
1764505205.5643816,-2.33478,5.08158,-4.18124,-0.644102355,0.731748615,0.113586135
1764505205.5643816,-2.33478,5.08158,-4.18124,-0.644102355,0.731748615,0.113586135
1764505205.5643816,-1.96854,6.24134,-0.71722,-0.645323055,0.73290828,0.11315889
1764505205.5643816,-1.96854,6.24134,-0.71722,-0.645323055,0.73290828,0.11315889
1764505205.5643816,-1.96854,6.24134,-0.71722,-0.645323055,0.73290828,0.11315889
1764505205.5643816,-1.96854,6.24134,-0.71722,-0.645323055,0.73290828,0.11315889
1764505205.5643816,-1.96854,6.24134,-0.71722,-0.645323055,0.73290828,0.11315889
1764505205.5658908,-1.96854,6.24134,-0.71722,-0.645323055,0.73290828,0.11315889
1764505205.6097908,-1.96854,6.24134,-0.71722,-0.645323055,0.73290828,0.11315889
1764505205.6097908,-1.96854,6.24134,-0.71722,-0.645323055,0.73290828,0.11315889
1764505205.6097908,-1.96854,6.24134,-0.71722,-0.645323055,0.73290828,0.11315889
1764505205.6097908,-1.96854,6.24134,-0.71722,-0.645323055,0.73290828,0.11315889
1764505205.6097908,-2.3653,4.41014,2.54842,-0.648496875,0.734190015,0.11340303
1764505205.611802,-2.3653,4.41014,2.54842,-0.648496875,0.734190015,0.11340303
1764505205.611802,-2.3653,4.41014,2.54842,-0.648496875,0.734190015,0.11340303
1764505205.611802,-2.3653,4.41014,2.54842,-0.648496875,0.734190015,0.11340303
1764505205.611802,-2.3653,4.41014,2.54842,-0.648496875,0.734190015,0.11340303
1764505205.611802,-2.3653,4.41014,2.54842,-0.648496875,0.734190015,0.11340303
1764505205.6127996,-2.3653,4.41014,2.54842,-0.648496875,0.734190015,0.11340303
1764505205.613138,-2.3653,4.41014,2.54842,-0.648496875,0.734190015,0.11340303
1764505205.613138,-2.3653,4.41014,2.54842,-0.648496875,0.734190015,0.11340303
1764505205.613138,-2.3653,4.41014,2.54842,-0.648496875,0.734190015,0.11340303
1764505205.613138,-2.94518,2.9757,3.00622,-0.651182415,0.73339656,0.114440625
1764505205.613138,-2.94518,2.9757,3.00622,-0.651182415,0.73339656,0.114440625
1764505205.6141531,-2.94518,2.9757,3.00622,-0.651182415,0.73339656,0.114440625
1764505205.6141531,-2.94518,2.9757,3.00622,-0.651182415,0.73339656,0.114440625
1764505205.6141531,-2.94518,2.9757,3.00622,-0.651182415,0.73339656,0.114440625
1764505205.6141531,-2.94518,2.9757,3.00622,-0.651182415,0.73339656,0.114440625
1764505205.6141531,-2.94518,2.9757,3.00622,-0.651182415,0.73339656,0.114440625
1764505205.6141531,-2.94518,2.9757,3.00622,-0.651182415,0.73339656,0.114440625
1764505205.6141531,-2.94518,2.9757,3.00622,-0.651182415,0.73339656,0.114440625
1764505205.6141531,-2.94518,2.9757,3.00622,-0.651182415,0.73339656,0.114440625
1764505205.6579554,-2.18218,3.00622,1.89224,-0.653257605,0.730283775,0.115173045
1764505205.6579554,-2.18218,3.00622,1.89224,-0.653257605,0.730283775,0.115173045
1764505205.6579554,-2.18218,3.00622,1.89224,-0.653257605,0.730283775,0.115173045
1764505205.6579554,-2.18218,3.00622,1.89224,-0.653257605,0.730283775,0.115173045
1764505205.6579554,-2.18218,3.00622,1.89224,-0.653257605,0.730283775,0.115173045
1764505205.6579554,-2.18218,3.00622,1.89224,-0.653257605,0.730283775,0.115173045
1764505205.6579554,-2.18218,3.00622,1.89224,-0.653257605,0.730283775,0.115173045
1764505205.6579554,-2.18218,3.00622,1.89224,-0.653257605,0.730283775,0.115173045
1764505205.6579554,-2.18218,3.00622,1.89224,-0.653257605,0.730283775,0.115173045
1764505205.6579554,-2.18218,3.00622,1.89224,-0.653257605,0.730283775,0.115173045
1764505205.6579554,-1.87698,2.79258,0.13734,-0.655332795,0.73022274,0.115173045
1764505205.6579554,-1.87698,2.79258,0.13734,-0.655332795,0.73022274,0.115173045
1764505205.6579554,-1.87698,2.79258,0.13734,-0.655332795,0.73022274,0.115173045
1764505205.6579554,-1.87698,2.79258,0.13734,-0.655332795,0.73022274,0.115173045
1764505205.6579554,-1.87698,2.79258,0.13734,-0.655332795,0.73022274,0.115173045
1764505205.6579554,-1.87698,2.79258,0.13734,-0.655332795,0.73022274,0.115173045
1764505205.6579554,-1.87698,2.79258,0.13734,-0.655332795,0.73022274,0.115173045
1764505205.6579554,-1.87698,2.79258,0.13734,-0.655332795,0.73022274,0.115173045
1764505205.6579554,-1.87698,2.79258,0.13734,-0.655332795,0.73022274,0.115173045
1764505205.6579554,-1.87698,2.79258,0.13734,-0.655332795,0.73022274,0.115173045
1764505205.6579554,-1.23606,2.02958,-0.39676,-0.65734695,0.73156551,0.115050975
1764505205.6579554,-1.23606,2.02958,-0.39676,-0.65734695,0.73156551,0.115050975
1764505205.6579554,-1.23606,2.02958,-0.39676,-0.65734695,0.73156551,0.115050975
1764505205.6579554,-1.23606,2.02958,-0.39676,-0.65734695,0.73156551,0.115050975
1764505205.706611,-1.23606,2.02958,-0.39676,-0.65734695,0.73156551,0.115050975
1764505205.706611,-1.23606,2.02958,-0.39676,-0.65734695,0.73156551,0.115050975
1764505205.706611,-1.23606,2.02958,-0.39676,-0.65734695,0.73156551,0.115050975
1764505205.706611,-1.23606,2.02958,-0.39676,-0.65734695,0.73156551,0.115050975
1764505205.706611,-1.23606,2.02958,-0.39676,-0.65734695,0.73156551,0.115050975
1764505205.706611,-1.23606,2.02958,-0.39676,-0.65734695,0.73156551,0.115050975
1764505205.706611,-2.04484,1.12924,-0.56462,-0.657774195,0.732114825,0.114196485
1764505205.706611,-2.04484,1.12924,-0.56462,-0.657774195,0.732114825,0.114196485
1764505205.706611,-2.04484,1.12924,-0.56462,-0.657774195,0.732114825,0.114196485
1764505205.706611,-2.04484,1.12924,-0.56462,-0.657774195,0.732114825,0.114196485
1764505205.706611,-2.04484,1.12924,-0.56462,-0.657774195,0.732114825,0.114196485
1764505205.706611,-2.04484,1.12924,-0.56462,-0.657774195,0.732114825,0.114196485
1764505205.7076242,-2.04484,1.12924,-0.56462,-0.657774195,0.732114825,0.114196485
1764505205.7076242,-2.04484,1.12924,-0.56462,-0.657774195,0.732114825,0.114196485
1764505205.7076242,-2.04484,1.12924,-0.56462,-0.657774195,0.732114825,0.114196485
1764505205.7076242,-2.04484,1.12924,-0.56462,-0.657774195,0.732114825,0.114196485
1764505205.7076242,-3.5861,1.526,-0.93086,-0.65563797,0.732847245,0.11450166
1764505205.7076242,-3.5861,1.526,-0.93086,-0.65563797,0.732847245,0.11450166
1764505205.7086198,-3.5861,1.526,-0.93086,-0.65563797,0.732847245,0.11450166
1764505205.7086198,-3.5861,1.526,-0.93086,-0.65563797,0.732847245,0.11450166
1764505205.7086198,-3.5861,1.526,-0.93086,-0.65563797,0.732847245,0.11450166
1764505205.7086198,-3.5861,1.526,-0.93086,-0.65563797,0.732847245,0.11450166
1764505205.7086198,-3.5861,1.526,-0.93086,-0.65563797,0.732847245,0.11450166
1764505205.7086198,-3.5861,1.526,-0.93086,-0.65563797,0.732847245,0.11450166
1764505205.7519696,-3.5861,1.526,-0.93086,-0.65563797,0.732847245,0.11450166
1764505205.7519696,-3.5861,1.526,-0.93086,-0.65563797,0.732847245,0.11450166
1764505205.7519696,-3.08252,1.49548,0.2289,-0.653623815,0.7335186300000001,0.114928905
1764505205.7519696,-3.08252,1.49548,0.2289,-0.653623815,0.7335186300000001,0.114928905
1764505205.7519696,-3.08252,1.49548,0.2289,-0.653623815,0.7335186300000001,0.114928905
1764505205.7519696,-3.08252,1.49548,0.2289,-0.653623815,0.7335186300000001,0.114928905
1764505205.7519696,-3.08252,1.49548,0.2289,-0.653623815,0.7335186300000001,0.114928905
1764505205.7519696,-3.08252,1.49548,0.2289,-0.653623815,0.7335186300000001,0.114928905
1764505205.7519696,-3.08252,1.49548,0.2289,-0.653623815,0.7335186300000001,0.114928905
1764505205.7530408,-3.08252,1.49548,0.2289,-0.653623815,0.7335186300000001,0.114928905
1764505205.7530408,-3.08252,1.49548,0.2289,-0.653623815,0.7335186300000001,0.114928905
1764505205.7530408,-3.08252,1.49548,0.2289,-0.653623815,0.7335186300000001,0.114928905
1764505205.7530408,-3.17408,1.25132,1.34288,-0.6517317300000001,0.733945875,0.115173045
1764505205.7530408,-3.17408,1.25132,1.34288,-0.6517317300000001,0.733945875,0.115173045
1764505205.7530408,-3.17408,1.25132,1.34288,-0.6517317300000001,0.733945875,0.115173045
1764505205.7530408,-3.17408,1.25132,1.34288,-0.6517317300000001,0.733945875,0.115173045
1764505205.7530408,-3.17408,1.25132,1.34288,-0.6517317300000001,0.733945875,0.115173045
1764505205.7530408,-3.17408,1.25132,1.34288,-0.6517317300000001,0.733945875,0.115173045
1764505205.7530408,-3.17408,1.25132,1.34288,-0.6517317300000001,0.733945875,0.115173045
1764505205.7530408,-3.17408,1.25132,1.34288,-0.6517317300000001,0.733945875,0.115173045
1764505205.7530408,-3.17408,1.25132,1.34288,-0.6517317300000001,0.733945875,0.115173045
1764505205.7530408,-3.17408,1.25132,1.34288,-0.6517317300000001,0.733945875,0.115173045
1764505205.7962475,-3.46402,1.78542,1.12924,-0.651182415,0.732358965,0.113219925
1764505205.7962475,-3.46402,1.78542,1.12924,-0.651182415,0.732358965,0.113219925
1764505205.7962475,-3.46402,1.78542,1.12924,-0.651182415,0.732358965,0.113219925
1764505205.7962475,-3.46402,1.78542,1.12924,-0.651182415,0.732358965,0.113219925
1764505205.79726,-3.46402,1.78542,1.12924,-0.651182415,0.732358965,0.113219925
1764505205.79726,-3.46402,1.78542,1.12924,-0.651182415,0.732358965,0.113219925
1764505205.79726,-3.46402,1.78542,1.12924,-0.651182415,0.732358965,0.113219925
1764505205.79726,-3.46402,1.78542,1.12924,-0.651182415,0.732358965,0.113219925
1764505205.79726,-3.46402,1.78542,1.12924,-0.651182415,0.732358965,0.113219925
1764505205.79726,-3.46402,1.78542,1.12924,-0.651182415,0.732358965,0.113219925
1764505205.79726,-3.17408,1.526,0.1525999999999999,-0.65246415,0.72949032,0.10913058
1764505205.79726,-3.17408,1.526,0.1525999999999999,-0.65246415,0.72949032,0.10913058
1764505205.79726,-3.17408,1.526,0.1525999999999999,-0.65246415,0.72949032,0.10913058
1764505205.79726,-3.17408,1.526,0.1525999999999999,-0.65246415,0.72949032,0.10913058
1764505205.79726,-3.17408,1.526,0.1525999999999999,-0.65246415,0.72949032,0.10913058
1764505205.79726,-3.17408,1.526,0.1525999999999999,-0.65246415,0.72949032,0.10913058
1764505205.79726,-3.17408,1.526,0.1525999999999999,-0.65246415,0.72949032,0.10913058
1764505205.79726,-3.17408,1.526,0.1525999999999999,-0.65246415,0.72949032,0.10913058
1764505205.79726,-3.17408,1.526,0.1525999999999999,-0.65246415,0.72949032,0.10913058
1764505205.79726,-3.17408,1.526,0.1525999999999999,-0.65246415,0.72949032,0.10913058
1764505205.79726,-2.56368,-1.28184,-0.19838,-0.656187285,0.729063075,0.106628145
1764505205.79726,-2.56368,-1.28184,-0.19838,-0.656187285,0.729063075,0.106628145
1764505205.79726,-2.56368,-1.28184,-0.19838,-0.656187285,0.729063075,0.106628145
1764505205.79726,-2.56368,-1.28184,-0.19838,-0.656187285,0.729063075,0.106628145
1764505205.8444223,-2.56368,-1.28184,-0.19838,-0.656187285,0.729063075,0.106628145
1764505205.8444223,-2.56368,-1.28184,-0.19838,-0.656187285,0.729063075,0.106628145
1764505205.8444223,-2.56368,-1.28184,-0.19838,-0.656187285,0.729063075,0.106628145
1764505205.8444223,-2.56368,-1.28184,-0.19838,-0.656187285,0.729063075,0.106628145
1764505205.8444223,-2.56368,-1.28184,-0.19838,-0.656187285,0.729063075,0.106628145
1764505205.8444223,-2.56368,-1.28184,-0.19838,-0.656187285,0.729063075,0.106628145
1764505205.8444223,-1.526,-1.61756,-1.17502,-0.6549055500000001,0.731748615,0.10717746
1764505205.8444223,-1.526,-1.61756,-1.17502,-0.6549055500000001,0.731748615,0.10717746
1764505205.8444223,-1.526,-1.61756,-1.17502,-0.6549055500000001,0.731748615,0.10717746
1764505205.8444223,-1.526,-1.61756,-1.17502,-0.6549055500000001,0.731748615,0.10717746
1764505205.8444223,-1.526,-1.61756,-1.17502,-0.6549055500000001,0.731748615,0.10717746
1764505205.8444223,-1.526,-1.61756,-1.17502,-0.6549055500000001,0.731748615,0.10717746
1764505205.8444223,-1.526,-1.61756,-1.17502,-0.6549055500000001,0.731748615,0.10717746
1764505205.8444223,-1.526,-1.61756,-1.17502,-0.6549055500000001,0.731748615,0.10717746
1764505205.8444223,-1.526,-1.61756,-1.17502,-0.6549055500000001,0.731748615,0.10717746
1764505205.8444223,-1.526,-1.61756,-1.17502,-0.6549055500000001,0.731748615,0.10717746
1764505205.8444223,-1.02242,-0.10682,-1.69386,-0.650449995,0.73266414,0.111022665
1764505205.8444223,-1.02242,-0.10682,-1.69386,-0.650449995,0.73266414,0.111022665
1764505205.8444223,-1.02242,-0.10682,-1.69386,-0.650449995,0.73266414,0.111022665
1764505205.8460894,-1.02242,-0.10682,-1.69386,-0.650449995,0.73266414,0.111022665
1764505205.8460894,-1.02242,-0.10682,-1.69386,-0.650449995,0.73266414,0.111022665
1764505205.8460894,-1.02242,-0.10682,-1.69386,-0.650449995,0.73266414,0.111022665
1764505205.8460894,-1.02242,-0.10682,-1.69386,-0.650449995,0.73266414,0.111022665
1764505205.8460894,-1.02242,-0.10682,-1.69386,-0.650449995,0.73266414,0.111022665
1764505205.8927665,-1.02242,-0.10682,-1.69386,-0.650449995,0.73266414,0.111022665
1764505205.8937628,-1.02242,-0.10682,-1.69386,-0.650449995,0.73266414,0.111022665
1764505205.8937628,-1.31236,1.11398,-1.526,-0.649595505,0.73229793,0.11267061
1764505205.8937628,-1.31236,1.11398,-1.526,-0.649595505,0.73229793,0.11267061
1764505205.8937628,-1.31236,1.11398,-1.526,-0.649595505,0.73229793,0.11267061
1764505205.8937628,-1.31236,1.11398,-1.526,-0.649595505,0.73229793,0.11267061
1764505205.8937628,-1.31236,1.11398,-1.526,-0.649595505,0.73229793,0.11267061
1764505205.8937628,-1.31236,1.11398,-1.526,-0.649595505,0.73229793,0.11267061
1764505205.8937628,-1.31236,1.11398,-1.526,-0.649595505,0.73229793,0.11267061
1764505205.8937628,-1.31236,1.11398,-1.526,-0.649595505,0.73229793,0.11267061
1764505205.894759,-1.31236,1.11398,-1.526,-0.649595505,0.73229793,0.11267061
1764505205.894759,-1.31236,1.11398,-1.526,-0.649595505,0.73229793,0.11267061
1764505205.894759,-2.60946,0.97664,0.74774,-0.65112138,0.7314434400000001,0.11206026
1764505205.894759,-2.60946,0.97664,0.74774,-0.65112138,0.7314434400000001,0.11206026
1764505205.894759,-2.60946,0.97664,0.74774,-0.65112138,0.7314434400000001,0.11206026
1764505205.894759,-2.60946,0.97664,0.74774,-0.65112138,0.7314434400000001,0.11206026
1764505205.894759,-2.60946,0.97664,0.74774,-0.65112138,0.7314434400000001,0.11206026
1764505205.894759,-2.60946,0.97664,0.74774,-0.65112138,0.7314434400000001,0.11206026
1764505205.894759,-2.60946,0.97664,0.74774,-0.65112138,0.7314434400000001,0.11206026
1764505205.894759,-2.60946,0.97664,0.74774,-0.65112138,0.7314434400000001,0.11206026
1764505205.894759,-2.60946,0.97664,0.74774,-0.65112138,0.7314434400000001,0.11206026
1764505205.894759,-2.60946,0.97664,0.74774,-0.65112138,0.7314434400000001,0.11206026
1764505205.9372246,-2.63998,1.00716,2.33478,-0.652158975,0.73156551,0.110656455
1764505205.9372246,-2.63998,1.00716,2.33478,-0.652158975,0.73156551,0.110656455
1764505205.9382434,-2.63998,1.00716,2.33478,-0.652158975,0.73156551,0.110656455
1764505205.9382434,-2.63998,1.00716,2.33478,-0.652158975,0.73156551,0.110656455
1764505205.9382434,-2.63998,1.00716,2.33478,-0.652158975,0.73156551,0.110656455
1764505205.9382434,-2.63998,1.00716,2.33478,-0.652158975,0.73156551,0.110656455
1764505205.93926,-2.63998,1.00716,2.33478,-0.652158975,0.73156551,0.110656455
1764505205.93926,-2.63998,1.00716,2.33478,-0.652158975,0.73156551,0.110656455
1764505205.93926,-2.63998,1.00716,2.33478,-0.652158975,0.73156551,0.110656455
1764505205.93926,-2.63998,1.00716,2.33478,-0.652158975,0.73156551,0.110656455
1764505205.93926,-3.75396,1.526,1.43444,-0.654234165,0.7335186300000001,0.109801965
1764505205.940251,-3.75396,1.526,1.43444,-0.654234165,0.7335186300000001,0.109801965
1764505205.940251,-3.75396,1.526,1.43444,-0.654234165,0.7335186300000001,0.109801965
1764505205.940251,-3.75396,1.526,1.43444,-0.654234165,0.7335186300000001,0.109801965
1764505205.940251,-3.75396,1.526,1.43444,-0.654234165,0.7335186300000001,0.109801965
1764505205.940251,-3.75396,1.526,1.43444,-0.654234165,0.7335186300000001,0.109801965
1764505205.940251,-3.75396,1.526,1.43444,-0.654234165,0.7335186300000001,0.109801965
1764505205.940251,-3.75396,1.526,1.43444,-0.654234165,0.7335186300000001,0.109801965
1764505205.940251,-3.75396,1.526,1.43444,-0.654234165,0.7335186300000001,0.109801965
1764505205.940251,-3.75396,1.526,1.43444,-0.654234165,0.7335186300000001,0.109801965
1764505205.941255,-4.48644,2.33478,0.09156,-0.653990025,0.73376277,0.10900851
1764505205.941255,-4.48644,2.33478,0.09156,-0.653990025,0.73376277,0.10900851
1764505205.941255,-4.48644,2.33478,0.09156,-0.653990025,0.73376277,0.10900851
1764505205.941255,-4.48644,2.33478,0.09156,-0.653990025,0.73376277,0.10900851
1764505205.9880114,-4.48644,2.33478,0.09156,-0.653990025,0.73376277,0.10900851
1764505205.9880114,-4.48644,2.33478,0.09156,-0.653990025,0.73376277,0.10900851
1764505205.9880114,-4.48644,2.33478,0.09156,-0.653990025,0.73376277,0.10900851
1764505205.9880114,-4.48644,2.33478,0.09156,-0.653990025,0.73376277,0.10900851
1764505205.989007,-4.48644,2.33478,0.09156,-0.653990025,0.73376277,0.10900851
1764505205.989007,-4.48644,2.33478,0.09156,-0.653990025,0.73376277,0.10900851
1764505205.989007,-5.5699,3.41824,-0.763,-0.65283036,0.731748615,0.108825405
1764505205.989007,-5.5699,3.41824,-0.763,-0.65283036,0.731748615,0.108825405
1764505205.989007,-5.5699,3.41824,-0.763,-0.65283036,0.731748615,0.108825405
1764505205.989007,-5.5699,3.41824,-0.763,-0.65283036,0.731748615,0.108825405
1764505205.989007,-5.5699,3.41824,-0.763,-0.65283036,0.731748615,0.108825405
1764505205.989007,-5.5699,3.41824,-0.763,-0.65283036,0.731748615,0.108825405
1764505205.989007,-5.5699,3.41824,-0.763,-0.65283036,0.731748615,0.108825405
1764505205.989007,-5.5699,3.41824,-0.763,-0.65283036,0.731748615,0.108825405
1764505205.989007,-5.5699,3.41824,-0.763,-0.65283036,0.731748615,0.108825405
1764505205.989007,-5.5699,3.41824,-0.763,-0.65283036,0.731748615,0.108825405
1764505205.989007,-4.715339999999999,2.42634,-0.8087799999999999,-0.653623815,0.729063075,0.109313685
1764505205.989007,-4.715339999999999,2.42634,-0.8087799999999999,-0.653623815,0.729063075,0.109313685
1764505205.989007,-4.715339999999999,2.42634,-0.8087799999999999,-0.653623815,0.729063075,0.109313685
1764505205.989007,-4.715339999999999,2.42634,-0.8087799999999999,-0.653623815,0.729063075,0.109313685
1764505205.989007,-4.715339999999999,2.42634,-0.8087799999999999,-0.653623815,0.729063075,0.109313685
1764505205.989007,-4.715339999999999,2.42634,-0.8087799999999999,-0.653623815,0.729063075,0.109313685
1764505205.989007,-4.715339999999999,2.42634,-0.8087799999999999,-0.653623815,0.729063075,0.109313685
1764505205.989007,-4.715339999999999,2.42634,-0.8087799999999999,-0.653623815,0.729063075,0.109313685
1764505206.03573,-4.715339999999999,2.42634,-0.8087799999999999,-0.653623815,0.729063075,0.109313685
1764505206.03573,-4.715339999999999,2.42634,-0.8087799999999999,-0.653623815,0.729063075,0.109313685
1764505206.03573,-2.96044,0.59514,0.18312,-0.653501745,0.729185145,0.110656455
1764505206.03573,-2.96044,0.59514,0.18312,-0.653501745,0.729185145,0.110656455
1764505206.0365462,-2.96044,0.59514,0.18312,-0.653501745,0.729185145,0.110656455
1764505206.0365462,-2.96044,0.59514,0.18312,-0.653501745,0.729185145,0.110656455
1764505206.0365462,-2.96044,0.59514,0.18312,-0.653501745,0.729185145,0.110656455
1764505206.0365462,-2.96044,0.59514,0.18312,-0.653501745,0.729185145,0.110656455
1764505206.0365462,-2.96044,0.59514,0.18312,-0.653501745,0.729185145,0.110656455
1764505206.0365462,-2.96044,0.59514,0.18312,-0.653501745,0.729185145,0.110656455
1764505206.0375648,-2.96044,0.59514,0.18312,-0.653501745,0.729185145,0.110656455
1764505206.0375648,-2.96044,0.59514,0.18312,-0.653501745,0.729185145,0.110656455
1764505206.0375648,-3.08252,1.4497,0.21364,-0.65234208,0.73010067,0.110900595
1764505206.0375648,-3.08252,1.4497,0.21364,-0.65234208,0.73010067,0.110900595
1764505206.0375648,-3.08252,1.4497,0.21364,-0.65234208,0.73010067,0.110900595
1764505206.0375648,-3.08252,1.4497,0.21364,-0.65234208,0.73010067,0.110900595
1764505206.0375648,-3.08252,1.4497,0.21364,-0.65234208,0.73010067,0.110900595
1764505206.0375648,-3.08252,1.4497,0.21364,-0.65234208,0.73010067,0.110900595
1764505206.0375648,-3.08252,1.4497,0.21364,-0.65234208,0.73010067,0.110900595
1764505206.0375648,-3.08252,1.4497,0.21364,-0.65234208,0.73010067,0.110900595
1764505206.0375648,-3.08252,1.4497,0.21364,-0.65234208,0.73010067,0.110900595
1764505206.0375648,-3.08252,1.4497,0.21364,-0.65234208,0.73010067,0.110900595
1764505206.0375648,-4.83742,1.86172,0.62566,-0.652525185,0.73083309,0.11059542
1764505206.0375648,-4.83742,1.86172,0.62566,-0.652525185,0.73083309,0.11059542
1764505206.0793526,-4.83742,1.86172,0.62566,-0.652525185,0.73083309,0.11059542
1764505206.0793526,-4.83742,1.86172,0.62566,-0.652525185,0.73083309,0.11059542
1764505206.0793526,-4.83742,1.86172,0.62566,-0.652525185,0.73083309,0.11059542
1764505206.0793526,-4.83742,1.86172,0.62566,-0.652525185,0.73083309,0.11059542
1764505206.0793526,-4.83742,1.86172,0.62566,-0.652525185,0.73083309,0.11059542
1764505206.0793526,-4.83742,1.86172,0.62566,-0.652525185,0.73083309,0.11059542
1764505206.0793526,-4.83742,1.86172,0.62566,-0.652525185,0.73083309,0.11059542
1764505206.0793526,-4.83742,1.86172,0.62566,-0.652525185,0.73083309,0.11059542
1764505206.0793526,-5.371519999999999,1.58704,0.88508,-0.6530745,0.73254207,0.11022921
1764505206.0793526,-5.371519999999999,1.58704,0.88508,-0.6530745,0.73254207,0.11022921
1764505206.0793526,-5.371519999999999,1.58704,0.88508,-0.6530745,0.73254207,0.11022921
1764505206.0793526,-5.371519999999999,1.58704,0.88508,-0.6530745,0.73254207,0.11022921
1764505206.0793526,-5.371519999999999,1.58704,0.88508,-0.6530745,0.73254207,0.11022921
1764505206.0793526,-5.371519999999999,1.58704,0.88508,-0.6530745,0.73254207,0.11022921
1764505206.0793526,-5.371519999999999,1.58704,0.88508,-0.6530745,0.73254207,0.11022921
1764505206.0793526,-5.371519999999999,1.58704,0.88508,-0.6530745,0.73254207,0.11022921
1764505206.0793526,-5.371519999999999,1.58704,0.88508,-0.6530745,0.73254207,0.11022921
1764505206.0793526,-5.371519999999999,1.58704,0.88508,-0.6530745,0.73254207,0.11022921
1764505206.0793526,-6.516019999999999,1.64808,0.06104,-0.65258622,0.733579665,0.10937472
1764505206.0793526,-6.516019999999999,1.64808,0.06104,-0.65258622,0.733579665,0.10937472
1764505206.0793526,-6.516019999999999,1.64808,0.06104,-0.65258622,0.733579665,0.10937472
1764505206.0793526,-6.516019999999999,1.64808,0.06104,-0.65258622,0.733579665,0.10937472
1764505206.12384,-6.516019999999999,1.64808,0.06104,-0.65258622,0.733579665,0.10937472
1764505206.124858,-6.516019999999999,1.64808,0.06104,-0.65258622,0.733579665,0.10937472
1764505206.124858,-6.516019999999999,1.64808,0.06104,-0.65258622,0.733579665,0.10937472
1764505206.124858,-6.516019999999999,1.64808,0.06104,-0.65258622,0.733579665,0.10937472
1764505206.124858,-6.516019999999999,1.64808,0.06104,-0.65258622,0.733579665,0.10937472
1764505206.125856,-6.516019999999999,1.64808,0.06104,-0.65258622,0.733579665,0.10937472
1764505206.125856,-7.46214,1.64808,-0.96138,-0.6522810450000001,0.733091385,0.109191615
1764505206.125856,-7.46214,1.64808,-0.96138,-0.6522810450000001,0.733091385,0.109191615
1764505206.125856,-7.46214,1.64808,-0.96138,-0.6522810450000001,0.733091385,0.109191615
1764505206.125856,-7.46214,1.64808,-0.96138,-0.6522810450000001,0.733091385,0.109191615
1764505206.125856,-7.46214,1.64808,-0.96138,-0.6522810450000001,0.733091385,0.109191615
1764505206.125856,-7.46214,1.64808,-0.96138,-0.6522810450000001,0.733091385,0.109191615
1764505206.125856,-7.46214,1.64808,-0.96138,-0.6522810450000001,0.733091385,0.109191615
1764505206.125856,-7.46214,1.64808,-0.96138,-0.6522810450000001,0.733091385,0.109191615
1764505206.125856,-7.46214,1.64808,-0.96138,-0.6522810450000001,0.733091385,0.109191615
1764505206.125856,-7.46214,1.64808,-0.96138,-0.6522810450000001,0.733091385,0.109191615
1764505206.125856,-7.73682,2.5179,-0.47306,-0.651792765,0.73156551,0.10949679
1764505206.125856,-7.73682,2.5179,-0.47306,-0.651792765,0.73156551,0.10949679
1764505206.127217,-7.73682,2.5179,-0.47306,-0.651792765,0.73156551,0.10949679
1764505206.127217,-7.73682,2.5179,-0.47306,-0.651792765,0.73156551,0.10949679
1764505206.127217,-7.73682,2.5179,-0.47306,-0.651792765,0.73156551,0.10949679
1764505206.127217,-7.73682,2.5179,-0.47306,-0.651792765,0.73156551,0.10949679
1764505206.127217,-7.73682,2.5179,-0.47306,-0.651792765,0.73156551,0.10949679
1764505206.127217,-7.73682,2.5179,-0.47306,-0.651792765,0.73156551,0.10949679
1764505206.1747985,-7.73682,2.5179,-0.47306,-0.651792765,0.73156551,0.10949679
1764505206.1747985,-7.73682,2.5179,-0.47306,-0.651792765,0.73156551,0.10949679
1764505206.1747985,-6.08874,2.3653,0.41202,-0.652647255,0.728452725,0.110290245
1764505206.1747985,-6.08874,2.3653,0.41202,-0.652647255,0.728452725,0.110290245
1764505206.1747985,-6.08874,2.3653,0.41202,-0.652647255,0.728452725,0.110290245
1764505206.1747985,-6.08874,2.3653,0.41202,-0.652647255,0.728452725,0.110290245
1764505206.1747985,-6.08874,2.3653,0.41202,-0.652647255,0.728452725,0.110290245
1764505206.1747985,-6.08874,2.3653,0.41202,-0.652647255,0.728452725,0.110290245
1764505206.1747985,-6.08874,2.3653,0.41202,-0.652647255,0.728452725,0.110290245
1764505206.1747985,-6.08874,2.3653,0.41202,-0.652647255,0.728452725,0.110290245
1764505206.1747985,-6.08874,2.3653,0.41202,-0.652647255,0.728452725,0.110290245
1764505206.1747985,-6.08874,2.3653,0.41202,-0.652647255,0.728452725,0.110290245
1764505206.1747985,-5.1884,1.73964,1.17502,-0.652891395,0.727598235,0.11022921
1764505206.1747985,-5.1884,1.73964,1.17502,-0.652891395,0.727598235,0.11022921
1764505206.1747985,-5.1884,1.73964,1.17502,-0.652891395,0.727598235,0.11022921
1764505206.1758013,-5.1884,1.73964,1.17502,-0.652891395,0.727598235,0.11022921
1764505206.1758013,-5.1884,1.73964,1.17502,-0.652891395,0.727598235,0.11022921
1764505206.1758013,-5.1884,1.73964,1.17502,-0.652891395,0.727598235,0.11022921
1764505206.1758013,-5.1884,1.73964,1.17502,-0.652891395,0.727598235,0.11022921
1764505206.1758013,-5.1884,1.73964,1.17502,-0.652891395,0.727598235,0.11022921
1764505206.1758013,-5.1884,1.73964,1.17502,-0.652891395,0.727598235,0.11022921
1764505206.1758013,-5.1884,1.73964,1.17502,-0.652891395,0.727598235,0.11022921
1764505206.1758013,-4.89846,1.19028,0.97664,-0.65344071,0.72851376,0.11047335
1764505206.1758013,-4.89846,1.19028,0.97664,-0.65344071,0.72851376,0.11047335
1764505206.2230442,-4.89846,1.19028,0.97664,-0.65344071,0.72851376,0.11047335
1764505206.2230442,-4.89846,1.19028,0.97664,-0.65344071,0.72851376,0.11047335
1764505206.2230442,-4.89846,1.19028,0.97664,-0.65344071,0.72851376,0.11047335
1764505206.2230442,-4.89846,1.19028,0.97664,-0.65344071,0.72851376,0.11047335
1764505206.2230442,-4.89846,1.19028,0.97664,-0.65344071,0.72851376,0.11047335
1764505206.2230442,-4.89846,1.19028,0.97664,-0.65344071,0.72851376,0.11047335
1764505206.2230442,-4.89846,1.19028,0.97664,-0.65344071,0.72851376,0.11047335
1764505206.2230442,-4.89846,1.19028,0.97664,-0.65344071,0.72851376,0.11047335
1764505206.2230442,-5.508859999999999,0.6103999999999999,0.6409199999999999,-0.65319657,0.7299786,0.11144991
1764505206.2230442,-5.508859999999999,0.6103999999999999,0.6409199999999999,-0.65319657,0.7299786,0.11144991
1764505206.2230442,-5.508859999999999,0.6103999999999999,0.6409199999999999,-0.65319657,0.7299786,0.11144991
1764505206.2230442,-5.508859999999999,0.6103999999999999,0.6409199999999999,-0.65319657,0.7299786,0.11144991
1764505206.2230442,-5.508859999999999,0.6103999999999999,0.6409199999999999,-0.65319657,0.7299786,0.11144991
1764505206.2230442,-5.508859999999999,0.6103999999999999,0.6409199999999999,-0.65319657,0.7299786,0.11144991
1764505206.2230442,-5.508859999999999,0.6103999999999999,0.6409199999999999,-0.65319657,0.7299786,0.11144991
1764505206.2230442,-5.508859999999999,0.6103999999999999,0.6409199999999999,-0.65319657,0.7299786,0.11144991
1764505206.2230442,-5.508859999999999,0.6103999999999999,0.6409199999999999,-0.65319657,0.7299786,0.11144991
1764505206.2230442,-5.508859999999999,0.6103999999999999,0.6409199999999999,-0.65319657,0.7299786,0.11144991
1764505206.2230442,-5.38678,1.46496,0.0,-0.65295243,0.72887997,0.112609575
1764505206.2230442,-5.38678,1.46496,0.0,-0.65295243,0.72887997,0.112609575
1764505206.2230442,-5.38678,1.46496,0.0,-0.65295243,0.72887997,0.112609575
1764505206.2230442,-5.38678,1.46496,0.0,-0.65295243,0.72887997,0.112609575
1764505206.268155,-5.38678,1.46496,0.0,-0.65295243,0.72887997,0.112609575
1764505206.268155,-5.38678,1.46496,0.0,-0.65295243,0.72887997,0.112609575
1764505206.268155,-5.38678,1.46496,0.0,-0.65295243,0.72887997,0.112609575
1764505206.268155,-5.38678,1.46496,0.0,-0.65295243,0.72887997,0.112609575
1764505206.268155,-5.38678,1.46496,0.0,-0.65295243,0.72887997,0.112609575
1764505206.268155,-5.38678,1.46496,0.0,-0.65295243,0.72887997,0.112609575
1764505206.268155,-4.51696,1.19028,-0.28994,-0.653379675,0.72692685,0.112975785
1764505206.268155,-4.51696,1.19028,-0.28994,-0.653379675,0.72692685,0.112975785
1764505206.268155,-4.51696,1.19028,-0.28994,-0.653379675,0.72692685,0.112975785
1764505206.268155,-4.51696,1.19028,-0.28994,-0.653379675,0.72692685,0.112975785
1764505206.268155,-4.51696,1.19028,-0.28994,-0.653379675,0.72692685,0.112975785
1764505206.268155,-4.51696,1.19028,-0.28994,-0.653379675,0.72692685,0.112975785
1764505206.268155,-4.51696,1.19028,-0.28994,-0.653379675,0.72692685,0.112975785
1764505206.268155,-4.51696,1.19028,-0.28994,-0.653379675,0.72692685,0.112975785
1764505206.268155,-4.51696,1.19028,-0.28994,-0.653379675,0.72692685,0.112975785
1764505206.268155,-4.51696,1.19028,-0.28994,-0.653379675,0.72692685,0.112975785
1764505206.268155,-3.72344,0.48832,-0.48832,-0.653990025,0.727109955,0.11328096
1764505206.268155,-3.72344,0.48832,-0.48832,-0.653990025,0.727109955,0.11328096
1764505206.268155,-3.72344,0.48832,-0.48832,-0.653990025,0.727109955,0.11328096
1764505206.268155,-3.72344,0.48832,-0.48832,-0.653990025,0.727109955,0.11328096
1764505206.268155,-3.72344,0.48832,-0.48832,-0.653990025,0.727109955,0.11328096
1764505206.268155,-3.72344,0.48832,-0.48832,-0.653990025,0.727109955,0.11328096
1764505206.268155,-3.72344,0.48832,-0.48832,-0.653990025,0.727109955,0.11328096
1764505206.268155,-3.72344,0.48832,-0.48832,-0.653990025,0.727109955,0.11328096
1764505206.3125975,-3.72344,0.48832,-0.48832,-0.653990025,0.727109955,0.11328096
1764505206.3125975,-3.72344,0.48832,-0.48832,-0.653990025,0.727109955,0.11328096
1764505206.3125975,-3.8913,1.0682,-0.54936,-0.653501745,0.72973446,0.111999225
1764505206.3125975,-3.8913,1.0682,-0.54936,-0.653501745,0.72973446,0.111999225
1764505206.3125975,-3.8913,1.0682,-0.54936,-0.653501745,0.72973446,0.111999225
1764505206.3125975,-3.8913,1.0682,-0.54936,-0.653501745,0.72973446,0.111999225
1764505206.3125975,-3.8913,1.0682,-0.54936,-0.653501745,0.72973446,0.111999225
1764505206.3125975,-3.8913,1.0682,-0.54936,-0.653501745,0.72973446,0.111999225
1764505206.3125975,-3.8913,1.0682,-0.54936,-0.653501745,0.72973446,0.111999225
1764505206.3125975,-3.8913,1.0682,-0.54936,-0.653501745,0.72973446,0.111999225
1764505206.3125975,-3.8913,1.0682,-0.54936,-0.653501745,0.72973446,0.111999225
1764505206.3125975,-3.8913,1.0682,-0.54936,-0.653501745,0.72973446,0.111999225
1764505206.3131225,-4.68482,1.05294,-0.09156,-0.65356278,0.732603105,0.11132784
1764505206.3131225,-4.68482,1.05294,-0.09156,-0.65356278,0.732603105,0.11132784
1764505206.3131225,-4.68482,1.05294,-0.09156,-0.65356278,0.732603105,0.11132784
1764505206.3131225,-4.68482,1.05294,-0.09156,-0.65356278,0.732603105,0.11132784
1764505206.3131225,-4.68482,1.05294,-0.09156,-0.65356278,0.732603105,0.11132784
1764505206.3131225,-4.68482,1.05294,-0.09156,-0.65356278,0.732603105,0.11132784
1764505206.3131225,-4.68482,1.05294,-0.09156,-0.65356278,0.732603105,0.11132784
1764505206.3131225,-4.68482,1.05294,-0.09156,-0.65356278,0.732603105,0.11132784
1764505206.3131225,-4.68482,1.05294,-0.09156,-0.65356278,0.732603105,0.11132784
1764505206.3131225,-4.68482,1.05294,-0.09156,-0.65356278,0.732603105,0.11132784
1764505206.3131225,-5.82932,0.3204599999999999,0.3051999999999999,-0.654478305,0.73449519,0.1110837
1764505206.3131225,-5.82932,0.3204599999999999,0.3051999999999999,-0.654478305,0.73449519,0.1110837
1764505206.3605125,-5.82932,0.3204599999999999,0.3051999999999999,-0.654478305,0.73449519,0.1110837
1764505206.3605125,-5.82932,0.3204599999999999,0.3051999999999999,-0.654478305,0.73449519,0.1110837
1764505206.3605125,-5.82932,0.3204599999999999,0.3051999999999999,-0.654478305,0.73449519,0.1110837
1764505206.3605125,-5.82932,0.3204599999999999,0.3051999999999999,-0.654478305,0.73449519,0.1110837
1764505206.3605125,-5.82932,0.3204599999999999,0.3051999999999999,-0.654478305,0.73449519,0.1110837
1764505206.3605125,-5.82932,0.3204599999999999,0.3051999999999999,-0.654478305,0.73449519,0.1110837
1764505206.3605125,-5.82932,0.3204599999999999,0.3051999999999999,-0.654478305,0.73449519,0.1110837
1764505206.3605125,-5.82932,0.3204599999999999,0.3051999999999999,-0.654478305,0.73449519,0.1110837
1764505206.3605125,-6.36342,0.6409199999999999,0.3509799999999999,-0.65392899,0.7351055400000001,0.110778525
1764505206.3605125,-6.36342,0.6409199999999999,0.3509799999999999,-0.65392899,0.7351055400000001,0.110778525
1764505206.3605125,-6.36342,0.6409199999999999,0.3509799999999999,-0.65392899,0.7351055400000001,0.110778525
1764505206.3605125,-6.36342,0.6409199999999999,0.3509799999999999,-0.65392899,0.7351055400000001,0.110778525
1764505206.3605125,-6.36342,0.6409199999999999,0.3509799999999999,-0.65392899,0.7351055400000001,0.110778525
1764505206.3605125,-6.36342,0.6409199999999999,0.3509799999999999,-0.65392899,0.7351055400000001,0.110778525
1764505206.3605125,-6.36342,0.6409199999999999,0.3509799999999999,-0.65392899,0.7351055400000001,0.110778525
1764505206.3605125,-6.36342,0.6409199999999999,0.3509799999999999,-0.65392899,0.7351055400000001,0.110778525
1764505206.3605125,-6.36342,0.6409199999999999,0.3509799999999999,-0.65392899,0.7351055400000001,0.110778525
1764505206.3605125,-6.36342,0.6409199999999999,0.3509799999999999,-0.65392899,0.7351055400000001,0.110778525
1764505206.3605125,-5.35626,1.08346,0.3051999999999999,-0.653379675,0.733335525,0.111144735
1764505206.3605125,-5.35626,1.08346,0.3051999999999999,-0.653379675,0.733335525,0.111144735
1764505206.3605125,-5.35626,1.08346,0.3051999999999999,-0.653379675,0.733335525,0.111144735
1764505206.3605125,-5.35626,1.08346,0.3051999999999999,-0.653379675,0.733335525,0.111144735
1764505206.3605125,-5.35626,1.08346,0.3051999999999999,-0.653379675,0.733335525,0.111144735
1764505206.3605125,-5.35626,1.08346,0.3051999999999999,-0.653379675,0.733335525,0.111144735
1764505206.4099092,-5.35626,1.08346,0.3051999999999999,-0.653379675,0.733335525,0.111144735
1764505206.4099092,-5.35626,1.08346,0.3051999999999999,-0.653379675,0.733335525,0.111144735
1764505206.4099092,-5.35626,1.08346,0.3051999999999999,-0.653379675,0.733335525,0.111144735
1764505206.410906,-5.35626,1.08346,0.3051999999999999,-0.653379675,0.733335525,0.111144735
1764505206.410906,-5.35626,1.72438,-0.18312,-0.65222001,0.73242,0.11120577
1764505206.410906,-5.35626,1.72438,-0.18312,-0.65222001,0.73242,0.11120577
1764505206.410906,-5.35626,1.72438,-0.18312,-0.65222001,0.73242,0.11120577
1764505206.410906,-5.35626,1.72438,-0.18312,-0.65222001,0.73242,0.11120577
1764505206.410906,-5.35626,1.72438,-0.18312,-0.65222001,0.73242,0.11120577
1764505206.410906,-5.35626,1.72438,-0.18312,-0.65222001,0.73242,0.11120577
1764505206.410906,-5.35626,1.72438,-0.18312,-0.65222001,0.73242,0.11120577
1764505206.410906,-5.35626,1.72438,-0.18312,-0.65222001,0.73242,0.11120577
1764505206.410906,-5.35626,1.72438,-0.18312,-0.65222001,0.73242,0.11120577
1764505206.410906,-5.35626,1.72438,-0.18312,-0.65222001,0.73242,0.11120577
1764505206.410906,-5.20366,2.16692,-0.01526,-0.65295243,0.730039635,0.111144735
1764505206.410906,-5.20366,2.16692,-0.01526,-0.65295243,0.730039635,0.111144735
1764505206.410906,-5.20366,2.16692,-0.01526,-0.65295243,0.730039635,0.111144735
1764505206.410906,-5.20366,2.16692,-0.01526,-0.65295243,0.730039635,0.111144735
1764505206.410906,-5.20366,2.16692,-0.01526,-0.65295243,0.730039635,0.111144735
1764505206.410906,-5.20366,2.16692,-0.01526,-0.65295243,0.730039635,0.111144735
1764505206.410906,-5.20366,2.16692,-0.01526,-0.65295243,0.730039635,0.111144735
1764505206.410906,-5.20366,2.16692,-0.01526,-0.65295243,0.730039635,0.111144735
1764505206.4551563,-5.20366,2.16692,-0.01526,-0.65295243,0.730039635,0.111144735
1764505206.4551563,-5.20366,2.16692,-0.01526,-0.65295243,0.730039635,0.111144735
1764505206.4551563,-5.1121,0.85456,0.19838,-0.654722445,0.72961239,0.11157198
1764505206.4551563,-5.1121,0.85456,0.19838,-0.654722445,0.72961239,0.11157198
1764505206.4551563,-5.1121,0.85456,0.19838,-0.654722445,0.72961239,0.11157198
1764505206.4551563,-5.1121,0.85456,0.19838,-0.654722445,0.72961239,0.11157198
1764505206.4551563,-5.1121,0.85456,0.19838,-0.654722445,0.72961239,0.11157198
1764505206.456159,-5.1121,0.85456,0.19838,-0.654722445,0.72961239,0.11157198
1764505206.456159,-5.1121,0.85456,0.19838,-0.654722445,0.72961239,0.11157198
1764505206.456159,-5.1121,0.85456,0.19838,-0.654722445,0.72961239,0.11157198
1764505206.456159,-5.1121,0.85456,0.19838,-0.654722445,0.72961239,0.11157198
1764505206.456159,-5.1121,0.85456,0.19838,-0.654722445,0.72961239,0.11157198
1764505206.456159,-5.78354,0.9156,0.4578,-0.653501745,0.73071102,0.112609575
1764505206.457266,-5.78354,0.9156,0.4578,-0.653501745,0.73071102,0.112609575
1764505206.457266,-5.78354,0.9156,0.4578,-0.653501745,0.73071102,0.112609575
1764505206.457266,-5.78354,0.9156,0.4578,-0.653501745,0.73071102,0.112609575
1764505206.457266,-5.78354,0.9156,0.4578,-0.653501745,0.73071102,0.112609575
1764505206.458274,-5.78354,0.9156,0.4578,-0.653501745,0.73071102,0.112609575
1764505206.4586036,-5.78354,0.9156,0.4578,-0.653501745,0.73071102,0.112609575
1764505206.4586036,-5.78354,0.9156,0.4578,-0.653501745,0.73071102,0.112609575
1764505206.4586036,-5.78354,0.9156,0.4578,-0.653501745,0.73071102,0.112609575
1764505206.4586036,-5.78354,0.9156,0.4578,-0.653501745,0.73071102,0.112609575
1764505206.459268,-5.93614,2.2127,-0.12208,-0.65160966,0.72973446,0.112487505
1764505206.459268,-5.93614,2.2127,-0.12208,-0.65160966,0.72973446,0.112487505
1764505206.4989038,-5.93614,2.2127,-0.12208,-0.65160966,0.72973446,0.112487505
1764505206.4989038,-5.93614,2.2127,-0.12208,-0.65160966,0.72973446,0.112487505
1764505206.4989038,-5.93614,2.2127,-0.12208,-0.65160966,0.72973446,0.112487505
1764505206.4989038,-5.93614,2.2127,-0.12208,-0.65160966,0.72973446,0.112487505
1764505206.5005531,-5.93614,2.2127,-0.12208,-0.65160966,0.72973446,0.112487505
1764505206.5005531,-5.93614,2.2127,-0.12208,-0.65160966,0.72973446,0.112487505
1764505206.5005531,-5.93614,2.2127,-0.12208,-0.65160966,0.72973446,0.112487505
1764505206.5005531,-5.93614,2.2127,-0.12208,-0.65160966,0.72973446,0.112487505
1764505206.5005531,-6.98908,3.02148,0.6103999999999999,-0.652158975,0.729063075,0.111510945
1764505206.5005531,-6.98908,3.02148,0.6103999999999999,-0.652158975,0.729063075,0.111510945
1764505206.5005531,-6.98908,3.02148,0.6103999999999999,-0.652158975,0.729063075,0.111510945
1764505206.5005531,-6.98908,3.02148,0.6103999999999999,-0.652158975,0.729063075,0.111510945
1764505206.5005531,-6.98908,3.02148,0.6103999999999999,-0.652158975,0.729063075,0.111510945
1764505206.5005531,-6.98908,3.02148,0.6103999999999999,-0.652158975,0.729063075,0.111510945
1764505206.5005531,-6.98908,3.02148,0.6103999999999999,-0.652158975,0.729063075,0.111510945
1764505206.5005531,-6.98908,3.02148,0.6103999999999999,-0.652158975,0.729063075,0.111510945
1764505206.5005531,-6.98908,3.02148,0.6103999999999999,-0.652158975,0.729063075,0.111510945
1764505206.5015724,-6.98908,3.02148,0.6103999999999999,-0.652158975,0.729063075,0.111510945
1764505206.5035694,-6.165039999999999,1.72438,1.61756,-0.6559431450000001,0.7299786,0.111266805
1764505206.5035694,-6.165039999999999,1.72438,1.61756,-0.6559431450000001,0.7299786,0.111266805
1764505206.5035694,-6.165039999999999,1.72438,1.61756,-0.6559431450000001,0.7299786,0.111266805
1764505206.5035694,-6.165039999999999,1.72438,1.61756,-0.6559431450000001,0.7299786,0.111266805
1764505206.5035694,-6.165039999999999,1.72438,1.61756,-0.6559431450000001,0.7299786,0.111266805
1764505206.5035694,-6.165039999999999,1.72438,1.61756,-0.6559431450000001,0.7299786,0.111266805
1764505206.5481348,-6.165039999999999,1.72438,1.61756,-0.6559431450000001,0.7299786,0.111266805
1764505206.5481348,-6.165039999999999,1.72438,1.61756,-0.6559431450000001,0.7299786,0.111266805
1764505206.5481348,-6.165039999999999,1.72438,1.61756,-0.6559431450000001,0.7299786,0.111266805
1764505206.5481348,-6.165039999999999,1.72438,1.61756,-0.6559431450000001,0.7299786,0.111266805
1764505206.5481348,-5.70724,0.10682,0.19838,-0.656431425,0.730405845,0.113464065
1764505206.5481348,-5.70724,0.10682,0.19838,-0.656431425,0.730405845,0.113464065
1764505206.5481348,-5.70724,0.10682,0.19838,-0.656431425,0.730405845,0.113464065
1764505206.5481348,-5.70724,0.10682,0.19838,-0.656431425,0.730405845,0.113464065
1764505206.5481348,-5.70724,0.10682,0.19838,-0.656431425,0.730405845,0.113464065
1764505206.5481348,-5.70724,0.10682,0.19838,-0.656431425,0.730405845,0.113464065
1764505206.5481348,-5.70724,0.10682,0.19838,-0.656431425,0.730405845,0.113464065
1764505206.5481348,-5.70724,0.10682,0.19838,-0.656431425,0.730405845,0.113464065
1764505206.5481348,-5.70724,0.10682,0.19838,-0.656431425,0.730405845,0.113464065
1764505206.5481348,-5.70724,0.10682,0.19838,-0.656431425,0.730405845,0.113464065
1764505206.5481348,-5.35626,1.6786,-0.51884,-0.655699005,0.72924618,0.11498994
1764505206.5481348,-5.35626,1.6786,-0.51884,-0.655699005,0.72924618,0.11498994
1764505206.5481348,-5.35626,1.6786,-0.51884,-0.655699005,0.72924618,0.11498994
1764505206.5481348,-5.35626,1.6786,-0.51884,-0.655699005,0.72924618,0.11498994
1764505206.5481348,-5.35626,1.6786,-0.51884,-0.655699005,0.72924618,0.11498994
1764505206.5481348,-5.35626,1.6786,-0.51884,-0.655699005,0.72924618,0.11498994
1764505206.549645,-5.35626,1.6786,-0.51884,-0.655699005,0.72924618,0.11498994
1764505206.549645,-5.35626,1.6786,-0.51884,-0.655699005,0.72924618,0.11498994
1764505206.5949306,-5.35626,1.6786,-0.51884,-0.655699005,0.72924618,0.11498994
1764505206.5949306,-5.35626,1.6786,-0.51884,-0.655699005,0.72924618,0.11498994
1764505206.5949306,-5.478339999999999,1.26658,-0.50358,-0.6559431450000001,0.72790341,0.11608857
1764505206.5949306,-5.478339999999999,1.26658,-0.50358,-0.6559431450000001,0.72790341,0.11608857
1764505206.5949306,-5.478339999999999,1.26658,-0.50358,-0.6559431450000001,0.72790341,0.11608857
1764505206.5949306,-5.478339999999999,1.26658,-0.50358,-0.6559431450000001,0.72790341,0.11608857
1764505206.5949306,-5.478339999999999,1.26658,-0.50358,-0.6559431450000001,0.72790341,0.11608857
1764505206.5949306,-5.478339999999999,1.26658,-0.50358,-0.6559431450000001,0.72790341,0.11608857
1764505206.5949306,-5.478339999999999,1.26658,-0.50358,-0.6559431450000001,0.72790341,0.11608857
1764505206.5949306,-5.478339999999999,1.26658,-0.50358,-0.6559431450000001,0.72790341,0.11608857
1764505206.5949306,-5.478339999999999,1.26658,-0.50358,-0.6559431450000001,0.72790341,0.11608857
1764505206.5949306,-5.478339999999999,1.26658,-0.50358,-0.6559431450000001,0.72790341,0.11608857
1764505206.5949306,-4.83742,-0.3509799999999999,0.42728,-0.65637039,0.728574795,0.116271675
1764505206.5949306,-4.83742,-0.3509799999999999,0.42728,-0.65637039,0.728574795,0.116271675
1764505206.5949306,-4.83742,-0.3509799999999999,0.42728,-0.65637039,0.728574795,0.116271675
1764505206.5949306,-4.83742,-0.3509799999999999,0.42728,-0.65637039,0.728574795,0.116271675
1764505206.5949306,-4.83742,-0.3509799999999999,0.42728,-0.65637039,0.728574795,0.116271675
1764505206.5949306,-4.83742,-0.3509799999999999,0.42728,-0.65637039,0.728574795,0.116271675
1764505206.5949306,-4.83742,-0.3509799999999999,0.42728,-0.65637039,0.728574795,0.116271675
1764505206.5949306,-4.83742,-0.3509799999999999,0.42728,-0.65637039,0.728574795,0.116271675
1764505206.5949306,-4.83742,-0.3509799999999999,0.42728,-0.65637039,0.728574795,0.116271675
1764505206.5949306,-4.83742,-0.3509799999999999,0.42728,-0.65637039,0.728574795,0.116271675
1764505206.5949306,-3.815,-1.73964,1.526,-0.65600418,0.730405845,0.118102725
1764505206.5949306,-3.815,-1.73964,1.526,-0.65600418,0.730405845,0.118102725
1764505206.6400456,-3.815,-1.73964,1.526,-0.65600418,0.730405845,0.118102725
1764505206.6400456,-3.815,-1.73964,1.526,-0.65600418,0.730405845,0.118102725
1764505206.6400456,-3.815,-1.73964,1.526,-0.65600418,0.730405845,0.118102725
1764505206.6400456,-3.815,-1.73964,1.526,-0.65600418,0.730405845,0.118102725
1764505206.6400456,-3.815,-1.73964,1.526,-0.65600418,0.730405845,0.118102725
1764505206.6406622,-3.815,-1.73964,1.526,-0.65600418,0.730405845,0.118102725
1764505206.6406622,-3.815,-1.73964,1.526,-0.65600418,0.730405845,0.118102725
1764505206.6406622,-3.815,-1.73964,1.526,-0.65600418,0.730405845,0.118102725
1764505206.6406622,-4.01338,-1.31236,2.0601,-0.65624832,0.731992755,0.11889618
1764505206.6406622,-4.01338,-1.31236,2.0601,-0.65624832,0.731992755,0.11889618
1764505206.6406622,-4.01338,-1.31236,2.0601,-0.65624832,0.731992755,0.11889618
1764505206.6406622,-4.01338,-1.31236,2.0601,-0.65624832,0.731992755,0.11889618
1764505206.6406622,-4.01338,-1.31236,2.0601,-0.65624832,0.731992755,0.11889618
1764505206.6406622,-4.01338,-1.31236,2.0601,-0.65624832,0.731992755,0.11889618
1764505206.6406622,-4.01338,-1.31236,2.0601,-0.65624832,0.731992755,0.11889618
1764505206.641669,-4.01338,-1.31236,2.0601,-0.65624832,0.731992755,0.11889618
1764505206.641669,-4.01338,-1.31236,2.0601,-0.65624832,0.731992755,0.11889618
1764505206.641669,-4.01338,-1.31236,2.0601,-0.65624832,0.731992755,0.11889618
1764505206.641669,-6.271859999999999,-1.48022,0.3051999999999999,-0.65771316,0.731626545,0.11901825
1764505206.641669,-6.271859999999999,-1.48022,0.3051999999999999,-0.65771316,0.731626545,0.11901825
1764505206.641669,-6.271859999999999,-1.48022,0.3051999999999999,-0.65771316,0.731626545,0.11901825
1764505206.641669,-6.271859999999999,-1.48022,0.3051999999999999,-0.65771316,0.731626545,0.11901825
1764505206.6864629,-6.271859999999999,-1.48022,0.3051999999999999,-0.65771316,0.731626545,0.11901825
1764505206.6864629,-6.271859999999999,-1.48022,0.3051999999999999,-0.65771316,0.731626545,0.11901825
1764505206.6864629,-6.271859999999999,-1.48022,0.3051999999999999,-0.65771316,0.731626545,0.11901825
1764505206.6864629,-6.271859999999999,-1.48022,0.3051999999999999,-0.65771316,0.731626545,0.11901825
1764505206.6864629,-6.271859999999999,-1.48022,0.3051999999999999,-0.65771316,0.731626545,0.11901825
1764505206.6864629,-6.271859999999999,-1.48022,0.3051999999999999,-0.65771316,0.731626545,0.11901825
1764505206.6864629,-8.042019999999999,-1.92276,-0.85456,-0.657652125,0.73229793,0.116759955
1764505206.6864629,-8.042019999999999,-1.92276,-0.85456,-0.657652125,0.73229793,0.116759955
1764505206.6864629,-8.042019999999999,-1.92276,-0.85456,-0.657652125,0.73229793,0.116759955
1764505206.6864629,-8.042019999999999,-1.92276,-0.85456,-0.657652125,0.73229793,0.116759955
1764505206.6864629,-8.042019999999999,-1.92276,-0.85456,-0.657652125,0.73229793,0.116759955
1764505206.6864629,-8.042019999999999,-1.92276,-0.85456,-0.657652125,0.73229793,0.116759955
1764505206.6864629,-8.042019999999999,-1.92276,-0.85456,-0.657652125,0.73229793,0.116759955
1764505206.6864629,-8.042019999999999,-1.92276,-0.85456,-0.657652125,0.73229793,0.116759955
1764505206.6864629,-8.042019999999999,-1.92276,-0.85456,-0.657652125,0.73229793,0.116759955
1764505206.6864629,-8.042019999999999,-1.92276,-0.85456,-0.657652125,0.73229793,0.116759955
1764505206.6864629,-7.49266,-2.16692,-0.8087799999999999,-0.65514969,0.731870685,0.115539255
1764505206.687482,-7.49266,-2.16692,-0.8087799999999999,-0.65514969,0.731870685,0.115539255
1764505206.687482,-7.49266,-2.16692,-0.8087799999999999,-0.65514969,0.731870685,0.115539255
1764505206.687482,-7.49266,-2.16692,-0.8087799999999999,-0.65514969,0.731870685,0.115539255
1764505206.687482,-7.49266,-2.16692,-0.8087799999999999,-0.65514969,0.731870685,0.115539255
1764505206.687482,-7.49266,-2.16692,-0.8087799999999999,-0.65514969,0.731870685,0.115539255
1764505206.6902566,-7.49266,-2.16692,-0.8087799999999999,-0.65514969,0.731870685,0.115539255
1764505206.6902566,-7.49266,-2.16692,-0.8087799999999999,-0.65514969,0.731870685,0.115539255
1764505206.7313983,-7.49266,-2.16692,-0.8087799999999999,-0.65514969,0.731870685,0.115539255
1764505206.7313983,-7.49266,-2.16692,-0.8087799999999999,-0.65514969,0.731870685,0.115539255
1764505206.7313983,-6.22608,-0.9919,-0.54936,-0.65246415,0.73058895,0.11523408
1764505206.7313983,-6.22608,-0.9919,-0.54936,-0.65246415,0.73058895,0.11523408
1764505206.7313983,-6.22608,-0.9919,-0.54936,-0.65246415,0.73058895,0.11523408
1764505206.7313983,-6.22608,-0.9919,-0.54936,-0.65246415,0.73058895,0.11523408
1764505206.7313983,-6.22608,-0.9919,-0.54936,-0.65246415,0.73058895,0.11523408
1764505206.7313983,-6.22608,-0.9919,-0.54936,-0.65246415,0.73058895,0.11523408
1764505206.7313983,-6.22608,-0.9919,-0.54936,-0.65246415,0.73058895,0.11523408
1764505206.7313983,-6.22608,-0.9919,-0.54936,-0.65246415,0.73058895,0.11523408
1764505206.732949,-6.22608,-0.9919,-0.54936,-0.65246415,0.73058895,0.11523408
1764505206.732949,-6.22608,-0.9919,-0.54936,-0.65246415,0.73058895,0.11523408
1764505206.732949,-5.0358,0.25942,0.28994,-0.65038896,0.728574795,0.11450166
1764505206.732949,-5.0358,0.25942,0.28994,-0.65038896,0.728574795,0.11450166
1764505206.732949,-5.0358,0.25942,0.28994,-0.65038896,0.728574795,0.11450166
1764505206.732949,-5.0358,0.25942,0.28994,-0.65038896,0.728574795,0.11450166
1764505206.732949,-5.0358,0.25942,0.28994,-0.65038896,0.728574795,0.11450166
1764505206.732949,-5.0358,0.25942,0.28994,-0.65038896,0.728574795,0.11450166
1764505206.732949,-5.0358,0.25942,0.28994,-0.65038896,0.728574795,0.11450166
1764505206.732949,-5.0358,0.25942,0.28994,-0.65038896,0.728574795,0.11450166
1764505206.732949,-5.0358,0.25942,0.28994,-0.65038896,0.728574795,0.11450166
1764505206.732949,-5.0358,0.25942,0.28994,-0.65038896,0.728574795,0.11450166
1764505206.7819238,-4.76112,1.1445,1.31236,-0.65026689,0.72863583,0.113830275
1764505206.7819238,-4.76112,1.1445,1.31236,-0.65026689,0.72863583,0.113830275
1764505206.7819238,-4.76112,1.1445,1.31236,-0.65026689,0.72863583,0.113830275
1764505206.7819238,-4.76112,1.1445,1.31236,-0.65026689,0.72863583,0.113830275
1764505206.7819238,-4.76112,1.1445,1.31236,-0.65026689,0.72863583,0.113830275
1764505206.7819238,-4.76112,1.1445,1.31236,-0.65026689,0.72863583,0.113830275
1764505206.7819238,-4.76112,1.1445,1.31236,-0.65026689,0.72863583,0.113830275
1764505206.7819238,-4.76112,1.1445,1.31236,-0.65026689,0.72863583,0.113830275
1764505206.7819238,-4.76112,1.1445,1.31236,-0.65026689,0.72863583,0.113830275
1764505206.7819238,-4.76112,1.1445,1.31236,-0.65026689,0.72863583,0.113830275
1764505206.7819238,-4.99002,0.73248,0.8698199999999999,-0.651670695,0.728696865,0.11364717
1764505206.7819238,-4.99002,0.73248,0.8698199999999999,-0.651670695,0.728696865,0.11364717
1764505206.7819238,-4.99002,0.73248,0.8698199999999999,-0.651670695,0.728696865,0.11364717
1764505206.7819238,-4.99002,0.73248,0.8698199999999999,-0.651670695,0.728696865,0.11364717
1764505206.7819238,-4.99002,0.73248,0.8698199999999999,-0.651670695,0.728696865,0.11364717
1764505206.7819238,-4.99002,0.73248,0.8698199999999999,-0.651670695,0.728696865,0.11364717
1764505206.7819238,-4.99002,0.73248,0.8698199999999999,-0.651670695,0.728696865,0.11364717
1764505206.7819238,-4.99002,0.73248,0.8698199999999999,-0.651670695,0.728696865,0.11364717
1764505206.7819238,-4.99002,0.73248,0.8698199999999999,-0.651670695,0.728696865,0.11364717
1764505206.78294,-4.99002,0.73248,0.8698199999999999,-0.651670695,0.728696865,0.11364717
1764505206.78294,-5.2647,0.6409199999999999,0.51884,-0.6517317300000001,0.728208585,0.11523408
1764505206.78294,-5.2647,0.6409199999999999,0.51884,-0.6517317300000001,0.728208585,0.11523408
1764505206.78294,-5.2647,0.6409199999999999,0.51884,-0.6517317300000001,0.728208585,0.11523408
1764505206.78294,-5.2647,0.6409199999999999,0.51884,-0.6517317300000001,0.728208585,0.11523408
1764505206.825914,-5.2647,0.6409199999999999,0.51884,-0.6517317300000001,0.728208585,0.11523408
1764505206.825914,-5.2647,0.6409199999999999,0.51884,-0.6517317300000001,0.728208585,0.11523408
1764505206.825914,-5.2647,0.6409199999999999,0.51884,-0.6517317300000001,0.728208585,0.11523408
1764505206.8264694,-5.2647,0.6409199999999999,0.51884,-0.6517317300000001,0.728208585,0.11523408
1764505206.8264694,-5.2647,0.6409199999999999,0.51884,-0.6517317300000001,0.728208585,0.11523408
1764505206.8264694,-5.2647,0.6409199999999999,0.51884,-0.6517317300000001,0.728208585,0.11523408
1764505206.8264694,-3.34194,-0.6409199999999999,0.21364,-0.65319657,0.726133395,0.1184079
1764505206.8264694,-3.34194,-0.6409199999999999,0.21364,-0.65319657,0.726133395,0.1184079
1764505206.8264694,-3.34194,-0.6409199999999999,0.21364,-0.65319657,0.726133395,0.1184079
1764505206.8264694,-3.34194,-0.6409199999999999,0.21364,-0.65319657,0.726133395,0.1184079
1764505206.8264694,-3.34194,-0.6409199999999999,0.21364,-0.65319657,0.726133395,0.1184079
1764505206.8264694,-3.34194,-0.6409199999999999,0.21364,-0.65319657,0.726133395,0.1184079
1764505206.8264694,-3.34194,-0.6409199999999999,0.21364,-0.65319657,0.726133395,0.1184079
1764505206.8264694,-3.34194,-0.6409199999999999,0.21364,-0.65319657,0.726133395,0.1184079
1764505206.8264694,-3.34194,-0.6409199999999999,0.21364,-0.65319657,0.726133395,0.1184079
1764505206.8264694,-3.34194,-0.6409199999999999,0.21364,-0.65319657,0.726133395,0.1184079
1764505206.8264694,-1.61756,-2.12114,0.5341,-0.6549055500000001,0.726377535,0.120299985
1764505206.8264694,-1.61756,-2.12114,0.5341,-0.6549055500000001,0.726377535,0.120299985
1764505206.8264694,-1.61756,-2.12114,0.5341,-0.6549055500000001,0.726377535,0.120299985
1764505206.8264694,-1.61756,-2.12114,0.5341,-0.6549055500000001,0.726377535,0.120299985
1764505206.8264694,-1.61756,-2.12114,0.5341,-0.6549055500000001,0.726377535,0.120299985
1764505206.8264694,-1.61756,-2.12114,0.5341,-0.6549055500000001,0.726377535,0.120299985
1764505206.8264694,-1.61756,-2.12114,0.5341,-0.6549055500000001,0.726377535,0.120299985
1764505206.8264694,-1.61756,-2.12114,0.5341,-0.6549055500000001,0.726377535,0.120299985
1764505206.8749497,-1.61756,-2.12114,0.5341,-0.6549055500000001,0.726377535,0.120299985
1764505206.8749497,-1.61756,-2.12114,0.5341,-0.6549055500000001,0.726377535,0.120299985
1764505206.8749497,-1.54126,-2.5942,1.0682,-0.65600418,0.728452725,0.122008965
1764505206.8749497,-1.54126,-2.5942,1.0682,-0.65600418,0.728452725,0.122008965
1764505206.8749497,-1.54126,-2.5942,1.0682,-0.65600418,0.728452725,0.122008965
1764505206.8749497,-1.54126,-2.5942,1.0682,-0.65600418,0.728452725,0.122008965
1764505206.8749497,-1.54126,-2.5942,1.0682,-0.65600418,0.728452725,0.122008965
1764505206.8749497,-1.54126,-2.5942,1.0682,-0.65600418,0.728452725,0.122008965
1764505206.8749497,-1.54126,-2.5942,1.0682,-0.65600418,0.728452725,0.122008965
1764505206.8759668,-1.54126,-2.5942,1.0682,-0.65600418,0.728452725,0.122008965
1764505206.8759668,-1.54126,-2.5942,1.0682,-0.65600418,0.728452725,0.122008965
1764505206.8759668,-1.54126,-2.5942,1.0682,-0.65600418,0.728452725,0.122008965
1764505206.8771424,-3.86078,-2.65524,0.59514,-0.65514969,0.73022274,0.121032405
1764505206.8771424,-3.86078,-2.65524,0.59514,-0.65514969,0.73022274,0.121032405
1764505206.8771424,-3.86078,-2.65524,0.59514,-0.65514969,0.73022274,0.121032405
1764505206.8771424,-3.86078,-2.65524,0.59514,-0.65514969,0.73022274,0.121032405
1764505206.8771424,-3.86078,-2.65524,0.59514,-0.65514969,0.73022274,0.121032405
1764505206.8781643,-3.86078,-2.65524,0.59514,-0.65514969,0.73022274,0.121032405
1764505206.8781643,-3.86078,-2.65524,0.59514,-0.65514969,0.73022274,0.121032405
1764505206.8781643,-3.86078,-2.65524,0.59514,-0.65514969,0.73022274,0.121032405
1764505206.8781643,-3.86078,-2.65524,0.59514,-0.65514969,0.73022274,0.121032405
1764505206.8791611,-3.86078,-2.65524,0.59514,-0.65514969,0.73022274,0.121032405
1764505206.9184291,-5.24944,-1.70912,0.13734,-0.6538679550000001,0.733579665,0.11975067
1764505206.9184291,-5.24944,-1.70912,0.13734,-0.6538679550000001,0.733579665,0.11975067
1764505206.9189396,-5.24944,-1.70912,0.13734,-0.6538679550000001,0.733579665,0.11975067
1764505206.9189396,-5.24944,-1.70912,0.13734,-0.6538679550000001,0.733579665,0.11975067
1764505206.9189396,-5.24944,-1.70912,0.13734,-0.6538679550000001,0.733579665,0.11975067
1764505206.9189396,-5.24944,-1.70912,0.13734,-0.6538679550000001,0.733579665,0.11975067
1764505206.9189396,-5.24944,-1.70912,0.13734,-0.6538679550000001,0.733579665,0.11975067
1764505206.9189396,-5.24944,-1.70912,0.13734,-0.6538679550000001,0.733579665,0.11975067
1764505206.9189396,-5.24944,-1.70912,0.13734,-0.6538679550000001,0.733579665,0.11975067
1764505206.9189396,-5.24944,-1.70912,0.13734,-0.6538679550000001,0.733579665,0.11975067
1764505206.9189396,-5.615679999999999,-0.6103999999999999,0.01526,-0.651792765,0.735044505,0.117736515
1764505206.9189396,-5.615679999999999,-0.6103999999999999,0.01526,-0.651792765,0.735044505,0.117736515
1764505206.9189396,-5.615679999999999,-0.6103999999999999,0.01526,-0.651792765,0.735044505,0.117736515
1764505206.9189396,-5.615679999999999,-0.6103999999999999,0.01526,-0.651792765,0.735044505,0.117736515
1764505206.9189396,-5.615679999999999,-0.6103999999999999,0.01526,-0.651792765,0.735044505,0.117736515
1764505206.9189396,-5.615679999999999,-0.6103999999999999,0.01526,-0.651792765,0.735044505,0.117736515
1764505206.9189396,-5.615679999999999,-0.6103999999999999,0.01526,-0.651792765,0.735044505,0.117736515
1764505206.9189396,-5.615679999999999,-0.6103999999999999,0.01526,-0.651792765,0.735044505,0.117736515
1764505206.9189396,-5.615679999999999,-0.6103999999999999,0.01526,-0.651792765,0.735044505,0.117736515
1764505206.9189396,-5.615679999999999,-0.6103999999999999,0.01526,-0.651792765,0.735044505,0.117736515
1764505206.9189396,-6.653359999999999,0.54936,-0.41202,-0.65087724,0.733945875,0.11608857
1764505206.9189396,-6.653359999999999,0.54936,-0.41202,-0.65087724,0.733945875,0.11608857
1764505206.9189396,-6.653359999999999,0.54936,-0.41202,-0.65087724,0.733945875,0.11608857
1764505206.9189396,-6.653359999999999,0.54936,-0.41202,-0.65087724,0.733945875,0.11608857
1764505206.9666944,-6.653359999999999,0.54936,-0.41202,-0.65087724,0.733945875,0.11608857
1764505206.9666944,-6.653359999999999,0.54936,-0.41202,-0.65087724,0.733945875,0.11608857
1764505206.9666944,-6.653359999999999,0.54936,-0.41202,-0.65087724,0.733945875,0.11608857
1764505206.9666944,-6.653359999999999,0.54936,-0.41202,-0.65087724,0.733945875,0.11608857
1764505206.9666944,-6.653359999999999,0.54936,-0.41202,-0.65087724,0.733945875,0.11608857
1764505206.9666944,-6.653359999999999,0.54936,-0.41202,-0.65087724,0.733945875,0.11608857
1764505206.9666944,-6.22608,0.79352,-0.44254,-0.6506941350000001,0.731382405,0.11560029
1764505206.9666944,-6.22608,0.79352,-0.44254,-0.6506941350000001,0.731382405,0.11560029
1764505206.9666944,-6.22608,0.79352,-0.44254,-0.6506941350000001,0.731382405,0.11560029
1764505206.9666944,-6.22608,0.79352,-0.44254,-0.6506941350000001,0.731382405,0.11560029
1764505206.9666944,-6.22608,0.79352,-0.44254,-0.6506941350000001,0.731382405,0.11560029
1764505206.9666944,-6.22608,0.79352,-0.44254,-0.6506941350000001,0.731382405,0.11560029
1764505206.9666944,-6.22608,0.79352,-0.44254,-0.6506941350000001,0.731382405,0.11560029
1764505206.9666944,-6.22608,0.79352,-0.44254,-0.6506941350000001,0.731382405,0.11560029
1764505206.9666944,-6.22608,0.79352,-0.44254,-0.6506941350000001,0.731382405,0.11560029
1764505206.9666944,-6.22608,0.79352,-0.44254,-0.6506941350000001,0.731382405,0.11560029
1764505206.9666944,-5.5699,1.51074,1.25132,-0.65014482,0.72949032,0.116882025
1764505206.9666944,-5.5699,1.51074,1.25132,-0.65014482,0.72949032,0.116882025
1764505206.9682546,-5.5699,1.51074,1.25132,-0.65014482,0.72949032,0.116882025
1764505206.9682546,-5.5699,1.51074,1.25132,-0.65014482,0.72949032,0.116882025
1764505206.9682546,-5.5699,1.51074,1.25132,-0.65014482,0.72949032,0.116882025
1764505206.9682546,-5.5699,1.51074,1.25132,-0.65014482,0.72949032,0.116882025
1764505206.9682546,-5.5699,1.51074,1.25132,-0.65014482,0.72949032,0.116882025
1764505206.9682546,-5.5699,1.51074,1.25132,-0.65014482,0.72949032,0.116882025
1764505207.0168903,-5.5699,1.51074,1.25132,-0.65014482,0.72949032,0.116882025
1764505207.0168903,-5.5699,1.51074,1.25132,-0.65014482,0.72949032,0.116882025
1764505207.0168903,-4.33384,1.2971,1.32762,-0.6506941350000001,0.72765927,0.118102725
1764505207.0168903,-4.33384,1.2971,1.32762,-0.6506941350000001,0.72765927,0.118102725
1764505207.0168903,-4.33384,1.2971,1.32762,-0.6506941350000001,0.72765927,0.118102725
1764505207.0168903,-4.33384,1.2971,1.32762,-0.6506941350000001,0.72765927,0.118102725
1764505207.0168903,-4.33384,1.2971,1.32762,-0.6506941350000001,0.72765927,0.118102725
1764505207.017353,-4.33384,1.2971,1.32762,-0.6506941350000001,0.72765927,0.118102725
1764505207.0178914,-4.33384,1.2971,1.32762,-0.6506941350000001,0.72765927,0.118102725
1764505207.0178914,-4.33384,1.2971,1.32762,-0.6506941350000001,0.72765927,0.118102725
1764505207.0178914,-4.33384,1.2971,1.32762,-0.6506941350000001,0.72765927,0.118102725
1764505207.0178914,-4.33384,1.2971,1.32762,-0.6506941350000001,0.72765927,0.118102725
1764505207.0178914,-3.76922,1.19028,0.94612,-0.65234208,0.725889255,0.118346865
1764505207.0193963,-3.76922,1.19028,0.94612,-0.65234208,0.725889255,0.118346865
1764505207.0193963,-3.76922,1.19028,0.94612,-0.65234208,0.725889255,0.118346865
1764505207.0193963,-3.76922,1.19028,0.94612,-0.65234208,0.725889255,0.118346865
1764505207.0200713,-3.76922,1.19028,0.94612,-0.65234208,0.725889255,0.118346865
1764505207.0200713,-3.76922,1.19028,0.94612,-0.65234208,0.725889255,0.118346865
1764505207.0200713,-3.76922,1.19028,0.94612,-0.65234208,0.725889255,0.118346865
1764505207.0200713,-3.76922,1.19028,0.94612,-0.65234208,0.725889255,0.118346865
1764505207.0200713,-3.76922,1.19028,0.94612,-0.65234208,0.725889255,0.118346865
1764505207.0211546,-3.76922,1.19028,0.94612,-0.65234208,0.725889255,0.118346865
1764505207.0632308,-3.72344,0.82404,0.3509799999999999,-0.65319657,0.72533994,0.118591005
1764505207.0632308,-3.72344,0.82404,0.3509799999999999,-0.65319657,0.72533994,0.118591005
1764505207.0632308,-3.72344,0.82404,0.3509799999999999,-0.65319657,0.72533994,0.118591005
1764505207.0632308,-3.72344,0.82404,0.3509799999999999,-0.65319657,0.72533994,0.118591005
1764505207.0632308,-3.72344,0.82404,0.3509799999999999,-0.65319657,0.72533994,0.118591005
1764505207.0632308,-3.72344,0.82404,0.3509799999999999,-0.65319657,0.72533994,0.118591005
1764505207.0642412,-3.72344,0.82404,0.3509799999999999,-0.65319657,0.72533994,0.118591005
1764505207.0642412,-3.72344,0.82404,0.3509799999999999,-0.65319657,0.72533994,0.118591005
1764505207.0642412,-3.72344,0.82404,0.3509799999999999,-0.65319657,0.72533994,0.118591005
1764505207.0642412,-3.72344,0.82404,0.3509799999999999,-0.65319657,0.72533994,0.118591005
1764505207.0652275,-2.8994,-0.65618,0.56462,-0.65405106,0.72778134,0.11987274
1764505207.0652275,-2.8994,-0.65618,0.56462,-0.65405106,0.72778134,0.11987274
1764505207.0652275,-2.8994,-0.65618,0.56462,-0.65405106,0.72778134,0.11987274
1764505207.0652275,-2.8994,-0.65618,0.56462,-0.65405106,0.72778134,0.11987274
1764505207.0652275,-2.8994,-0.65618,0.56462,-0.65405106,0.72778134,0.11987274
1764505207.0652275,-2.8994,-0.65618,0.56462,-0.65405106,0.72778134,0.11987274
1764505207.0662282,-2.8994,-0.65618,0.56462,-0.65405106,0.72778134,0.11987274
1764505207.0662282,-2.8994,-0.65618,0.56462,-0.65405106,0.72778134,0.11987274
1764505207.066745,-2.8994,-0.65618,0.56462,-0.65405106,0.72778134,0.11987274
1764505207.066745,-2.8994,-0.65618,0.56462,-0.65405106,0.72778134,0.11987274
1764505207.066745,-3.29616,0.12208,0.6103999999999999,-0.65283036,0.73010067,0.120055845
1764505207.066745,-3.29616,0.12208,0.6103999999999999,-0.65283036,0.73010067,0.120055845
1764505207.066745,-3.29616,0.12208,0.6103999999999999,-0.65283036,0.73010067,0.120055845
1764505207.066745,-3.29616,0.12208,0.6103999999999999,-0.65283036,0.73010067,0.120055845
1764505207.066745,-3.29616,0.12208,0.6103999999999999,-0.65283036,0.73010067,0.120055845
1764505207.066745,-3.29616,0.12208,0.6103999999999999,-0.65283036,0.73010067,0.120055845
1764505207.1076095,-3.29616,0.12208,0.6103999999999999,-0.65283036,0.73010067,0.120055845
1764505207.1076095,-3.29616,0.12208,0.6103999999999999,-0.65283036,0.73010067,0.120055845
1764505207.1076095,-3.29616,0.12208,0.6103999999999999,-0.65283036,0.73010067,0.120055845
1764505207.1076095,-3.29616,0.12208,0.6103999999999999,-0.65283036,0.73010067,0.120055845
1764505207.110711,-4.13546,0.79352,0.24416,-0.65148759,0.7314434400000001,0.119567565
1764505207.110711,-4.13546,0.79352,0.24416,-0.65148759,0.7314434400000001,0.119567565
1764505207.110711,-4.13546,0.79352,0.24416,-0.65148759,0.7314434400000001,0.119567565
1764505207.110711,-4.13546,0.79352,0.24416,-0.65148759,0.7314434400000001,0.119567565
1764505207.111118,-4.13546,0.79352,0.24416,-0.65148759,0.7314434400000001,0.119567565
1764505207.111118,-4.13546,0.79352,0.24416,-0.65148759,0.7314434400000001,0.119567565
1764505207.111118,-4.13546,0.79352,0.24416,-0.65148759,0.7314434400000001,0.119567565
1764505207.111118,-4.13546,0.79352,0.24416,-0.65148759,0.7314434400000001,0.119567565
1764505207.111118,-4.13546,0.79352,0.24416,-0.65148759,0.7314434400000001,0.119567565
1764505207.111118,-4.13546,0.79352,0.24416,-0.65148759,0.7314434400000001,0.119567565
1764505207.111118,-5.21892,2.39582,0.59514,-0.65038896,0.733335525,0.11816376
1764505207.111118,-5.21892,2.39582,0.59514,-0.65038896,0.733335525,0.11816376
1764505207.111118,-5.21892,2.39582,0.59514,-0.65038896,0.733335525,0.11816376
1764505207.111118,-5.21892,2.39582,0.59514,-0.65038896,0.733335525,0.11816376
1764505207.111118,-5.21892,2.39582,0.59514,-0.65038896,0.733335525,0.11816376
1764505207.111118,-5.21892,2.39582,0.59514,-0.65038896,0.733335525,0.11816376
1764505207.111118,-5.21892,2.39582,0.59514,-0.65038896,0.733335525,0.11816376
1764505207.111118,-5.21892,2.39582,0.59514,-0.65038896,0.733335525,0.11816376
1764505207.1562538,-5.21892,2.39582,0.59514,-0.65038896,0.733335525,0.11816376
1764505207.1562538,-5.21892,2.39582,0.59514,-0.65038896,0.733335525,0.11816376
1764505207.1562538,-6.08874,1.89224,1.00716,-0.65112138,0.733335525,0.11767548
1764505207.1562538,-6.08874,1.89224,1.00716,-0.65112138,0.733335525,0.11767548
1764505207.1562538,-6.08874,1.89224,1.00716,-0.65112138,0.733335525,0.11767548
1764505207.1562538,-6.08874,1.89224,1.00716,-0.65112138,0.733335525,0.11767548
1764505207.1562538,-6.08874,1.89224,1.00716,-0.65112138,0.733335525,0.11767548
1764505207.1562538,-6.08874,1.89224,1.00716,-0.65112138,0.733335525,0.11767548
1764505207.1562538,-6.08874,1.89224,1.00716,-0.65112138,0.733335525,0.11767548
1764505207.1562538,-6.08874,1.89224,1.00716,-0.65112138,0.733335525,0.11767548
1764505207.157268,-6.08874,1.89224,1.00716,-0.65112138,0.733335525,0.11767548
1764505207.157268,-6.08874,1.89224,1.00716,-0.65112138,0.733335525,0.11767548
1764505207.157268,-5.96666,1.73964,0.74774,-0.6506941350000001,0.731748615,0.11816376
1764505207.157268,-5.96666,1.73964,0.74774,-0.6506941350000001,0.731748615,0.11816376
1764505207.157268,-5.96666,1.73964,0.74774,-0.6506941350000001,0.731748615,0.11816376
1764505207.157268,-5.96666,1.73964,0.74774,-0.6506941350000001,0.731748615,0.11816376
1764505207.157268,-5.96666,1.73964,0.74774,-0.6506941350000001,0.731748615,0.11816376
1764505207.157268,-5.96666,1.73964,0.74774,-0.6506941350000001,0.731748615,0.11816376
1764505207.157268,-5.96666,1.73964,0.74774,-0.6506941350000001,0.731748615,0.11816376
1764505207.157268,-5.96666,1.73964,0.74774,-0.6506941350000001,0.731748615,0.11816376
1764505207.157268,-5.96666,1.73964,0.74774,-0.6506941350000001,0.731748615,0.11816376
1764505207.157268,-5.96666,1.73964,0.74774,-0.6506941350000001,0.731748615,0.11816376
1764505207.157268,-5.234179999999999,2.6705,0.09156,-0.649595505,0.72961239,0.11804169
1764505207.157268,-5.234179999999999,2.6705,0.09156,-0.649595505,0.72961239,0.11804169
1764505207.204799,-5.234179999999999,2.6705,0.09156,-0.649595505,0.72961239,0.11804169
1764505207.204799,-5.234179999999999,2.6705,0.09156,-0.649595505,0.72961239,0.11804169
1764505207.204799,-5.234179999999999,2.6705,0.09156,-0.649595505,0.72961239,0.11804169
1764505207.204799,-5.234179999999999,2.6705,0.09156,-0.649595505,0.72961239,0.11804169
1764505207.204799,-5.234179999999999,2.6705,0.09156,-0.649595505,0.72961239,0.11804169
1764505207.204799,-5.234179999999999,2.6705,0.09156,-0.649595505,0.72961239,0.11804169
1764505207.204799,-5.234179999999999,2.6705,0.09156,-0.649595505,0.72961239,0.11804169
1764505207.204799,-5.234179999999999,2.6705,0.09156,-0.649595505,0.72961239,0.11804169
1764505207.204799,-4.2728,2.45686,1.51074,-0.6506331,0.727964445,0.117858585
1764505207.204799,-4.2728,2.45686,1.51074,-0.6506331,0.727964445,0.117858585
1764505207.204799,-4.2728,2.45686,1.51074,-0.6506331,0.727964445,0.117858585
1764505207.204799,-4.2728,2.45686,1.51074,-0.6506331,0.727964445,0.117858585
1764505207.204799,-4.2728,2.45686,1.51074,-0.6506331,0.727964445,0.117858585
1764505207.204799,-4.2728,2.45686,1.51074,-0.6506331,0.727964445,0.117858585
1764505207.204799,-4.2728,2.45686,1.51074,-0.6506331,0.727964445,0.117858585
1764505207.204799,-4.2728,2.45686,1.51074,-0.6506331,0.727964445,0.117858585
1764505207.204799,-4.2728,2.45686,1.51074,-0.6506331,0.727964445,0.117858585
1764505207.204799,-4.2728,2.45686,1.51074,-0.6506331,0.727964445,0.117858585
1764505207.204799,-3.08252,0.94612,1.57178,-0.653379675,0.729063075,0.118224795
1764505207.204799,-3.08252,0.94612,1.57178,-0.653379675,0.729063075,0.118224795
1764505207.204799,-3.08252,0.94612,1.57178,-0.653379675,0.729063075,0.118224795
1764505207.204799,-3.08252,0.94612,1.57178,-0.653379675,0.729063075,0.118224795
1764505207.204799,-3.08252,0.94612,1.57178,-0.653379675,0.729063075,0.118224795
1764505207.204799,-3.08252,0.94612,1.57178,-0.653379675,0.729063075,0.118224795
1764505207.2516696,-3.08252,0.94612,1.57178,-0.653379675,0.729063075,0.118224795
1764505207.2523944,-3.08252,0.94612,1.57178,-0.653379675,0.729063075,0.118224795
1764505207.2523944,-3.08252,0.94612,1.57178,-0.653379675,0.729063075,0.118224795
1764505207.2523944,-3.08252,0.94612,1.57178,-0.653379675,0.729063075,0.118224795
1764505207.2523944,-3.83026,0.8392999999999999,0.44254,-0.654112095,0.73083309,0.120299985
1764505207.2523944,-3.83026,0.8392999999999999,0.44254,-0.654112095,0.73083309,0.120299985
1764505207.2523944,-3.83026,0.8392999999999999,0.44254,-0.654112095,0.73083309,0.120299985
1764505207.2523944,-3.83026,0.8392999999999999,0.44254,-0.654112095,0.73083309,0.120299985
1764505207.2523944,-3.83026,0.8392999999999999,0.44254,-0.654112095,0.73083309,0.120299985
1764505207.2523944,-3.83026,0.8392999999999999,0.44254,-0.654112095,0.73083309,0.120299985
1764505207.2523944,-3.83026,0.8392999999999999,0.44254,-0.654112095,0.73083309,0.120299985
1764505207.2523944,-3.83026,0.8392999999999999,0.44254,-0.654112095,0.73083309,0.120299985
1764505207.2523944,-3.83026,0.8392999999999999,0.44254,-0.654112095,0.73083309,0.120299985
1764505207.2523944,-3.83026,0.8392999999999999,0.44254,-0.654112095,0.73083309,0.120299985
1764505207.2523944,-5.20366,2.289,-0.18312,-0.653623815,0.73217586,0.121154475
1764505207.2533906,-5.20366,2.289,-0.18312,-0.653623815,0.73217586,0.121154475
1764505207.2533906,-5.20366,2.289,-0.18312,-0.653623815,0.73217586,0.121154475
1764505207.2533906,-5.20366,2.289,-0.18312,-0.653623815,0.73217586,0.121154475
1764505207.2533906,-5.20366,2.289,-0.18312,-0.653623815,0.73217586,0.121154475
1764505207.2533906,-5.20366,2.289,-0.18312,-0.653623815,0.73217586,0.121154475
1764505207.2533906,-5.20366,2.289,-0.18312,-0.653623815,0.73217586,0.121154475
1764505207.2533906,-5.20366,2.289,-0.18312,-0.653623815,0.73217586,0.121154475
1764505207.2533906,-5.20366,2.289,-0.18312,-0.653623815,0.73217586,0.121154475
1764505207.2533906,-5.20366,2.289,-0.18312,-0.653623815,0.73217586,0.121154475
1764505207.2982662,-5.20366,2.31952,0.48832,-0.65405106,0.731260335,0.122131035
1764505207.2982662,-5.20366,2.31952,0.48832,-0.65405106,0.731260335,0.122131035
1764505207.2982662,-5.20366,2.31952,0.48832,-0.65405106,0.731260335,0.122131035
1764505207.2982662,-5.20366,2.31952,0.48832,-0.65405106,0.731260335,0.122131035
1764505207.2982662,-5.20366,2.31952,0.48832,-0.65405106,0.731260335,0.122131035
1764505207.2982662,-5.20366,2.31952,0.48832,-0.65405106,0.731260335,0.122131035
1764505207.2982662,-5.20366,2.31952,0.48832,-0.65405106,0.731260335,0.122131035
1764505207.2987933,-5.20366,2.31952,0.48832,-0.65405106,0.731260335,0.122131035
1764505207.2987933,-5.20366,2.31952,0.48832,-0.65405106,0.731260335,0.122131035
1764505207.2987933,-5.20366,2.31952,0.48832,-0.65405106,0.731260335,0.122131035
1764505207.2987933,-5.40204,0.96138,1.6786,-0.654844515,0.7311993,0.121276545
1764505207.2987933,-5.40204,0.96138,1.6786,-0.654844515,0.7311993,0.121276545
1764505207.2987933,-5.40204,0.96138,1.6786,-0.654844515,0.7311993,0.121276545
1764505207.2987933,-5.40204,0.96138,1.6786,-0.654844515,0.7311993,0.121276545
1764505207.2987933,-5.40204,0.96138,1.6786,-0.654844515,0.7311993,0.121276545
1764505207.2987933,-5.40204,0.96138,1.6786,-0.654844515,0.7311993,0.121276545
1764505207.2987933,-5.40204,0.96138,1.6786,-0.654844515,0.7311993,0.121276545
1764505207.2987933,-5.40204,0.96138,1.6786,-0.654844515,0.7311993,0.121276545
1764505207.2987933,-5.40204,0.96138,1.6786,-0.654844515,0.7311993,0.121276545
1764505207.2987933,-5.40204,0.96138,1.6786,-0.654844515,0.7311993,0.121276545
1764505207.2987933,-6.01244,0.3815,1.54126,-0.6543562350000001,0.73205379,0.120666195
1764505207.2987933,-6.01244,0.3815,1.54126,-0.6543562350000001,0.73205379,0.120666195
1764505207.342403,-6.01244,0.3815,1.54126,-0.6543562350000001,0.73205379,0.120666195
1764505207.342403,-6.01244,0.3815,1.54126,-0.6543562350000001,0.73205379,0.120666195
1764505207.342403,-6.01244,0.3815,1.54126,-0.6543562350000001,0.73205379,0.120666195
1764505207.342403,-6.01244,0.3815,1.54126,-0.6543562350000001,0.73205379,0.120666195
1764505207.342403,-6.01244,0.3815,1.54126,-0.6543562350000001,0.73205379,0.120666195
1764505207.342403,-6.01244,0.3815,1.54126,-0.6543562350000001,0.73205379,0.120666195
1764505207.342403,-6.01244,0.3815,1.54126,-0.6543562350000001,0.73205379,0.120666195
1764505207.342403,-6.01244,0.3815,1.54126,-0.6543562350000001,0.73205379,0.120666195
1764505207.342403,-6.271859999999999,1.11398,1.12924,-0.65234208,0.7311993,0.12109344
1764505207.342403,-6.271859999999999,1.11398,1.12924,-0.65234208,0.7311993,0.12109344
1764505207.343416,-6.271859999999999,1.11398,1.12924,-0.65234208,0.7311993,0.12109344
1764505207.343416,-6.271859999999999,1.11398,1.12924,-0.65234208,0.7311993,0.12109344
1764505207.343416,-6.271859999999999,1.11398,1.12924,-0.65234208,0.7311993,0.12109344
1764505207.343416,-6.271859999999999,1.11398,1.12924,-0.65234208,0.7311993,0.12109344
1764505207.343416,-6.271859999999999,1.11398,1.12924,-0.65234208,0.7311993,0.12109344
1764505207.343416,-6.271859999999999,1.11398,1.12924,-0.65234208,0.7311993,0.12109344
1764505207.343416,-6.271859999999999,1.11398,1.12924,-0.65234208,0.7311993,0.12109344
1764505207.343416,-6.271859999999999,1.11398,1.12924,-0.65234208,0.7311993,0.12109344
1764505207.343416,-6.05822,1.6786,0.18312,-0.652525185,0.73071102,0.12121551
1764505207.343416,-6.05822,1.6786,0.18312,-0.652525185,0.73071102,0.12121551
1764505207.343416,-6.05822,1.6786,0.18312,-0.652525185,0.73071102,0.12121551
1764505207.343416,-6.05822,1.6786,0.18312,-0.652525185,0.73071102,0.12121551
1764505207.343416,-6.05822,1.6786,0.18312,-0.652525185,0.73071102,0.12121551
1764505207.343416,-6.05822,1.6786,0.18312,-0.652525185,0.73071102,0.12121551
1764505207.3933527,-6.05822,1.6786,0.18312,-0.652525185,0.73071102,0.12121551
1764505207.3933527,-6.05822,1.6786,0.18312,-0.652525185,0.73071102,0.12121551
1764505207.3933527,-6.05822,1.6786,0.18312,-0.652525185,0.73071102,0.12121551
1764505207.3933527,-6.05822,1.6786,0.18312,-0.652525185,0.73071102,0.12121551
1764505207.3933527,-5.9514,2.09062,0.59514,-0.65258622,0.72936825,0.120299985
1764505207.3933527,-5.9514,2.09062,0.59514,-0.65258622,0.72936825,0.120299985
1764505207.394368,-5.9514,2.09062,0.59514,-0.65258622,0.72936825,0.120299985
1764505207.394368,-5.9514,2.09062,0.59514,-0.65258622,0.72936825,0.120299985
1764505207.394368,-5.9514,2.09062,0.59514,-0.65258622,0.72936825,0.120299985
1764505207.394368,-5.9514,2.09062,0.59514,-0.65258622,0.72936825,0.120299985
1764505207.394368,-5.9514,2.09062,0.59514,-0.65258622,0.72936825,0.120299985
1764505207.394368,-5.9514,2.09062,0.59514,-0.65258622,0.72936825,0.120299985
1764505207.394368,-5.9514,2.09062,0.59514,-0.65258622,0.72936825,0.120299985
1764505207.394368,-5.9514,2.09062,0.59514,-0.65258622,0.72936825,0.120299985
1764505207.394368,-4.99002,1.54126,0.39676,-0.65234208,0.72900204,0.119445495
1764505207.394368,-4.99002,1.54126,0.39676,-0.65234208,0.72900204,0.119445495
1764505207.394368,-4.99002,1.54126,0.39676,-0.65234208,0.72900204,0.119445495
1764505207.394368,-4.99002,1.54126,0.39676,-0.65234208,0.72900204,0.119445495
1764505207.394368,-4.99002,1.54126,0.39676,-0.65234208,0.72900204,0.119445495
1764505207.394368,-4.99002,1.54126,0.39676,-0.65234208,0.72900204,0.119445495
1764505207.394368,-4.99002,1.54126,0.39676,-0.65234208,0.72900204,0.119445495
1764505207.394368,-4.99002,1.54126,0.39676,-0.65234208,0.72900204,0.119445495
1764505207.394368,-4.99002,1.54126,0.39676,-0.65234208,0.72900204,0.119445495
1764505207.394368,-4.99002,1.54126,0.39676,-0.65234208,0.72900204,0.119445495
1764505207.4398005,-4.01338,0.77826,0.48832,-0.650449995,0.72924618,0.120055845
1764505207.4411638,-4.01338,0.77826,0.48832,-0.650449995,0.72924618,0.120055845
1764505207.4411638,-4.01338,0.77826,0.48832,-0.650449995,0.72924618,0.120055845
1764505207.4411638,-4.01338,0.77826,0.48832,-0.650449995,0.72924618,0.120055845
1764505207.4411638,-4.01338,0.77826,0.48832,-0.650449995,0.72924618,0.120055845
1764505207.4411638,-4.01338,0.77826,0.48832,-0.650449995,0.72924618,0.120055845
1764505207.4411638,-4.01338,0.77826,0.48832,-0.650449995,0.72924618,0.120055845
1764505207.4411638,-4.01338,0.77826,0.48832,-0.650449995,0.72924618,0.120055845
1764505207.4411638,-4.01338,0.77826,0.48832,-0.650449995,0.72924618,0.120055845
1764505207.4411638,-4.01338,0.77826,0.48832,-0.650449995,0.72924618,0.120055845
1764505207.4411638,-3.4335,1.35814,0.6409199999999999,-0.6486189450000001,0.73046688,0.12109344
1764505207.4411638,-3.4335,1.35814,0.6409199999999999,-0.6486189450000001,0.73046688,0.12109344
1764505207.4411638,-3.4335,1.35814,0.6409199999999999,-0.6486189450000001,0.73046688,0.12109344
1764505207.4411638,-3.4335,1.35814,0.6409199999999999,-0.6486189450000001,0.73046688,0.12109344
1764505207.4411638,-3.4335,1.35814,0.6409199999999999,-0.6486189450000001,0.73046688,0.12109344
1764505207.4411638,-3.4335,1.35814,0.6409199999999999,-0.6486189450000001,0.73046688,0.12109344
1764505207.4411638,-3.4335,1.35814,0.6409199999999999,-0.6486189450000001,0.73046688,0.12109344
1764505207.4411638,-3.4335,1.35814,0.6409199999999999,-0.6486189450000001,0.73046688,0.12109344
1764505207.4411638,-3.4335,1.35814,0.6409199999999999,-0.6486189450000001,0.73046688,0.12109344
1764505207.4411638,-3.4335,1.35814,0.6409199999999999,-0.6486189450000001,0.73046688,0.12109344
1764505207.4411638,-3.46402,1.6786,1.1445,-0.64916826,0.731016195,0.122008965
1764505207.4411638,-3.46402,1.6786,1.1445,-0.64916826,0.731016195,0.122008965
1764505207.4411638,-3.46402,1.6786,1.1445,-0.64916826,0.731016195,0.122008965
1764505207.4411638,-3.46402,1.6786,1.1445,-0.64916826,0.731016195,0.122008965
1764505207.4880228,-3.46402,1.6786,1.1445,-0.64916826,0.731016195,0.122008965
1764505207.4880228,-3.46402,1.6786,1.1445,-0.64916826,0.731016195,0.122008965
1764505207.4880228,-3.46402,1.6786,1.1445,-0.64916826,0.731016195,0.122008965
1764505207.4880228,-3.46402,1.6786,1.1445,-0.64916826,0.731016195,0.122008965
1764505207.4880228,-3.46402,1.6786,1.1445,-0.64916826,0.731016195,0.122008965
1764505207.4880228,-3.46402,1.6786,1.1445,-0.64916826,0.731016195,0.122008965
1764505207.4880228,-4.59326,0.3204599999999999,0.85456,-0.650327925,0.7314434400000001,0.121642755
1764505207.4880228,-4.59326,0.3204599999999999,0.85456,-0.650327925,0.7314434400000001,0.121642755
1764505207.4880228,-4.59326,0.3204599999999999,0.85456,-0.650327925,0.7314434400000001,0.121642755
1764505207.4880228,-4.59326,0.3204599999999999,0.85456,-0.650327925,0.7314434400000001,0.121642755
1764505207.4880228,-4.59326,0.3204599999999999,0.85456,-0.650327925,0.7314434400000001,0.121642755
1764505207.4880228,-4.59326,0.3204599999999999,0.85456,-0.650327925,0.7314434400000001,0.121642755
1764505207.4880228,-4.59326,0.3204599999999999,0.85456,-0.650327925,0.7314434400000001,0.121642755
1764505207.4880228,-4.59326,0.3204599999999999,0.85456,-0.650327925,0.7314434400000001,0.121642755
1764505207.4880228,-4.59326,0.3204599999999999,0.85456,-0.650327925,0.7314434400000001,0.121642755
1764505207.4880228,-4.59326,0.3204599999999999,0.85456,-0.650327925,0.7314434400000001,0.121642755
1764505207.4880228,-5.508859999999999,1.05294,-0.03052,-0.65014482,0.73107723,0.12182586
1764505207.4880228,-5.508859999999999,1.05294,-0.03052,-0.65014482,0.73107723,0.12182586
1764505207.4892037,-5.508859999999999,1.05294,-0.03052,-0.65014482,0.73107723,0.12182586
1764505207.4892037,-5.508859999999999,1.05294,-0.03052,-0.65014482,0.73107723,0.12182586
1764505207.4892037,-5.508859999999999,1.05294,-0.03052,-0.65014482,0.73107723,0.12182586
1764505207.4892037,-5.508859999999999,1.05294,-0.03052,-0.65014482,0.73107723,0.12182586
1764505207.4892037,-5.508859999999999,1.05294,-0.03052,-0.65014482,0.73107723,0.12182586
1764505207.4892037,-5.508859999999999,1.05294,-0.03052,-0.65014482,0.73107723,0.12182586
1764505207.5325696,-5.508859999999999,1.05294,-0.03052,-0.65014482,0.73107723,0.12182586
1764505207.5330806,-5.508859999999999,1.05294,-0.03052,-0.65014482,0.73107723,0.12182586
1764505207.5330806,-4.959499999999999,2.289,-0.03052,-0.65002275,0.73046688,0.120666195
1764505207.5330806,-4.959499999999999,2.289,-0.03052,-0.65002275,0.73046688,0.120666195
1764505207.5330806,-4.959499999999999,2.289,-0.03052,-0.65002275,0.73046688,0.120666195
1764505207.5330806,-4.959499999999999,2.289,-0.03052,-0.65002275,0.73046688,0.120666195
1764505207.5330806,-4.959499999999999,2.289,-0.03052,-0.65002275,0.73046688,0.120666195
1764505207.5330806,-4.959499999999999,2.289,-0.03052,-0.65002275,0.73046688,0.120666195
1764505207.5330806,-4.959499999999999,2.289,-0.03052,-0.65002275,0.73046688,0.120666195
1764505207.5330806,-4.959499999999999,2.289,-0.03052,-0.65002275,0.73046688,0.120666195
1764505207.5330806,-4.959499999999999,2.289,-0.03052,-0.65002275,0.73046688,0.120666195
1764505207.5330806,-4.959499999999999,2.289,-0.03052,-0.65002275,0.73046688,0.120666195
1764505207.5330806,-4.303319999999999,2.85362,-3.86078,-0.650449995,0.729673425,0.119689635
1764505207.5336246,-4.303319999999999,2.85362,-3.86078,-0.650449995,0.729673425,0.119689635
1764505207.5336246,-4.303319999999999,2.85362,-3.86078,-0.650449995,0.729673425,0.119689635
1764505207.5336246,-4.303319999999999,2.85362,-3.86078,-0.650449995,0.729673425,0.119689635
1764505207.5336246,-4.303319999999999,2.85362,-3.86078,-0.650449995,0.729673425,0.119689635
1764505207.5336246,-4.303319999999999,2.85362,-3.86078,-0.650449995,0.729673425,0.119689635
1764505207.5336246,-4.303319999999999,2.85362,-3.86078,-0.650449995,0.729673425,0.119689635
1764505207.5336246,-4.303319999999999,2.85362,-3.86078,-0.650449995,0.729673425,0.119689635
1764505207.5336246,-4.303319999999999,2.85362,-3.86078,-0.650449995,0.729673425,0.119689635
1764505207.5336246,-4.303319999999999,2.85362,-3.86078,-0.650449995,0.729673425,0.119689635
1764505207.577454,-2.99096,2.10588,0.88508,-0.65112138,0.72839169,0.119079285
1764505207.577454,-2.99096,2.10588,0.88508,-0.65112138,0.72839169,0.119079285
1764505207.577454,-2.99096,2.10588,0.88508,-0.65112138,0.72839169,0.119079285
1764505207.577454,-2.99096,2.10588,0.88508,-0.65112138,0.72839169,0.119079285
1764505207.577454,-2.99096,2.10588,0.88508,-0.65112138,0.72839169,0.119079285
1764505207.577454,-2.99096,2.10588,0.88508,-0.65112138,0.72839169,0.119079285
1764505207.577454,-2.99096,2.10588,0.88508,-0.65112138,0.72839169,0.119079285
1764505207.577454,-2.99096,2.10588,0.88508,-0.65112138,0.72839169,0.119079285
1764505207.577454,-2.99096,2.10588,0.88508,-0.65112138,0.72839169,0.119079285
1764505207.577454,-2.99096,2.10588,0.88508,-0.65112138,0.72839169,0.119079285
1764505207.577454,-1.8006799999999998,1.99906,1.4497,-0.651426555,0.728696865,0.117980655
1764505207.577454,-1.8006799999999998,1.99906,1.4497,-0.651426555,0.728696865,0.117980655
1764505207.577454,-1.8006799999999998,1.99906,1.4497,-0.651426555,0.728696865,0.117980655
1764505207.577454,-1.8006799999999998,1.99906,1.4497,-0.651426555,0.728696865,0.117980655
1764505207.577454,-1.8006799999999998,1.99906,1.4497,-0.651426555,0.728696865,0.117980655
1764505207.577454,-1.8006799999999998,1.99906,1.4497,-0.651426555,0.728696865,0.117980655
1764505207.579465,-1.8006799999999998,1.99906,1.4497,-0.651426555,0.728696865,0.117980655
1764505207.579465,-1.8006799999999998,1.99906,1.4497,-0.651426555,0.728696865,0.117980655
1764505207.579465,-1.8006799999999998,1.99906,1.4497,-0.651426555,0.728696865,0.117980655
1764505207.579465,-1.8006799999999998,1.99906,1.4497,-0.651426555,0.728696865,0.117980655
1764505207.579465,-1.00716,2.07536,0.763,-0.6517317300000001,0.729429285,0.11779755
1764505207.579465,-1.00716,2.07536,0.763,-0.6517317300000001,0.729429285,0.11779755
1764505207.579465,-1.00716,2.07536,0.763,-0.6517317300000001,0.729429285,0.11779755
1764505207.579465,-1.00716,2.07536,0.763,-0.6517317300000001,0.729429285,0.11779755
1764505207.626983,-1.00716,2.07536,0.763,-0.6517317300000001,0.729429285,0.11779755
1764505207.626983,-1.00716,2.07536,0.763,-0.6517317300000001,0.729429285,0.11779755
1764505207.626983,-1.00716,2.07536,0.763,-0.6517317300000001,0.729429285,0.11779755
1764505207.626983,-1.00716,2.07536,0.763,-0.6517317300000001,0.729429285,0.11779755
1764505207.626983,-1.00716,2.07536,0.763,-0.6517317300000001,0.729429285,0.11779755
1764505207.626983,-1.00716,2.07536,0.763,-0.6517317300000001,0.729429285,0.11779755
1764505207.626983,-1.34288,2.68576,0.6714399999999999,-0.65197587,0.73046688,0.11706513
1764505207.626983,-1.34288,2.68576,0.6714399999999999,-0.65197587,0.73046688,0.11706513
1764505207.626983,-1.34288,2.68576,0.6714399999999999,-0.65197587,0.73046688,0.11706513
1764505207.626983,-1.34288,2.68576,0.6714399999999999,-0.65197587,0.73046688,0.11706513
1764505207.626983,-1.34288,2.68576,0.6714399999999999,-0.65197587,0.73046688,0.11706513
1764505207.626983,-1.34288,2.68576,0.6714399999999999,-0.65197587,0.73046688,0.11706513
1764505207.626983,-1.34288,2.68576,0.6714399999999999,-0.65197587,0.73046688,0.11706513
1764505207.626983,-1.34288,2.68576,0.6714399999999999,-0.65197587,0.73046688,0.11706513
1764505207.626983,-1.34288,2.68576,0.6714399999999999,-0.65197587,0.73046688,0.11706513
1764505207.626983,-1.34288,2.68576,0.6714399999999999,-0.65197587,0.73046688,0.11706513
1764505207.626983,-2.07536,2.73154,0.4578,-0.65246415,0.731260335,0.11791962
1764505207.626983,-2.07536,2.73154,0.4578,-0.65246415,0.731260335,0.11791962
1764505207.626983,-2.07536,2.73154,0.4578,-0.65246415,0.731260335,0.11791962
1764505207.626983,-2.07536,2.73154,0.4578,-0.65246415,0.731260335,0.11791962
1764505207.626983,-2.07536,2.73154,0.4578,-0.65246415,0.731260335,0.11791962
1764505207.626983,-2.07536,2.73154,0.4578,-0.65246415,0.731260335,0.11791962
1764505207.6726267,-2.07536,2.73154,0.4578,-0.65246415,0.731260335,0.11791962
1764505207.6726267,-2.07536,2.73154,0.4578,-0.65246415,0.731260335,0.11791962
1764505207.6726267,-2.07536,2.73154,0.4578,-0.65246415,0.731260335,0.11791962
1764505207.6726267,-2.07536,2.73154,0.4578,-0.65246415,0.731260335,0.11791962
1764505207.6726267,-1.8312,2.31952,1.00716,-0.653501745,0.73290828,0.11901825
1764505207.6726267,-1.8312,2.31952,1.00716,-0.653501745,0.73290828,0.11901825
1764505207.6726267,-1.8312,2.31952,1.00716,-0.653501745,0.73290828,0.11901825
1764505207.6726267,-1.8312,2.31952,1.00716,-0.653501745,0.73290828,0.11901825
1764505207.6739526,-1.8312,2.31952,1.00716,-0.653501745,0.73290828,0.11901825
1764505207.6739526,-1.8312,2.31952,1.00716,-0.653501745,0.73290828,0.11901825
1764505207.6739526,-1.8312,2.31952,1.00716,-0.653501745,0.73290828,0.11901825
1764505207.6739526,-1.8312,2.31952,1.00716,-0.653501745,0.73290828,0.11901825
1764505207.6739526,-1.8312,2.31952,1.00716,-0.653501745,0.73290828,0.11901825
1764505207.6739526,-1.8312,2.31952,1.00716,-0.653501745,0.73290828,0.11901825
1764505207.6739526,-2.41108,2.10588,1.19028,-0.6522810450000001,0.73388484,0.12072723
1764505207.6739526,-2.41108,2.10588,1.19028,-0.6522810450000001,0.73388484,0.12072723
1764505207.6739526,-2.41108,2.10588,1.19028,-0.6522810450000001,0.73388484,0.12072723
1764505207.6739526,-2.41108,2.10588,1.19028,-0.6522810450000001,0.73388484,0.12072723
1764505207.6739526,-2.41108,2.10588,1.19028,-0.6522810450000001,0.73388484,0.12072723
1764505207.6739526,-2.41108,2.10588,1.19028,-0.6522810450000001,0.73388484,0.12072723
1764505207.6739526,-2.41108,2.10588,1.19028,-0.6522810450000001,0.73388484,0.12072723
1764505207.6739526,-2.41108,2.10588,1.19028,-0.6522810450000001,0.73388484,0.12072723
1764505207.6739526,-2.41108,2.10588,1.19028,-0.6522810450000001,0.73388484,0.12072723
1764505207.6739526,-2.41108,2.10588,1.19028,-0.6522810450000001,0.73388484,0.12072723
1764505207.7162805,-4.28806,2.19744,1.02242,-0.652891395,0.73412898,0.121032405
1764505207.7162805,-4.28806,2.19744,1.02242,-0.652891395,0.73412898,0.121032405
1764505207.7162805,-4.28806,2.19744,1.02242,-0.652891395,0.73412898,0.121032405
1764505207.7162805,-4.28806,2.19744,1.02242,-0.652891395,0.73412898,0.121032405
1764505207.7162805,-4.28806,2.19744,1.02242,-0.652891395,0.73412898,0.121032405
1764505207.7162805,-4.28806,2.19744,1.02242,-0.652891395,0.73412898,0.121032405
1764505207.7162805,-4.28806,2.19744,1.02242,-0.652891395,0.73412898,0.121032405
1764505207.7162805,-4.28806,2.19744,1.02242,-0.652891395,0.73412898,0.121032405
1764505207.717297,-4.28806,2.19744,1.02242,-0.652891395,0.73412898,0.121032405
1764505207.717297,-4.28806,2.19744,1.02242,-0.652891395,0.73412898,0.121032405
1764505207.717297,-4.76112,1.4039199999999998,0.21364,-0.6533186400000001,0.73303035,0.121764825
1764505207.717297,-4.76112,1.4039199999999998,0.21364,-0.6533186400000001,0.73303035,0.121764825
1764505207.717297,-4.76112,1.4039199999999998,0.21364,-0.6533186400000001,0.73303035,0.121764825
1764505207.717297,-4.76112,1.4039199999999998,0.21364,-0.6533186400000001,0.73303035,0.121764825
1764505207.717297,-4.76112,1.4039199999999998,0.21364,-0.6533186400000001,0.73303035,0.121764825
1764505207.717297,-4.76112,1.4039199999999998,0.21364,-0.6533186400000001,0.73303035,0.121764825
1764505207.717297,-4.76112,1.4039199999999998,0.21364,-0.6533186400000001,0.73303035,0.121764825
1764505207.717297,-4.76112,1.4039199999999998,0.21364,-0.6533186400000001,0.73303035,0.121764825
1764505207.7178066,-4.76112,1.4039199999999998,0.21364,-0.6533186400000001,0.73303035,0.121764825
1764505207.7178066,-4.76112,1.4039199999999998,0.21364,-0.6533186400000001,0.73303035,0.121764825
1764505207.7178066,-3.9676,1.48022,0.3815,-0.65344071,0.731748615,0.12097137
1764505207.7178066,-3.9676,1.48022,0.3815,-0.65344071,0.731748615,0.12097137
1764505207.7675858,-3.9676,1.48022,0.3815,-0.65344071,0.731748615,0.12097137
1764505207.7675858,-3.9676,1.48022,0.3815,-0.65344071,0.731748615,0.12097137
1764505207.7675858,-3.9676,1.48022,0.3815,-0.65344071,0.731748615,0.12097137
1764505207.768192,-3.9676,1.48022,0.3815,-0.65344071,0.731748615,0.12097137
1764505207.768192,-3.9676,1.48022,0.3815,-0.65344071,0.731748615,0.12097137
1764505207.768192,-3.9676,1.48022,0.3815,-0.65344071,0.731748615,0.12097137
1764505207.768192,-3.9676,1.48022,0.3815,-0.65344071,0.731748615,0.12097137
1764505207.768192,-3.9676,1.48022,0.3815,-0.65344071,0.731748615,0.12097137
1764505207.768192,-3.815,0.88508,0.1678599999999999,-0.653623815,0.7311993,0.118957215
1764505207.768192,-3.815,0.88508,0.1678599999999999,-0.653623815,0.7311993,0.118957215
1764505207.768192,-3.815,0.88508,0.1678599999999999,-0.653623815,0.7311993,0.118957215
1764505207.768192,-3.815,0.88508,0.1678599999999999,-0.653623815,0.7311993,0.118957215
1764505207.768192,-3.815,0.88508,0.1678599999999999,-0.653623815,0.7311993,0.118957215
1764505207.768192,-3.815,0.88508,0.1678599999999999,-0.653623815,0.7311993,0.118957215
1764505207.768192,-3.815,0.88508,0.1678599999999999,-0.653623815,0.7311993,0.118957215
1764505207.768192,-3.815,0.88508,0.1678599999999999,-0.653623815,0.7311993,0.118957215
1764505207.768192,-3.815,0.88508,0.1678599999999999,-0.653623815,0.7311993,0.118957215
1764505207.768192,-3.815,0.88508,0.1678599999999999,-0.653623815,0.7311993,0.118957215
1764505207.768192,-3.46402,1.09872,0.25942,-0.652769325,0.731748615,0.11669892
1764505207.768192,-3.46402,1.09872,0.25942,-0.652769325,0.731748615,0.11669892
1764505207.768192,-3.46402,1.09872,0.25942,-0.652769325,0.731748615,0.11669892
1764505207.768192,-3.46402,1.09872,0.25942,-0.652769325,0.731748615,0.11669892
1764505207.768192,-3.46402,1.09872,0.25942,-0.652769325,0.731748615,0.11669892
1764505207.768192,-3.46402,1.09872,0.25942,-0.652769325,0.731748615,0.11669892
1764505207.810358,-3.46402,1.09872,0.25942,-0.652769325,0.731748615,0.11669892
1764505207.810358,-3.46402,1.09872,0.25942,-0.652769325,0.731748615,0.11669892
1764505207.810358,-3.46402,1.09872,0.25942,-0.652769325,0.731748615,0.11669892
1764505207.810358,-3.46402,1.09872,0.25942,-0.652769325,0.731748615,0.11669892
1764505207.810358,-3.815,1.51074,0.3051999999999999,-0.650449995,0.73266414,0.115295115
1764505207.810358,-3.815,1.51074,0.3051999999999999,-0.650449995,0.73266414,0.115295115
1764505207.810358,-3.815,1.51074,0.3051999999999999,-0.650449995,0.73266414,0.115295115
1764505207.810358,-3.815,1.51074,0.3051999999999999,-0.650449995,0.73266414,0.115295115
1764505207.810358,-3.815,1.51074,0.3051999999999999,-0.650449995,0.73266414,0.115295115
1764505207.810358,-3.815,1.51074,0.3051999999999999,-0.650449995,0.73266414,0.115295115
1764505207.810358,-3.815,1.51074,0.3051999999999999,-0.650449995,0.73266414,0.115295115
1764505207.810358,-3.815,1.51074,0.3051999999999999,-0.650449995,0.73266414,0.115295115
1764505207.810358,-3.815,1.51074,0.3051999999999999,-0.650449995,0.73266414,0.115295115
1764505207.810358,-3.815,1.51074,0.3051999999999999,-0.650449995,0.73266414,0.115295115
1764505207.812384,-3.1283,1.77016,1.26658,-0.64977861,0.731138265,0.11511201
1764505207.812384,-3.1283,1.77016,1.26658,-0.64977861,0.731138265,0.11511201
1764505207.812384,-3.1283,1.77016,1.26658,-0.64977861,0.731138265,0.11511201
1764505207.812384,-3.1283,1.77016,1.26658,-0.64977861,0.731138265,0.11511201
1764505207.8133852,-3.1283,1.77016,1.26658,-0.64977861,0.731138265,0.11511201
1764505207.8133852,-3.1283,1.77016,1.26658,-0.64977861,0.731138265,0.11511201
1764505207.8133852,-3.1283,1.77016,1.26658,-0.64977861,0.731138265,0.11511201
1764505207.8133852,-3.1283,1.77016,1.26658,-0.64977861,0.731138265,0.11511201
1764505207.8133852,-3.1283,1.77016,1.26658,-0.64977861,0.731138265,0.11511201
1764505207.8133852,-3.1283,1.77016,1.26658,-0.64977861,0.731138265,0.11511201
1764505207.8586688,-2.0601,2.3653,0.79352,-0.648496875,0.729063075,0.11486787
1764505207.8586688,-2.0601,2.3653,0.79352,-0.648496875,0.729063075,0.11486787
1764505207.8586688,-2.0601,2.3653,0.79352,-0.648496875,0.729063075,0.11486787
1764505207.8586688,-2.0601,2.3653,0.79352,-0.648496875,0.729063075,0.11486787
1764505207.8586688,-2.0601,2.3653,0.79352,-0.648496875,0.729063075,0.11486787
1764505207.8586688,-2.0601,2.3653,0.79352,-0.648496875,0.729063075,0.11486787
1764505207.8586688,-2.0601,2.3653,0.79352,-0.648496875,0.729063075,0.11486787
1764505207.859665,-2.0601,2.3653,0.79352,-0.648496875,0.729063075,0.11486787
1764505207.859665,-2.0601,2.3653,0.79352,-0.648496875,0.729063075,0.11486787
1764505207.859665,-2.0601,2.3653,0.79352,-0.648496875,0.729063075,0.11486787
1764505207.859665,-2.80784,3.75396,1.12924,-0.647154105,0.728574795,0.11328096
1764505207.859665,-2.80784,3.75396,1.12924,-0.647154105,0.728574795,0.11328096
1764505207.859665,-2.80784,3.75396,1.12924,-0.647154105,0.728574795,0.11328096
1764505207.859665,-2.80784,3.75396,1.12924,-0.647154105,0.728574795,0.11328096
1764505207.859665,-2.80784,3.75396,1.12924,-0.647154105,0.728574795,0.11328096
1764505207.859665,-2.80784,3.75396,1.12924,-0.647154105,0.728574795,0.11328096
1764505207.859665,-2.80784,3.75396,1.12924,-0.647154105,0.728574795,0.11328096
1764505207.859665,-2.80784,3.75396,1.12924,-0.647154105,0.728574795,0.11328096
1764505207.859665,-2.80784,3.75396,1.12924,-0.647154105,0.728574795,0.11328096
1764505207.859665,-2.80784,3.75396,1.12924,-0.647154105,0.728574795,0.11328096
1764505207.859665,-2.24322,3.14356,0.3815,-0.64855791,0.7288189350000001,0.11328096
1764505207.859665,-2.24322,3.14356,0.3815,-0.64855791,0.7288189350000001,0.11328096
1764505207.859665,-2.24322,3.14356,0.3815,-0.64855791,0.7288189350000001,0.11328096
1764505207.859665,-2.24322,3.14356,0.3815,-0.64855791,0.7288189350000001,0.11328096
1764505207.9041295,-2.24322,3.14356,0.3815,-0.64855791,0.7288189350000001,0.11328096
1764505207.9041295,-2.24322,3.14356,0.3815,-0.64855791,0.7288189350000001,0.11328096
1764505207.9041295,-2.24322,3.14356,0.3815,-0.64855791,0.7288189350000001,0.11328096
1764505207.9041295,-2.24322,3.14356,0.3815,-0.64855791,0.7288189350000001,0.11328096
1764505207.9041295,-2.24322,3.14356,0.3815,-0.64855791,0.7288189350000001,0.11328096
1764505207.9041295,-2.24322,3.14356,0.3815,-0.64855791,0.7288189350000001,0.11328096
1764505207.9051263,-1.26658,3.08252,0.93086,-0.650205855,0.73058895,0.11328096
1764505207.9051263,-1.26658,3.08252,0.93086,-0.650205855,0.73058895,0.11328096
1764505207.9051263,-1.26658,3.08252,0.93086,-0.650205855,0.73058895,0.11328096
1764505207.9051263,-1.26658,3.08252,0.93086,-0.650205855,0.73058895,0.11328096
1764505207.9051263,-1.26658,3.08252,0.93086,-0.650205855,0.73058895,0.11328096
1764505207.9051263,-1.26658,3.08252,0.93086,-0.650205855,0.73058895,0.11328096
1764505207.9051263,-1.26658,3.08252,0.93086,-0.650205855,0.73058895,0.11328096
1764505207.9051263,-1.26658,3.08252,0.93086,-0.650205855,0.73058895,0.11328096
1764505207.9051263,-1.26658,3.08252,0.93086,-0.650205855,0.73058895,0.11328096
1764505207.9051263,-1.26658,3.08252,0.93086,-0.650205855,0.73058895,0.11328096
1764505207.9051263,-0.1525999999999999,1.57178,1.6786,-0.65344071,0.73327449,0.114440625
1764505207.9051263,-0.1525999999999999,1.57178,1.6786,-0.65344071,0.73327449,0.114440625
1764505207.9051263,-0.1525999999999999,1.57178,1.6786,-0.65344071,0.73327449,0.114440625
1764505207.9051263,-0.1525999999999999,1.57178,1.6786,-0.65344071,0.73327449,0.114440625
1764505207.9051263,-0.1525999999999999,1.57178,1.6786,-0.65344071,0.73327449,0.114440625
1764505207.9051263,-0.1525999999999999,1.57178,1.6786,-0.65344071,0.73327449,0.114440625
1764505207.9551682,-0.1525999999999999,1.57178,1.6786,-0.65344071,0.73327449,0.114440625
1764505207.9551682,-0.1525999999999999,1.57178,1.6786,-0.65344071,0.73327449,0.114440625
1764505207.9551682,-0.1525999999999999,1.57178,1.6786,-0.65344071,0.73327449,0.114440625
1764505207.9551682,-0.1525999999999999,1.57178,1.6786,-0.65344071,0.73327449,0.114440625
1764505207.9551682,-1.35814,0.47306,0.41202,-0.65392899,0.734800365,0.11657685
1764505207.9551682,-1.35814,0.47306,0.41202,-0.65392899,0.734800365,0.11657685
1764505207.9551682,-1.35814,0.47306,0.41202,-0.65392899,0.734800365,0.11657685
1764505207.9551682,-1.35814,0.47306,0.41202,-0.65392899,0.734800365,0.11657685
1764505207.9551682,-1.35814,0.47306,0.41202,-0.65392899,0.734800365,0.11657685
1764505207.9551682,-1.35814,0.47306,0.41202,-0.65392899,0.734800365,0.11657685
1764505207.9551682,-1.35814,0.47306,0.41202,-0.65392899,0.734800365,0.11657685
1764505207.9551682,-1.35814,0.47306,0.41202,-0.65392899,0.734800365,0.11657685
1764505207.9551682,-1.35814,0.47306,0.41202,-0.65392899,0.734800365,0.11657685
1764505207.9551682,-1.35814,0.47306,0.41202,-0.65392899,0.734800365,0.11657685
1764505207.9551682,-3.5098,1.8006799999999998,-0.6103999999999999,-0.65283036,0.73473933,0.116759955
1764505207.9551682,-3.5098,1.8006799999999998,-0.6103999999999999,-0.65283036,0.73473933,0.116759955
1764505207.9551682,-3.5098,1.8006799999999998,-0.6103999999999999,-0.65283036,0.73473933,0.116759955
1764505207.9551682,-3.5098,1.8006799999999998,-0.6103999999999999,-0.65283036,0.73473933,0.116759955
1764505207.9561682,-3.5098,1.8006799999999998,-0.6103999999999999,-0.65283036,0.73473933,0.116759955
1764505207.9561682,-3.5098,1.8006799999999998,-0.6103999999999999,-0.65283036,0.73473933,0.116759955
1764505207.9561682,-3.5098,1.8006799999999998,-0.6103999999999999,-0.65283036,0.73473933,0.116759955
1764505207.9561682,-3.5098,1.8006799999999998,-0.6103999999999999,-0.65283036,0.73473933,0.116759955
1764505207.9561682,-3.5098,1.8006799999999998,-0.6103999999999999,-0.65283036,0.73473933,0.116759955
1764505207.9561682,-3.5098,1.8006799999999998,-0.6103999999999999,-0.65283036,0.73473933,0.116759955
1764505207.9979954,-5.2647,2.33478,0.10682,-0.65234208,0.734922435,0.11523408
1764505207.9979954,-5.2647,2.33478,0.10682,-0.65234208,0.734922435,0.11523408
1764505207.9997964,-5.2647,2.33478,0.10682,-0.65234208,0.734922435,0.11523408
1764505207.9997964,-5.2647,2.33478,0.10682,-0.65234208,0.734922435,0.11523408
1764505207.9997964,-5.2647,2.33478,0.10682,-0.65234208,0.734922435,0.11523408
1764505207.9997964,-5.2647,2.33478,0.10682,-0.65234208,0.734922435,0.11523408
1764505208.0008152,-5.2647,2.33478,0.10682,-0.65234208,0.734922435,0.11523408
1764505208.0008152,-5.2647,2.33478,0.10682,-0.65234208,0.734922435,0.11523408
1764505208.0008152,-5.2647,2.33478,0.10682,-0.65234208,0.734922435,0.11523408
1764505208.0014346,-5.2647,2.33478,0.10682,-0.65234208,0.734922435,0.11523408
1764505208.0014346,-4.07442,2.83836,1.43444,-0.64990068,0.73388484,0.113586135
1764505208.0014346,-4.07442,2.83836,1.43444,-0.64990068,0.73388484,0.113586135
1764505208.002165,-4.07442,2.83836,1.43444,-0.64990068,0.73388484,0.113586135
1764505208.002165,-4.07442,2.83836,1.43444,-0.64990068,0.73388484,0.113586135
1764505208.002165,-4.07442,2.83836,1.43444,-0.64990068,0.73388484,0.113586135
1764505208.002165,-4.07442,2.83836,1.43444,-0.64990068,0.73388484,0.113586135
1764505208.002165,-4.07442,2.83836,1.43444,-0.64990068,0.73388484,0.113586135
1764505208.0029764,-4.07442,2.83836,1.43444,-0.64990068,0.73388484,0.113586135
1764505208.0029764,-4.07442,2.83836,1.43444,-0.64990068,0.73388484,0.113586135
1764505208.0029764,-4.07442,2.83836,1.43444,-0.64990068,0.73388484,0.113586135
1764505208.0029764,-4.02864,3.32668,1.6786,-0.648374805,0.73229793,0.112121295
1764505208.0029764,-4.02864,3.32668,1.6786,-0.648374805,0.73229793,0.112121295
1764505208.047223,-4.02864,3.32668,1.6786,-0.648374805,0.73229793,0.112121295
1764505208.047223,-4.02864,3.32668,1.6786,-0.648374805,0.73229793,0.112121295
1764505208.047223,-4.02864,3.32668,1.6786,-0.648374805,0.73229793,0.112121295
1764505208.047223,-4.02864,3.32668,1.6786,-0.648374805,0.73229793,0.112121295
1764505208.047223,-4.02864,3.32668,1.6786,-0.648374805,0.73229793,0.112121295
1764505208.047223,-4.02864,3.32668,1.6786,-0.648374805,0.73229793,0.112121295
1764505208.047223,-4.02864,3.32668,1.6786,-0.648374805,0.73229793,0.112121295
1764505208.0477526,-4.02864,3.32668,1.6786,-0.648374805,0.73229793,0.112121295
1764505208.0477526,-4.24228,4.56274,1.00716,-0.649107225,0.730527915,0.110046105
1764505208.0477526,-4.24228,4.56274,1.00716,-0.649107225,0.730527915,0.110046105
1764505208.0477526,-4.24228,4.56274,1.00716,-0.649107225,0.730527915,0.110046105
1764505208.0477526,-4.24228,4.56274,1.00716,-0.649107225,0.730527915,0.110046105
1764505208.0477526,-4.24228,4.56274,1.00716,-0.649107225,0.730527915,0.110046105
1764505208.0477526,-4.24228,4.56274,1.00716,-0.649107225,0.730527915,0.110046105
1764505208.0477526,-4.24228,4.56274,1.00716,-0.649107225,0.730527915,0.110046105
1764505208.0477526,-4.24228,4.56274,1.00716,-0.649107225,0.730527915,0.110046105
1764505208.0477526,-4.24228,4.56274,1.00716,-0.649107225,0.730527915,0.110046105
1764505208.0477526,-4.24228,4.56274,1.00716,-0.649107225,0.730527915,0.110046105
1764505208.0477526,-4.16598,4.25754,0.0,-0.65148759,0.72961239,0.10925265
1764505208.0477526,-4.16598,4.25754,0.0,-0.65148759,0.72961239,0.10925265
1764505208.0477526,-4.16598,4.25754,0.0,-0.65148759,0.72961239,0.10925265
1764505208.0477526,-4.16598,4.25754,0.0,-0.65148759,0.72961239,0.10925265
1764505208.0477526,-4.16598,4.25754,0.0,-0.65148759,0.72961239,0.10925265
1764505208.0477526,-4.16598,4.25754,0.0,-0.65148759,0.72961239,0.10925265
1764505208.0916157,-4.16598,4.25754,0.0,-0.65148759,0.72961239,0.10925265
1764505208.0916157,-4.16598,4.25754,0.0,-0.65148759,0.72961239,0.10925265
1764505208.0916157,-4.16598,4.25754,0.0,-0.65148759,0.72961239,0.10925265
1764505208.0916157,-4.16598,4.25754,0.0,-0.65148759,0.72961239,0.10925265
1764505208.0916157,-2.5942,4.18124,-0.48832,-0.65222001,0.729551355,0.109191615
1764505208.0916157,-2.5942,4.18124,-0.48832,-0.65222001,0.729551355,0.109191615
1764505208.0916157,-2.5942,4.18124,-0.48832,-0.65222001,0.729551355,0.109191615
1764505208.0926452,-2.5942,4.18124,-0.48832,-0.65222001,0.729551355,0.109191615
1764505208.0926452,-2.5942,4.18124,-0.48832,-0.65222001,0.729551355,0.109191615
1764505208.0926452,-2.5942,4.18124,-0.48832,-0.65222001,0.729551355,0.109191615
1764505208.0926452,-2.5942,4.18124,-0.48832,-0.65222001,0.729551355,0.109191615
1764505208.0926452,-2.5942,4.18124,-0.48832,-0.65222001,0.729551355,0.109191615
1764505208.0926452,-2.5942,4.18124,-0.48832,-0.65222001,0.729551355,0.109191615
1764505208.0926452,-2.5942,4.18124,-0.48832,-0.65222001,0.729551355,0.109191615
1764505208.0926452,0.13734,2.8994,0.0,-0.65283036,0.73156551,0.11144991
1764505208.0926452,0.13734,2.8994,0.0,-0.65283036,0.73156551,0.11144991
1764505208.093627,0.13734,2.8994,0.0,-0.65283036,0.73156551,0.11144991
1764505208.094627,0.13734,2.8994,0.0,-0.65283036,0.73156551,0.11144991
1764505208.094903,0.13734,2.8994,0.0,-0.65283036,0.73156551,0.11144991
1764505208.094903,0.13734,2.8994,0.0,-0.65283036,0.73156551,0.11144991
1764505208.094903,0.13734,2.8994,0.0,-0.65283036,0.73156551,0.11144991
1764505208.094903,0.13734,2.8994,0.0,-0.65283036,0.73156551,0.11144991
1764505208.094903,0.13734,2.8994,0.0,-0.65283036,0.73156551,0.11144991
1764505208.094903,0.13734,2.8994,0.0,-0.65283036,0.73156551,0.11144991
1764505208.1402268,1.57178,0.8087799999999999,0.74774,-0.651914835,0.733701735,0.114440625
1764505208.1402268,1.57178,0.8087799999999999,0.74774,-0.651914835,0.733701735,0.114440625
1764505208.1402268,1.57178,0.8087799999999999,0.74774,-0.651914835,0.733701735,0.114440625
1764505208.1402268,1.57178,0.8087799999999999,0.74774,-0.651914835,0.733701735,0.114440625
1764505208.1402268,1.57178,0.8087799999999999,0.74774,-0.651914835,0.733701735,0.114440625
1764505208.1402268,1.57178,0.8087799999999999,0.74774,-0.651914835,0.733701735,0.114440625
1764505208.1402268,1.57178,0.8087799999999999,0.74774,-0.651914835,0.733701735,0.114440625
1764505208.1402268,1.57178,0.8087799999999999,0.74774,-0.651914835,0.733701735,0.114440625
1764505208.1402268,1.57178,0.8087799999999999,0.74774,-0.651914835,0.733701735,0.114440625
1764505208.1402268,1.57178,0.8087799999999999,0.74774,-0.651914835,0.733701735,0.114440625
1764505208.1402268,0.97664,-0.01526,1.93802,-0.65246415,0.73534968,0.11633271
1764505208.1402268,0.97664,-0.01526,1.93802,-0.65246415,0.73534968,0.11633271
1764505208.1402268,0.97664,-0.01526,1.93802,-0.65246415,0.73534968,0.11633271
1764505208.1402268,0.97664,-0.01526,1.93802,-0.65246415,0.73534968,0.11633271
1764505208.1402268,0.97664,-0.01526,1.93802,-0.65246415,0.73534968,0.11633271
1764505208.1402268,0.97664,-0.01526,1.93802,-0.65246415,0.73534968,0.11633271
1764505208.1402268,0.97664,-0.01526,1.93802,-0.65246415,0.73534968,0.11633271
1764505208.1412268,0.97664,-0.01526,1.93802,-0.65246415,0.73534968,0.11633271
1764505208.1412268,0.97664,-0.01526,1.93802,-0.65246415,0.73534968,0.11633271
1764505208.1412268,0.97664,-0.01526,1.93802,-0.65246415,0.73534968,0.11633271
1764505208.1412268,-1.3734,-1.38866,2.24322,-0.6543562350000001,0.738340395,0.11682099
1764505208.1412268,-1.3734,-1.38866,2.24322,-0.6543562350000001,0.738340395,0.11682099
1764505208.1412268,-1.3734,-1.38866,2.24322,-0.6543562350000001,0.738340395,0.11682099
1764505208.1412268,-1.3734,-1.38866,2.24322,-0.6543562350000001,0.738340395,0.11682099
1764505208.1882246,-1.3734,-1.38866,2.24322,-0.6543562350000001,0.738340395,0.11682099
1764505208.1891663,-1.3734,-1.38866,2.24322,-0.6543562350000001,0.738340395,0.11682099
1764505208.1891663,-1.3734,-1.38866,2.24322,-0.6543562350000001,0.738340395,0.11682099
1764505208.1891663,-1.3734,-1.38866,2.24322,-0.6543562350000001,0.738340395,0.11682099
1764505208.1891663,-1.3734,-1.38866,2.24322,-0.6543562350000001,0.738340395,0.11682099
1764505208.1891663,-1.3734,-1.38866,2.24322,-0.6543562350000001,0.738340395,0.11682099
1764505208.1891663,-4.3491,-1.35814,0.1678599999999999,-0.65514969,0.740049375,0.11633271
1764505208.1891663,-4.3491,-1.35814,0.1678599999999999,-0.65514969,0.740049375,0.11633271
1764505208.1901748,-4.3491,-1.35814,0.1678599999999999,-0.65514969,0.740049375,0.11633271
1764505208.1901748,-4.3491,-1.35814,0.1678599999999999,-0.65514969,0.740049375,0.11633271
1764505208.1901748,-4.3491,-1.35814,0.1678599999999999,-0.65514969,0.740049375,0.11633271
1764505208.1901748,-4.3491,-1.35814,0.1678599999999999,-0.65514969,0.740049375,0.11633271
1764505208.1901748,-4.3491,-1.35814,0.1678599999999999,-0.65514969,0.740049375,0.11633271
1764505208.1901748,-4.3491,-1.35814,0.1678599999999999,-0.65514969,0.740049375,0.11633271
1764505208.1901748,-4.3491,-1.35814,0.1678599999999999,-0.65514969,0.740049375,0.11633271
1764505208.1901748,-4.3491,-1.35814,0.1678599999999999,-0.65514969,0.740049375,0.11633271
1764505208.1901748,-6.28712,0.57988,-1.64808,-0.653257605,0.7377300450000001,0.114806835
1764505208.1901748,-6.28712,0.57988,-1.64808,-0.653257605,0.7377300450000001,0.114806835
1764505208.1901748,-6.28712,0.57988,-1.64808,-0.653257605,0.7377300450000001,0.114806835
1764505208.1901748,-6.28712,0.57988,-1.64808,-0.653257605,0.7377300450000001,0.114806835
1764505208.1901748,-6.28712,0.57988,-1.64808,-0.653257605,0.7377300450000001,0.114806835
1764505208.1901748,-6.28712,0.57988,-1.64808,-0.653257605,0.7377300450000001,0.114806835
1764505208.23269,-6.28712,0.57988,-1.64808,-0.653257605,0.7377300450000001,0.114806835
1764505208.23269,-6.28712,0.57988,-1.64808,-0.653257605,0.7377300450000001,0.114806835
1764505208.2336886,-6.28712,0.57988,-1.64808,-0.653257605,0.7377300450000001,0.114806835
1764505208.2336886,-6.28712,0.57988,-1.64808,-0.653257605,0.7377300450000001,0.114806835
1764505208.2336886,-7.43162,1.4497,-1.89224,-0.65112138,0.73498347,0.11022921
1764505208.2336886,-7.43162,1.4497,-1.89224,-0.65112138,0.73498347,0.11022921
1764505208.2336886,-7.43162,1.4497,-1.89224,-0.65112138,0.73498347,0.11022921
1764505208.2336886,-7.43162,1.4497,-1.89224,-0.65112138,0.73498347,0.11022921
1764505208.2346866,-7.43162,1.4497,-1.89224,-0.65112138,0.73498347,0.11022921
1764505208.2346866,-7.43162,1.4497,-1.89224,-0.65112138,0.73498347,0.11022921
1764505208.2346866,-7.43162,1.4497,-1.89224,-0.65112138,0.73498347,0.11022921
1764505208.2346866,-7.43162,1.4497,-1.89224,-0.65112138,0.73498347,0.11022921
1764505208.2346866,-7.43162,1.4497,-1.89224,-0.65112138,0.73498347,0.11022921
1764505208.2346866,-7.43162,1.4497,-1.89224,-0.65112138,0.73498347,0.11022921
1764505208.2346866,-7.446879999999999,1.49548,-0.3815,-0.64990068,0.73303035,0.106750215
1764505208.2346866,-7.446879999999999,1.49548,-0.3815,-0.64990068,0.73303035,0.106750215
1764505208.2346866,-7.446879999999999,1.49548,-0.3815,-0.64990068,0.73303035,0.106750215
1764505208.2346866,-7.446879999999999,1.49548,-0.3815,-0.64990068,0.73303035,0.106750215
1764505208.236192,-7.446879999999999,1.49548,-0.3815,-0.64990068,0.73303035,0.106750215
1764505208.236192,-7.446879999999999,1.49548,-0.3815,-0.64990068,0.73303035,0.106750215
1764505208.236192,-7.446879999999999,1.49548,-0.3815,-0.64990068,0.73303035,0.106750215
1764505208.236192,-7.446879999999999,1.49548,-0.3815,-0.64990068,0.73303035,0.106750215
1764505208.236192,-7.446879999999999,1.49548,-0.3815,-0.64990068,0.73303035,0.106750215
1764505208.236192,-7.446879999999999,1.49548,-0.3815,-0.64990068,0.73303035,0.106750215
1764505208.276297,-5.12736,0.77826,0.85456,-0.64843584,0.73071102,0.104797095
1764505208.276297,-5.12736,0.77826,0.85456,-0.64843584,0.73071102,0.104797095
1764505208.2773185,-5.12736,0.77826,0.85456,-0.64843584,0.73071102,0.104797095
1764505208.2773185,-5.12736,0.77826,0.85456,-0.64843584,0.73071102,0.104797095
1764505208.2773185,-5.12736,0.77826,0.85456,-0.64843584,0.73071102,0.104797095
1764505208.2773185,-5.12736,0.77826,0.85456,-0.64843584,0.73071102,0.104797095
1764505208.2773185,-5.12736,0.77826,0.85456,-0.64843584,0.73071102,0.104797095
1764505208.2773185,-5.12736,0.77826,0.85456,-0.64843584,0.73071102,0.104797095
1764505208.2773185,-5.12736,0.77826,0.85456,-0.64843584,0.73071102,0.104797095
1764505208.2773185,-5.12736,0.77826,0.85456,-0.64843584,0.73071102,0.104797095
1764505208.2773185,-2.4416,1.41918,1.08346,-0.646971,0.7287579,0.104797095
1764505208.2783165,-2.4416,1.41918,1.08346,-0.646971,0.7287579,0.104797095
1764505208.279565,-2.4416,1.41918,1.08346,-0.646971,0.7287579,0.104797095
1764505208.279565,-2.4416,1.41918,1.08346,-0.646971,0.7287579,0.104797095
1764505208.279565,-2.4416,1.41918,1.08346,-0.646971,0.7287579,0.104797095
1764505208.279565,-2.4416,1.41918,1.08346,-0.646971,0.7287579,0.104797095
1764505208.279565,-2.4416,1.41918,1.08346,-0.646971,0.7287579,0.104797095
1764505208.279565,-2.4416,1.41918,1.08346,-0.646971,0.7287579,0.104797095
1764505208.279565,-2.4416,1.41918,1.08346,-0.646971,0.7287579,0.104797095
1764505208.279565,-2.4416,1.41918,1.08346,-0.646971,0.7287579,0.104797095
1764505208.279565,-1.4497,1.12924,1.55652,-0.648008595,0.727964445,0.105285375
1764505208.279565,-1.4497,1.12924,1.55652,-0.648008595,0.727964445,0.105285375
1764505208.3267355,-1.4497,1.12924,1.55652,-0.648008595,0.727964445,0.105285375
1764505208.3267355,-1.4497,1.12924,1.55652,-0.648008595,0.727964445,0.105285375
1764505208.3267355,-1.4497,1.12924,1.55652,-0.648008595,0.727964445,0.105285375
1764505208.3267355,-1.4497,1.12924,1.55652,-0.648008595,0.727964445,0.105285375
1764505208.3267355,-1.4497,1.12924,1.55652,-0.648008595,0.727964445,0.105285375
1764505208.3267355,-1.4497,1.12924,1.55652,-0.648008595,0.727964445,0.105285375
1764505208.3267355,-1.4497,1.12924,1.55652,-0.648008595,0.727964445,0.105285375
1764505208.3267355,-1.4497,1.12924,1.55652,-0.648008595,0.727964445,0.105285375
1764505208.3267355,-1.46496,1.6633399999999998,1.32762,-0.648741015,0.72863583,0.106139865
1764505208.3267355,-1.46496,1.6633399999999998,1.32762,-0.648741015,0.72863583,0.106139865
1764505208.3267355,-1.46496,1.6633399999999998,1.32762,-0.648741015,0.72863583,0.106139865
1764505208.3267355,-1.46496,1.6633399999999998,1.32762,-0.648741015,0.72863583,0.106139865
1764505208.3267355,-1.46496,1.6633399999999998,1.32762,-0.648741015,0.72863583,0.106139865
1764505208.3267355,-1.46496,1.6633399999999998,1.32762,-0.648741015,0.72863583,0.106139865
1764505208.3267355,-1.46496,1.6633399999999998,1.32762,-0.648741015,0.72863583,0.106139865
1764505208.3267355,-1.46496,1.6633399999999998,1.32762,-0.648741015,0.72863583,0.106139865
1764505208.3267355,-1.46496,1.6633399999999998,1.32762,-0.648741015,0.72863583,0.106139865
1764505208.3267355,-1.46496,1.6633399999999998,1.32762,-0.648741015,0.72863583,0.106139865
1764505208.3267355,-2.45686,2.76206,0.96138,-0.648863085,0.730283775,0.106628145
1764505208.3277664,-2.45686,2.76206,0.96138,-0.648863085,0.730283775,0.106628145
1764505208.3277664,-2.45686,2.76206,0.96138,-0.648863085,0.730283775,0.106628145
1764505208.3277664,-2.45686,2.76206,0.96138,-0.648863085,0.730283775,0.106628145
1764505208.3277664,-2.45686,2.76206,0.96138,-0.648863085,0.730283775,0.106628145
1764505208.3277664,-2.45686,2.76206,0.96138,-0.648863085,0.730283775,0.106628145
1764505208.3735502,-2.45686,2.76206,0.96138,-0.648863085,0.730283775,0.106628145
1764505208.3735502,-2.45686,2.76206,0.96138,-0.648863085,0.730283775,0.106628145
1764505208.3735502,-2.45686,2.76206,0.96138,-0.648863085,0.730283775,0.106628145
1764505208.3735502,-2.45686,2.76206,0.96138,-0.648863085,0.730283775,0.106628145
1764505208.3735502,-3.18934,3.2046,0.19838,-0.648496875,0.733335525,0.108581265
1764505208.3735502,-3.18934,3.2046,0.19838,-0.648496875,0.733335525,0.108581265
1764505208.3735502,-3.18934,3.2046,0.19838,-0.648496875,0.733335525,0.108581265
1764505208.3735502,-3.18934,3.2046,0.19838,-0.648496875,0.733335525,0.108581265
1764505208.3735502,-3.18934,3.2046,0.19838,-0.648496875,0.733335525,0.108581265
1764505208.3735502,-3.18934,3.2046,0.19838,-0.648496875,0.733335525,0.108581265
1764505208.3735502,-3.18934,3.2046,0.19838,-0.648496875,0.733335525,0.108581265
1764505208.3735502,-3.18934,3.2046,0.19838,-0.648496875,0.733335525,0.108581265
1764505208.3735502,-3.18934,3.2046,0.19838,-0.648496875,0.733335525,0.108581265
1764505208.3735502,-3.18934,3.2046,0.19838,-0.648496875,0.733335525,0.108581265
1764505208.3735502,-3.15882,2.65524,0.5341,-0.649717575,0.7351055400000001,0.1110837
1764505208.3735502,-3.15882,2.65524,0.5341,-0.649717575,0.7351055400000001,0.1110837
1764505208.3735502,-3.15882,2.65524,0.5341,-0.649717575,0.7351055400000001,0.1110837
1764505208.3735502,-3.15882,2.65524,0.5341,-0.649717575,0.7351055400000001,0.1110837
1764505208.3745518,-3.15882,2.65524,0.5341,-0.649717575,0.7351055400000001,0.1110837
1764505208.3745518,-3.15882,2.65524,0.5341,-0.649717575,0.7351055400000001,0.1110837
1764505208.3745518,-3.15882,2.65524,0.5341,-0.649717575,0.7351055400000001,0.1110837
1764505208.3745518,-3.15882,2.65524,0.5341,-0.649717575,0.7351055400000001,0.1110837
1764505208.3745518,-3.15882,2.65524,0.5341,-0.649717575,0.7351055400000001,0.1110837
1764505208.3745518,-3.15882,2.65524,0.5341,-0.649717575,0.7351055400000001,0.1110837
1764505208.4177191,-3.78448,2.289,0.6409199999999999,-0.65087724,0.735776925,0.11193819
1764505208.4177191,-3.78448,2.289,0.6409199999999999,-0.65087724,0.735776925,0.11193819
1764505208.4177191,-3.78448,2.289,0.6409199999999999,-0.65087724,0.735776925,0.11193819
1764505208.4177191,-3.78448,2.289,0.6409199999999999,-0.65087724,0.735776925,0.11193819
1764505208.4177191,-3.78448,2.289,0.6409199999999999,-0.65087724,0.735776925,0.11193819
1764505208.4177191,-3.78448,2.289,0.6409199999999999,-0.65087724,0.735776925,0.11193819
1764505208.4177191,-3.78448,2.289,0.6409199999999999,-0.65087724,0.735776925,0.11193819
1764505208.4177191,-3.78448,2.289,0.6409199999999999,-0.65087724,0.735776925,0.11193819
1764505208.4177191,-3.78448,2.289,0.6409199999999999,-0.65087724,0.735776925,0.11193819
1764505208.4177191,-3.78448,2.289,0.6409199999999999,-0.65087724,0.735776925,0.11193819
1764505208.4177191,-5.46308,1.2055399999999998,0.39676,-0.65319657,0.735166575,0.111999225
1764505208.4177191,-5.46308,1.2055399999999998,0.39676,-0.65319657,0.735166575,0.111999225
1764505208.4177191,-5.46308,1.2055399999999998,0.39676,-0.65319657,0.735166575,0.111999225
1764505208.4177191,-5.46308,1.2055399999999998,0.39676,-0.65319657,0.735166575,0.111999225
1764505208.418738,-5.46308,1.2055399999999998,0.39676,-0.65319657,0.735166575,0.111999225
1764505208.418738,-5.46308,1.2055399999999998,0.39676,-0.65319657,0.735166575,0.111999225
1764505208.418738,-5.46308,1.2055399999999998,0.39676,-0.65319657,0.735166575,0.111999225
1764505208.418738,-5.46308,1.2055399999999998,0.39676,-0.65319657,0.735166575,0.111999225
1764505208.418738,-5.46308,1.2055399999999998,0.39676,-0.65319657,0.735166575,0.111999225
1764505208.418738,-5.46308,1.2055399999999998,0.39676,-0.65319657,0.735166575,0.111999225
1764505208.418738,-7.12642,1.15976,0.77826,-0.654112095,0.736021065,0.11096163
1764505208.4192555,-7.12642,1.15976,0.77826,-0.654112095,0.736021065,0.11096163
1764505208.4682074,-7.12642,1.15976,0.77826,-0.654112095,0.736021065,0.11096163
1764505208.4682074,-7.12642,1.15976,0.77826,-0.654112095,0.736021065,0.11096163
1764505208.4682074,-7.12642,1.15976,0.77826,-0.654112095,0.736021065,0.11096163
1764505208.4682074,-7.12642,1.15976,0.77826,-0.654112095,0.736021065,0.11096163
1764505208.4682074,-7.12642,1.15976,0.77826,-0.654112095,0.736021065,0.11096163
1764505208.4682074,-7.12642,1.15976,0.77826,-0.654112095,0.736021065,0.11096163
1764505208.4682074,-7.12642,1.15976,0.77826,-0.654112095,0.736021065,0.11096163
1764505208.4682074,-7.12642,1.15976,0.77826,-0.654112095,0.736021065,0.11096163
1764505208.4682074,-8.48456,1.12924,0.9156,-0.654722445,0.73705866,0.10937472
1764505208.4682074,-8.48456,1.12924,0.9156,-0.654722445,0.73705866,0.10937472
1764505208.4682074,-8.48456,1.12924,0.9156,-0.654722445,0.73705866,0.10937472
1764505208.4682074,-8.48456,1.12924,0.9156,-0.654722445,0.73705866,0.10937472
1764505208.4682074,-8.48456,1.12924,0.9156,-0.654722445,0.73705866,0.10937472
1764505208.4682074,-8.48456,1.12924,0.9156,-0.654722445,0.73705866,0.10937472
1764505208.469194,-8.48456,1.12924,0.9156,-0.654722445,0.73705866,0.10937472
1764505208.469194,-8.48456,1.12924,0.9156,-0.654722445,0.73705866,0.10937472
1764505208.469194,-8.48456,1.12924,0.9156,-0.654722445,0.73705866,0.10937472
1764505208.469194,-8.48456,1.12924,0.9156,-0.654722445,0.73705866,0.10937472
1764505208.469194,-8.71346,0.93086,0.8087799999999999,-0.653623815,0.735410715,0.107726775
1764505208.469194,-8.71346,0.93086,0.8087799999999999,-0.653623815,0.735410715,0.107726775
1764505208.469194,-8.71346,0.93086,0.8087799999999999,-0.653623815,0.735410715,0.107726775
1764505208.469194,-8.71346,0.93086,0.8087799999999999,-0.653623815,0.735410715,0.107726775
1764505208.469194,-8.71346,0.93086,0.8087799999999999,-0.653623815,0.735410715,0.107726775
1764505208.4701946,-8.71346,0.93086,0.8087799999999999,-0.653623815,0.735410715,0.107726775
1764505208.5126617,-8.71346,0.93086,0.8087799999999999,-0.653623815,0.735410715,0.107726775
1764505208.5126617,-8.71346,0.93086,0.8087799999999999,-0.653623815,0.735410715,0.107726775
1764505208.5126617,-8.71346,0.93086,0.8087799999999999,-0.653623815,0.735410715,0.107726775
1764505208.5126617,-8.71346,0.93086,0.8087799999999999,-0.653623815,0.735410715,0.107726775
1764505208.5126617,-7.66052,1.03768,0.62566,-0.651426555,0.731870685,0.10754367
1764505208.513169,-7.66052,1.03768,0.62566,-0.651426555,0.731870685,0.10754367
1764505208.513169,-7.66052,1.03768,0.62566,-0.651426555,0.731870685,0.10754367
1764505208.513169,-7.66052,1.03768,0.62566,-0.651426555,0.731870685,0.10754367
1764505208.513169,-7.66052,1.03768,0.62566,-0.651426555,0.731870685,0.10754367
1764505208.513169,-7.66052,1.03768,0.62566,-0.651426555,0.731870685,0.10754367
1764505208.513169,-7.66052,1.03768,0.62566,-0.651426555,0.731870685,0.10754367
1764505208.513169,-7.66052,1.03768,0.62566,-0.651426555,0.731870685,0.10754367
1764505208.513169,-7.66052,1.03768,0.62566,-0.651426555,0.731870685,0.10754367
1764505208.513169,-7.66052,1.03768,0.62566,-0.651426555,0.731870685,0.10754367
1764505208.513169,-5.78354,1.31236,0.3204599999999999,-0.64977861,0.72839169,0.108459195
1764505208.513169,-5.78354,1.31236,0.3204599999999999,-0.64977861,0.72839169,0.108459195
1764505208.513169,-5.78354,1.31236,0.3204599999999999,-0.64977861,0.72839169,0.108459195
1764505208.513169,-5.78354,1.31236,0.3204599999999999,-0.64977861,0.72839169,0.108459195
1764505208.513169,-5.78354,1.31236,0.3204599999999999,-0.64977861,0.72839169,0.108459195
1764505208.513169,-5.78354,1.31236,0.3204599999999999,-0.64977861,0.72839169,0.108459195
1764505208.513169,-5.78354,1.31236,0.3204599999999999,-0.64977861,0.72839169,0.108459195
1764505208.513169,-5.78354,1.31236,0.3204599999999999,-0.64977861,0.72839169,0.108459195
1764505208.513169,-5.78354,1.31236,0.3204599999999999,-0.64977861,0.72839169,0.108459195
1764505208.513169,-5.78354,1.31236,0.3204599999999999,-0.64977861,0.72839169,0.108459195
1764505208.559027,-4.79164,2.4416,-0.21364,-0.64794756,0.7272320250000001,0.10961886
1764505208.559027,-4.79164,2.4416,-0.21364,-0.64794756,0.7272320250000001,0.10961886
1764505208.559027,-4.79164,2.4416,-0.21364,-0.64794756,0.7272320250000001,0.10961886
1764505208.559027,-4.79164,2.4416,-0.21364,-0.64794756,0.7272320250000001,0.10961886
1764505208.559027,-4.79164,2.4416,-0.21364,-0.64794756,0.7272320250000001,0.10961886
1764505208.559027,-4.79164,2.4416,-0.21364,-0.64794756,0.7272320250000001,0.10961886
1764505208.559027,-4.79164,2.4416,-0.21364,-0.64794756,0.7272320250000001,0.10961886
1764505208.559027,-4.79164,2.4416,-0.21364,-0.64794756,0.7272320250000001,0.10961886
1764505208.559027,-4.79164,2.4416,-0.21364,-0.64794756,0.7272320250000001,0.10961886
1764505208.559027,-4.79164,2.4416,-0.21364,-0.64794756,0.7272320250000001,0.10961886
1764505208.559027,-4.02864,2.54842,-0.3815,-0.647398245,0.7288189350000001,0.1086423
1764505208.559027,-4.02864,2.54842,-0.3815,-0.647398245,0.7288189350000001,0.1086423
1764505208.559027,-4.02864,2.54842,-0.3815,-0.647398245,0.7288189350000001,0.1086423
1764505208.560389,-4.02864,2.54842,-0.3815,-0.647398245,0.7288189350000001,0.1086423
1764505208.5625305,-4.02864,2.54842,-0.3815,-0.647398245,0.7288189350000001,0.1086423
1764505208.5625305,-4.02864,2.54842,-0.3815,-0.647398245,0.7288189350000001,0.1086423
1764505208.5625305,-4.02864,2.54842,-0.3815,-0.647398245,0.7288189350000001,0.1086423
1764505208.5625305,-4.02864,2.54842,-0.3815,-0.647398245,0.7288189350000001,0.1086423
1764505208.5625305,-4.02864,2.54842,-0.3815,-0.647398245,0.7288189350000001,0.1086423
1764505208.5625305,-4.02864,2.54842,-0.3815,-0.647398245,0.7288189350000001,0.1086423
1764505208.5625305,-2.92992,1.41918,0.4578,-0.649961715,0.730772055,0.109069545
1764505208.5625305,-2.92992,1.41918,0.4578,-0.649961715,0.730772055,0.109069545
1764505208.5625305,-2.92992,1.41918,0.4578,-0.649961715,0.730772055,0.109069545
1764505208.5625305,-2.92992,1.41918,0.4578,-0.649961715,0.730772055,0.109069545
1764505208.6064303,-2.92992,1.41918,0.4578,-0.649961715,0.730772055,0.109069545
1764505208.6064303,-2.92992,1.41918,0.4578,-0.649961715,0.730772055,0.109069545
1764505208.6064303,-2.92992,1.41918,0.4578,-0.649961715,0.730772055,0.109069545
1764505208.6064303,-2.92992,1.41918,0.4578,-0.649961715,0.730772055,0.109069545
1764505208.6064303,-2.92992,1.41918,0.4578,-0.649961715,0.730772055,0.109069545
1764505208.6064303,-2.92992,1.41918,0.4578,-0.649961715,0.730772055,0.109069545
1764505208.6064303,-2.80784,-0.2289,1.03768,-0.65234208,0.73412898,0.11096163
1764505208.6064303,-2.80784,-0.2289,1.03768,-0.65234208,0.73412898,0.11096163
1764505208.6064303,-2.80784,-0.2289,1.03768,-0.65234208,0.73412898,0.11096163
1764505208.6064303,-2.80784,-0.2289,1.03768,-0.65234208,0.73412898,0.11096163
1764505208.6064303,-2.80784,-0.2289,1.03768,-0.65234208,0.73412898,0.11096163
1764505208.6064303,-2.80784,-0.2289,1.03768,-0.65234208,0.73412898,0.11096163
1764505208.6064303,-2.80784,-0.2289,1.03768,-0.65234208,0.73412898,0.11096163
1764505208.6064303,-2.80784,-0.2289,1.03768,-0.65234208,0.73412898,0.11096163
1764505208.6064303,-2.80784,-0.2289,1.03768,-0.65234208,0.73412898,0.11096163
1764505208.6064303,-2.80784,-0.2289,1.03768,-0.65234208,0.73412898,0.11096163
1764505208.6064303,-3.4335,-0.7019599999999999,-0.3204599999999999,-0.653379675,0.73632624,0.112731645
1764505208.6064303,-3.4335,-0.7019599999999999,-0.3204599999999999,-0.653379675,0.73632624,0.112731645
1764505208.6085134,-3.4335,-0.7019599999999999,-0.3204599999999999,-0.653379675,0.73632624,0.112731645
1764505208.6085134,-3.4335,-0.7019599999999999,-0.3204599999999999,-0.653379675,0.73632624,0.112731645
1764505208.6085134,-3.4335,-0.7019599999999999,-0.3204599999999999,-0.653379675,0.73632624,0.112731645
1764505208.6085134,-3.4335,-0.7019599999999999,-0.3204599999999999,-0.653379675,0.73632624,0.112731645
1764505208.6536698,-3.4335,-0.7019599999999999,-0.3204599999999999,-0.653379675,0.73632624,0.112731645
1764505208.6536698,-3.4335,-0.7019599999999999,-0.3204599999999999,-0.653379675,0.73632624,0.112731645
1764505208.6536698,-3.4335,-0.7019599999999999,-0.3204599999999999,-0.653379675,0.73632624,0.112731645
1764505208.6536698,-3.4335,-0.7019599999999999,-0.3204599999999999,-0.653379675,0.73632624,0.112731645
1764505208.6536698,-5.35626,0.88508,-0.57988,-0.65136552,0.7377300450000001,0.113952345
1764505208.6536698,-5.35626,0.88508,-0.57988,-0.65136552,0.7377300450000001,0.113952345
1764505208.6536698,-5.35626,0.88508,-0.57988,-0.65136552,0.7377300450000001,0.113952345
1764505208.6536698,-5.35626,0.88508,-0.57988,-0.65136552,0.7377300450000001,0.113952345
1764505208.6536698,-5.35626,0.88508,-0.57988,-0.65136552,0.7377300450000001,0.113952345
1764505208.6536698,-5.35626,0.88508,-0.57988,-0.65136552,0.7377300450000001,0.113952345
1764505208.6536698,-5.35626,0.88508,-0.57988,-0.65136552,0.7377300450000001,0.113952345
1764505208.6536698,-5.35626,0.88508,-0.57988,-0.65136552,0.7377300450000001,0.113952345
1764505208.6536698,-5.35626,0.88508,-0.57988,-0.65136552,0.7377300450000001,0.113952345
1764505208.654683,-5.35626,0.88508,-0.57988,-0.65136552,0.7377300450000001,0.113952345
1764505208.654683,-6.62284,1.9838,-0.04578,-0.650938275,0.737974185,0.112365435
1764505208.654683,-6.62284,1.9838,-0.04578,-0.650938275,0.737974185,0.112365435
1764505208.654683,-6.62284,1.9838,-0.04578,-0.650938275,0.737974185,0.112365435
1764505208.654683,-6.62284,1.9838,-0.04578,-0.650938275,0.737974185,0.112365435
1764505208.654683,-6.62284,1.9838,-0.04578,-0.650938275,0.737974185,0.112365435
1764505208.654683,-6.62284,1.9838,-0.04578,-0.650938275,0.737974185,0.112365435
1764505208.654683,-6.62284,1.9838,-0.04578,-0.650938275,0.737974185,0.112365435
1764505208.654683,-6.62284,1.9838,-0.04578,-0.650938275,0.737974185,0.112365435
1764505208.654683,-6.62284,1.9838,-0.04578,-0.650938275,0.737974185,0.112365435
1764505208.654683,-6.62284,1.9838,-0.04578,-0.650938275,0.737974185,0.112365435
1764505208.6996088,-6.91278,1.70912,1.25132,-0.650938275,0.73840143,0.111144735
1764505208.6996088,-6.91278,1.70912,1.25132,-0.650938275,0.73840143,0.111144735
1764505208.6996088,-6.91278,1.70912,1.25132,-0.650938275,0.73840143,0.111144735
1764505208.6996088,-6.91278,1.70912,1.25132,-0.650938275,0.73840143,0.111144735
1764505208.6996088,-6.91278,1.70912,1.25132,-0.650938275,0.73840143,0.111144735
1764505208.6996088,-6.91278,1.70912,1.25132,-0.650938275,0.73840143,0.111144735
1764505208.6996088,-6.91278,1.70912,1.25132,-0.650938275,0.73840143,0.111144735
1764505208.6996088,-6.91278,1.70912,1.25132,-0.650938275,0.73840143,0.111144735
1764505208.6996088,-6.91278,1.70912,1.25132,-0.650938275,0.73840143,0.111144735
1764505208.6996088,-6.91278,1.70912,1.25132,-0.650938275,0.73840143,0.111144735
1764505208.7006223,-8.42352,1.8312,1.2208,-0.650449995,0.73705866,0.11010714
1764505208.7006223,-8.42352,1.8312,1.2208,-0.650449995,0.73705866,0.11010714
1764505208.7006223,-8.42352,1.8312,1.2208,-0.650449995,0.73705866,0.11010714
1764505208.7006223,-8.42352,1.8312,1.2208,-0.650449995,0.73705866,0.11010714
1764505208.7006223,-8.42352,1.8312,1.2208,-0.650449995,0.73705866,0.11010714
1764505208.7006223,-8.42352,1.8312,1.2208,-0.650449995,0.73705866,0.11010714
1764505208.7006223,-8.42352,1.8312,1.2208,-0.650449995,0.73705866,0.11010714
1764505208.7006223,-8.42352,1.8312,1.2208,-0.650449995,0.73705866,0.11010714
1764505208.7006223,-8.42352,1.8312,1.2208,-0.650449995,0.73705866,0.11010714
1764505208.7006223,-8.42352,1.8312,1.2208,-0.650449995,0.73705866,0.11010714
1764505208.7006223,-8.606639999999999,2.57894,0.28994,-0.65160966,0.73388484,0.11083956
1764505208.7006223,-8.606639999999999,2.57894,0.28994,-0.65160966,0.73388484,0.11083956
1764505208.7006223,-8.606639999999999,2.57894,0.28994,-0.65160966,0.73388484,0.11083956
1764505208.7006223,-8.606639999999999,2.57894,0.28994,-0.65160966,0.73388484,0.11083956
1764505208.7466748,-8.606639999999999,2.57894,0.28994,-0.65160966,0.73388484,0.11083956
1764505208.7466748,-8.606639999999999,2.57894,0.28994,-0.65160966,0.73388484,0.11083956
1764505208.7466748,-8.606639999999999,2.57894,0.28994,-0.65160966,0.73388484,0.11083956
1764505208.7466748,-8.606639999999999,2.57894,0.28994,-0.65160966,0.73388484,0.11083956
1764505208.7466748,-8.606639999999999,2.57894,0.28994,-0.65160966,0.73388484,0.11083956
1764505208.7466748,-8.606639999999999,2.57894,0.28994,-0.65160966,0.73388484,0.11083956
1764505208.7466748,-7.263759999999999,1.64808,-0.6103999999999999,-0.652891395,0.729917565,0.111999225
1764505208.7466748,-7.263759999999999,1.64808,-0.6103999999999999,-0.652891395,0.729917565,0.111999225
1764505208.7476892,-7.263759999999999,1.64808,-0.6103999999999999,-0.652891395,0.729917565,0.111999225
1764505208.7476892,-7.263759999999999,1.64808,-0.6103999999999999,-0.652891395,0.729917565,0.111999225
1764505208.7476892,-7.263759999999999,1.64808,-0.6103999999999999,-0.652891395,0.729917565,0.111999225
1764505208.7476892,-7.263759999999999,1.64808,-0.6103999999999999,-0.652891395,0.729917565,0.111999225
1764505208.7476892,-7.263759999999999,1.64808,-0.6103999999999999,-0.652891395,0.729917565,0.111999225
1764505208.7476892,-7.263759999999999,1.64808,-0.6103999999999999,-0.652891395,0.729917565,0.111999225
1764505208.7476892,-7.263759999999999,1.64808,-0.6103999999999999,-0.652891395,0.729917565,0.111999225
1764505208.7476892,-7.263759999999999,1.64808,-0.6103999999999999,-0.652891395,0.729917565,0.111999225
1764505208.7476892,-5.15788,1.63282,-0.79352,-0.65356278,0.7266827100000001,0.112731645
1764505208.7476892,-5.15788,1.63282,-0.79352,-0.65356278,0.7266827100000001,0.112731645
1764505208.7476892,-5.15788,1.63282,-0.79352,-0.65356278,0.7266827100000001,0.112731645
1764505208.7476892,-5.15788,1.63282,-0.79352,-0.65356278,0.7266827100000001,0.112731645
1764505208.7476892,-5.15788,1.63282,-0.79352,-0.65356278,0.7266827100000001,0.112731645
1764505208.7476892,-5.15788,1.63282,-0.79352,-0.65356278,0.7266827100000001,0.112731645
1764505208.7476892,-5.15788,1.63282,-0.79352,-0.65356278,0.7266827100000001,0.112731645
1764505208.7476892,-5.15788,1.63282,-0.79352,-0.65356278,0.7266827100000001,0.112731645
1764505208.7960038,-5.15788,1.63282,-0.79352,-0.65356278,0.7266827100000001,0.112731645
1764505208.807511,-5.15788,1.63282,-0.79352,-0.65356278,0.7266827100000001,0.112731645
1764505208.807511,-2.45686,-0.09156,-0.74774,-0.65344071,0.727354095,0.11267061
1764505208.808517,-2.45686,-0.09156,-0.74774,-0.65344071,0.727354095,0.11267061
1764505208.808517,-2.45686,-0.09156,-0.74774,-0.65344071,0.727354095,0.11267061
1764505208.808517,-2.45686,-0.09156,-0.74774,-0.65344071,0.727354095,0.11267061
1764505208.808517,-2.45686,-0.09156,-0.74774,-0.65344071,0.727354095,0.11267061
1764505208.808517,-2.45686,-0.09156,-0.74774,-0.65344071,0.727354095,0.11267061
1764505208.808517,-2.45686,-0.09156,-0.74774,-0.65344071,0.727354095,0.11267061
1764505208.808517,-2.45686,-0.09156,-0.74774,-0.65344071,0.727354095,0.11267061
1764505208.808517,-2.45686,-0.09156,-0.74774,-0.65344071,0.727354095,0.11267061
1764505208.808517,-2.45686,-0.09156,-0.74774,-0.65344071,0.727354095,0.11267061
1764505208.808517,-2.1364,-0.27468,-0.42728,-0.650205855,0.73107723,0.1123044
1764505208.808517,-2.1364,-0.27468,-0.42728,-0.650205855,0.73107723,0.1123044
1764505208.808517,-2.1364,-0.27468,-0.42728,-0.650205855,0.73107723,0.1123044
1764505208.808517,-2.1364,-0.27468,-0.42728,-0.650205855,0.73107723,0.1123044
1764505208.808517,-2.1364,-0.27468,-0.42728,-0.650205855,0.73107723,0.1123044
1764505208.808517,-2.1364,-0.27468,-0.42728,-0.650205855,0.73107723,0.1123044
1764505208.808517,-2.1364,-0.27468,-0.42728,-0.650205855,0.73107723,0.1123044
1764505208.808517,-2.1364,-0.27468,-0.42728,-0.650205855,0.73107723,0.1123044
1764505208.808517,-2.1364,-0.27468,-0.42728,-0.650205855,0.73107723,0.1123044
1764505208.808517,-2.1364,-0.27468,-0.42728,-0.650205855,0.73107723,0.1123044
1764505208.843093,-3.83026,0.48832,1.25132,-0.648863085,0.734800365,0.112609575
1764505208.843093,-3.83026,0.48832,1.25132,-0.648863085,0.734800365,0.112609575
1764505208.843093,-3.83026,0.48832,1.25132,-0.648863085,0.734800365,0.112609575
1764505208.843093,-3.83026,0.48832,1.25132,-0.648863085,0.734800365,0.112609575
1764505208.843093,-3.83026,0.48832,1.25132,-0.648863085,0.734800365,0.112609575
1764505208.843093,-3.83026,0.48832,1.25132,-0.648863085,0.734800365,0.112609575
1764505208.843093,-3.83026,0.48832,1.25132,-0.648863085,0.734800365,0.112609575
1764505208.843093,-3.83026,0.48832,1.25132,-0.648863085,0.734800365,0.112609575
1764505208.843093,-3.83026,0.48832,1.25132,-0.648863085,0.734800365,0.112609575
1764505208.843093,-3.83026,0.48832,1.25132,-0.648863085,0.734800365,0.112609575
1764505208.843093,-5.53938,0.44254,1.57178,-0.64880205,0.73815729,0.112487505
1764505208.843093,-5.53938,0.44254,1.57178,-0.64880205,0.73815729,0.112487505
1764505208.843093,-5.53938,0.44254,1.57178,-0.64880205,0.73815729,0.112487505
1764505208.843093,-5.53938,0.44254,1.57178,-0.64880205,0.73815729,0.112487505
1764505208.843093,-5.53938,0.44254,1.57178,-0.64880205,0.73815729,0.112487505
1764505208.843093,-5.53938,0.44254,1.57178,-0.64880205,0.73815729,0.112487505
1764505208.843093,-5.53938,0.44254,1.57178,-0.64880205,0.73815729,0.112487505
1764505208.843093,-5.53938,0.44254,1.57178,-0.64880205,0.73815729,0.112487505
1764505208.843093,-5.53938,0.44254,1.57178,-0.64880205,0.73815729,0.112487505
1764505208.843093,-5.53938,0.44254,1.57178,-0.64880205,0.73815729,0.112487505
1764505208.843093,-7.66052,1.32762,1.02242,-0.648741015,0.73901178,0.11279268
1764505208.843093,-7.66052,1.32762,1.02242,-0.648741015,0.73901178,0.11279268
1764505208.843093,-7.66052,1.32762,1.02242,-0.648741015,0.73901178,0.11279268
1764505208.843093,-7.66052,1.32762,1.02242,-0.648741015,0.73901178,0.11279268
1764505208.8889902,-7.66052,1.32762,1.02242,-0.648741015,0.73901178,0.11279268
1764505208.8889902,-7.66052,1.32762,1.02242,-0.648741015,0.73901178,0.11279268
1764505208.8889902,-7.66052,1.32762,1.02242,-0.648741015,0.73901178,0.11279268
1764505208.8889902,-7.66052,1.32762,1.02242,-0.648741015,0.73901178,0.11279268
1764505208.8889902,-7.66052,1.32762,1.02242,-0.648741015,0.73901178,0.11279268
1764505208.8895175,-7.66052,1.32762,1.02242,-0.648741015,0.73901178,0.11279268
1764505208.8895175,-8.65242,2.289,-0.9156,-0.648374805,0.736509345,0.112975785
1764505208.8895175,-8.65242,2.289,-0.9156,-0.648374805,0.736509345,0.112975785
1764505208.8895175,-8.65242,2.289,-0.9156,-0.648374805,0.736509345,0.112975785
1764505208.8895175,-8.65242,2.289,-0.9156,-0.648374805,0.736509345,0.112975785
1764505208.8895175,-8.65242,2.289,-0.9156,-0.648374805,0.736509345,0.112975785
1764505208.8895175,-8.65242,2.289,-0.9156,-0.648374805,0.736509345,0.112975785
1764505208.8895175,-8.65242,2.289,-0.9156,-0.648374805,0.736509345,0.112975785
1764505208.8895175,-8.65242,2.289,-0.9156,-0.648374805,0.736509345,0.112975785
1764505208.8895175,-8.65242,2.289,-0.9156,-0.648374805,0.736509345,0.112975785
1764505208.8895175,-8.65242,2.289,-0.9156,-0.648374805,0.736509345,0.112975785
1764505208.8895175,-8.05728,3.00622,-0.59514,-0.649473435,0.73217586,0.112731645
1764505208.8895175,-8.05728,3.00622,-0.59514,-0.649473435,0.73217586,0.112731645
1764505208.8895175,-8.05728,3.00622,-0.59514,-0.649473435,0.73217586,0.112731645
1764505208.8895175,-8.05728,3.00622,-0.59514,-0.649473435,0.73217586,0.112731645
1764505208.8895175,-8.05728,3.00622,-0.59514,-0.649473435,0.73217586,0.112731645
1764505208.8895175,-8.05728,3.00622,-0.59514,-0.649473435,0.73217586,0.112731645
1764505208.8895175,-8.05728,3.00622,-0.59514,-0.649473435,0.73217586,0.112731645
1764505208.8895175,-8.05728,3.00622,-0.59514,-0.649473435,0.73217586,0.112731645
1764505208.936434,-8.05728,3.00622,-0.59514,-0.649473435,0.73217586,0.112731645
1764505208.936434,-8.05728,3.00622,-0.59514,-0.649473435,0.73217586,0.112731645
1764505208.936434,-7.15694,3.25038,0.27468,-0.651060345,0.72912411,0.111633015
1764505208.936434,-7.15694,3.25038,0.27468,-0.651060345,0.72912411,0.111633015
1764505208.936434,-7.15694,3.25038,0.27468,-0.651060345,0.72912411,0.111633015
1764505208.936434,-7.15694,3.25038,0.27468,-0.651060345,0.72912411,0.111633015
1764505208.936434,-7.15694,3.25038,0.27468,-0.651060345,0.72912411,0.111633015
1764505208.936434,-7.15694,3.25038,0.27468,-0.651060345,0.72912411,0.111633015
1764505208.936434,-7.15694,3.25038,0.27468,-0.651060345,0.72912411,0.111633015
1764505208.9369423,-7.15694,3.25038,0.27468,-0.651060345,0.72912411,0.111633015
1764505208.9369423,-7.15694,3.25038,0.27468,-0.651060345,0.72912411,0.111633015
1764505208.9369423,-7.15694,3.25038,0.27468,-0.651060345,0.72912411,0.111633015
1764505208.9369423,-4.8832,1.28184,0.73248,-0.652158975,0.727964445,0.11206026
1764505208.9369423,-4.8832,1.28184,0.73248,-0.652158975,0.727964445,0.11206026
1764505208.9369423,-4.8832,1.28184,0.73248,-0.652158975,0.727964445,0.11206026
1764505208.9369423,-4.8832,1.28184,0.73248,-0.652158975,0.727964445,0.11206026
1764505208.9369423,-4.8832,1.28184,0.73248,-0.652158975,0.727964445,0.11206026
1764505208.9369423,-4.8832,1.28184,0.73248,-0.652158975,0.727964445,0.11206026
1764505208.9369423,-4.8832,1.28184,0.73248,-0.652158975,0.727964445,0.11206026
1764505208.9369423,-4.8832,1.28184,0.73248,-0.652158975,0.727964445,0.11206026
1764505208.9369423,-4.8832,1.28184,0.73248,-0.652158975,0.727964445,0.11206026
1764505208.9369423,-4.8832,1.28184,0.73248,-0.652158975,0.727964445,0.11206026
1764505208.983303,-3.14356,0.62566,1.09872,-0.652158975,0.72814755,0.112975785
1764505208.983303,-3.14356,0.62566,1.09872,-0.652158975,0.72814755,0.112975785
1764505208.983303,-3.14356,0.62566,1.09872,-0.652158975,0.72814755,0.112975785
1764505208.983303,-3.14356,0.62566,1.09872,-0.652158975,0.72814755,0.112975785
1764505208.983303,-3.14356,0.62566,1.09872,-0.652158975,0.72814755,0.112975785
1764505208.983303,-3.14356,0.62566,1.09872,-0.652158975,0.72814755,0.112975785
1764505208.983303,-3.14356,0.62566,1.09872,-0.652158975,0.72814755,0.112975785
1764505208.983303,-3.14356,0.62566,1.09872,-0.652158975,0.72814755,0.112975785
1764505208.983303,-3.14356,0.62566,1.09872,-0.652158975,0.72814755,0.112975785
1764505208.983303,-3.14356,0.62566,1.09872,-0.652158975,0.72814755,0.112975785
1764505208.983303,-2.5942,0.65618,1.526,-0.652647255,0.729795495,0.11291475
1764505208.983303,-2.5942,0.65618,1.526,-0.652647255,0.729795495,0.11291475
1764505208.983303,-2.5942,0.65618,1.526,-0.652647255,0.729795495,0.11291475
1764505208.983303,-2.5942,0.65618,1.526,-0.652647255,0.729795495,0.11291475
1764505208.983303,-2.5942,0.65618,1.526,-0.652647255,0.729795495,0.11291475
1764505208.983303,-2.5942,0.65618,1.526,-0.652647255,0.729795495,0.11291475
1764505208.983303,-2.5942,0.65618,1.526,-0.652647255,0.729795495,0.11291475
1764505208.983303,-2.5942,0.65618,1.526,-0.652647255,0.729795495,0.11291475
1764505208.983303,-2.5942,0.65618,1.526,-0.652647255,0.729795495,0.11291475
1764505208.983303,-2.5942,0.65618,1.526,-0.652647255,0.729795495,0.11291475
1764505208.983303,-4.059159999999999,0.50358,0.36624,-0.653379675,0.73290828,0.113097855
1764505208.983303,-4.059159999999999,0.50358,0.36624,-0.653379675,0.73290828,0.113097855
1764505208.983303,-4.059159999999999,0.50358,0.36624,-0.653379675,0.73290828,0.113097855
1764505208.983303,-4.059159999999999,0.50358,0.36624,-0.653379675,0.73290828,0.113097855
1764505209.0309212,-4.059159999999999,0.50358,0.36624,-0.653379675,0.73290828,0.113097855
1764505209.0309212,-4.059159999999999,0.50358,0.36624,-0.653379675,0.73290828,0.113097855
1764505209.0309212,-4.059159999999999,0.50358,0.36624,-0.653379675,0.73290828,0.113097855
1764505209.0309212,-4.059159999999999,0.50358,0.36624,-0.653379675,0.73290828,0.113097855
1764505209.0309212,-4.059159999999999,0.50358,0.36624,-0.653379675,0.73290828,0.113097855
1764505209.0309212,-4.059159999999999,0.50358,0.36624,-0.653379675,0.73290828,0.113097855
1764505209.0309212,-4.25754,0.50358,-0.28994,-0.65148759,0.734312085,0.114074415
1764505209.0309212,-4.25754,0.50358,-0.28994,-0.65148759,0.734312085,0.114074415
1764505209.0309212,-4.25754,0.50358,-0.28994,-0.65148759,0.734312085,0.114074415
1764505209.0309212,-4.25754,0.50358,-0.28994,-0.65148759,0.734312085,0.114074415
1764505209.0309212,-4.25754,0.50358,-0.28994,-0.65148759,0.734312085,0.114074415
1764505209.0309212,-4.25754,0.50358,-0.28994,-0.65148759,0.734312085,0.114074415
1764505209.0309212,-4.25754,0.50358,-0.28994,-0.65148759,0.734312085,0.114074415
1764505209.0309212,-4.25754,0.50358,-0.28994,-0.65148759,0.734312085,0.114074415
1764505209.0309212,-4.25754,0.50358,-0.28994,-0.65148759,0.734312085,0.114074415
1764505209.0309212,-4.25754,0.50358,-0.28994,-0.65148759,0.734312085,0.114074415
1764505209.0309212,-4.01338,0.94612,-0.03052,-0.650938275,0.7351055400000001,0.11511201
1764505209.0309212,-4.01338,0.94612,-0.03052,-0.650938275,0.7351055400000001,0.11511201
1764505209.0309212,-4.01338,0.94612,-0.03052,-0.650938275,0.7351055400000001,0.11511201
1764505209.0309212,-4.01338,0.94612,-0.03052,-0.650938275,0.7351055400000001,0.11511201
1764505209.0309212,-4.01338,0.94612,-0.03052,-0.650938275,0.7351055400000001,0.11511201
1764505209.0309212,-4.01338,0.94612,-0.03052,-0.650938275,0.7351055400000001,0.11511201
1764505209.0309212,-4.01338,0.94612,-0.03052,-0.650938275,0.7351055400000001,0.11511201
1764505209.0309212,-4.01338,0.94612,-0.03052,-0.650938275,0.7351055400000001,0.11511201
1764505209.075823,-4.01338,0.94612,-0.03052,-0.650938275,0.7351055400000001,0.11511201
1764505209.075823,-4.01338,0.94612,-0.03052,-0.650938275,0.7351055400000001,0.11511201
1764505209.076342,-5.997179999999999,2.31952,0.5341,-0.64990068,0.735898995,0.115050975
1764505209.076342,-5.997179999999999,2.31952,0.5341,-0.64990068,0.735898995,0.115050975
1764505209.076342,-5.997179999999999,2.31952,0.5341,-0.64990068,0.735898995,0.115050975
1764505209.076342,-5.997179999999999,2.31952,0.5341,-0.64990068,0.735898995,0.115050975
1764505209.076342,-5.997179999999999,2.31952,0.5341,-0.64990068,0.735898995,0.115050975
1764505209.076342,-5.997179999999999,2.31952,0.5341,-0.64990068,0.735898995,0.115050975
1764505209.076342,-5.997179999999999,2.31952,0.5341,-0.64990068,0.735898995,0.115050975
1764505209.076342,-5.997179999999999,2.31952,0.5341,-0.64990068,0.735898995,0.115050975
1764505209.076342,-5.997179999999999,2.31952,0.5341,-0.64990068,0.735898995,0.115050975
1764505209.076342,-5.997179999999999,2.31952,0.5341,-0.64990068,0.735898995,0.115050975
1764505209.076342,-7.11116,1.6786,0.04578,-0.65002275,0.73547175,0.11437959
1764505209.076342,-7.11116,1.6786,0.04578,-0.65002275,0.73547175,0.11437959
1764505209.076342,-7.11116,1.6786,0.04578,-0.65002275,0.73547175,0.11437959
1764505209.076342,-7.11116,1.6786,0.04578,-0.65002275,0.73547175,0.11437959
1764505209.076342,-7.11116,1.6786,0.04578,-0.65002275,0.73547175,0.11437959
1764505209.076342,-7.11116,1.6786,0.04578,-0.65002275,0.73547175,0.11437959
1764505209.076342,-7.11116,1.6786,0.04578,-0.65002275,0.73547175,0.11437959
1764505209.076342,-7.11116,1.6786,0.04578,-0.65002275,0.73547175,0.11437959
1764505209.076342,-7.11116,1.6786,0.04578,-0.65002275,0.73547175,0.11437959
1764505209.0768948,-7.11116,1.6786,0.04578,-0.65002275,0.73547175,0.11437959
1764505209.0768948,-7.340059999999999,1.48022,0.25942,-0.651060345,0.7351055400000001,0.113586135
1764505209.0768948,-7.340059999999999,1.48022,0.25942,-0.651060345,0.7351055400000001,0.113586135
1764505209.1252484,-7.340059999999999,1.48022,0.25942,-0.651060345,0.7351055400000001,0.113586135
1764505209.1252484,-7.340059999999999,1.48022,0.25942,-0.651060345,0.7351055400000001,0.113586135
1764505209.1252484,-7.340059999999999,1.48022,0.25942,-0.651060345,0.7351055400000001,0.113586135
1764505209.1252484,-7.340059999999999,1.48022,0.25942,-0.651060345,0.7351055400000001,0.113586135
1764505209.1252484,-7.340059999999999,1.48022,0.25942,-0.651060345,0.7351055400000001,0.113586135
1764505209.1252484,-7.340059999999999,1.48022,0.25942,-0.651060345,0.7351055400000001,0.113586135
1764505209.1252484,-7.340059999999999,1.48022,0.25942,-0.651060345,0.7351055400000001,0.113586135
1764505209.1252484,-7.340059999999999,1.48022,0.25942,-0.651060345,0.7351055400000001,0.113586135
1764505209.1252484,-6.57706,1.28184,0.41202,-0.651182415,0.73278621,0.11279268
1764505209.1252484,-6.57706,1.28184,0.41202,-0.651182415,0.73278621,0.11279268
1764505209.1252484,-6.57706,1.28184,0.41202,-0.651182415,0.73278621,0.11279268
1764505209.1252484,-6.57706,1.28184,0.41202,-0.651182415,0.73278621,0.11279268
1764505209.1252484,-6.57706,1.28184,0.41202,-0.651182415,0.73278621,0.11279268
1764505209.1252484,-6.57706,1.28184,0.41202,-0.651182415,0.73278621,0.11279268
1764505209.1252484,-6.57706,1.28184,0.41202,-0.651182415,0.73278621,0.11279268
1764505209.1267648,-6.57706,1.28184,0.41202,-0.651182415,0.73278621,0.11279268
1764505209.1267648,-6.57706,1.28184,0.41202,-0.651182415,0.73278621,0.11279268
1764505209.1267648,-6.57706,1.28184,0.41202,-0.651182415,0.73278621,0.11279268
1764505209.1267648,-5.4936,1.51074,0.3509799999999999,-0.65234208,0.7303448100000001,0.112609575
1764505209.1267648,-5.4936,1.51074,0.3509799999999999,-0.65234208,0.7303448100000001,0.112609575
1764505209.1267648,-5.4936,1.51074,0.3509799999999999,-0.65234208,0.7303448100000001,0.112609575
1764505209.1267648,-5.4936,1.51074,0.3509799999999999,-0.65234208,0.7303448100000001,0.112609575
1764505209.1267648,-5.4936,1.51074,0.3509799999999999,-0.65234208,0.7303448100000001,0.112609575
1764505209.1267648,-5.4936,1.51074,0.3509799999999999,-0.65234208,0.7303448100000001,0.112609575
1764505209.1698115,-5.4936,1.51074,0.3509799999999999,-0.65234208,0.7303448100000001,0.112609575
1764505209.1698115,-5.4936,1.51074,0.3509799999999999,-0.65234208,0.7303448100000001,0.112609575
1764505209.1698115,-5.4936,1.51074,0.3509799999999999,-0.65234208,0.7303448100000001,0.112609575
1764505209.1698115,-5.4936,1.51074,0.3509799999999999,-0.65234208,0.7303448100000001,0.112609575
1764505209.170923,-4.48644,1.09872,0.13734,-0.651060345,0.7287579,0.112609575
1764505209.170923,-4.48644,1.09872,0.13734,-0.651060345,0.7287579,0.112609575
1764505209.170923,-4.48644,1.09872,0.13734,-0.651060345,0.7287579,0.112609575
1764505209.170923,-4.48644,1.09872,0.13734,-0.651060345,0.7287579,0.112609575
1764505209.170923,-4.48644,1.09872,0.13734,-0.651060345,0.7287579,0.112609575
1764505209.170923,-4.48644,1.09872,0.13734,-0.651060345,0.7287579,0.112609575
1764505209.170923,-4.48644,1.09872,0.13734,-0.651060345,0.7287579,0.112609575
1764505209.170923,-4.48644,1.09872,0.13734,-0.651060345,0.7287579,0.112609575
1764505209.170923,-4.48644,1.09872,0.13734,-0.651060345,0.7287579,0.112609575
1764505209.170923,-4.48644,1.09872,0.13734,-0.651060345,0.7287579,0.112609575
1764505209.170923,-3.23512,1.95328,0.48832,-0.649473435,0.72924618,0.11291475
1764505209.170923,-3.23512,1.95328,0.48832,-0.649473435,0.72924618,0.11291475
1764505209.170923,-3.23512,1.95328,0.48832,-0.649473435,0.72924618,0.11291475
1764505209.170923,-3.23512,1.95328,0.48832,-0.649473435,0.72924618,0.11291475
1764505209.170923,-3.23512,1.95328,0.48832,-0.649473435,0.72924618,0.11291475
1764505209.170923,-3.23512,1.95328,0.48832,-0.649473435,0.72924618,0.11291475
1764505209.170923,-3.23512,1.95328,0.48832,-0.649473435,0.72924618,0.11291475
1764505209.170923,-3.23512,1.95328,0.48832,-0.649473435,0.72924618,0.11291475
1764505209.215053,-3.23512,1.95328,0.48832,-0.649473435,0.72924618,0.11291475
1764505209.215053,-3.23512,1.95328,0.48832,-0.649473435,0.72924618,0.11291475
1764505209.215053,-2.41108,0.8392999999999999,0.7019599999999999,-0.65051103,0.731016195,0.113586135
1764505209.215053,-2.41108,0.8392999999999999,0.7019599999999999,-0.65051103,0.731016195,0.113586135
1764505209.215053,-2.41108,0.8392999999999999,0.7019599999999999,-0.65051103,0.731016195,0.113586135
1764505209.215053,-2.41108,0.8392999999999999,0.7019599999999999,-0.65051103,0.731016195,0.113586135
1764505209.215053,-2.41108,0.8392999999999999,0.7019599999999999,-0.65051103,0.731016195,0.113586135
1764505209.215053,-2.41108,0.8392999999999999,0.7019599999999999,-0.65051103,0.731016195,0.113586135
1764505209.215053,-2.41108,0.8392999999999999,0.7019599999999999,-0.65051103,0.731016195,0.113586135
1764505209.215053,-2.41108,0.8392999999999999,0.7019599999999999,-0.65051103,0.731016195,0.113586135
1764505209.215053,-2.41108,0.8392999999999999,0.7019599999999999,-0.65051103,0.731016195,0.113586135
1764505209.215053,-2.41108,0.8392999999999999,0.7019599999999999,-0.65051103,0.731016195,0.113586135
1764505209.215053,-3.93708,1.41918,0.21364,-0.648741015,0.733701735,0.11450166
1764505209.215053,-3.93708,1.41918,0.21364,-0.648741015,0.733701735,0.11450166
1764505209.215053,-3.93708,1.41918,0.21364,-0.648741015,0.733701735,0.11450166
1764505209.215053,-3.93708,1.41918,0.21364,-0.648741015,0.733701735,0.11450166
1764505209.215053,-3.93708,1.41918,0.21364,-0.648741015,0.733701735,0.11450166
1764505209.215053,-3.93708,1.41918,0.21364,-0.648741015,0.733701735,0.11450166
1764505209.215053,-3.93708,1.41918,0.21364,-0.648741015,0.733701735,0.11450166
1764505209.215053,-3.93708,1.41918,0.21364,-0.648741015,0.733701735,0.11450166
1764505209.215053,-3.93708,1.41918,0.21364,-0.648741015,0.733701735,0.11450166
1764505209.215053,-3.93708,1.41918,0.21364,-0.648741015,0.733701735,0.11450166
1764505209.262229,-5.60042,2.47212,-1.2971,-0.6457503,0.733823805,0.114684765
1764505209.262229,-5.60042,2.47212,-1.2971,-0.6457503,0.733823805,0.114684765
1764505209.262229,-5.60042,2.47212,-1.2971,-0.6457503,0.733823805,0.114684765
1764505209.262229,-5.60042,2.47212,-1.2971,-0.6457503,0.733823805,0.114684765
1764505209.262229,-5.60042,2.47212,-1.2971,-0.6457503,0.733823805,0.114684765
1764505209.262229,-5.60042,2.47212,-1.2971,-0.6457503,0.733823805,0.114684765
1764505209.262229,-5.60042,2.47212,-1.2971,-0.6457503,0.733823805,0.114684765
1764505209.262229,-5.60042,2.47212,-1.2971,-0.6457503,0.733823805,0.114684765
1764505209.262229,-5.60042,2.47212,-1.2971,-0.6457503,0.733823805,0.114684765
1764505209.262229,-5.60042,2.47212,-1.2971,-0.6457503,0.733823805,0.114684765
1764505209.262229,-5.20366,4.2728,-0.74774,-0.6454451250000001,0.731992755,0.11462373
1764505209.262229,-5.20366,4.2728,-0.74774,-0.6454451250000001,0.731992755,0.11462373
1764505209.262229,-5.20366,4.2728,-0.74774,-0.6454451250000001,0.731992755,0.11462373
1764505209.262229,-5.20366,4.2728,-0.74774,-0.6454451250000001,0.731992755,0.11462373
1764505209.262229,-5.20366,4.2728,-0.74774,-0.6454451250000001,0.731992755,0.11462373
1764505209.262229,-5.20366,4.2728,-0.74774,-0.6454451250000001,0.731992755,0.11462373
1764505209.2632089,-5.20366,4.2728,-0.74774,-0.6454451250000001,0.731992755,0.11462373
1764505209.2632089,-5.20366,4.2728,-0.74774,-0.6454451250000001,0.731992755,0.11462373
1764505209.2632089,-5.20366,4.2728,-0.74774,-0.6454451250000001,0.731992755,0.11462373
1764505209.2642052,-5.20366,4.2728,-0.74774,-0.6454451250000001,0.731992755,0.11462373
1764505209.2642052,-4.51696,3.2809,0.763,-0.649473435,0.73242,0.11242647
1764505209.2642052,-4.51696,3.2809,0.763,-0.649473435,0.73242,0.11242647
1764505209.2642052,-4.51696,3.2809,0.763,-0.649473435,0.73242,0.11242647
1764505209.2642052,-4.51696,3.2809,0.763,-0.649473435,0.73242,0.11242647
1764505209.3090916,-4.51696,3.2809,0.763,-0.649473435,0.73242,0.11242647
1764505209.3090916,-4.51696,3.2809,0.763,-0.649473435,0.73242,0.11242647
1764505209.3090916,-4.51696,3.2809,0.763,-0.649473435,0.73242,0.11242647
1764505209.3090916,-4.51696,3.2809,0.763,-0.649473435,0.73242,0.11242647
1764505209.3090916,-4.51696,3.2809,0.763,-0.649473435,0.73242,0.11242647
1764505209.3090916,-4.51696,3.2809,0.763,-0.649473435,0.73242,0.11242647
1764505209.3090916,-4.39488,1.9075,0.3051999999999999,-0.653379675,0.733823805,0.11193819
1764505209.3090916,-4.39488,1.9075,0.3051999999999999,-0.653379675,0.733823805,0.11193819
1764505209.3090916,-4.39488,1.9075,0.3051999999999999,-0.653379675,0.733823805,0.11193819
1764505209.3090916,-4.39488,1.9075,0.3051999999999999,-0.653379675,0.733823805,0.11193819
1764505209.3090916,-4.39488,1.9075,0.3051999999999999,-0.653379675,0.733823805,0.11193819
1764505209.3090916,-4.39488,1.9075,0.3051999999999999,-0.653379675,0.733823805,0.11193819
1764505209.3090916,-4.39488,1.9075,0.3051999999999999,-0.653379675,0.733823805,0.11193819
1764505209.3090916,-4.39488,1.9075,0.3051999999999999,-0.653379675,0.733823805,0.11193819
1764505209.3090916,-4.39488,1.9075,0.3051999999999999,-0.653379675,0.733823805,0.11193819
1764505209.3090916,-4.39488,1.9075,0.3051999999999999,-0.653379675,0.733823805,0.11193819
1764505209.311086,-5.06632,2.56368,-0.44254,-0.654844515,0.733823805,0.112121295
1764505209.311086,-5.06632,2.56368,-0.44254,-0.654844515,0.733823805,0.112121295
1764505209.311086,-5.06632,2.56368,-0.44254,-0.654844515,0.733823805,0.112121295
1764505209.311086,-5.06632,2.56368,-0.44254,-0.654844515,0.733823805,0.112121295
1764505209.311086,-5.06632,2.56368,-0.44254,-0.654844515,0.733823805,0.112121295
1764505209.311086,-5.06632,2.56368,-0.44254,-0.654844515,0.733823805,0.112121295
1764505209.311086,-5.06632,2.56368,-0.44254,-0.654844515,0.733823805,0.112121295
1764505209.311086,-5.06632,2.56368,-0.44254,-0.654844515,0.733823805,0.112121295
1764505209.3560736,-5.06632,2.56368,-0.44254,-0.654844515,0.733823805,0.112121295
1764505209.3560736,-5.06632,2.56368,-0.44254,-0.654844515,0.733823805,0.112121295
1764505209.3560736,-5.12736,2.7468,-0.09156,-0.65661453,0.73376277,0.112365435
1764505209.3560736,-5.12736,2.7468,-0.09156,-0.65661453,0.73376277,0.112365435
1764505209.3560736,-5.12736,2.7468,-0.09156,-0.65661453,0.73376277,0.112365435
1764505209.3560736,-5.12736,2.7468,-0.09156,-0.65661453,0.73376277,0.112365435
1764505209.3560736,-5.12736,2.7468,-0.09156,-0.65661453,0.73376277,0.112365435
1764505209.3560736,-5.12736,2.7468,-0.09156,-0.65661453,0.73376277,0.112365435
1764505209.3560736,-5.12736,2.7468,-0.09156,-0.65661453,0.73376277,0.112365435
1764505209.3560736,-5.12736,2.7468,-0.09156,-0.65661453,0.73376277,0.112365435
1764505209.3560736,-5.12736,2.7468,-0.09156,-0.65661453,0.73376277,0.112365435
1764505209.3566055,-5.12736,2.7468,-0.09156,-0.65661453,0.73376277,0.112365435
1764505209.3566055,-4.56274,1.89224,1.2055399999999998,-0.658262475,0.73303035,0.11279268
1764505209.3566055,-4.56274,1.89224,1.2055399999999998,-0.658262475,0.73303035,0.11279268
1764505209.3566055,-4.56274,1.89224,1.2055399999999998,-0.658262475,0.73303035,0.11279268
1764505209.3566055,-4.56274,1.89224,1.2055399999999998,-0.658262475,0.73303035,0.11279268
1764505209.3566055,-4.56274,1.89224,1.2055399999999998,-0.658262475,0.73303035,0.11279268
1764505209.3566055,-4.56274,1.89224,1.2055399999999998,-0.658262475,0.73303035,0.11279268
1764505209.3566055,-4.56274,1.89224,1.2055399999999998,-0.658262475,0.73303035,0.11279268
1764505209.3566055,-4.56274,1.89224,1.2055399999999998,-0.658262475,0.73303035,0.11279268
1764505209.3566055,-4.56274,1.89224,1.2055399999999998,-0.658262475,0.73303035,0.11279268
1764505209.3566055,-4.56274,1.89224,1.2055399999999998,-0.658262475,0.73303035,0.11279268
1764505209.3566055,-4.8832,0.79352,1.43444,-0.65637039,0.732114825,0.114074415
1764505209.3566055,-4.8832,0.79352,1.43444,-0.65637039,0.732114825,0.114074415
1764505209.4035068,-4.8832,0.79352,1.43444,-0.65637039,0.732114825,0.114074415
1764505209.4035068,-4.8832,0.79352,1.43444,-0.65637039,0.732114825,0.114074415
1764505209.4035068,-4.8832,0.79352,1.43444,-0.65637039,0.732114825,0.114074415
1764505209.4035068,-4.8832,0.79352,1.43444,-0.65637039,0.732114825,0.114074415
1764505209.4035068,-4.8832,0.79352,1.43444,-0.65637039,0.732114825,0.114074415
1764505209.4035068,-4.8832,0.79352,1.43444,-0.65637039,0.732114825,0.114074415
1764505209.4035068,-4.8832,0.79352,1.43444,-0.65637039,0.732114825,0.114074415
1764505209.4035068,-4.8832,0.79352,1.43444,-0.65637039,0.732114825,0.114074415
1764505209.4035068,-5.38678,1.57178,1.6022999999999998,-0.65478348,0.7314434400000001,0.1159665
1764505209.404018,-5.38678,1.57178,1.6022999999999998,-0.65478348,0.7314434400000001,0.1159665
1764505209.404018,-5.38678,1.57178,1.6022999999999998,-0.65478348,0.7314434400000001,0.1159665
1764505209.404018,-5.38678,1.57178,1.6022999999999998,-0.65478348,0.7314434400000001,0.1159665
1764505209.404018,-5.38678,1.57178,1.6022999999999998,-0.65478348,0.7314434400000001,0.1159665
1764505209.404018,-5.38678,1.57178,1.6022999999999998,-0.65478348,0.7314434400000001,0.1159665
1764505209.404018,-5.38678,1.57178,1.6022999999999998,-0.65478348,0.7314434400000001,0.1159665
1764505209.404018,-5.38678,1.57178,1.6022999999999998,-0.65478348,0.7314434400000001,0.1159665
1764505209.404018,-5.38678,1.57178,1.6022999999999998,-0.65478348,0.7314434400000001,0.1159665
1764505209.404018,-5.38678,1.57178,1.6022999999999998,-0.65478348,0.7314434400000001,0.1159665
1764505209.404018,-5.29522,1.70912,0.6714399999999999,-0.65405106,0.730405845,0.116393745
1764505209.404018,-5.29522,1.70912,0.6714399999999999,-0.65405106,0.730405845,0.116393745
1764505209.404018,-5.29522,1.70912,0.6714399999999999,-0.65405106,0.730405845,0.116393745
1764505209.404018,-5.29522,1.70912,0.6714399999999999,-0.65405106,0.730405845,0.116393745
1764505209.450109,-5.29522,1.70912,0.6714399999999999,-0.65405106,0.730405845,0.116393745
1764505209.450109,-5.29522,1.70912,0.6714399999999999,-0.65405106,0.730405845,0.116393745
1764505209.450109,-5.29522,1.70912,0.6714399999999999,-0.65405106,0.730405845,0.116393745
1764505209.450109,-5.29522,1.70912,0.6714399999999999,-0.65405106,0.730405845,0.116393745
1764505209.450109,-5.29522,1.70912,0.6714399999999999,-0.65405106,0.730405845,0.116393745
1764505209.450109,-5.29522,1.70912,0.6714399999999999,-0.65405106,0.730405845,0.116393745
1764505209.450109,-5.44782,0.96138,-0.28994,-0.653257605,0.7298565300000001,0.11706513
1764505209.450109,-5.44782,0.96138,-0.28994,-0.653257605,0.7298565300000001,0.11706513
1764505209.450109,-5.44782,0.96138,-0.28994,-0.653257605,0.7298565300000001,0.11706513
1764505209.450109,-5.44782,0.96138,-0.28994,-0.653257605,0.7298565300000001,0.11706513
1764505209.450109,-5.44782,0.96138,-0.28994,-0.653257605,0.7298565300000001,0.11706513
1764505209.450109,-5.44782,0.96138,-0.28994,-0.653257605,0.7298565300000001,0.11706513
1764505209.450109,-5.44782,0.96138,-0.28994,-0.653257605,0.7298565300000001,0.11706513
1764505209.450109,-5.44782,0.96138,-0.28994,-0.653257605,0.7298565300000001,0.11706513
1764505209.450109,-5.44782,0.96138,-0.28994,-0.653257605,0.7298565300000001,0.11706513
1764505209.450109,-5.44782,0.96138,-0.28994,-0.653257605,0.7298565300000001,0.11706513
1764505209.450109,-5.70724,0.77826,-1.08346,-0.652403115,0.73071102,0.115417185
1764505209.450109,-5.70724,0.77826,-1.08346,-0.652403115,0.73071102,0.115417185
1764505209.450109,-5.70724,0.77826,-1.08346,-0.652403115,0.73071102,0.115417185
1764505209.450109,-5.70724,0.77826,-1.08346,-0.652403115,0.73071102,0.115417185
1764505209.450109,-5.70724,0.77826,-1.08346,-0.652403115,0.73071102,0.115417185
1764505209.4511473,-5.70724,0.77826,-1.08346,-0.652403115,0.73071102,0.115417185
1764505209.4511473,-5.70724,0.77826,-1.08346,-0.652403115,0.73071102,0.115417185
1764505209.4511473,-5.70724,0.77826,-1.08346,-0.652403115,0.73071102,0.115417185
1764505209.4944065,-5.70724,0.77826,-1.08346,-0.652403115,0.73071102,0.115417185
1764505209.4944065,-5.70724,0.77826,-1.08346,-0.652403115,0.73071102,0.115417185
1764505209.4944065,-5.05106,0.42728,-0.97664,-0.65099931,0.73290828,0.115295115
1764505209.4944065,-5.05106,0.42728,-0.97664,-0.65099931,0.73290828,0.115295115
1764505209.4944065,-5.05106,0.42728,-0.97664,-0.65099931,0.73290828,0.115295115
1764505209.4944065,-5.05106,0.42728,-0.97664,-0.65099931,0.73290828,0.115295115
1764505209.4953978,-5.05106,0.42728,-0.97664,-0.65099931,0.73290828,0.115295115
1764505209.4953978,-5.05106,0.42728,-0.97664,-0.65099931,0.73290828,0.115295115
1764505209.4953978,-5.05106,0.42728,-0.97664,-0.65099931,0.73290828,0.115295115
1764505209.4953978,-5.05106,0.42728,-0.97664,-0.65099931,0.73290828,0.115295115
1764505209.4953978,-5.05106,0.42728,-0.97664,-0.65099931,0.73290828,0.115295115
1764505209.4953978,-5.05106,0.42728,-0.97664,-0.65099931,0.73290828,0.115295115
1764505209.4953978,-4.94424,0.93086,-0.3815,-0.648741015,0.73400691,0.115905465
1764505209.4953978,-4.94424,0.93086,-0.3815,-0.648741015,0.73400691,0.115905465
1764505209.4953978,-4.94424,0.93086,-0.3815,-0.648741015,0.73400691,0.115905465
1764505209.4953978,-4.94424,0.93086,-0.3815,-0.648741015,0.73400691,0.115905465
1764505209.4953978,-4.94424,0.93086,-0.3815,-0.648741015,0.73400691,0.115905465
1764505209.4953978,-4.94424,0.93086,-0.3815,-0.648741015,0.73400691,0.115905465
1764505209.4953978,-4.94424,0.93086,-0.3815,-0.648741015,0.73400691,0.115905465
1764505209.4953978,-4.94424,0.93086,-0.3815,-0.648741015,0.73400691,0.115905465
1764505209.4953978,-4.94424,0.93086,-0.3815,-0.648741015,0.73400691,0.115905465
1764505209.4953978,-4.94424,0.93086,-0.3815,-0.648741015,0.73400691,0.115905465
1764505209.5429096,-4.70008,1.81594,0.73248,-0.64855791,0.73327449,0.114440625
1764505209.5429096,-4.70008,1.81594,0.73248,-0.64855791,0.73327449,0.114440625
1764505209.5429096,-4.70008,1.81594,0.73248,-0.64855791,0.73327449,0.114440625
1764505209.5429096,-4.70008,1.81594,0.73248,-0.64855791,0.73327449,0.114440625
1764505209.5429096,-4.70008,1.81594,0.73248,-0.64855791,0.73327449,0.114440625
1764505209.5439265,-4.70008,1.81594,0.73248,-0.64855791,0.73327449,0.114440625
1764505209.5439265,-4.70008,1.81594,0.73248,-0.64855791,0.73327449,0.114440625
1764505209.5439265,-4.70008,1.81594,0.73248,-0.64855791,0.73327449,0.114440625
1764505209.5439265,-4.70008,1.81594,0.73248,-0.64855791,0.73327449,0.114440625
1764505209.5439265,-4.70008,1.81594,0.73248,-0.64855791,0.73327449,0.114440625
1764505209.5439265,-4.8832,0.8392999999999999,0.8087799999999999,-0.6506331,0.733823805,0.11328096
1764505209.5439265,-4.8832,0.8392999999999999,0.8087799999999999,-0.6506331,0.733823805,0.11328096
1764505209.5439265,-4.8832,0.8392999999999999,0.8087799999999999,-0.6506331,0.733823805,0.11328096
1764505209.5439265,-4.8832,0.8392999999999999,0.8087799999999999,-0.6506331,0.733823805,0.11328096
1764505209.5439265,-4.8832,0.8392999999999999,0.8087799999999999,-0.6506331,0.733823805,0.11328096
1764505209.5439265,-4.8832,0.8392999999999999,0.8087799999999999,-0.6506331,0.733823805,0.11328096
1764505209.5439265,-4.8832,0.8392999999999999,0.8087799999999999,-0.6506331,0.733823805,0.11328096
1764505209.5439265,-4.8832,0.8392999999999999,0.8087799999999999,-0.6506331,0.733823805,0.11328096
1764505209.5439265,-4.8832,0.8392999999999999,0.8087799999999999,-0.6506331,0.733823805,0.11328096
1764505209.5439265,-4.8832,0.8392999999999999,0.8087799999999999,-0.6506331,0.733823805,0.11328096
1764505209.5439265,-5.14262,0.3051999999999999,0.77826,-0.650938275,0.733701735,0.11328096
1764505209.5439265,-5.14262,0.3051999999999999,0.77826,-0.650938275,0.733701735,0.11328096
1764505209.5439265,-5.14262,0.3051999999999999,0.77826,-0.650938275,0.733701735,0.11328096
1764505209.5439265,-5.14262,0.3051999999999999,0.77826,-0.650938275,0.733701735,0.11328096
1764505209.587665,-5.14262,0.3051999999999999,0.77826,-0.650938275,0.733701735,0.11328096
1764505209.587665,-5.14262,0.3051999999999999,0.77826,-0.650938275,0.733701735,0.11328096
1764505209.5896971,-5.14262,0.3051999999999999,0.77826,-0.650938275,0.733701735,0.11328096
1764505209.5896971,-5.14262,0.3051999999999999,0.77826,-0.650938275,0.733701735,0.11328096
1764505209.5896971,-5.14262,0.3051999999999999,0.77826,-0.650938275,0.733701735,0.11328096
1764505209.5896971,-5.14262,0.3051999999999999,0.77826,-0.650938275,0.733701735,0.11328096
1764505209.5896971,-5.31048,1.9838,0.10682,-0.65197587,0.73205379,0.11376924
1764505209.5896971,-5.31048,1.9838,0.10682,-0.65197587,0.73205379,0.11376924
1764505209.5896971,-5.31048,1.9838,0.10682,-0.65197587,0.73205379,0.11376924
1764505209.5896971,-5.31048,1.9838,0.10682,-0.65197587,0.73205379,0.11376924
1764505209.5896971,-5.31048,1.9838,0.10682,-0.65197587,0.73205379,0.11376924
1764505209.5896971,-5.31048,1.9838,0.10682,-0.65197587,0.73205379,0.11376924
1764505209.5896971,-5.31048,1.9838,0.10682,-0.65197587,0.73205379,0.11376924
1764505209.5896971,-5.31048,1.9838,0.10682,-0.65197587,0.73205379,0.11376924
1764505209.5896971,-5.31048,1.9838,0.10682,-0.65197587,0.73205379,0.11376924
1764505209.5896971,-5.31048,1.9838,0.10682,-0.65197587,0.73205379,0.11376924
1764505209.5896971,-6.08874,1.78542,-1.25132,-0.653257605,0.7298565300000001,0.113830275
1764505209.592253,-6.08874,1.78542,-1.25132,-0.653257605,0.7298565300000001,0.113830275
1764505209.592253,-6.08874,1.78542,-1.25132,-0.653257605,0.7298565300000001,0.113830275
1764505209.592253,-6.08874,1.78542,-1.25132,-0.653257605,0.7298565300000001,0.113830275
1764505209.592253,-6.08874,1.78542,-1.25132,-0.653257605,0.7298565300000001,0.113830275
1764505209.592253,-6.08874,1.78542,-1.25132,-0.653257605,0.7298565300000001,0.113830275
1764505209.592253,-6.08874,1.78542,-1.25132,-0.653257605,0.7298565300000001,0.113830275
1764505209.592253,-6.08874,1.78542,-1.25132,-0.653257605,0.7298565300000001,0.113830275
1764505209.63673,-6.08874,1.78542,-1.25132,-0.653257605,0.7298565300000001,0.113830275
1764505209.63673,-6.08874,1.78542,-1.25132,-0.653257605,0.7298565300000001,0.113830275
1764505209.63673,-6.39394,0.94612,-1.1445,-0.65319657,0.728452725,0.11303682
1764505209.63673,-6.39394,0.94612,-1.1445,-0.65319657,0.728452725,0.11303682
1764505209.63673,-6.39394,0.94612,-1.1445,-0.65319657,0.728452725,0.11303682
1764505209.63673,-6.39394,0.94612,-1.1445,-0.65319657,0.728452725,0.11303682
1764505209.63673,-6.39394,0.94612,-1.1445,-0.65319657,0.728452725,0.11303682
1764505209.63673,-6.39394,0.94612,-1.1445,-0.65319657,0.728452725,0.11303682
1764505209.6377437,-6.39394,0.94612,-1.1445,-0.65319657,0.728452725,0.11303682
1764505209.6377437,-6.39394,0.94612,-1.1445,-0.65319657,0.728452725,0.11303682
1764505209.6377437,-6.39394,0.94612,-1.1445,-0.65319657,0.728452725,0.11303682
1764505209.6377437,-6.39394,0.94612,-1.1445,-0.65319657,0.728452725,0.11303682
1764505209.6387491,-4.56274,0.13734,-0.36624,-0.652403115,0.72802548,0.113830275
1764505209.6387491,-4.56274,0.13734,-0.36624,-0.652403115,0.72802548,0.113830275
1764505209.6387491,-4.56274,0.13734,-0.36624,-0.652403115,0.72802548,0.113830275
1764505209.6387491,-4.56274,0.13734,-0.36624,-0.652403115,0.72802548,0.113830275
1764505209.6387491,-4.56274,0.13734,-0.36624,-0.652403115,0.72802548,0.113830275
1764505209.6387491,-4.56274,0.13734,-0.36624,-0.652403115,0.72802548,0.113830275
1764505209.6387491,-4.56274,0.13734,-0.36624,-0.652403115,0.72802548,0.113830275
1764505209.6387491,-4.56274,0.13734,-0.36624,-0.652403115,0.72802548,0.113830275
1764505209.6387491,-4.56274,0.13734,-0.36624,-0.652403115,0.72802548,0.113830275
1764505209.6387491,-4.56274,0.13734,-0.36624,-0.652403115,0.72802548,0.113830275
1764505209.6834023,-4.15072,0.18312,0.3357199999999999,-0.652036905,0.72863583,0.11511201
1764505209.6834023,-4.15072,0.18312,0.3357199999999999,-0.652036905,0.72863583,0.11511201
1764505209.6834023,-4.15072,0.18312,0.3357199999999999,-0.652036905,0.72863583,0.11511201
1764505209.684584,-4.15072,0.18312,0.3357199999999999,-0.652036905,0.72863583,0.11511201
1764505209.684584,-4.15072,0.18312,0.3357199999999999,-0.652036905,0.72863583,0.11511201
1764505209.684584,-4.15072,0.18312,0.3357199999999999,-0.652036905,0.72863583,0.11511201
1764505209.684584,-4.15072,0.18312,0.3357199999999999,-0.652036905,0.72863583,0.11511201
1764505209.684584,-4.15072,0.18312,0.3357199999999999,-0.652036905,0.72863583,0.11511201
1764505209.684584,-4.15072,0.18312,0.3357199999999999,-0.652036905,0.72863583,0.11511201
1764505209.684584,-4.15072,0.18312,0.3357199999999999,-0.652036905,0.72863583,0.11511201
1764505209.684584,-3.76922,-0.3815,-0.03052,-0.65197587,0.73022274,0.115539255
1764505209.684584,-3.76922,-0.3815,-0.03052,-0.65197587,0.73022274,0.115539255
1764505209.684584,-3.76922,-0.3815,-0.03052,-0.65197587,0.73022274,0.115539255
1764505209.684584,-3.76922,-0.3815,-0.03052,-0.65197587,0.73022274,0.115539255
1764505209.684584,-3.76922,-0.3815,-0.03052,-0.65197587,0.73022274,0.115539255
1764505209.684584,-3.76922,-0.3815,-0.03052,-0.65197587,0.73022274,0.115539255
1764505209.684584,-3.76922,-0.3815,-0.03052,-0.65197587,0.73022274,0.115539255
1764505209.684584,-3.76922,-0.3815,-0.03052,-0.65197587,0.73022274,0.115539255
1764505209.684584,-3.76922,-0.3815,-0.03052,-0.65197587,0.73022274,0.115539255
1764505209.684584,-3.76922,-0.3815,-0.03052,-0.65197587,0.73022274,0.115539255
1764505209.684584,-3.4335,-0.09156,-0.5341,-0.651670695,0.7324810350000001,0.115539255
1764505209.684584,-3.4335,-0.09156,-0.5341,-0.651670695,0.7324810350000001,0.115539255
1764505209.684584,-3.4335,-0.09156,-0.5341,-0.651670695,0.7324810350000001,0.115539255
1764505209.684584,-3.4335,-0.09156,-0.5341,-0.651670695,0.7324810350000001,0.115539255
1764505209.7298226,-3.4335,-0.09156,-0.5341,-0.651670695,0.7324810350000001,0.115539255
1764505209.7298226,-3.4335,-0.09156,-0.5341,-0.651670695,0.7324810350000001,0.115539255
1764505209.7298226,-3.4335,-0.09156,-0.5341,-0.651670695,0.7324810350000001,0.115539255
1764505209.7298226,-3.4335,-0.09156,-0.5341,-0.651670695,0.7324810350000001,0.115539255
1764505209.7298226,-3.4335,-0.09156,-0.5341,-0.651670695,0.7324810350000001,0.115539255
1764505209.7298226,-3.4335,-0.09156,-0.5341,-0.651670695,0.7324810350000001,0.115539255
1764505209.7298226,-4.715339999999999,1.55652,-0.94612,-0.650572065,0.73315242,0.114440625
1764505209.7298226,-4.715339999999999,1.55652,-0.94612,-0.650572065,0.73315242,0.114440625
1764505209.7298226,-4.715339999999999,1.55652,-0.94612,-0.650572065,0.73315242,0.114440625
1764505209.7298226,-4.715339999999999,1.55652,-0.94612,-0.650572065,0.73315242,0.114440625
1764505209.7298226,-4.715339999999999,1.55652,-0.94612,-0.650572065,0.73315242,0.114440625
1764505209.7298226,-4.715339999999999,1.55652,-0.94612,-0.650572065,0.73315242,0.114440625
1764505209.7298226,-4.715339999999999,1.55652,-0.94612,-0.650572065,0.73315242,0.114440625
1764505209.7298226,-4.715339999999999,1.55652,-0.94612,-0.650572065,0.73315242,0.114440625
1764505209.7298226,-4.715339999999999,1.55652,-0.94612,-0.650572065,0.73315242,0.114440625
1764505209.7298226,-4.715339999999999,1.55652,-0.94612,-0.650572065,0.73315242,0.114440625
1764505209.7298226,-5.646199999999999,2.42634,-1.34288,-0.65099931,0.733579665,0.11376924
1764505209.7298226,-5.646199999999999,2.42634,-1.34288,-0.65099931,0.733579665,0.11376924
1764505209.7309082,-5.646199999999999,2.42634,-1.34288,-0.65099931,0.733579665,0.11376924
1764505209.731908,-5.646199999999999,2.42634,-1.34288,-0.65099931,0.733579665,0.11376924
1764505209.731908,-5.646199999999999,2.42634,-1.34288,-0.65099931,0.733579665,0.11376924
1764505209.731908,-5.646199999999999,2.42634,-1.34288,-0.65099931,0.733579665,0.11376924
1764505209.7773774,-5.646199999999999,2.42634,-1.34288,-0.65099931,0.733579665,0.11376924
1764505209.7773774,-5.646199999999999,2.42634,-1.34288,-0.65099931,0.733579665,0.11376924
1764505209.7773774,-5.646199999999999,2.42634,-1.34288,-0.65099931,0.733579665,0.11376924
1764505209.7783222,-5.646199999999999,2.42634,-1.34288,-0.65099931,0.733579665,0.11376924
1764505209.7783222,-5.0358,2.7468,-0.19838,-0.6517317300000001,0.733335525,0.11425752
1764505209.7783222,-5.0358,2.7468,-0.19838,-0.6517317300000001,0.733335525,0.11425752
1764505209.7783222,-5.0358,2.7468,-0.19838,-0.6517317300000001,0.733335525,0.11425752
1764505209.7783222,-5.0358,2.7468,-0.19838,-0.6517317300000001,0.733335525,0.11425752
1764505209.7783222,-5.0358,2.7468,-0.19838,-0.6517317300000001,0.733335525,0.11425752
1764505209.7783222,-5.0358,2.7468,-0.19838,-0.6517317300000001,0.733335525,0.11425752
1764505209.7783222,-5.0358,2.7468,-0.19838,-0.6517317300000001,0.733335525,0.11425752
1764505209.7783222,-5.0358,2.7468,-0.19838,-0.6517317300000001,0.733335525,0.11425752
1764505209.7783222,-5.0358,2.7468,-0.19838,-0.6517317300000001,0.733335525,0.11425752
1764505209.7783222,-5.0358,2.7468,-0.19838,-0.6517317300000001,0.733335525,0.11425752
1764505209.7783222,-4.2728,1.46496,0.42728,-0.653135535,0.731992755,0.115783395
1764505209.7783222,-4.2728,1.46496,0.42728,-0.653135535,0.731992755,0.115783395
1764505209.7783222,-4.2728,1.46496,0.42728,-0.653135535,0.731992755,0.115783395
1764505209.7783222,-4.2728,1.46496,0.42728,-0.653135535,0.731992755,0.115783395
1764505209.7783222,-4.2728,1.46496,0.42728,-0.653135535,0.731992755,0.115783395
1764505209.7783222,-4.2728,1.46496,0.42728,-0.653135535,0.731992755,0.115783395
1764505209.7783222,-4.2728,1.46496,0.42728,-0.653135535,0.731992755,0.115783395
1764505209.7783222,-4.2728,1.46496,0.42728,-0.653135535,0.731992755,0.115783395
1764505209.7793362,-4.2728,1.46496,0.42728,-0.653135535,0.731992755,0.115783395
1764505209.7793362,-4.2728,1.46496,0.42728,-0.653135535,0.731992755,0.115783395
1764505209.7793362,-4.02864,0.74774,0.9156,-0.654844515,0.73107723,0.116027535
1764505209.7793362,-4.02864,0.74774,0.9156,-0.654844515,0.73107723,0.116027535
1764505209.822915,-4.02864,0.74774,0.9156,-0.654844515,0.73107723,0.116027535
1764505209.822915,-4.02864,0.74774,0.9156,-0.654844515,0.73107723,0.116027535
1764505209.8239336,-4.02864,0.74774,0.9156,-0.654844515,0.73107723,0.116027535
1764505209.8239336,-4.02864,0.74774,0.9156,-0.654844515,0.73107723,0.116027535
1764505209.8239336,-4.02864,0.74774,0.9156,-0.654844515,0.73107723,0.116027535
1764505209.8239336,-4.02864,0.74774,0.9156,-0.654844515,0.73107723,0.116027535
1764505209.8249266,-4.02864,0.74774,0.9156,-0.654844515,0.73107723,0.116027535
1764505209.8249266,-4.02864,0.74774,0.9156,-0.654844515,0.73107723,0.116027535
1764505209.8249266,-4.54748,1.58704,0.36624,-0.655576935,0.73022274,0.116393745
1764505209.8254368,-4.54748,1.58704,0.36624,-0.655576935,0.73022274,0.116393745
1764505209.8254368,-4.54748,1.58704,0.36624,-0.655576935,0.73022274,0.116393745
1764505209.8254368,-4.54748,1.58704,0.36624,-0.655576935,0.73022274,0.116393745
1764505209.826192,-4.54748,1.58704,0.36624,-0.655576935,0.73022274,0.116393745
1764505209.8264043,-4.54748,1.58704,0.36624,-0.655576935,0.73022274,0.116393745
1764505209.8264043,-4.54748,1.58704,0.36624,-0.655576935,0.73022274,0.116393745
1764505209.8264043,-4.54748,1.58704,0.36624,-0.655576935,0.73022274,0.116393745
1764505209.8264043,-4.54748,1.58704,0.36624,-0.655576935,0.73022274,0.116393745
1764505209.8275342,-4.54748,1.58704,0.36624,-0.655576935,0.73022274,0.116393745
1764505209.8275342,-3.54032,0.8392999999999999,0.03052,-0.65527176,0.729673425,0.117126165
1764505209.8275342,-3.54032,0.8392999999999999,0.03052,-0.65527176,0.729673425,0.117126165
1764505209.829531,-3.54032,0.8392999999999999,0.03052,-0.65527176,0.729673425,0.117126165
1764505209.829531,-3.54032,0.8392999999999999,0.03052,-0.65527176,0.729673425,0.117126165
1764505209.8709362,-3.54032,0.8392999999999999,0.03052,-0.65527176,0.729673425,0.117126165
1764505209.8709362,-3.54032,0.8392999999999999,0.03052,-0.65527176,0.729673425,0.117126165
1764505209.8709362,-3.54032,0.8392999999999999,0.03052,-0.65527176,0.729673425,0.117126165
1764505209.8709362,-3.54032,0.8392999999999999,0.03052,-0.65527176,0.729673425,0.117126165
1764505209.8709362,-3.54032,0.8392999999999999,0.03052,-0.65527176,0.729673425,0.117126165
1764505209.8709362,-3.54032,0.8392999999999999,0.03052,-0.65527176,0.729673425,0.117126165
1764505209.8709362,-3.17408,0.8698199999999999,0.44254,-0.6542952,0.729795495,0.11633271
1764505209.8709362,-3.17408,0.8698199999999999,0.44254,-0.6542952,0.729795495,0.11633271
1764505209.8709362,-3.17408,0.8698199999999999,0.44254,-0.6542952,0.729795495,0.11633271
1764505209.8709362,-3.17408,0.8698199999999999,0.44254,-0.6542952,0.729795495,0.11633271
1764505209.8709362,-3.17408,0.8698199999999999,0.44254,-0.6542952,0.729795495,0.11633271
1764505209.8709362,-3.17408,0.8698199999999999,0.44254,-0.6542952,0.729795495,0.11633271
1764505209.8709362,-3.17408,0.8698199999999999,0.44254,-0.6542952,0.729795495,0.11633271
1764505209.8709362,-3.17408,0.8698199999999999,0.44254,-0.6542952,0.729795495,0.11633271
1764505209.8709362,-3.17408,0.8698199999999999,0.44254,-0.6542952,0.729795495,0.11633271
1764505209.8709362,-3.17408,0.8698199999999999,0.44254,-0.6542952,0.729795495,0.11633271
1764505209.8709362,-3.06726,0.97664,0.39676,-0.65246415,0.730527915,0.115905465
1764505209.8709362,-3.06726,0.97664,0.39676,-0.65246415,0.730527915,0.115905465
1764505209.8709362,-3.06726,0.97664,0.39676,-0.65246415,0.730527915,0.115905465
1764505209.8709362,-3.06726,0.97664,0.39676,-0.65246415,0.730527915,0.115905465
1764505209.8709362,-3.06726,0.97664,0.39676,-0.65246415,0.730527915,0.115905465
1764505209.8715146,-3.06726,0.97664,0.39676,-0.65246415,0.730527915,0.115905465
1764505209.8715146,-3.06726,0.97664,0.39676,-0.65246415,0.730527915,0.115905465
1764505209.8715146,-3.06726,0.97664,0.39676,-0.65246415,0.730527915,0.115905465
1764505209.919136,-3.06726,0.97664,0.39676,-0.65246415,0.730527915,0.115905465
1764505209.919136,-3.06726,0.97664,0.39676,-0.65246415,0.730527915,0.115905465
1764505209.919136,-3.17408,0.94612,0.28994,-0.652647255,0.7308941250000001,0.115661325
1764505209.919136,-3.17408,0.94612,0.28994,-0.652647255,0.7308941250000001,0.115661325
1764505209.919136,-3.17408,0.94612,0.28994,-0.652647255,0.7308941250000001,0.115661325
1764505209.919136,-3.17408,0.94612,0.28994,-0.652647255,0.7308941250000001,0.115661325
1764505209.919136,-3.17408,0.94612,0.28994,-0.652647255,0.7308941250000001,0.115661325
1764505209.919136,-3.17408,0.94612,0.28994,-0.652647255,0.7308941250000001,0.115661325
1764505209.919136,-3.17408,0.94612,0.28994,-0.652647255,0.7308941250000001,0.115661325
1764505209.919136,-3.17408,0.94612,0.28994,-0.652647255,0.7308941250000001,0.115661325
1764505209.919136,-3.17408,0.94612,0.28994,-0.652647255,0.7308941250000001,0.115661325
1764505209.919136,-3.17408,0.94612,0.28994,-0.652647255,0.7308941250000001,0.115661325
1764505209.919136,-4.15072,1.19028,-0.04578,-0.651182415,0.73095516,0.116271675
1764505209.919136,-4.15072,1.19028,-0.04578,-0.651182415,0.73095516,0.116271675
1764505209.919136,-4.15072,1.19028,-0.04578,-0.651182415,0.73095516,0.116271675
1764505209.919136,-4.15072,1.19028,-0.04578,-0.651182415,0.73095516,0.116271675
1764505209.919136,-4.15072,1.19028,-0.04578,-0.651182415,0.73095516,0.116271675
1764505209.919136,-4.15072,1.19028,-0.04578,-0.651182415,0.73095516,0.116271675
1764505209.919136,-4.15072,1.19028,-0.04578,-0.651182415,0.73095516,0.116271675
1764505209.919136,-4.15072,1.19028,-0.04578,-0.651182415,0.73095516,0.116271675
1764505209.919136,-4.15072,1.19028,-0.04578,-0.651182415,0.73095516,0.116271675
1764505209.919136,-4.15072,1.19028,-0.04578,-0.651182415,0.73095516,0.116271675
1764505209.919136,-3.76922,1.69386,0.74774,-0.651182415,0.7308941250000001,0.11560029
1764505209.919136,-3.76922,1.69386,0.74774,-0.651182415,0.7308941250000001,0.11560029
1764505209.9654484,-3.76922,1.69386,0.74774,-0.651182415,0.7308941250000001,0.11560029
1764505209.9654484,-3.76922,1.69386,0.74774,-0.651182415,0.7308941250000001,0.11560029
1764505209.9654484,-3.76922,1.69386,0.74774,-0.651182415,0.7308941250000001,0.11560029
1764505209.9654484,-3.76922,1.69386,0.74774,-0.651182415,0.7308941250000001,0.11560029
1764505209.9654484,-3.76922,1.69386,0.74774,-0.651182415,0.7308941250000001,0.11560029
1764505209.966453,-3.76922,1.69386,0.74774,-0.651182415,0.7308941250000001,0.11560029
1764505209.966453,-3.76922,1.69386,0.74774,-0.651182415,0.7308941250000001,0.11560029
1764505209.966453,-3.76922,1.69386,0.74774,-0.651182415,0.7308941250000001,0.11560029
1764505209.966453,-4.13546,0.6409199999999999,0.4578,-0.651548625,0.73205379,0.115783395
1764505209.966453,-4.13546,0.6409199999999999,0.4578,-0.651548625,0.73205379,0.115783395
1764505209.966453,-4.13546,0.6409199999999999,0.4578,-0.651548625,0.73205379,0.115783395
1764505209.966453,-4.13546,0.6409199999999999,0.4578,-0.651548625,0.73205379,0.115783395
1764505209.9676194,-4.13546,0.6409199999999999,0.4578,-0.651548625,0.73205379,0.115783395
1764505209.9676194,-4.13546,0.6409199999999999,0.4578,-0.651548625,0.73205379,0.115783395
1764505209.9676194,-4.13546,0.6409199999999999,0.4578,-0.651548625,0.73205379,0.115783395
1764505209.9676194,-4.13546,0.6409199999999999,0.4578,-0.651548625,0.73205379,0.115783395
1764505209.9676194,-4.13546,0.6409199999999999,0.4578,-0.651548625,0.73205379,0.115783395
1764505209.9676194,-4.13546,0.6409199999999999,0.4578,-0.651548625,0.73205379,0.115783395
1764505209.9676194,-3.78448,1.73964,0.79352,-0.650083785,0.731626545,0.1159665
1764505209.9676194,-3.78448,1.73964,0.79352,-0.650083785,0.731626545,0.1159665
1764505209.9676194,-3.78448,1.73964,0.79352,-0.650083785,0.731626545,0.1159665
1764505209.9676194,-3.78448,1.73964,0.79352,-0.650083785,0.731626545,0.1159665
1764505209.9676194,-3.78448,1.73964,0.79352,-0.650083785,0.731626545,0.1159665
1764505209.9676194,-3.78448,1.73964,0.79352,-0.650083785,0.731626545,0.1159665
1764505210.0104518,-3.78448,1.73964,0.79352,-0.650083785,0.731626545,0.1159665
1764505210.0104518,-3.78448,1.73964,0.79352,-0.650083785,0.731626545,0.1159665
1764505210.0114694,-3.78448,1.73964,0.79352,-0.650083785,0.731626545,0.1159665
1764505210.0114694,-3.78448,1.73964,0.79352,-0.650083785,0.731626545,0.1159665
1764505210.0124662,-3.6624,1.86172,0.44254,-0.65136552,0.72973446,0.115173045
1764505210.0124662,-3.6624,1.86172,0.44254,-0.65136552,0.72973446,0.115173045
1764505210.0124662,-3.6624,1.86172,0.44254,-0.65136552,0.72973446,0.115173045
1764505210.0124662,-3.6624,1.86172,0.44254,-0.65136552,0.72973446,0.115173045
1764505210.0124662,-3.6624,1.86172,0.44254,-0.65136552,0.72973446,0.115173045
1764505210.0134664,-3.6624,1.86172,0.44254,-0.65136552,0.72973446,0.115173045
1764505210.0134664,-3.6624,1.86172,0.44254,-0.65136552,0.72973446,0.115173045
1764505210.0134664,-3.6624,1.86172,0.44254,-0.65136552,0.72973446,0.115173045
1764505210.0134664,-3.6624,1.86172,0.44254,-0.65136552,0.72973446,0.115173045
1764505210.0134664,-3.6624,1.86172,0.44254,-0.65136552,0.72973446,0.115173045
1764505210.014465,-2.4416,1.6022999999999998,0.6409199999999999,-0.654112095,0.728696865,0.11486787
1764505210.014465,-2.4416,1.6022999999999998,0.6409199999999999,-0.654112095,0.728696865,0.11486787
1764505210.014465,-2.4416,1.6022999999999998,0.6409199999999999,-0.654112095,0.728696865,0.11486787
1764505210.014465,-2.4416,1.6022999999999998,0.6409199999999999,-0.654112095,0.728696865,0.11486787
1764505210.015481,-2.4416,1.6022999999999998,0.6409199999999999,-0.654112095,0.728696865,0.11486787
1764505210.0164804,-2.4416,1.6022999999999998,0.6409199999999999,-0.654112095,0.728696865,0.11486787
1764505210.0167894,-2.4416,1.6022999999999998,0.6409199999999999,-0.654112095,0.728696865,0.11486787
1764505210.0167894,-2.4416,1.6022999999999998,0.6409199999999999,-0.654112095,0.728696865,0.11486787
1764505210.0585656,-2.4416,1.6022999999999998,0.6409199999999999,-0.654112095,0.728696865,0.11486787
1764505210.0585656,-2.4416,1.6022999999999998,0.6409199999999999,-0.654112095,0.728696865,0.11486787
1764505210.0585656,-2.22796,1.3734,0.4578,-0.655332795,0.730405845,0.11450166
1764505210.0585656,-2.22796,1.3734,0.4578,-0.655332795,0.730405845,0.11450166
1764505210.0585656,-2.22796,1.3734,0.4578,-0.655332795,0.730405845,0.11450166
1764505210.0585656,-2.22796,1.3734,0.4578,-0.655332795,0.730405845,0.11450166
1764505210.0585656,-2.22796,1.3734,0.4578,-0.655332795,0.730405845,0.11450166
1764505210.0585656,-2.22796,1.3734,0.4578,-0.655332795,0.730405845,0.11450166
1764505210.0585656,-2.22796,1.3734,0.4578,-0.655332795,0.730405845,0.11450166
1764505210.0585656,-2.22796,1.3734,0.4578,-0.655332795,0.730405845,0.11450166
1764505210.0585656,-2.22796,1.3734,0.4578,-0.655332795,0.730405845,0.11450166
1764505210.0585656,-2.22796,1.3734,0.4578,-0.655332795,0.730405845,0.11450166
1764505210.0585656,-3.40298,1.2208,-0.94612,-0.65576004,0.732603105,0.115050975
1764505210.0585656,-3.40298,1.2208,-0.94612,-0.65576004,0.732603105,0.115050975
1764505210.0585656,-3.40298,1.2208,-0.94612,-0.65576004,0.732603105,0.115050975
1764505210.0585656,-3.40298,1.2208,-0.94612,-0.65576004,0.732603105,0.115050975
1764505210.0585656,-3.40298,1.2208,-0.94612,-0.65576004,0.732603105,0.115050975
1764505210.0585656,-3.40298,1.2208,-0.94612,-0.65576004,0.732603105,0.115050975
1764505210.0595784,-3.40298,1.2208,-0.94612,-0.65576004,0.732603105,0.115050975
1764505210.0595784,-3.40298,1.2208,-0.94612,-0.65576004,0.732603105,0.115050975
1764505210.0595784,-3.40298,1.2208,-0.94612,-0.65576004,0.732603105,0.115050975
1764505210.0595784,-3.40298,1.2208,-0.94612,-0.65576004,0.732603105,0.115050975
1764505210.1002,-3.72344,1.26658,-1.4039199999999998,-0.654844515,0.732603105,0.115173045
1764505210.1002,-3.72344,1.26658,-1.4039199999999998,-0.654844515,0.732603105,0.115173045
1764505210.1002,-3.72344,1.26658,-1.4039199999999998,-0.654844515,0.732603105,0.115173045
1764505210.1002,-3.72344,1.26658,-1.4039199999999998,-0.654844515,0.732603105,0.115173045
1764505210.1002,-3.72344,1.26658,-1.4039199999999998,-0.654844515,0.732603105,0.115173045
1764505210.1002,-3.72344,1.26658,-1.4039199999999998,-0.654844515,0.732603105,0.115173045
1764505210.1002,-3.72344,1.26658,-1.4039199999999998,-0.654844515,0.732603105,0.115173045
1764505210.1002,-3.72344,1.26658,-1.4039199999999998,-0.654844515,0.732603105,0.115173045
1764505210.1002,-3.72344,1.26658,-1.4039199999999998,-0.654844515,0.732603105,0.115173045
1764505210.101227,-3.72344,1.26658,-1.4039199999999998,-0.654844515,0.732603105,0.115173045
1764505210.101227,-3.84552,1.08346,-0.54936,-0.65417313,0.73180965,0.114318555
1764505210.101227,-3.84552,1.08346,-0.54936,-0.65417313,0.73180965,0.114318555
1764505210.101227,-3.84552,1.08346,-0.54936,-0.65417313,0.73180965,0.114318555
1764505210.101227,-3.84552,1.08346,-0.54936,-0.65417313,0.73180965,0.114318555
1764505210.101227,-3.84552,1.08346,-0.54936,-0.65417313,0.73180965,0.114318555
1764505210.101227,-3.84552,1.08346,-0.54936,-0.65417313,0.73180965,0.114318555
1764505210.101227,-3.84552,1.08346,-0.54936,-0.65417313,0.73180965,0.114318555
1764505210.101227,-3.84552,1.08346,-0.54936,-0.65417313,0.73180965,0.114318555
1764505210.101227,-3.84552,1.08346,-0.54936,-0.65417313,0.73180965,0.114318555
1764505210.101227,-3.84552,1.08346,-0.54936,-0.65417313,0.73180965,0.114318555
1764505210.101227,-4.715339999999999,0.3204599999999999,1.0682,-0.653013465,0.73278621,0.11462373
1764505210.101227,-4.715339999999999,0.3204599999999999,1.0682,-0.653013465,0.73278621,0.11462373
1764505210.101227,-4.715339999999999,0.3204599999999999,1.0682,-0.653013465,0.73278621,0.11462373
1764505210.101227,-4.715339999999999,0.3204599999999999,1.0682,-0.653013465,0.73278621,0.11462373
1764505210.1508758,-4.715339999999999,0.3204599999999999,1.0682,-0.653013465,0.73278621,0.11462373
1764505210.1508758,-4.715339999999999,0.3204599999999999,1.0682,-0.653013465,0.73278621,0.11462373
1764505210.1508758,-4.715339999999999,0.3204599999999999,1.0682,-0.653013465,0.73278621,0.11462373
1764505210.1518772,-4.715339999999999,0.3204599999999999,1.0682,-0.653013465,0.73278621,0.11462373
1764505210.1518772,-4.715339999999999,0.3204599999999999,1.0682,-0.653013465,0.73278621,0.11462373
1764505210.1518772,-4.715339999999999,0.3204599999999999,1.0682,-0.653013465,0.73278621,0.11462373
1764505210.1518772,-4.94424,0.44254,1.19028,-0.651914835,0.7324810350000001,0.11511201
1764505210.1518772,-4.94424,0.44254,1.19028,-0.651914835,0.7324810350000001,0.11511201
1764505210.1528685,-4.94424,0.44254,1.19028,-0.651914835,0.7324810350000001,0.11511201
1764505210.1528685,-4.94424,0.44254,1.19028,-0.651914835,0.7324810350000001,0.11511201
1764505210.1528685,-4.94424,0.44254,1.19028,-0.651914835,0.7324810350000001,0.11511201
1764505210.1528685,-4.94424,0.44254,1.19028,-0.651914835,0.7324810350000001,0.11511201
1764505210.1528685,-4.94424,0.44254,1.19028,-0.651914835,0.7324810350000001,0.11511201
1764505210.1528685,-4.94424,0.44254,1.19028,-0.651914835,0.7324810350000001,0.11511201
1764505210.1538703,-4.94424,0.44254,1.19028,-0.651914835,0.7324810350000001,0.11511201
1764505210.1538703,-4.94424,0.44254,1.19028,-0.651914835,0.7324810350000001,0.11511201
1764505210.1538703,-5.478339999999999,1.95328,-0.1525999999999999,-0.651670695,0.73095516,0.115661325
1764505210.1538703,-5.478339999999999,1.95328,-0.1525999999999999,-0.651670695,0.73095516,0.115661325
1764505210.1538703,-5.478339999999999,1.95328,-0.1525999999999999,-0.651670695,0.73095516,0.115661325
1764505210.1538703,-5.478339999999999,1.95328,-0.1525999999999999,-0.651670695,0.73095516,0.115661325
1764505210.1538703,-5.478339999999999,1.95328,-0.1525999999999999,-0.651670695,0.73095516,0.115661325
1764505210.1538703,-5.478339999999999,1.95328,-0.1525999999999999,-0.651670695,0.73095516,0.115661325
1764505210.15487,-5.478339999999999,1.95328,-0.1525999999999999,-0.651670695,0.73095516,0.115661325
1764505210.15487,-5.478339999999999,1.95328,-0.1525999999999999,-0.651670695,0.73095516,0.115661325
1764505210.196476,-5.478339999999999,1.95328,-0.1525999999999999,-0.651670695,0.73095516,0.115661325
1764505210.196476,-5.478339999999999,1.95328,-0.1525999999999999,-0.651670695,0.73095516,0.115661325
1764505210.196476,-4.822159999999999,2.07536,-1.3734,-0.65356278,0.729917565,0.11535615
1764505210.196476,-4.822159999999999,2.07536,-1.3734,-0.65356278,0.729917565,0.11535615
1764505210.196476,-4.822159999999999,2.07536,-1.3734,-0.65356278,0.729917565,0.11535615
1764505210.196476,-4.822159999999999,2.07536,-1.3734,-0.65356278,0.729917565,0.11535615
1764505210.196476,-4.822159999999999,2.07536,-1.3734,-0.65356278,0.729917565,0.11535615
1764505210.196476,-4.822159999999999,2.07536,-1.3734,-0.65356278,0.729917565,0.11535615
1764505210.196476,-4.822159999999999,2.07536,-1.3734,-0.65356278,0.729917565,0.11535615
1764505210.196476,-4.822159999999999,2.07536,-1.3734,-0.65356278,0.729917565,0.11535615
1764505210.196476,-4.822159999999999,2.07536,-1.3734,-0.65356278,0.729917565,0.11535615
1764505210.196476,-4.822159999999999,2.07536,-1.3734,-0.65356278,0.729917565,0.11535615
1764505210.196476,-4.440659999999999,1.9075,-1.46496,-0.6538679550000001,0.72949032,0.114074415
1764505210.196476,-4.440659999999999,1.9075,-1.46496,-0.6538679550000001,0.72949032,0.114074415
1764505210.196476,-4.440659999999999,1.9075,-1.46496,-0.6538679550000001,0.72949032,0.114074415
1764505210.1974866,-4.440659999999999,1.9075,-1.46496,-0.6538679550000001,0.72949032,0.114074415
1764505210.1974866,-4.440659999999999,1.9075,-1.46496,-0.6538679550000001,0.72949032,0.114074415
1764505210.1974866,-4.440659999999999,1.9075,-1.46496,-0.6538679550000001,0.72949032,0.114074415
1764505210.1974866,-4.440659999999999,1.9075,-1.46496,-0.6538679550000001,0.72949032,0.114074415
1764505210.1974866,-4.440659999999999,1.9075,-1.46496,-0.6538679550000001,0.72949032,0.114074415
1764505210.1974866,-4.440659999999999,1.9075,-1.46496,-0.6538679550000001,0.72949032,0.114074415
1764505210.1974866,-4.440659999999999,1.9075,-1.46496,-0.6538679550000001,0.72949032,0.114074415
1764505210.1974866,-2.5179,0.50358,-0.03052,-0.65356278,0.73010067,0.113341995
1764505210.1974866,-2.5179,0.50358,-0.03052,-0.65356278,0.73010067,0.113341995
1764505210.2443764,-2.5179,0.50358,-0.03052,-0.65356278,0.73010067,0.113341995
1764505210.2443764,-2.5179,0.50358,-0.03052,-0.65356278,0.73010067,0.113341995
1764505210.2453766,-2.5179,0.50358,-0.03052,-0.65356278,0.73010067,0.113341995
1764505210.2453766,-2.5179,0.50358,-0.03052,-0.65356278,0.73010067,0.113341995
1764505210.2456746,-2.5179,0.50358,-0.03052,-0.65356278,0.73010067,0.113341995
1764505210.2456746,-2.5179,0.50358,-0.03052,-0.65356278,0.73010067,0.113341995
1764505210.2456746,-2.5179,0.50358,-0.03052,-0.65356278,0.73010067,0.113341995
1764505210.2456746,-2.5179,0.50358,-0.03052,-0.65356278,0.73010067,0.113341995
1764505210.2456746,-1.11398,-0.3204599999999999,0.3509799999999999,-0.65258622,0.73071102,0.113952345
1764505210.2456746,-1.11398,-0.3204599999999999,0.3509799999999999,-0.65258622,0.73071102,0.113952345
1764505210.2456746,-1.11398,-0.3204599999999999,0.3509799999999999,-0.65258622,0.73071102,0.113952345
1764505210.2456746,-1.11398,-0.3204599999999999,0.3509799999999999,-0.65258622,0.73071102,0.113952345
1764505210.2466834,-1.11398,-0.3204599999999999,0.3509799999999999,-0.65258622,0.73071102,0.113952345
1764505210.2466834,-1.11398,-0.3204599999999999,0.3509799999999999,-0.65258622,0.73071102,0.113952345
1764505210.2466834,-1.11398,-0.3204599999999999,0.3509799999999999,-0.65258622,0.73071102,0.113952345
1764505210.2466834,-1.11398,-0.3204599999999999,0.3509799999999999,-0.65258622,0.73071102,0.113952345
1764505210.2466834,-1.11398,-0.3204599999999999,0.3509799999999999,-0.65258622,0.73071102,0.113952345
1764505210.2466834,-1.11398,-0.3204599999999999,0.3509799999999999,-0.65258622,0.73071102,0.113952345
1764505210.2466834,-0.8698199999999999,0.54936,0.94612,-0.6522810450000001,0.731016195,0.11511201
1764505210.2466834,-0.8698199999999999,0.54936,0.94612,-0.6522810450000001,0.731016195,0.11511201
1764505210.2913463,-0.8698199999999999,0.54936,0.94612,-0.6522810450000001,0.731016195,0.11511201
1764505210.2913463,-0.8698199999999999,0.54936,0.94612,-0.6522810450000001,0.731016195,0.11511201
1764505210.2913463,-0.8698199999999999,0.54936,0.94612,-0.6522810450000001,0.731016195,0.11511201
1764505210.2913463,-0.8698199999999999,0.54936,0.94612,-0.6522810450000001,0.731016195,0.11511201
1764505210.2913463,-0.8698199999999999,0.54936,0.94612,-0.6522810450000001,0.731016195,0.11511201
1764505210.2913463,-0.8698199999999999,0.54936,0.94612,-0.6522810450000001,0.731016195,0.11511201
1764505210.2913463,-0.8698199999999999,0.54936,0.94612,-0.6522810450000001,0.731016195,0.11511201
1764505210.2913463,-0.8698199999999999,0.54936,0.94612,-0.6522810450000001,0.731016195,0.11511201
1764505210.2913463,-2.38056,0.25942,1.64808,-0.65295243,0.732358965,0.114562695
1764505210.2923377,-2.38056,0.25942,1.64808,-0.65295243,0.732358965,0.114562695
1764505210.2923377,-2.38056,0.25942,1.64808,-0.65295243,0.732358965,0.114562695
1764505210.2923377,-2.38056,0.25942,1.64808,-0.65295243,0.732358965,0.114562695
1764505210.2923377,-2.38056,0.25942,1.64808,-0.65295243,0.732358965,0.114562695
1764505210.2923377,-2.38056,0.25942,1.64808,-0.65295243,0.732358965,0.114562695
1764505210.2923377,-2.38056,0.25942,1.64808,-0.65295243,0.732358965,0.114562695
1764505210.2923377,-2.38056,0.25942,1.64808,-0.65295243,0.732358965,0.114562695
1764505210.2933335,-2.38056,0.25942,1.64808,-0.65295243,0.732358965,0.114562695
1764505210.2933335,-2.38056,0.25942,1.64808,-0.65295243,0.732358965,0.114562695
1764505210.2933335,-4.37962,1.12924,0.42728,-0.653257605,0.732725175,0.113097855
1764505210.2933335,-4.37962,1.12924,0.42728,-0.653257605,0.732725175,0.113097855
1764505210.2933335,-4.37962,1.12924,0.42728,-0.653257605,0.732725175,0.113097855
1764505210.2933335,-4.37962,1.12924,0.42728,-0.653257605,0.732725175,0.113097855
1764505210.2933335,-4.37962,1.12924,0.42728,-0.653257605,0.732725175,0.113097855
1764505210.2933335,-4.37962,1.12924,0.42728,-0.653257605,0.732725175,0.113097855
1764505210.332449,-4.37962,1.12924,0.42728,-0.653257605,0.732725175,0.113097855
1764505210.3334706,-4.37962,1.12924,0.42728,-0.653257605,0.732725175,0.113097855
1764505210.3334706,-4.37962,1.12924,0.42728,-0.653257605,0.732725175,0.113097855
1764505210.3334706,-4.37962,1.12924,0.42728,-0.653257605,0.732725175,0.113097855
1764505210.3334706,-5.096839999999999,1.6633399999999998,-0.19838,-0.65270829,0.731260335,0.11315889
1764505210.3334706,-5.096839999999999,1.6633399999999998,-0.19838,-0.65270829,0.731260335,0.11315889
1764505210.3334706,-5.096839999999999,1.6633399999999998,-0.19838,-0.65270829,0.731260335,0.11315889
1764505210.3334706,-5.096839999999999,1.6633399999999998,-0.19838,-0.65270829,0.731260335,0.11315889
1764505210.3334706,-5.096839999999999,1.6633399999999998,-0.19838,-0.65270829,0.731260335,0.11315889
1764505210.3334706,-5.096839999999999,1.6633399999999998,-0.19838,-0.65270829,0.731260335,0.11315889
1764505210.3334706,-5.096839999999999,1.6633399999999998,-0.19838,-0.65270829,0.731260335,0.11315889
1764505210.3334706,-5.096839999999999,1.6633399999999998,-0.19838,-0.65270829,0.731260335,0.11315889
1764505210.3334706,-5.096839999999999,1.6633399999999998,-0.19838,-0.65270829,0.731260335,0.11315889
1764505210.3334706,-5.096839999999999,1.6633399999999998,-0.19838,-0.65270829,0.731260335,0.11315889
1764505210.3334706,-4.41014,2.54842,-0.36624,-0.653379675,0.72961239,0.113341995
1764505210.3334706,-4.41014,2.54842,-0.36624,-0.653379675,0.72961239,0.113341995
1764505210.3334706,-4.41014,2.54842,-0.36624,-0.653379675,0.72961239,0.113341995
1764505210.3334706,-4.41014,2.54842,-0.36624,-0.653379675,0.72961239,0.113341995
1764505210.3334706,-4.41014,2.54842,-0.36624,-0.653379675,0.72961239,0.113341995
1764505210.3334706,-4.41014,2.54842,-0.36624,-0.653379675,0.72961239,0.113341995
1764505210.3344886,-4.41014,2.54842,-0.36624,-0.653379675,0.72961239,0.113341995
1764505210.3344886,-4.41014,2.54842,-0.36624,-0.653379675,0.72961239,0.113341995
1764505210.3344886,-4.41014,2.54842,-0.36624,-0.653379675,0.72961239,0.113341995
1764505210.3344886,-4.41014,2.54842,-0.36624,-0.653379675,0.72961239,0.113341995
1764505210.381481,-3.14356,1.99906,0.6409199999999999,-0.65563797,0.7287579,0.11218233
1764505210.381481,-3.14356,1.99906,0.6409199999999999,-0.65563797,0.7287579,0.11218233
1764505210.381481,-3.14356,1.99906,0.6409199999999999,-0.65563797,0.7287579,0.11218233
1764505210.381481,-3.14356,1.99906,0.6409199999999999,-0.65563797,0.7287579,0.11218233
1764505210.381481,-3.14356,1.99906,0.6409199999999999,-0.65563797,0.7287579,0.11218233
1764505210.381481,-3.14356,1.99906,0.6409199999999999,-0.65563797,0.7287579,0.11218233
1764505210.381481,-3.14356,1.99906,0.6409199999999999,-0.65563797,0.7287579,0.11218233
1764505210.381481,-3.14356,1.99906,0.6409199999999999,-0.65563797,0.7287579,0.11218233
1764505210.381481,-3.14356,1.99906,0.6409199999999999,-0.65563797,0.7287579,0.11218233
1764505210.381481,-3.14356,1.99906,0.6409199999999999,-0.65563797,0.7287579,0.11218233
1764505210.381481,-4.66956,1.58704,1.77016,-0.65576004,0.730649985,0.109801965
1764505210.381481,-4.66956,1.58704,1.77016,-0.65576004,0.730649985,0.109801965
1764505210.3835015,-4.66956,1.58704,1.77016,-0.65576004,0.730649985,0.109801965
1764505210.3835015,-4.66956,1.58704,1.77016,-0.65576004,0.730649985,0.109801965
1764505210.3835015,-4.66956,1.58704,1.77016,-0.65576004,0.730649985,0.109801965
1764505210.3835015,-4.66956,1.58704,1.77016,-0.65576004,0.730649985,0.109801965
1764505210.3835015,-4.66956,1.58704,1.77016,-0.65576004,0.730649985,0.109801965
1764505210.3835015,-4.66956,1.58704,1.77016,-0.65576004,0.730649985,0.109801965
1764505210.3845048,-4.66956,1.58704,1.77016,-0.65576004,0.730649985,0.109801965
1764505210.3845048,-4.66956,1.58704,1.77016,-0.65576004,0.730649985,0.109801965
1764505210.3845048,-4.852679999999999,2.0601,1.86172,-0.653745885,0.732236895,0.109863
1764505210.3845048,-4.852679999999999,2.0601,1.86172,-0.653745885,0.732236895,0.109863
1764505210.3845048,-4.852679999999999,2.0601,1.86172,-0.653745885,0.732236895,0.109863
1764505210.3845048,-4.852679999999999,2.0601,1.86172,-0.653745885,0.732236895,0.109863
1764505210.429032,-4.852679999999999,2.0601,1.86172,-0.653745885,0.732236895,0.109863
1764505210.429032,-4.852679999999999,2.0601,1.86172,-0.653745885,0.732236895,0.109863
1764505210.429032,-4.852679999999999,2.0601,1.86172,-0.653745885,0.732236895,0.109863
1764505210.4295526,-4.852679999999999,2.0601,1.86172,-0.653745885,0.732236895,0.109863
1764505210.4295526,-4.852679999999999,2.0601,1.86172,-0.653745885,0.732236895,0.109863
1764505210.4295526,-4.852679999999999,2.0601,1.86172,-0.653745885,0.732236895,0.109863
1764505210.4295526,-3.95234,2.3653,1.64808,-0.651914835,0.7314434400000001,0.11157198
1764505210.4295526,-3.95234,2.3653,1.64808,-0.651914835,0.7314434400000001,0.11157198
1764505210.4295526,-3.95234,2.3653,1.64808,-0.651914835,0.7314434400000001,0.11157198
1764505210.4295526,-3.95234,2.3653,1.64808,-0.651914835,0.7314434400000001,0.11157198
1764505210.4295526,-3.95234,2.3653,1.64808,-0.651914835,0.7314434400000001,0.11157198
1764505210.4295526,-3.95234,2.3653,1.64808,-0.651914835,0.7314434400000001,0.11157198
1764505210.4295526,-3.95234,2.3653,1.64808,-0.651914835,0.7314434400000001,0.11157198
1764505210.4295526,-3.95234,2.3653,1.64808,-0.651914835,0.7314434400000001,0.11157198
1764505210.4295526,-3.95234,2.3653,1.64808,-0.651914835,0.7314434400000001,0.11157198
1764505210.4295526,-3.95234,2.3653,1.64808,-0.651914835,0.7314434400000001,0.11157198
1764505210.4295526,-2.62472,1.57178,1.03768,-0.651670695,0.7287579,0.114196485
1764505210.4295526,-2.62472,1.57178,1.03768,-0.651670695,0.7287579,0.114196485
1764505210.4295526,-2.62472,1.57178,1.03768,-0.651670695,0.7287579,0.114196485
1764505210.4295526,-2.62472,1.57178,1.03768,-0.651670695,0.7287579,0.114196485
1764505210.4295526,-2.62472,1.57178,1.03768,-0.651670695,0.7287579,0.114196485
1764505210.4295526,-2.62472,1.57178,1.03768,-0.651670695,0.7287579,0.114196485
1764505210.4736547,-2.62472,1.57178,1.03768,-0.651670695,0.7287579,0.114196485
1764505210.4736547,-2.62472,1.57178,1.03768,-0.651670695,0.7287579,0.114196485
1764505210.4752257,-2.62472,1.57178,1.03768,-0.651670695,0.7287579,0.114196485
1764505210.4752257,-2.62472,1.57178,1.03768,-0.651670695,0.7287579,0.114196485
1764505210.4752257,-1.41918,2.07536,0.65618,-0.65209794,0.7261944300000001,0.116393745
1764505210.4752257,-1.41918,2.07536,0.65618,-0.65209794,0.7261944300000001,0.116393745
1764505210.4752257,-1.41918,2.07536,0.65618,-0.65209794,0.7261944300000001,0.116393745
1764505210.4752257,-1.41918,2.07536,0.65618,-0.65209794,0.7261944300000001,0.116393745
1764505210.4767363,-1.41918,2.07536,0.65618,-0.65209794,0.7261944300000001,0.116393745
1764505210.4767363,-1.41918,2.07536,0.65618,-0.65209794,0.7261944300000001,0.116393745
1764505210.477344,-1.41918,2.07536,0.65618,-0.65209794,0.7261944300000001,0.116393745
1764505210.477344,-1.41918,2.07536,0.65618,-0.65209794,0.7261944300000001,0.116393745
1764505210.4778624,-1.41918,2.07536,0.65618,-0.65209794,0.7261944300000001,0.116393745
1764505210.4778624,-1.41918,2.07536,0.65618,-0.65209794,0.7261944300000001,0.116393745
1764505210.4778624,-1.86172,1.38866,0.3051999999999999,-0.65368485,0.727720305,0.117004095
1764505210.4778624,-1.86172,1.38866,0.3051999999999999,-0.65368485,0.727720305,0.117004095
1764505210.478883,-1.86172,1.38866,0.3051999999999999,-0.65368485,0.727720305,0.117004095
1764505210.478883,-1.86172,1.38866,0.3051999999999999,-0.65368485,0.727720305,0.117004095
1764505210.478883,-1.86172,1.38866,0.3051999999999999,-0.65368485,0.727720305,0.117004095
1764505210.478883,-1.86172,1.38866,0.3051999999999999,-0.65368485,0.727720305,0.117004095
1764505210.478883,-1.86172,1.38866,0.3051999999999999,-0.65368485,0.727720305,0.117004095
1764505210.4798782,-1.86172,1.38866,0.3051999999999999,-0.65368485,0.727720305,0.117004095
1764505210.4798782,-1.86172,1.38866,0.3051999999999999,-0.65368485,0.727720305,0.117004095
1764505210.4798782,-1.86172,1.38866,0.3051999999999999,-0.65368485,0.727720305,0.117004095
1764505210.523727,-3.15882,-0.28994,-0.1678599999999999,-0.654844515,0.7319317200000001,0.117980655
1764505210.523727,-3.15882,-0.28994,-0.1678599999999999,-0.654844515,0.7319317200000001,0.117980655
1764505210.523727,-3.15882,-0.28994,-0.1678599999999999,-0.654844515,0.7319317200000001,0.117980655
1764505210.523727,-3.15882,-0.28994,-0.1678599999999999,-0.654844515,0.7319317200000001,0.117980655
1764505210.523727,-3.15882,-0.28994,-0.1678599999999999,-0.654844515,0.7319317200000001,0.117980655
1764505210.523727,-3.15882,-0.28994,-0.1678599999999999,-0.654844515,0.7319317200000001,0.117980655
1764505210.523727,-3.15882,-0.28994,-0.1678599999999999,-0.654844515,0.7319317200000001,0.117980655
1764505210.523727,-3.15882,-0.28994,-0.1678599999999999,-0.654844515,0.7319317200000001,0.117980655
1764505210.523727,-3.15882,-0.28994,-0.1678599999999999,-0.654844515,0.7319317200000001,0.117980655
1764505210.523727,-3.15882,-0.28994,-0.1678599999999999,-0.654844515,0.7319317200000001,0.117980655
1764505210.523727,-4.63904,0.21364,0.13734,-0.65380692,0.733579665,0.116393745
1764505210.523727,-4.63904,0.21364,0.13734,-0.65380692,0.733579665,0.116393745
1764505210.523727,-4.63904,0.21364,0.13734,-0.65380692,0.733579665,0.116393745
1764505210.523727,-4.63904,0.21364,0.13734,-0.65380692,0.733579665,0.116393745
1764505210.523727,-4.63904,0.21364,0.13734,-0.65380692,0.733579665,0.116393745
1764505210.523727,-4.63904,0.21364,0.13734,-0.65380692,0.733579665,0.116393745
1764505210.523727,-4.63904,0.21364,0.13734,-0.65380692,0.733579665,0.116393745
1764505210.523727,-4.63904,0.21364,0.13734,-0.65380692,0.733579665,0.116393745
1764505210.523727,-4.63904,0.21364,0.13734,-0.65380692,0.733579665,0.116393745
1764505210.523727,-4.63904,0.21364,0.13734,-0.65380692,0.733579665,0.116393745
1764505210.523727,-4.66956,0.97664,0.24416,-0.6530745,0.733945875,0.11315889
1764505210.523727,-4.66956,0.97664,0.24416,-0.6530745,0.733945875,0.11315889
1764505210.5675046,-4.66956,0.97664,0.24416,-0.6530745,0.733945875,0.11315889
1764505210.5675046,-4.66956,0.97664,0.24416,-0.6530745,0.733945875,0.11315889
1764505210.5675046,-4.66956,0.97664,0.24416,-0.6530745,0.733945875,0.11315889
1764505210.5675046,-4.66956,0.97664,0.24416,-0.6530745,0.733945875,0.11315889
1764505210.5685155,-4.66956,0.97664,0.24416,-0.6530745,0.733945875,0.11315889
1764505210.5685155,-4.66956,0.97664,0.24416,-0.6530745,0.733945875,0.11315889
1764505210.5685155,-4.66956,0.97664,0.24416,-0.6530745,0.733945875,0.11315889
1764505210.5685155,-4.66956,0.97664,0.24416,-0.6530745,0.733945875,0.11315889
1764505210.57003,-4.18124,0.62566,0.59514,-0.652647255,0.733091385,0.110534385
1764505210.57003,-4.18124,0.62566,0.59514,-0.652647255,0.733091385,0.110534385
1764505210.57003,-4.18124,0.62566,0.59514,-0.652647255,0.733091385,0.110534385
1764505210.57003,-4.18124,0.62566,0.59514,-0.652647255,0.733091385,0.110534385
1764505210.57003,-4.18124,0.62566,0.59514,-0.652647255,0.733091385,0.110534385
1764505210.57003,-4.18124,0.62566,0.59514,-0.652647255,0.733091385,0.110534385
1764505210.57003,-4.18124,0.62566,0.59514,-0.652647255,0.733091385,0.110534385
1764505210.57003,-4.18124,0.62566,0.59514,-0.652647255,0.733091385,0.110534385
1764505210.57003,-4.18124,0.62566,0.59514,-0.652647255,0.733091385,0.110534385
1764505210.57003,-4.18124,0.62566,0.59514,-0.652647255,0.733091385,0.110534385
1764505210.57003,-3.54032,1.43444,0.47306,-0.651670695,0.731626545,0.10754367
1764505210.57003,-3.54032,1.43444,0.47306,-0.651670695,0.731626545,0.10754367
1764505210.57003,-3.54032,1.43444,0.47306,-0.651670695,0.731626545,0.10754367
1764505210.57003,-3.54032,1.43444,0.47306,-0.651670695,0.731626545,0.10754367
1764505210.57003,-3.54032,1.43444,0.47306,-0.651670695,0.731626545,0.10754367
1764505210.57003,-3.54032,1.43444,0.47306,-0.651670695,0.731626545,0.10754367
1764505210.6150413,-3.54032,1.43444,0.47306,-0.651670695,0.731626545,0.10754367
1764505210.6150413,-3.54032,1.43444,0.47306,-0.651670695,0.731626545,0.10754367
1764505210.6150413,-3.54032,1.43444,0.47306,-0.651670695,0.731626545,0.10754367
1764505210.6150413,-3.54032,1.43444,0.47306,-0.651670695,0.731626545,0.10754367
1764505210.6150413,-3.32668,2.45686,-0.24416,-0.6506941350000001,0.729795495,0.106628145
1764505210.6150413,-3.32668,2.45686,-0.24416,-0.6506941350000001,0.729795495,0.106628145
1764505210.6150413,-3.32668,2.45686,-0.24416,-0.6506941350000001,0.729795495,0.106628145
1764505210.6165743,-3.32668,2.45686,-0.24416,-0.6506941350000001,0.729795495,0.106628145
1764505210.6165743,-3.32668,2.45686,-0.24416,-0.6506941350000001,0.729795495,0.106628145
1764505210.6165743,-3.32668,2.45686,-0.24416,-0.6506941350000001,0.729795495,0.106628145
1764505210.617582,-3.32668,2.45686,-0.24416,-0.6506941350000001,0.729795495,0.106628145
1764505210.617582,-3.32668,2.45686,-0.24416,-0.6506941350000001,0.729795495,0.106628145
1764505210.617582,-3.32668,2.45686,-0.24416,-0.6506941350000001,0.729795495,0.106628145
1764505210.617582,-3.32668,2.45686,-0.24416,-0.6506941350000001,0.729795495,0.106628145
1764505210.618588,-2.4416,2.88414,0.10682,-0.6522810450000001,0.729063075,0.10803195
1764505210.618588,-2.4416,2.88414,0.10682,-0.6522810450000001,0.729063075,0.10803195
1764505210.618588,-2.4416,2.88414,0.10682,-0.6522810450000001,0.729063075,0.10803195
1764505210.618588,-2.4416,2.88414,0.10682,-0.6522810450000001,0.729063075,0.10803195
1764505210.618588,-2.4416,2.88414,0.10682,-0.6522810450000001,0.729063075,0.10803195
1764505210.618588,-2.4416,2.88414,0.10682,-0.6522810450000001,0.729063075,0.10803195
1764505210.619676,-2.4416,2.88414,0.10682,-0.6522810450000001,0.729063075,0.10803195
1764505210.619676,-2.4416,2.88414,0.10682,-0.6522810450000001,0.729063075,0.10803195
1764505210.619676,-2.4416,2.88414,0.10682,-0.6522810450000001,0.729063075,0.10803195
1764505210.619676,-2.4416,2.88414,0.10682,-0.6522810450000001,0.729063075,0.10803195
1764505210.6645749,-1.11398,2.56368,0.71722,-0.65405106,0.7288189350000001,0.10974093
1764505210.6645749,-1.11398,2.56368,0.71722,-0.65405106,0.7288189350000001,0.10974093
1764505210.6645749,-1.11398,2.56368,0.71722,-0.65405106,0.7288189350000001,0.10974093
1764505210.6645749,-1.11398,2.56368,0.71722,-0.65405106,0.7288189350000001,0.10974093
1764505210.6645749,-1.11398,2.56368,0.71722,-0.65405106,0.7288189350000001,0.10974093
1764505210.6645749,-1.11398,2.56368,0.71722,-0.65405106,0.7288189350000001,0.10974093
1764505210.6645749,-1.11398,2.56368,0.71722,-0.65405106,0.7288189350000001,0.10974093
1764505210.6645749,-1.11398,2.56368,0.71722,-0.65405106,0.7288189350000001,0.10974093
1764505210.6655726,-1.11398,2.56368,0.71722,-0.65405106,0.7288189350000001,0.10974093
1764505210.6655726,-1.11398,2.56368,0.71722,-0.65405106,0.7288189350000001,0.10974093
1764505210.6655726,-1.34288,0.94612,0.6409199999999999,-0.654966585,0.7299786,0.11035128
1764505210.6655726,-1.34288,0.94612,0.6409199999999999,-0.654966585,0.7299786,0.11035128
1764505210.6655726,-1.34288,0.94612,0.6409199999999999,-0.654966585,0.7299786,0.11035128
1764505210.6655726,-1.34288,0.94612,0.6409199999999999,-0.654966585,0.7299786,0.11035128
1764505210.6655726,-1.34288,0.94612,0.6409199999999999,-0.654966585,0.7299786,0.11035128
1764505210.6655726,-1.34288,0.94612,0.6409199999999999,-0.654966585,0.7299786,0.11035128
1764505210.6655726,-1.34288,0.94612,0.6409199999999999,-0.654966585,0.7299786,0.11035128
1764505210.6655726,-1.34288,0.94612,0.6409199999999999,-0.654966585,0.7299786,0.11035128
1764505210.6655726,-1.34288,0.94612,0.6409199999999999,-0.654966585,0.7299786,0.11035128
1764505210.6655726,-1.34288,0.94612,0.6409199999999999,-0.654966585,0.7299786,0.11035128
1764505210.6655726,-2.07536,-0.0762999999999999,0.3204599999999999,-0.655088655,0.7308941250000001,0.111022665
1764505210.6655726,-2.07536,-0.0762999999999999,0.3204599999999999,-0.655088655,0.7308941250000001,0.111022665
1764505210.6655726,-2.07536,-0.0762999999999999,0.3204599999999999,-0.655088655,0.7308941250000001,0.111022665
1764505210.6655726,-2.07536,-0.0762999999999999,0.3204599999999999,-0.655088655,0.7308941250000001,0.111022665
1764505210.7114658,-2.07536,-0.0762999999999999,0.3204599999999999,-0.655088655,0.7308941250000001,0.111022665
1764505210.7117252,-2.07536,-0.0762999999999999,0.3204599999999999,-0.655088655,0.7308941250000001,0.111022665
1764505210.7117252,-2.07536,-0.0762999999999999,0.3204599999999999,-0.655088655,0.7308941250000001,0.111022665
1764505210.7119558,-2.07536,-0.0762999999999999,0.3204599999999999,-0.655088655,0.7308941250000001,0.111022665
1764505210.7121732,-2.07536,-0.0762999999999999,0.3204599999999999,-0.655088655,0.7308941250000001,0.111022665
1764505210.7121732,-2.07536,-0.0762999999999999,0.3204599999999999,-0.655088655,0.7308941250000001,0.111022665
1764505210.7121732,-1.7549,-0.96138,-0.03052,-0.65319657,0.731138265,0.11242647
1764505210.7121732,-1.7549,-0.96138,-0.03052,-0.65319657,0.731138265,0.11242647
1764505210.7121732,-1.7549,-0.96138,-0.03052,-0.65319657,0.731138265,0.11242647
1764505210.7121732,-1.7549,-0.96138,-0.03052,-0.65319657,0.731138265,0.11242647
1764505210.7121732,-1.7549,-0.96138,-0.03052,-0.65319657,0.731138265,0.11242647
1764505210.7121732,-1.7549,-0.96138,-0.03052,-0.65319657,0.731138265,0.11242647
1764505210.7121732,-1.7549,-0.96138,-0.03052,-0.65319657,0.731138265,0.11242647
1764505210.7121732,-1.7549,-0.96138,-0.03052,-0.65319657,0.731138265,0.11242647
1764505210.7121732,-1.7549,-0.96138,-0.03052,-0.65319657,0.731138265,0.11242647
1764505210.7121732,-1.7549,-0.96138,-0.03052,-0.65319657,0.731138265,0.11242647
1764505210.7121732,-1.84646,1.02242,-0.54936,-0.651060345,0.7311993,0.113097855
1764505210.7121732,-1.84646,1.02242,-0.54936,-0.651060345,0.7311993,0.113097855
1764505210.7121732,-1.84646,1.02242,-0.54936,-0.651060345,0.7311993,0.113097855
1764505210.7121732,-1.84646,1.02242,-0.54936,-0.651060345,0.7311993,0.113097855
1764505210.7121732,-1.84646,1.02242,-0.54936,-0.651060345,0.7311993,0.113097855
1764505210.7121732,-1.84646,1.02242,-0.54936,-0.651060345,0.7311993,0.113097855
1764505210.7121732,-1.84646,1.02242,-0.54936,-0.651060345,0.7311993,0.113097855
1764505210.7131813,-1.84646,1.02242,-0.54936,-0.651060345,0.7311993,0.113097855
1764505210.7594614,-1.84646,1.02242,-0.54936,-0.651060345,0.7311993,0.113097855
1764505210.7594614,-1.84646,1.02242,-0.54936,-0.651060345,0.7311993,0.113097855
1764505210.7594614,-1.86172,2.30426,-0.54936,-0.649961715,0.73132137,0.11144991
1764505210.7594614,-1.86172,2.30426,-0.54936,-0.649961715,0.73132137,0.11144991
1764505210.7594614,-1.86172,2.30426,-0.54936,-0.649961715,0.73132137,0.11144991
1764505210.7594614,-1.86172,2.30426,-0.54936,-0.649961715,0.73132137,0.11144991
1764505210.760442,-1.86172,2.30426,-0.54936,-0.649961715,0.73132137,0.11144991
1764505210.760442,-1.86172,2.30426,-0.54936,-0.649961715,0.73132137,0.11144991
1764505210.760442,-1.86172,2.30426,-0.54936,-0.649961715,0.73132137,0.11144991
1764505210.760442,-1.86172,2.30426,-0.54936,-0.649961715,0.73132137,0.11144991
1764505210.760442,-1.86172,2.30426,-0.54936,-0.649961715,0.73132137,0.11144991
1764505210.760442,-1.86172,2.30426,-0.54936,-0.649961715,0.73132137,0.11144991
1764505210.760442,-2.91466,1.9838,0.54936,-0.651426555,0.7324810350000001,0.10913058
1764505210.761554,-2.91466,1.9838,0.54936,-0.651426555,0.7324810350000001,0.10913058
1764505210.761554,-2.91466,1.9838,0.54936,-0.651426555,0.7324810350000001,0.10913058
1764505210.761554,-2.91466,1.9838,0.54936,-0.651426555,0.7324810350000001,0.10913058
1764505210.761554,-2.91466,1.9838,0.54936,-0.651426555,0.7324810350000001,0.10913058
1764505210.761554,-2.91466,1.9838,0.54936,-0.651426555,0.7324810350000001,0.10913058
1764505210.761554,-2.91466,1.9838,0.54936,-0.651426555,0.7324810350000001,0.10913058
1764505210.761554,-2.91466,1.9838,0.54936,-0.651426555,0.7324810350000001,0.10913058
1764505210.761554,-2.91466,1.9838,0.54936,-0.651426555,0.7324810350000001,0.10913058
1764505210.761554,-2.91466,1.9838,0.54936,-0.651426555,0.7324810350000001,0.10913058
1764505210.801123,-3.03674,0.36624,0.763,-0.654478305,0.73449519,0.10693332
1764505210.801123,-3.03674,0.36624,0.763,-0.654478305,0.73449519,0.10693332
1764505210.801123,-3.03674,0.36624,0.763,-0.654478305,0.73449519,0.10693332
1764505210.801123,-3.03674,0.36624,0.763,-0.654478305,0.73449519,0.10693332
1764505210.801123,-3.03674,0.36624,0.763,-0.654478305,0.73449519,0.10693332
1764505210.801123,-3.03674,0.36624,0.763,-0.654478305,0.73449519,0.10693332
1764505210.802134,-3.03674,0.36624,0.763,-0.654478305,0.73449519,0.10693332
1764505210.802134,-3.03674,0.36624,0.763,-0.654478305,0.73449519,0.10693332
1764505210.802134,-3.03674,0.36624,0.763,-0.654478305,0.73449519,0.10693332
1764505210.802134,-3.03674,0.36624,0.763,-0.654478305,0.73449519,0.10693332
1764505210.802134,-3.25038,0.12208,-0.3509799999999999,-0.65563797,0.7355938200000001,0.10778781
1764505210.802134,-3.25038,0.12208,-0.3509799999999999,-0.65563797,0.7355938200000001,0.10778781
1764505210.802134,-3.25038,0.12208,-0.3509799999999999,-0.65563797,0.7355938200000001,0.10778781
1764505210.802134,-3.25038,0.12208,-0.3509799999999999,-0.65563797,0.7355938200000001,0.10778781
1764505210.802134,-3.25038,0.12208,-0.3509799999999999,-0.65563797,0.7355938200000001,0.10778781
1764505210.802134,-3.25038,0.12208,-0.3509799999999999,-0.65563797,0.7355938200000001,0.10778781
1764505210.802134,-3.25038,0.12208,-0.3509799999999999,-0.65563797,0.7355938200000001,0.10778781
1764505210.803133,-3.25038,0.12208,-0.3509799999999999,-0.65563797,0.7355938200000001,0.10778781
1764505210.803133,-3.25038,0.12208,-0.3509799999999999,-0.65563797,0.7355938200000001,0.10778781
1764505210.803133,-3.25038,0.12208,-0.3509799999999999,-0.65563797,0.7355938200000001,0.10778781
1764505210.803133,-2.86888,1.28184,-0.9003399999999999,-0.655210725,0.73425105,0.108581265
1764505210.803133,-2.86888,1.28184,-0.9003399999999999,-0.655210725,0.73425105,0.108581265
1764505210.8516576,-2.86888,1.28184,-0.9003399999999999,-0.655210725,0.73425105,0.108581265
1764505210.8516576,-2.86888,1.28184,-0.9003399999999999,-0.655210725,0.73425105,0.108581265
1764505210.8516576,-2.86888,1.28184,-0.9003399999999999,-0.655210725,0.73425105,0.108581265
1764505210.8516576,-2.86888,1.28184,-0.9003399999999999,-0.655210725,0.73425105,0.108581265
1764505210.8516576,-2.86888,1.28184,-0.9003399999999999,-0.655210725,0.73425105,0.108581265
1764505210.8516576,-2.86888,1.28184,-0.9003399999999999,-0.655210725,0.73425105,0.108581265
1764505210.8516576,-2.86888,1.28184,-0.9003399999999999,-0.655210725,0.73425105,0.108581265
1764505210.8516576,-2.86888,1.28184,-0.9003399999999999,-0.655210725,0.73425105,0.108581265
1764505210.8516576,-1.70912,2.56368,0.7019599999999999,-0.6549055500000001,0.731626545,0.10778781
1764505210.8516576,-1.70912,2.56368,0.7019599999999999,-0.6549055500000001,0.731626545,0.10778781
1764505210.8516576,-1.70912,2.56368,0.7019599999999999,-0.6549055500000001,0.731626545,0.10778781
1764505210.8516576,-1.70912,2.56368,0.7019599999999999,-0.6549055500000001,0.731626545,0.10778781
1764505210.8516576,-1.70912,2.56368,0.7019599999999999,-0.6549055500000001,0.731626545,0.10778781
1764505210.8516576,-1.70912,2.56368,0.7019599999999999,-0.6549055500000001,0.731626545,0.10778781
1764505210.8516576,-1.70912,2.56368,0.7019599999999999,-0.6549055500000001,0.731626545,0.10778781
1764505210.8516576,-1.70912,2.56368,0.7019599999999999,-0.6549055500000001,0.731626545,0.10778781
1764505210.8516576,-1.70912,2.56368,0.7019599999999999,-0.6549055500000001,0.731626545,0.10778781
1764505210.8516576,-1.70912,2.56368,0.7019599999999999,-0.6549055500000001,0.731626545,0.10778781
1764505210.8516576,-1.43444,1.58704,1.69386,-0.654112095,0.730161705,0.107482635
1764505210.8516576,-1.43444,1.58704,1.69386,-0.654112095,0.730161705,0.107482635
1764505210.8516576,-1.43444,1.58704,1.69386,-0.654112095,0.730161705,0.107482635
1764505210.8516576,-1.43444,1.58704,1.69386,-0.654112095,0.730161705,0.107482635
1764505210.8516576,-1.43444,1.58704,1.69386,-0.654112095,0.730161705,0.107482635
1764505210.8516576,-1.43444,1.58704,1.69386,-0.654112095,0.730161705,0.107482635
1764505210.894607,-1.43444,1.58704,1.69386,-0.654112095,0.730161705,0.107482635
1764505210.894607,-1.43444,1.58704,1.69386,-0.654112095,0.730161705,0.107482635
1764505210.894607,-1.43444,1.58704,1.69386,-0.654112095,0.730161705,0.107482635
1764505210.894607,-1.43444,1.58704,1.69386,-0.654112095,0.730161705,0.107482635
1764505210.894607,-1.61756,1.4039199999999998,1.78542,-0.65319657,0.730772055,0.10778781
1764505210.894607,-1.61756,1.4039199999999998,1.78542,-0.65319657,0.730772055,0.10778781
1764505210.894607,-1.61756,1.4039199999999998,1.78542,-0.65319657,0.730772055,0.10778781
1764505210.894607,-1.61756,1.4039199999999998,1.78542,-0.65319657,0.730772055,0.10778781
1764505210.894607,-1.61756,1.4039199999999998,1.78542,-0.65319657,0.730772055,0.10778781
1764505210.894607,-1.61756,1.4039199999999998,1.78542,-0.65319657,0.730772055,0.10778781
1764505210.894607,-1.61756,1.4039199999999998,1.78542,-0.65319657,0.730772055,0.10778781
1764505210.894607,-1.61756,1.4039199999999998,1.78542,-0.65319657,0.730772055,0.10778781
1764505210.894607,-1.61756,1.4039199999999998,1.78542,-0.65319657,0.730772055,0.10778781
1764505210.894607,-1.61756,1.4039199999999998,1.78542,-0.65319657,0.730772055,0.10778781
1764505210.894607,-3.11304,1.2971,0.96138,-0.653379675,0.73156551,0.10900851
1764505210.894607,-3.11304,1.2971,0.96138,-0.653379675,0.73156551,0.10900851
1764505210.894607,-3.11304,1.2971,0.96138,-0.653379675,0.73156551,0.10900851
1764505210.894607,-3.11304,1.2971,0.96138,-0.653379675,0.73156551,0.10900851
1764505210.894607,-3.11304,1.2971,0.96138,-0.653379675,0.73156551,0.10900851
1764505210.894607,-3.11304,1.2971,0.96138,-0.653379675,0.73156551,0.10900851
1764505210.894607,-3.11304,1.2971,0.96138,-0.653379675,0.73156551,0.10900851
1764505210.894607,-3.11304,1.2971,0.96138,-0.653379675,0.73156551,0.10900851
1764505210.894607,-3.11304,1.2971,0.96138,-0.653379675,0.73156551,0.10900851
1764505210.894607,-3.11304,1.2971,0.96138,-0.653379675,0.73156551,0.10900851
1764505210.941921,-5.21892,1.61756,-1.12924,-0.65356278,0.73217586,0.10961886
1764505210.941921,-5.21892,1.61756,-1.12924,-0.65356278,0.73217586,0.10961886
1764505210.941921,-5.21892,1.61756,-1.12924,-0.65356278,0.73217586,0.10961886
1764505210.941921,-5.21892,1.61756,-1.12924,-0.65356278,0.73217586,0.10961886
1764505210.941921,-5.21892,1.61756,-1.12924,-0.65356278,0.73217586,0.10961886
1764505210.941921,-5.21892,1.61756,-1.12924,-0.65356278,0.73217586,0.10961886
1764505210.941921,-5.21892,1.61756,-1.12924,-0.65356278,0.73217586,0.10961886
1764505210.941921,-5.21892,1.61756,-1.12924,-0.65356278,0.73217586,0.10961886
1764505210.941921,-5.21892,1.61756,-1.12924,-0.65356278,0.73217586,0.10961886
1764505210.941921,-5.21892,1.61756,-1.12924,-0.65356278,0.73217586,0.10961886
1764505210.9429245,-4.94424,2.07536,-0.9003399999999999,-0.654478305,0.731748615,0.10913058
1764505210.9429245,-4.94424,2.07536,-0.9003399999999999,-0.654478305,0.731748615,0.10913058
1764505210.9429245,-4.94424,2.07536,-0.9003399999999999,-0.654478305,0.731748615,0.10913058
1764505210.9429245,-4.94424,2.07536,-0.9003399999999999,-0.654478305,0.731748615,0.10913058
1764505210.9429245,-4.94424,2.07536,-0.9003399999999999,-0.654478305,0.731748615,0.10913058
1764505210.9429245,-4.94424,2.07536,-0.9003399999999999,-0.654478305,0.731748615,0.10913058
1764505210.9429245,-4.94424,2.07536,-0.9003399999999999,-0.654478305,0.731748615,0.10913058
1764505210.9429245,-4.94424,2.07536,-0.9003399999999999,-0.654478305,0.731748615,0.10913058
1764505210.9429245,-4.94424,2.07536,-0.9003399999999999,-0.654478305,0.731748615,0.10913058
1764505210.9429245,-4.94424,2.07536,-0.9003399999999999,-0.654478305,0.731748615,0.10913058
1764505210.9429245,-4.25754,1.32762,-0.06104,-0.65405106,0.73229793,0.10668918
1764505210.9429245,-4.25754,1.32762,-0.06104,-0.65405106,0.73229793,0.10668918
1764505210.9429245,-4.25754,1.32762,-0.06104,-0.65405106,0.73229793,0.10668918
1764505210.9429245,-4.25754,1.32762,-0.06104,-0.65405106,0.73229793,0.10668918
1764505210.9926944,-4.25754,1.32762,-0.06104,-0.65405106,0.73229793,0.10668918
1764505210.9926944,-4.25754,1.32762,-0.06104,-0.65405106,0.73229793,0.10668918
1764505210.9926944,-4.25754,1.32762,-0.06104,-0.65405106,0.73229793,0.10668918
1764505210.9926944,-4.25754,1.32762,-0.06104,-0.65405106,0.73229793,0.10668918
1764505210.9926944,-4.25754,1.32762,-0.06104,-0.65405106,0.73229793,0.10668918
1764505210.9926944,-4.25754,1.32762,-0.06104,-0.65405106,0.73229793,0.10668918
1764505210.9926944,-4.45592,0.44254,0.28994,-0.652403115,0.73242,0.105773655
1764505210.9926944,-4.45592,0.44254,0.28994,-0.652403115,0.73242,0.105773655
1764505210.9926944,-4.45592,0.44254,0.28994,-0.652403115,0.73242,0.105773655
1764505210.9926944,-4.45592,0.44254,0.28994,-0.652403115,0.73242,0.105773655
1764505210.9926944,-4.45592,0.44254,0.28994,-0.652403115,0.73242,0.105773655
1764505210.99369,-4.45592,0.44254,0.28994,-0.652403115,0.73242,0.105773655
1764505210.99369,-4.45592,0.44254,0.28994,-0.652403115,0.73242,0.105773655
1764505210.99369,-4.45592,0.44254,0.28994,-0.652403115,0.73242,0.105773655
1764505210.99369,-4.45592,0.44254,0.28994,-0.652403115,0.73242,0.105773655
1764505210.99369,-4.45592,0.44254,0.28994,-0.652403115,0.73242,0.105773655
1764505210.99369,-4.15072,1.32762,0.82404,-0.650083785,0.731870685,0.106139865
1764505210.99369,-4.15072,1.32762,0.82404,-0.650083785,0.731870685,0.106139865
1764505210.99369,-4.15072,1.32762,0.82404,-0.650083785,0.731870685,0.106139865
1764505210.99369,-4.15072,1.32762,0.82404,-0.650083785,0.731870685,0.106139865
1764505210.99369,-4.15072,1.32762,0.82404,-0.650083785,0.731870685,0.106139865
1764505210.99369,-4.15072,1.32762,0.82404,-0.650083785,0.731870685,0.106139865
1764505210.99369,-4.15072,1.32762,0.82404,-0.650083785,0.731870685,0.106139865
1764505210.99369,-4.15072,1.32762,0.82404,-0.650083785,0.731870685,0.106139865
1764505211.0380614,-4.15072,1.32762,0.82404,-0.650083785,0.731870685,0.106139865
1764505211.0380614,-4.15072,1.32762,0.82404,-0.650083785,0.731870685,0.106139865
1764505211.0380614,-3.5098,1.8312,0.65618,-0.650938275,0.73205379,0.10656711
1764505211.0380614,-3.5098,1.8312,0.65618,-0.650938275,0.73205379,0.10656711
1764505211.0380614,-3.5098,1.8312,0.65618,-0.650938275,0.73205379,0.10656711
1764505211.0380614,-3.5098,1.8312,0.65618,-0.650938275,0.73205379,0.10656711
1764505211.0380614,-3.5098,1.8312,0.65618,-0.650938275,0.73205379,0.10656711
1764505211.0380614,-3.5098,1.8312,0.65618,-0.650938275,0.73205379,0.10656711
1764505211.0380614,-3.5098,1.8312,0.65618,-0.650938275,0.73205379,0.10656711
1764505211.0380614,-3.5098,1.8312,0.65618,-0.650938275,0.73205379,0.10656711
1764505211.0380614,-3.5098,1.8312,0.65618,-0.650938275,0.73205379,0.10656711
1764505211.0380614,-3.5098,1.8312,0.65618,-0.650938275,0.73205379,0.10656711
1764505211.0380614,-4.02864,1.48022,0.3204599999999999,-0.65160966,0.7324810350000001,0.10705539
1764505211.0380614,-4.02864,1.48022,0.3204599999999999,-0.65160966,0.7324810350000001,0.10705539
1764505211.0380614,-4.02864,1.48022,0.3204599999999999,-0.65160966,0.7324810350000001,0.10705539
1764505211.0380614,-4.02864,1.48022,0.3204599999999999,-0.65160966,0.7324810350000001,0.10705539
1764505211.0380614,-4.02864,1.48022,0.3204599999999999,-0.65160966,0.7324810350000001,0.10705539
1764505211.0380614,-4.02864,1.48022,0.3204599999999999,-0.65160966,0.7324810350000001,0.10705539
1764505211.0380614,-4.02864,1.48022,0.3204599999999999,-0.65160966,0.7324810350000001,0.10705539
1764505211.0380614,-4.02864,1.48022,0.3204599999999999,-0.65160966,0.7324810350000001,0.10705539
1764505211.0380614,-4.02864,1.48022,0.3204599999999999,-0.65160966,0.7324810350000001,0.10705539
1764505211.0380614,-4.02864,1.48022,0.3204599999999999,-0.65160966,0.7324810350000001,0.10705539
1764505211.086819,-5.35626,1.63282,-0.39676,-0.6522810450000001,0.731138265,0.10754367
1764505211.086819,-5.35626,1.63282,-0.39676,-0.6522810450000001,0.731138265,0.10754367
1764505211.086819,-5.35626,1.63282,-0.39676,-0.6522810450000001,0.731138265,0.10754367
1764505211.086819,-5.35626,1.63282,-0.39676,-0.6522810450000001,0.731138265,0.10754367
1764505211.086819,-5.35626,1.63282,-0.39676,-0.6522810450000001,0.731138265,0.10754367
1764505211.086819,-5.35626,1.63282,-0.39676,-0.6522810450000001,0.731138265,0.10754367
1764505211.086819,-5.35626,1.63282,-0.39676,-0.6522810450000001,0.731138265,0.10754367
1764505211.086819,-5.35626,1.63282,-0.39676,-0.6522810450000001,0.731138265,0.10754367
1764505211.086819,-5.35626,1.63282,-0.39676,-0.6522810450000001,0.731138265,0.10754367
1764505211.086819,-5.35626,1.63282,-0.39676,-0.6522810450000001,0.731138265,0.10754367
1764505211.086819,-5.890359999999999,1.8006799999999998,-0.54936,-0.652769325,0.73022274,0.10729953
1764505211.086819,-5.890359999999999,1.8006799999999998,-0.54936,-0.652769325,0.73022274,0.10729953
1764505211.086819,-5.890359999999999,1.8006799999999998,-0.54936,-0.652769325,0.73022274,0.10729953
1764505211.086819,-5.890359999999999,1.8006799999999998,-0.54936,-0.652769325,0.73022274,0.10729953
1764505211.086819,-5.890359999999999,1.8006799999999998,-0.54936,-0.652769325,0.73022274,0.10729953
1764505211.086819,-5.890359999999999,1.8006799999999998,-0.54936,-0.652769325,0.73022274,0.10729953
1764505211.087327,-5.890359999999999,1.8006799999999998,-0.54936,-0.652769325,0.73022274,0.10729953
1764505211.087327,-5.890359999999999,1.8006799999999998,-0.54936,-0.652769325,0.73022274,0.10729953
1764505211.087327,-5.890359999999999,1.8006799999999998,-0.54936,-0.652769325,0.73022274,0.10729953
1764505211.087327,-5.890359999999999,1.8006799999999998,-0.54936,-0.652769325,0.73022274,0.10729953
1764505211.087327,-4.74586,1.78542,-0.0762999999999999,-0.65392899,0.729063075,0.107238495
1764505211.087327,-4.74586,1.78542,-0.0762999999999999,-0.65392899,0.729063075,0.107238495
1764505211.087327,-4.74586,1.78542,-0.0762999999999999,-0.65392899,0.729063075,0.107238495
1764505211.087327,-4.74586,1.78542,-0.0762999999999999,-0.65392899,0.729063075,0.107238495
1764505211.087327,-4.74586,1.78542,-0.0762999999999999,-0.65392899,0.729063075,0.107238495
1764505211.087327,-4.74586,1.78542,-0.0762999999999999,-0.65392899,0.729063075,0.107238495
1764505211.134513,-4.74586,1.78542,-0.0762999999999999,-0.65392899,0.729063075,0.107238495
1764505211.134513,-4.74586,1.78542,-0.0762999999999999,-0.65392899,0.729063075,0.107238495
1764505211.134513,-4.74586,1.78542,-0.0762999999999999,-0.65392899,0.729063075,0.107238495
1764505211.134513,-4.74586,1.78542,-0.0762999999999999,-0.65392899,0.729063075,0.107238495
1764505211.134513,-3.92182,0.3051999999999999,0.74774,-0.654478305,0.72961239,0.106750215
1764505211.134513,-3.92182,0.3051999999999999,0.74774,-0.654478305,0.72961239,0.106750215
1764505211.134513,-3.92182,0.3051999999999999,0.74774,-0.654478305,0.72961239,0.106750215
1764505211.1355276,-3.92182,0.3051999999999999,0.74774,-0.654478305,0.72961239,0.106750215
1764505211.1355276,-3.92182,0.3051999999999999,0.74774,-0.654478305,0.72961239,0.106750215
1764505211.1355276,-3.92182,0.3051999999999999,0.74774,-0.654478305,0.72961239,0.106750215
1764505211.1355276,-3.92182,0.3051999999999999,0.74774,-0.654478305,0.72961239,0.106750215
1764505211.1355276,-3.92182,0.3051999999999999,0.74774,-0.654478305,0.72961239,0.106750215
1764505211.1355276,-3.92182,0.3051999999999999,0.74774,-0.654478305,0.72961239,0.106750215
1764505211.1355276,-3.92182,0.3051999999999999,0.74774,-0.654478305,0.72961239,0.106750215
1764505211.1355276,-4.33384,0.9003399999999999,1.26658,-0.653013465,0.7308941250000001,0.10644504
1764505211.1355276,-4.33384,0.9003399999999999,1.26658,-0.653013465,0.7308941250000001,0.10644504
1764505211.1355276,-4.33384,0.9003399999999999,1.26658,-0.653013465,0.7308941250000001,0.10644504
1764505211.1370368,-4.33384,0.9003399999999999,1.26658,-0.653013465,0.7308941250000001,0.10644504
1764505211.1370368,-4.33384,0.9003399999999999,1.26658,-0.653013465,0.7308941250000001,0.10644504
1764505211.1370368,-4.33384,0.9003399999999999,1.26658,-0.653013465,0.7308941250000001,0.10644504
1764505211.1827178,-4.33384,0.9003399999999999,1.26658,-0.653013465,0.7308941250000001,0.10644504
1764505211.1827178,-4.33384,0.9003399999999999,1.26658,-0.653013465,0.7308941250000001,0.10644504
1764505211.1827178,-4.33384,0.9003399999999999,1.26658,-0.653013465,0.7308941250000001,0.10644504
1764505211.1827178,-4.33384,0.9003399999999999,1.26658,-0.653013465,0.7308941250000001,0.10644504
1764505211.1827178,-4.8832,2.27374,0.71722,-0.6530745,0.7319317200000001,0.10571262
1764505211.1827178,-4.8832,2.27374,0.71722,-0.6530745,0.7319317200000001,0.10571262
1764505211.1827178,-4.8832,2.27374,0.71722,-0.6530745,0.7319317200000001,0.10571262
1764505211.1827178,-4.8832,2.27374,0.71722,-0.6530745,0.7319317200000001,0.10571262
1764505211.1827178,-4.8832,2.27374,0.71722,-0.6530745,0.7319317200000001,0.10571262
1764505211.1827178,-4.8832,2.27374,0.71722,-0.6530745,0.7319317200000001,0.10571262
1764505211.1827178,-4.8832,2.27374,0.71722,-0.6530745,0.7319317200000001,0.10571262
1764505211.1827178,-4.8832,2.27374,0.71722,-0.6530745,0.7319317200000001,0.10571262
1764505211.1827178,-4.8832,2.27374,0.71722,-0.6530745,0.7319317200000001,0.10571262
1764505211.1827178,-4.8832,2.27374,0.71722,-0.6530745,0.7319317200000001,0.10571262
1764505211.1827178,-5.0358,1.77016,0.25942,-0.653013465,0.73266414,0.10583469
1764505211.1827178,-5.0358,1.77016,0.25942,-0.653013465,0.73266414,0.10583469
1764505211.1827178,-5.0358,1.77016,0.25942,-0.653013465,0.73266414,0.10583469
1764505211.1827178,-5.0358,1.77016,0.25942,-0.653013465,0.73266414,0.10583469
1764505211.1827178,-5.0358,1.77016,0.25942,-0.653013465,0.73266414,0.10583469
1764505211.1827178,-5.0358,1.77016,0.25942,-0.653013465,0.73266414,0.10583469
1764505211.1827178,-5.0358,1.77016,0.25942,-0.653013465,0.73266414,0.10583469
1764505211.1827178,-5.0358,1.77016,0.25942,-0.653013465,0.73266414,0.10583469
1764505211.1827178,-5.0358,1.77016,0.25942,-0.653013465,0.73266414,0.10583469
1764505211.1827178,-5.0358,1.77016,0.25942,-0.653013465,0.73266414,0.10583469
1764505211.2220166,-4.07442,1.2055399999999998,0.18312,-0.652769325,0.732236895,0.10681125
1764505211.2220166,-4.07442,1.2055399999999998,0.18312,-0.652769325,0.732236895,0.10681125
1764505211.2220166,-4.07442,1.2055399999999998,0.18312,-0.652769325,0.732236895,0.10681125
1764505211.2220166,-4.07442,1.2055399999999998,0.18312,-0.652769325,0.732236895,0.10681125
1764505211.2220166,-4.07442,1.2055399999999998,0.18312,-0.652769325,0.732236895,0.10681125
1764505211.2220166,-4.07442,1.2055399999999998,0.18312,-0.652769325,0.732236895,0.10681125
1764505211.2220166,-4.07442,1.2055399999999998,0.18312,-0.652769325,0.732236895,0.10681125
1764505211.2220166,-4.07442,1.2055399999999998,0.18312,-0.652769325,0.732236895,0.10681125
1764505211.2220166,-4.07442,1.2055399999999998,0.18312,-0.652769325,0.732236895,0.10681125
1764505211.2220166,-4.07442,1.2055399999999998,0.18312,-0.652769325,0.732236895,0.10681125
1764505211.2220166,-4.97476,1.55652,0.57988,-0.6533186400000001,0.73327449,0.106872285
1764505211.223702,-4.97476,1.55652,0.57988,-0.6533186400000001,0.73327449,0.106872285
1764505211.223702,-4.97476,1.55652,0.57988,-0.6533186400000001,0.73327449,0.106872285
1764505211.223702,-4.97476,1.55652,0.57988,-0.6533186400000001,0.73327449,0.106872285
1764505211.223702,-4.97476,1.55652,0.57988,-0.6533186400000001,0.73327449,0.106872285
1764505211.223702,-4.97476,1.55652,0.57988,-0.6533186400000001,0.73327449,0.106872285
1764505211.223702,-4.97476,1.55652,0.57988,-0.6533186400000001,0.73327449,0.106872285
1764505211.223702,-4.97476,1.55652,0.57988,-0.6533186400000001,0.73327449,0.106872285
1764505211.223702,-4.97476,1.55652,0.57988,-0.6533186400000001,0.73327449,0.106872285
1764505211.223702,-4.97476,1.55652,0.57988,-0.6533186400000001,0.73327449,0.106872285
1764505211.223702,-5.85984,1.7549,0.8698199999999999,-0.653623815,0.735410715,0.107726775
1764505211.223702,-5.85984,1.7549,0.8698199999999999,-0.653623815,0.735410715,0.107726775
1764505211.2726278,-5.85984,1.7549,0.8698199999999999,-0.653623815,0.735410715,0.107726775
1764505211.273637,-5.85984,1.7549,0.8698199999999999,-0.653623815,0.735410715,0.107726775
1764505211.273637,-5.85984,1.7549,0.8698199999999999,-0.653623815,0.735410715,0.107726775
1764505211.2739303,-5.85984,1.7549,0.8698199999999999,-0.653623815,0.735410715,0.107726775
1764505211.2739303,-5.85984,1.7549,0.8698199999999999,-0.653623815,0.735410715,0.107726775
1764505211.2739303,-5.85984,1.7549,0.8698199999999999,-0.653623815,0.735410715,0.107726775
1764505211.2739303,-5.85984,1.7549,0.8698199999999999,-0.653623815,0.735410715,0.107726775
1764505211.2739303,-5.85984,1.7549,0.8698199999999999,-0.653623815,0.735410715,0.107726775
1764505211.2739303,-6.790699999999999,1.4039199999999998,0.74774,-0.653135535,0.734678295,0.109863
1764505211.2739303,-6.790699999999999,1.4039199999999998,0.74774,-0.653135535,0.734678295,0.109863
1764505211.2749395,-6.790699999999999,1.4039199999999998,0.74774,-0.653135535,0.734678295,0.109863
1764505211.2749395,-6.790699999999999,1.4039199999999998,0.74774,-0.653135535,0.734678295,0.109863
1764505211.2749395,-6.790699999999999,1.4039199999999998,0.74774,-0.653135535,0.734678295,0.109863
1764505211.2749395,-6.790699999999999,1.4039199999999998,0.74774,-0.653135535,0.734678295,0.109863
1764505211.2749395,-6.790699999999999,1.4039199999999998,0.74774,-0.653135535,0.734678295,0.109863
1764505211.2749395,-6.790699999999999,1.4039199999999998,0.74774,-0.653135535,0.734678295,0.109863
1764505211.2749395,-6.790699999999999,1.4039199999999998,0.74774,-0.653135535,0.734678295,0.109863
1764505211.2749395,-6.790699999999999,1.4039199999999998,0.74774,-0.653135535,0.734678295,0.109863
1764505211.2749395,-6.47024,1.6633399999999998,0.10682,-0.65356278,0.73290828,0.10937472
1764505211.2749395,-6.47024,1.6633399999999998,0.10682,-0.65356278,0.73290828,0.10937472
1764505211.2754486,-6.47024,1.6633399999999998,0.10682,-0.65356278,0.73290828,0.10937472
1764505211.2754486,-6.47024,1.6633399999999998,0.10682,-0.65356278,0.73290828,0.10937472
1764505211.2754486,-6.47024,1.6633399999999998,0.10682,-0.65356278,0.73290828,0.10937472
1764505211.2754486,-6.47024,1.6633399999999998,0.10682,-0.65356278,0.73290828,0.10937472
1764505211.2754486,-6.47024,1.6633399999999998,0.10682,-0.65356278,0.73290828,0.10937472
1764505211.2754486,-6.47024,1.6633399999999998,0.10682,-0.65356278,0.73290828,0.10937472
1764505211.3167386,-6.47024,1.6633399999999998,0.10682,-0.65356278,0.73290828,0.10937472
1764505211.3167386,-6.47024,1.6633399999999998,0.10682,-0.65356278,0.73290828,0.10937472
1764505211.317753,-6.21082,1.02242,-0.3509799999999999,-0.654722445,0.73107723,0.10803195
1764505211.317753,-6.21082,1.02242,-0.3509799999999999,-0.654722445,0.73107723,0.10803195
1764505211.317753,-6.21082,1.02242,-0.3509799999999999,-0.654722445,0.73107723,0.10803195
1764505211.317753,-6.21082,1.02242,-0.3509799999999999,-0.654722445,0.73107723,0.10803195
1764505211.317753,-6.21082,1.02242,-0.3509799999999999,-0.654722445,0.73107723,0.10803195
1764505211.317753,-6.21082,1.02242,-0.3509799999999999,-0.654722445,0.73107723,0.10803195
1764505211.317753,-6.21082,1.02242,-0.3509799999999999,-0.654722445,0.73107723,0.10803195
1764505211.317753,-6.21082,1.02242,-0.3509799999999999,-0.654722445,0.73107723,0.10803195
1764505211.317753,-6.21082,1.02242,-0.3509799999999999,-0.654722445,0.73107723,0.10803195
1764505211.317753,-6.21082,1.02242,-0.3509799999999999,-0.654722445,0.73107723,0.10803195
1764505211.317753,-5.20366,0.21364,-0.13734,-0.654722445,0.729429285,0.1074216
1764505211.3201752,-5.20366,0.21364,-0.13734,-0.654722445,0.729429285,0.1074216
1764505211.3201752,-5.20366,0.21364,-0.13734,-0.654722445,0.729429285,0.1074216
1764505211.3201752,-5.20366,0.21364,-0.13734,-0.654722445,0.729429285,0.1074216
1764505211.3201752,-5.20366,0.21364,-0.13734,-0.654722445,0.729429285,0.1074216
1764505211.3201752,-5.20366,0.21364,-0.13734,-0.654722445,0.729429285,0.1074216
1764505211.3201752,-5.20366,0.21364,-0.13734,-0.654722445,0.729429285,0.1074216
1764505211.3201752,-5.20366,0.21364,-0.13734,-0.654722445,0.729429285,0.1074216
1764505211.3211968,-5.20366,0.21364,-0.13734,-0.654722445,0.729429285,0.1074216
1764505211.3211968,-5.20366,0.21364,-0.13734,-0.654722445,0.729429285,0.1074216
1764505211.3211968,-3.55558,1.2055399999999998,0.57988,-0.65392899,0.729429285,0.108215055
1764505211.3211968,-3.55558,1.2055399999999998,0.57988,-0.65392899,0.729429285,0.108215055
1764505211.3667617,-3.55558,1.2055399999999998,0.57988,-0.65392899,0.729429285,0.108215055
1764505211.3667617,-3.55558,1.2055399999999998,0.57988,-0.65392899,0.729429285,0.108215055
1764505211.3667617,-3.55558,1.2055399999999998,0.57988,-0.65392899,0.729429285,0.108215055
1764505211.3667617,-3.55558,1.2055399999999998,0.57988,-0.65392899,0.729429285,0.108215055
1764505211.3667617,-3.55558,1.2055399999999998,0.57988,-0.65392899,0.729429285,0.108215055
1764505211.3667617,-3.55558,1.2055399999999998,0.57988,-0.65392899,0.729429285,0.108215055
1764505211.3667617,-3.55558,1.2055399999999998,0.57988,-0.65392899,0.729429285,0.108215055
1764505211.3667617,-3.55558,1.2055399999999998,0.57988,-0.65392899,0.729429285,0.108215055
1764505211.3667617,-4.28806,0.9919,0.62566,-0.6538679550000001,0.73022274,0.10803195
1764505211.3667617,-4.28806,0.9919,0.62566,-0.6538679550000001,0.73022274,0.10803195
1764505211.3667617,-4.28806,0.9919,0.62566,-0.6538679550000001,0.73022274,0.10803195
1764505211.3667617,-4.28806,0.9919,0.62566,-0.6538679550000001,0.73022274,0.10803195
1764505211.3667617,-4.28806,0.9919,0.62566,-0.6538679550000001,0.73022274,0.10803195
1764505211.3667617,-4.28806,0.9919,0.62566,-0.6538679550000001,0.73022274,0.10803195
1764505211.3667617,-4.28806,0.9919,0.62566,-0.6538679550000001,0.73022274,0.10803195
1764505211.3667617,-4.28806,0.9919,0.62566,-0.6538679550000001,0.73022274,0.10803195
1764505211.3667617,-4.28806,0.9919,0.62566,-0.6538679550000001,0.73022274,0.10803195
1764505211.3667617,-4.28806,0.9919,0.62566,-0.6538679550000001,0.73022274,0.10803195
1764505211.3667617,-4.24228,1.28184,0.56462,-0.653013465,0.730772055,0.10790988
1764505211.3667617,-4.24228,1.28184,0.56462,-0.653013465,0.730772055,0.10790988
1764505211.3667617,-4.24228,1.28184,0.56462,-0.653013465,0.730772055,0.10790988
1764505211.3667617,-4.24228,1.28184,0.56462,-0.653013465,0.730772055,0.10790988
1764505211.4101512,-4.24228,1.28184,0.56462,-0.653013465,0.730772055,0.10790988
1764505211.4101512,-4.24228,1.28184,0.56462,-0.653013465,0.730772055,0.10790988
1764505211.4101512,-4.24228,1.28184,0.56462,-0.653013465,0.730772055,0.10790988
1764505211.4101512,-4.24228,1.28184,0.56462,-0.653013465,0.730772055,0.10790988
1764505211.4111674,-4.24228,1.28184,0.56462,-0.653013465,0.730772055,0.10790988
1764505211.4111674,-4.24228,1.28184,0.56462,-0.653013465,0.730772055,0.10790988
1764505211.4111674,-4.48644,0.88508,0.13734,-0.6538679550000001,0.73217586,0.10815402
1764505211.4111674,-4.48644,0.88508,0.13734,-0.6538679550000001,0.73217586,0.10815402
1764505211.4111674,-4.48644,0.88508,0.13734,-0.6538679550000001,0.73217586,0.10815402
1764505211.4111674,-4.48644,0.88508,0.13734,-0.6538679550000001,0.73217586,0.10815402
1764505211.4111674,-4.48644,0.88508,0.13734,-0.6538679550000001,0.73217586,0.10815402
1764505211.4111674,-4.48644,0.88508,0.13734,-0.6538679550000001,0.73217586,0.10815402
1764505211.4111674,-4.48644,0.88508,0.13734,-0.6538679550000001,0.73217586,0.10815402
1764505211.4111674,-4.48644,0.88508,0.13734,-0.6538679550000001,0.73217586,0.10815402
1764505211.4111674,-4.48644,0.88508,0.13734,-0.6538679550000001,0.73217586,0.10815402
1764505211.4111674,-4.48644,0.88508,0.13734,-0.6538679550000001,0.73217586,0.10815402
1764505211.4121728,-4.059159999999999,1.00716,0.25942,-0.65380692,0.73156551,0.108703335
1764505211.4121728,-4.059159999999999,1.00716,0.25942,-0.65380692,0.73156551,0.108703335
1764505211.4121728,-4.059159999999999,1.00716,0.25942,-0.65380692,0.73156551,0.108703335
1764505211.4121728,-4.059159999999999,1.00716,0.25942,-0.65380692,0.73156551,0.108703335
1764505211.4121728,-4.059159999999999,1.00716,0.25942,-0.65380692,0.73156551,0.108703335
1764505211.4121728,-4.059159999999999,1.00716,0.25942,-0.65380692,0.73156551,0.108703335
1764505211.45864,-4.059159999999999,1.00716,0.25942,-0.65380692,0.73156551,0.108703335
1764505211.45864,-4.059159999999999,1.00716,0.25942,-0.65380692,0.73156551,0.108703335
1764505211.45864,-4.059159999999999,1.00716,0.25942,-0.65380692,0.73156551,0.108703335
1764505211.45864,-4.059159999999999,1.00716,0.25942,-0.65380692,0.73156551,0.108703335
1764505211.45864,-5.44782,1.17502,-0.04578,-0.65283036,0.733091385,0.110046105
1764505211.45864,-5.44782,1.17502,-0.04578,-0.65283036,0.733091385,0.110046105
1764505211.45864,-5.44782,1.17502,-0.04578,-0.65283036,0.733091385,0.110046105
1764505211.45864,-5.44782,1.17502,-0.04578,-0.65283036,0.733091385,0.110046105
1764505211.45864,-5.44782,1.17502,-0.04578,-0.65283036,0.733091385,0.110046105
1764505211.45864,-5.44782,1.17502,-0.04578,-0.65283036,0.733091385,0.110046105
1764505211.45864,-5.44782,1.17502,-0.04578,-0.65283036,0.733091385,0.110046105
1764505211.45864,-5.44782,1.17502,-0.04578,-0.65283036,0.733091385,0.110046105
1764505211.45864,-5.44782,1.17502,-0.04578,-0.65283036,0.733091385,0.110046105
1764505211.45864,-5.44782,1.17502,-0.04578,-0.65283036,0.733091385,0.110046105
1764505211.45864,-5.997179999999999,1.77016,0.03052,-0.651914835,0.73412898,0.11157198
1764505211.45864,-5.997179999999999,1.77016,0.03052,-0.651914835,0.73412898,0.11157198
1764505211.45864,-5.997179999999999,1.77016,0.03052,-0.651914835,0.73412898,0.11157198
1764505211.459672,-5.997179999999999,1.77016,0.03052,-0.651914835,0.73412898,0.11157198
1764505211.459672,-5.997179999999999,1.77016,0.03052,-0.651914835,0.73412898,0.11157198
1764505211.459672,-5.997179999999999,1.77016,0.03052,-0.651914835,0.73412898,0.11157198
1764505211.459672,-5.997179999999999,1.77016,0.03052,-0.651914835,0.73412898,0.11157198
1764505211.459672,-5.997179999999999,1.77016,0.03052,-0.651914835,0.73412898,0.11157198
1764505211.459672,-5.997179999999999,1.77016,0.03052,-0.651914835,0.73412898,0.11157198
1764505211.459672,-5.997179999999999,1.77016,0.03052,-0.651914835,0.73412898,0.11157198
1764505211.5034468,-5.53938,1.1445,-0.39676,-0.653257605,0.73217586,0.11157198
1764505211.5044878,-5.53938,1.1445,-0.39676,-0.653257605,0.73217586,0.11157198
1764505211.5044878,-5.53938,1.1445,-0.39676,-0.653257605,0.73217586,0.11157198
1764505211.5044878,-5.53938,1.1445,-0.39676,-0.653257605,0.73217586,0.11157198
1764505211.505469,-5.53938,1.1445,-0.39676,-0.653257605,0.73217586,0.11157198
1764505211.505469,-5.53938,1.1445,-0.39676,-0.653257605,0.73217586,0.11157198
1764505211.505469,-5.53938,1.1445,-0.39676,-0.653257605,0.73217586,0.11157198
1764505211.505469,-5.53938,1.1445,-0.39676,-0.653257605,0.73217586,0.11157198
1764505211.505469,-5.53938,1.1445,-0.39676,-0.653257605,0.73217586,0.11157198
1764505211.505469,-5.53938,1.1445,-0.39676,-0.653257605,0.73217586,0.11157198
1764505211.505469,-6.821219999999999,1.15976,0.71722,-0.65368485,0.733213455,0.10937472
1764505211.505469,-6.821219999999999,1.15976,0.71722,-0.65368485,0.733213455,0.10937472
1764505211.505469,-6.821219999999999,1.15976,0.71722,-0.65368485,0.733213455,0.10937472
1764505211.505469,-6.821219999999999,1.15976,0.71722,-0.65368485,0.733213455,0.10937472
1764505211.505469,-6.821219999999999,1.15976,0.71722,-0.65368485,0.733213455,0.10937472
1764505211.505469,-6.821219999999999,1.15976,0.71722,-0.65368485,0.733213455,0.10937472
1764505211.505469,-6.821219999999999,1.15976,0.71722,-0.65368485,0.733213455,0.10937472
1764505211.505469,-6.821219999999999,1.15976,0.71722,-0.65368485,0.733213455,0.10937472
1764505211.505469,-6.821219999999999,1.15976,0.71722,-0.65368485,0.733213455,0.10937472
1764505211.505469,-6.821219999999999,1.15976,0.71722,-0.65368485,0.733213455,0.10937472
1764505211.505469,-7.21798,-0.9003399999999999,-0.3509799999999999,-0.655332795,0.73425105,0.109801965
1764505211.5064795,-7.21798,-0.9003399999999999,-0.3509799999999999,-0.655332795,0.73425105,0.109801965
1764505211.5110335,-7.21798,-0.9003399999999999,-0.3509799999999999,-0.655332795,0.73425105,0.109801965
1764505211.5110335,-7.21798,-0.9003399999999999,-0.3509799999999999,-0.655332795,0.73425105,0.109801965
1764505211.5520537,-7.21798,-0.9003399999999999,-0.3509799999999999,-0.655332795,0.73425105,0.109801965
1764505211.5520537,-7.21798,-0.9003399999999999,-0.3509799999999999,-0.655332795,0.73425105,0.109801965
1764505211.5520537,-7.21798,-0.9003399999999999,-0.3509799999999999,-0.655332795,0.73425105,0.109801965
1764505211.5520537,-7.21798,-0.9003399999999999,-0.3509799999999999,-0.655332795,0.73425105,0.109801965
1764505211.5520537,-7.21798,-0.9003399999999999,-0.3509799999999999,-0.655332795,0.73425105,0.109801965
1764505211.5520537,-7.21798,-0.9003399999999999,-0.3509799999999999,-0.655332795,0.73425105,0.109801965
1764505211.5520537,-7.065379999999999,0.27468,-0.65618,-0.65417313,0.735044505,0.109801965
1764505211.5520537,-7.065379999999999,0.27468,-0.65618,-0.65417313,0.735044505,0.109801965
1764505211.5520537,-7.065379999999999,0.27468,-0.65618,-0.65417313,0.735044505,0.109801965
1764505211.5520537,-7.065379999999999,0.27468,-0.65618,-0.65417313,0.735044505,0.109801965
1764505211.5520537,-7.065379999999999,0.27468,-0.65618,-0.65417313,0.735044505,0.109801965
1764505211.5520537,-7.065379999999999,0.27468,-0.65618,-0.65417313,0.735044505,0.109801965
1764505211.5520537,-7.065379999999999,0.27468,-0.65618,-0.65417313,0.735044505,0.109801965
1764505211.5530834,-7.065379999999999,0.27468,-0.65618,-0.65417313,0.735044505,0.109801965
1764505211.5530834,-7.065379999999999,0.27468,-0.65618,-0.65417313,0.735044505,0.109801965
1764505211.5530834,-7.065379999999999,0.27468,-0.65618,-0.65417313,0.735044505,0.109801965
1764505211.5530834,-7.263759999999999,1.92276,-0.3357199999999999,-0.65344071,0.731870685,0.10961886
1764505211.5530834,-7.263759999999999,1.92276,-0.3357199999999999,-0.65344071,0.731870685,0.10961886
1764505211.5535953,-7.263759999999999,1.92276,-0.3357199999999999,-0.65344071,0.731870685,0.10961886
1764505211.5535953,-7.263759999999999,1.92276,-0.3357199999999999,-0.65344071,0.731870685,0.10961886
1764505211.5535953,-7.263759999999999,1.92276,-0.3357199999999999,-0.65344071,0.731870685,0.10961886
1764505211.5535953,-7.263759999999999,1.92276,-0.3357199999999999,-0.65344071,0.731870685,0.10961886
1764505211.5535953,-7.263759999999999,1.92276,-0.3357199999999999,-0.65344071,0.731870685,0.10961886
1764505211.5535953,-7.263759999999999,1.92276,-0.3357199999999999,-0.65344071,0.731870685,0.10961886
1764505211.6005385,-7.263759999999999,1.92276,-0.3357199999999999,-0.65344071,0.731870685,0.10961886
1764505211.6005385,-7.263759999999999,1.92276,-0.3357199999999999,-0.65344071,0.731870685,0.10961886
1764505211.601446,-7.14168,2.07536,-0.04578,-0.653501745,0.72949032,0.10852023
1764505211.601446,-7.14168,2.07536,-0.04578,-0.653501745,0.72949032,0.10852023
1764505211.601446,-7.14168,2.07536,-0.04578,-0.653501745,0.72949032,0.10852023
1764505211.601446,-7.14168,2.07536,-0.04578,-0.653501745,0.72949032,0.10852023
1764505211.601446,-7.14168,2.07536,-0.04578,-0.653501745,0.72949032,0.10852023
1764505211.601446,-7.14168,2.07536,-0.04578,-0.653501745,0.72949032,0.10852023
1764505211.601446,-7.14168,2.07536,-0.04578,-0.653501745,0.72949032,0.10852023
1764505211.6025558,-7.14168,2.07536,-0.04578,-0.653501745,0.72949032,0.10852023
1764505211.6025558,-7.14168,2.07536,-0.04578,-0.653501745,0.72949032,0.10852023
1764505211.6025558,-7.14168,2.07536,-0.04578,-0.653501745,0.72949032,0.10852023
1764505211.6025558,-5.84458,1.69386,1.4039199999999998,-0.65283036,0.727842375,0.10681125
1764505211.6025558,-5.84458,1.69386,1.4039199999999998,-0.65283036,0.727842375,0.10681125
1764505211.6025558,-5.84458,1.69386,1.4039199999999998,-0.65283036,0.727842375,0.10681125
1764505211.6025558,-5.84458,1.69386,1.4039199999999998,-0.65283036,0.727842375,0.10681125
1764505211.6035538,-5.84458,1.69386,1.4039199999999998,-0.65283036,0.727842375,0.10681125
1764505211.6035538,-5.84458,1.69386,1.4039199999999998,-0.65283036,0.727842375,0.10681125
1764505211.6035538,-5.84458,1.69386,1.4039199999999998,-0.65283036,0.727842375,0.10681125
1764505211.6035538,-5.84458,1.69386,1.4039199999999998,-0.65283036,0.727842375,0.10681125
1764505211.6035538,-5.84458,1.69386,1.4039199999999998,-0.65283036,0.727842375,0.10681125
1764505211.6035538,-5.84458,1.69386,1.4039199999999998,-0.65283036,0.727842375,0.10681125
1764505211.6452346,-4.440659999999999,1.41918,1.48022,-0.653013465,0.727842375,0.10754367
1764505211.6452346,-4.440659999999999,1.41918,1.48022,-0.653013465,0.727842375,0.10754367
1764505211.6452346,-4.440659999999999,1.41918,1.48022,-0.653013465,0.727842375,0.10754367
1764505211.6452346,-4.440659999999999,1.41918,1.48022,-0.653013465,0.727842375,0.10754367
1764505211.6452346,-4.440659999999999,1.41918,1.48022,-0.653013465,0.727842375,0.10754367
1764505211.6452346,-4.440659999999999,1.41918,1.48022,-0.653013465,0.727842375,0.10754367
1764505211.6452346,-4.440659999999999,1.41918,1.48022,-0.653013465,0.727842375,0.10754367
1764505211.6452346,-4.440659999999999,1.41918,1.48022,-0.653013465,0.727842375,0.10754367
1764505211.6462438,-4.440659999999999,1.41918,1.48022,-0.653013465,0.727842375,0.10754367
1764505211.6462438,-4.440659999999999,1.41918,1.48022,-0.653013465,0.727842375,0.10754367
1764505211.6481702,-4.54748,1.9838,0.85456,-0.653745885,0.72802548,0.109191615
1764505211.6481702,-4.54748,1.9838,0.85456,-0.653745885,0.72802548,0.109191615
1764505211.6481702,-4.54748,1.9838,0.85456,-0.653745885,0.72802548,0.109191615
1764505211.6481702,-4.54748,1.9838,0.85456,-0.653745885,0.72802548,0.109191615
1764505211.6481702,-4.54748,1.9838,0.85456,-0.653745885,0.72802548,0.109191615
1764505211.648795,-4.54748,1.9838,0.85456,-0.653745885,0.72802548,0.109191615
1764505211.648795,-4.54748,1.9838,0.85456,-0.653745885,0.72802548,0.109191615
1764505211.648795,-4.54748,1.9838,0.85456,-0.653745885,0.72802548,0.109191615
1764505211.648795,-4.54748,1.9838,0.85456,-0.653745885,0.72802548,0.109191615
1764505211.648795,-4.54748,1.9838,0.85456,-0.653745885,0.72802548,0.109191615
1764505211.648795,-4.8832,1.8006799999999998,-0.13734,-0.654844515,0.72765927,0.11047335
1764505211.648795,-4.8832,1.8006799999999998,-0.13734,-0.654844515,0.72765927,0.11047335
1764505211.648795,-4.8832,1.8006799999999998,-0.13734,-0.654844515,0.72765927,0.11047335
1764505211.648795,-4.8832,1.8006799999999998,-0.13734,-0.654844515,0.72765927,0.11047335
1764505211.6911004,-4.8832,1.8006799999999998,-0.13734,-0.654844515,0.72765927,0.11047335
1764505211.6911004,-4.8832,1.8006799999999998,-0.13734,-0.654844515,0.72765927,0.11047335
1764505211.6911004,-4.8832,1.8006799999999998,-0.13734,-0.654844515,0.72765927,0.11047335
1764505211.6911004,-4.8832,1.8006799999999998,-0.13734,-0.654844515,0.72765927,0.11047335
1764505211.6911004,-4.8832,1.8006799999999998,-0.13734,-0.654844515,0.72765927,0.11047335
1764505211.6911004,-4.8832,1.8006799999999998,-0.13734,-0.654844515,0.72765927,0.11047335
1764505211.6911004,-4.56274,1.92276,-0.47306,-0.654722445,0.72900204,0.111144735
1764505211.6921103,-4.56274,1.92276,-0.47306,-0.654722445,0.72900204,0.111144735
1764505211.6921103,-4.56274,1.92276,-0.47306,-0.654722445,0.72900204,0.111144735
1764505211.693114,-4.56274,1.92276,-0.47306,-0.654722445,0.72900204,0.111144735
1764505211.693114,-4.56274,1.92276,-0.47306,-0.654722445,0.72900204,0.111144735
1764505211.693114,-4.56274,1.92276,-0.47306,-0.654722445,0.72900204,0.111144735
1764505211.693114,-4.56274,1.92276,-0.47306,-0.654722445,0.72900204,0.111144735
1764505211.693114,-4.56274,1.92276,-0.47306,-0.654722445,0.72900204,0.111144735
1764505211.693114,-4.56274,1.92276,-0.47306,-0.654722445,0.72900204,0.111144735
1764505211.6941097,-4.56274,1.92276,-0.47306,-0.654722445,0.72900204,0.111144735
1764505211.6941097,-3.815,1.26658,-0.0762999999999999,-0.65368485,0.73168758,0.11096163
1764505211.6941097,-3.815,1.26658,-0.0762999999999999,-0.65368485,0.73168758,0.11096163
1764505211.6941097,-3.815,1.26658,-0.0762999999999999,-0.65368485,0.73168758,0.11096163
1764505211.6941097,-3.815,1.26658,-0.0762999999999999,-0.65368485,0.73168758,0.11096163
1764505211.6951091,-3.815,1.26658,-0.0762999999999999,-0.65368485,0.73168758,0.11096163
1764505211.6951091,-3.815,1.26658,-0.0762999999999999,-0.65368485,0.73168758,0.11096163
1764505211.7412066,-3.815,1.26658,-0.0762999999999999,-0.65368485,0.73168758,0.11096163
1764505211.7412066,-3.815,1.26658,-0.0762999999999999,-0.65368485,0.73168758,0.11096163
1764505211.7421298,-3.815,1.26658,-0.0762999999999999,-0.65368485,0.73168758,0.11096163
1764505211.7421298,-3.815,1.26658,-0.0762999999999999,-0.65368485,0.73168758,0.11096163
1764505211.7421298,-4.08968,1.23606,0.3357199999999999,-0.6522810450000001,0.73327449,0.111266805
1764505211.7421298,-4.08968,1.23606,0.3357199999999999,-0.6522810450000001,0.73327449,0.111266805
1764505211.7421298,-4.08968,1.23606,0.3357199999999999,-0.6522810450000001,0.73327449,0.111266805
1764505211.7421298,-4.08968,1.23606,0.3357199999999999,-0.6522810450000001,0.73327449,0.111266805
1764505211.7421298,-4.08968,1.23606,0.3357199999999999,-0.6522810450000001,0.73327449,0.111266805
1764505211.7421298,-4.08968,1.23606,0.3357199999999999,-0.6522810450000001,0.73327449,0.111266805
1764505211.7421298,-4.08968,1.23606,0.3357199999999999,-0.6522810450000001,0.73327449,0.111266805
1764505211.7421298,-4.08968,1.23606,0.3357199999999999,-0.6522810450000001,0.73327449,0.111266805
1764505211.7421298,-4.08968,1.23606,0.3357199999999999,-0.6522810450000001,0.73327449,0.111266805
1764505211.7421298,-4.08968,1.23606,0.3357199999999999,-0.6522810450000001,0.73327449,0.111266805
1764505211.7421298,-4.94424,2.0601,0.6867,-0.65148759,0.73400691,0.110778525
1764505211.7421298,-4.94424,2.0601,0.6867,-0.65148759,0.73400691,0.110778525
1764505211.7421298,-4.94424,2.0601,0.6867,-0.65148759,0.73400691,0.110778525
1764505211.7421298,-4.94424,2.0601,0.6867,-0.65148759,0.73400691,0.110778525
1764505211.7421298,-4.94424,2.0601,0.6867,-0.65148759,0.73400691,0.110778525
1764505211.7421298,-4.94424,2.0601,0.6867,-0.65148759,0.73400691,0.110778525
1764505211.7421298,-4.94424,2.0601,0.6867,-0.65148759,0.73400691,0.110778525
1764505211.7421298,-4.94424,2.0601,0.6867,-0.65148759,0.73400691,0.110778525
1764505211.7421298,-4.94424,2.0601,0.6867,-0.65148759,0.73400691,0.110778525
1764505211.7421298,-4.94424,2.0601,0.6867,-0.65148759,0.73400691,0.110778525
1764505211.7869456,-5.92088,2.0601,0.65618,-0.652158975,0.73400691,0.110656455
1764505211.7869456,-5.92088,2.0601,0.65618,-0.652158975,0.73400691,0.110656455
1764505211.7869456,-5.92088,2.0601,0.65618,-0.652158975,0.73400691,0.110656455
1764505211.7869456,-5.92088,2.0601,0.65618,-0.652158975,0.73400691,0.110656455
1764505211.7869456,-5.92088,2.0601,0.65618,-0.652158975,0.73400691,0.110656455
1764505211.7879767,-5.92088,2.0601,0.65618,-0.652158975,0.73400691,0.110656455
1764505211.7879767,-5.92088,2.0601,0.65618,-0.652158975,0.73400691,0.110656455
1764505211.7879767,-5.92088,2.0601,0.65618,-0.652158975,0.73400691,0.110656455
1764505211.7879767,-5.92088,2.0601,0.65618,-0.652158975,0.73400691,0.110656455
1764505211.7879767,-5.92088,2.0601,0.65618,-0.652158975,0.73400691,0.110656455
1764505211.7879767,-7.35532,2.07536,0.3051999999999999,-0.65234208,0.733213455,0.109435755
1764505211.7879767,-7.35532,2.07536,0.3051999999999999,-0.65234208,0.733213455,0.109435755
1764505211.788959,-7.35532,2.07536,0.3051999999999999,-0.65234208,0.733213455,0.109435755
1764505211.788959,-7.35532,2.07536,0.3051999999999999,-0.65234208,0.733213455,0.109435755
1764505211.788959,-7.35532,2.07536,0.3051999999999999,-0.65234208,0.733213455,0.109435755
1764505211.7894766,-7.35532,2.07536,0.3051999999999999,-0.65234208,0.733213455,0.109435755
1764505211.7894766,-7.35532,2.07536,0.3051999999999999,-0.65234208,0.733213455,0.109435755
1764505211.7894766,-7.35532,2.07536,0.3051999999999999,-0.65234208,0.733213455,0.109435755
1764505211.7894766,-7.35532,2.07536,0.3051999999999999,-0.65234208,0.733213455,0.109435755
1764505211.7894766,-7.35532,2.07536,0.3051999999999999,-0.65234208,0.733213455,0.109435755
1764505211.7894766,-7.05012,2.45686,-0.54936,-0.652036905,0.730283775,0.109069545
1764505211.7894766,-7.05012,2.45686,-0.54936,-0.652036905,0.730283775,0.109069545
1764505211.7894766,-7.05012,2.45686,-0.54936,-0.652036905,0.730283775,0.109069545
1764505211.7894766,-7.05012,2.45686,-0.54936,-0.652036905,0.730283775,0.109069545
1764505211.8337986,-7.05012,2.45686,-0.54936,-0.652036905,0.730283775,0.109069545
1764505211.8337986,-7.05012,2.45686,-0.54936,-0.652036905,0.730283775,0.109069545
1764505211.8337986,-7.05012,2.45686,-0.54936,-0.652036905,0.730283775,0.109069545
1764505211.8337986,-7.05012,2.45686,-0.54936,-0.652036905,0.730283775,0.109069545
1764505211.8337986,-7.05012,2.45686,-0.54936,-0.652036905,0.730283775,0.109069545
1764505211.8337986,-7.05012,2.45686,-0.54936,-0.652036905,0.730283775,0.109069545
1764505211.8337986,-3.69292,3.03674,-0.59514,-0.653623815,0.72729306,0.10937472
1764505211.8337986,-3.69292,3.03674,-0.59514,-0.653623815,0.72729306,0.10937472
1764505211.8337986,-3.69292,3.03674,-0.59514,-0.653623815,0.72729306,0.10937472
1764505211.8337986,-3.69292,3.03674,-0.59514,-0.653623815,0.72729306,0.10937472
1764505211.8337986,-3.69292,3.03674,-0.59514,-0.653623815,0.72729306,0.10937472
1764505211.8337986,-3.69292,3.03674,-0.59514,-0.653623815,0.72729306,0.10937472
1764505211.8337986,-3.69292,3.03674,-0.59514,-0.653623815,0.72729306,0.10937472
1764505211.8337986,-3.69292,3.03674,-0.59514,-0.653623815,0.72729306,0.10937472
1764505211.8337986,-3.69292,3.03674,-0.59514,-0.653623815,0.72729306,0.10937472
1764505211.8337986,-3.69292,3.03674,-0.59514,-0.653623815,0.72729306,0.10937472
1764505211.8337986,-2.99096,1.89224,0.12208,-0.655088655,0.727476165,0.10913058
1764505211.8348107,-2.99096,1.89224,0.12208,-0.655088655,0.727476165,0.10913058
1764505211.8348107,-2.99096,1.89224,0.12208,-0.655088655,0.727476165,0.10913058
1764505211.8348107,-2.99096,1.89224,0.12208,-0.655088655,0.727476165,0.10913058
1764505211.8348107,-2.99096,1.89224,0.12208,-0.655088655,0.727476165,0.10913058
1764505211.8348107,-2.99096,1.89224,0.12208,-0.655088655,0.727476165,0.10913058
1764505211.8795662,-2.99096,1.89224,0.12208,-0.655088655,0.727476165,0.10913058
1764505211.8795662,-2.99096,1.89224,0.12208,-0.655088655,0.727476165,0.10913058
1764505211.8795662,-2.99096,1.89224,0.12208,-0.655088655,0.727476165,0.10913058
1764505211.8795662,-2.99096,1.89224,0.12208,-0.655088655,0.727476165,0.10913058
1764505211.8795662,-2.3653,0.10682,1.43444,-0.654844515,0.728941005,0.110900595
1764505211.8795662,-2.3653,0.10682,1.43444,-0.654844515,0.728941005,0.110900595
1764505211.8795662,-2.3653,0.10682,1.43444,-0.654844515,0.728941005,0.110900595
1764505211.8795662,-2.3653,0.10682,1.43444,-0.654844515,0.728941005,0.110900595
1764505211.8795662,-2.3653,0.10682,1.43444,-0.654844515,0.728941005,0.110900595
1764505211.8795662,-2.3653,0.10682,1.43444,-0.654844515,0.728941005,0.110900595
1764505211.8805926,-2.3653,0.10682,1.43444,-0.654844515,0.728941005,0.110900595
1764505211.8805926,-2.3653,0.10682,1.43444,-0.654844515,0.728941005,0.110900595
1764505211.8805926,-2.3653,0.10682,1.43444,-0.654844515,0.728941005,0.110900595
1764505211.8821394,-2.3653,0.10682,1.43444,-0.654844515,0.728941005,0.110900595
1764505211.8821394,-2.5179,0.6714399999999999,1.78542,-0.65197587,0.731992755,0.112487505
1764505211.8821394,-2.5179,0.6714399999999999,1.78542,-0.65197587,0.731992755,0.112487505
1764505211.8821394,-2.5179,0.6714399999999999,1.78542,-0.65197587,0.731992755,0.112487505
1764505211.8821394,-2.5179,0.6714399999999999,1.78542,-0.65197587,0.731992755,0.112487505
1764505211.8821394,-2.5179,0.6714399999999999,1.78542,-0.65197587,0.731992755,0.112487505
1764505211.8821394,-2.5179,0.6714399999999999,1.78542,-0.65197587,0.731992755,0.112487505
1764505211.8821394,-2.5179,0.6714399999999999,1.78542,-0.65197587,0.731992755,0.112487505
1764505211.8821394,-2.5179,0.6714399999999999,1.78542,-0.65197587,0.731992755,0.112487505
1764505211.8821394,-2.5179,0.6714399999999999,1.78542,-0.65197587,0.731992755,0.112487505
1764505211.8826022,-2.5179,0.6714399999999999,1.78542,-0.65197587,0.731992755,0.112487505
1764505211.925317,-4.1965,0.97664,1.84646,-0.652891395,0.73498347,0.11279268
1764505211.925317,-4.1965,0.97664,1.84646,-0.652891395,0.73498347,0.11279268
1764505211.925317,-4.1965,0.97664,1.84646,-0.652891395,0.73498347,0.11279268
1764505211.925317,-4.1965,0.97664,1.84646,-0.652891395,0.73498347,0.11279268
1764505211.9270284,-4.1965,0.97664,1.84646,-0.652891395,0.73498347,0.11279268
1764505211.9270284,-4.1965,0.97664,1.84646,-0.652891395,0.73498347,0.11279268
1764505211.9270284,-4.1965,0.97664,1.84646,-0.652891395,0.73498347,0.11279268
1764505211.9270284,-4.1965,0.97664,1.84646,-0.652891395,0.73498347,0.11279268
1764505211.9270284,-4.1965,0.97664,1.84646,-0.652891395,0.73498347,0.11279268
1764505211.9270284,-4.1965,0.97664,1.84646,-0.652891395,0.73498347,0.11279268
1764505211.9270284,-6.47024,1.0682,0.10682,-0.653745885,0.735044505,0.11242647
1764505211.9270284,-6.47024,1.0682,0.10682,-0.653745885,0.735044505,0.11242647
1764505211.9270284,-6.47024,1.0682,0.10682,-0.653745885,0.735044505,0.11242647
1764505211.9270284,-6.47024,1.0682,0.10682,-0.653745885,0.735044505,0.11242647
1764505211.9270284,-6.47024,1.0682,0.10682,-0.653745885,0.735044505,0.11242647
1764505211.9270284,-6.47024,1.0682,0.10682,-0.653745885,0.735044505,0.11242647
1764505211.9270284,-6.47024,1.0682,0.10682,-0.653745885,0.735044505,0.11242647
1764505211.9270284,-6.47024,1.0682,0.10682,-0.653745885,0.735044505,0.11242647
1764505211.9270284,-6.47024,1.0682,0.10682,-0.653745885,0.735044505,0.11242647
1764505211.9270284,-6.47024,1.0682,0.10682,-0.653745885,0.735044505,0.11242647
1764505211.9270284,-6.85174,1.17502,-0.94612,-0.65392899,0.733457595,0.11169405
1764505211.9270284,-6.85174,1.17502,-0.94612,-0.65392899,0.733457595,0.11169405
1764505211.9270284,-6.85174,1.17502,-0.94612,-0.65392899,0.733457595,0.11169405
1764505211.9270284,-6.85174,1.17502,-0.94612,-0.65392899,0.733457595,0.11169405
1764505211.9739032,-6.85174,1.17502,-0.94612,-0.65392899,0.733457595,0.11169405
1764505211.9739032,-6.85174,1.17502,-0.94612,-0.65392899,0.733457595,0.11169405
1764505211.9739032,-6.85174,1.17502,-0.94612,-0.65392899,0.733457595,0.11169405
1764505211.9739032,-6.85174,1.17502,-0.94612,-0.65392899,0.733457595,0.11169405
1764505211.9739032,-6.85174,1.17502,-0.94612,-0.65392899,0.733457595,0.11169405
1764505211.9739032,-6.85174,1.17502,-0.94612,-0.65392899,0.733457595,0.11169405
1764505211.9739032,-6.85174,1.57178,-0.47306,-0.653257605,0.73071102,0.11157198
1764505211.9739032,-6.85174,1.57178,-0.47306,-0.653257605,0.73071102,0.11157198
1764505211.974898,-6.85174,1.57178,-0.47306,-0.653257605,0.73071102,0.11157198
1764505211.974898,-6.85174,1.57178,-0.47306,-0.653257605,0.73071102,0.11157198
1764505211.974898,-6.85174,1.57178,-0.47306,-0.653257605,0.73071102,0.11157198
1764505211.974898,-6.85174,1.57178,-0.47306,-0.653257605,0.73071102,0.11157198
1764505211.974898,-6.85174,1.57178,-0.47306,-0.653257605,0.73071102,0.11157198
1764505211.974898,-6.85174,1.57178,-0.47306,-0.653257605,0.73071102,0.11157198
1764505211.974898,-6.85174,1.57178,-0.47306,-0.653257605,0.73071102,0.11157198
1764505211.974898,-6.85174,1.57178,-0.47306,-0.653257605,0.73071102,0.11157198
1764505211.974898,-5.7988,2.10588,0.24416,-0.653013465,0.72912411,0.11096163
1764505211.974898,-5.7988,2.10588,0.24416,-0.653013465,0.72912411,0.11096163
1764505211.9759018,-5.7988,2.10588,0.24416,-0.653013465,0.72912411,0.11096163
1764505211.9759018,-5.7988,2.10588,0.24416,-0.653013465,0.72912411,0.11096163
1764505211.9759018,-5.7988,2.10588,0.24416,-0.653013465,0.72912411,0.11096163
1764505211.9759018,-5.7988,2.10588,0.24416,-0.653013465,0.72912411,0.11096163
1764505211.9759018,-5.7988,2.10588,0.24416,-0.653013465,0.72912411,0.11096163
1764505211.9759018,-5.7988,2.10588,0.24416,-0.653013465,0.72912411,0.11096163
1764505212.021948,-5.7988,2.10588,0.24416,-0.653013465,0.72912411,0.11096163
1764505212.021948,-5.7988,2.10588,0.24416,-0.653013465,0.72912411,0.11096163
1764505212.021948,-4.36436,1.57178,0.94612,-0.6530745,0.72839169,0.11035128
1764505212.021948,-4.36436,1.57178,0.94612,-0.6530745,0.72839169,0.11035128
1764505212.021948,-4.36436,1.57178,0.94612,-0.6530745,0.72839169,0.11035128
1764505212.021948,-4.36436,1.57178,0.94612,-0.6530745,0.72839169,0.11035128
1764505212.021948,-4.36436,1.57178,0.94612,-0.6530745,0.72839169,0.11035128
1764505212.021948,-4.36436,1.57178,0.94612,-0.6530745,0.72839169,0.11035128
1764505212.021948,-4.36436,1.57178,0.94612,-0.6530745,0.72839169,0.11035128
1764505212.021948,-4.36436,1.57178,0.94612,-0.6530745,0.72839169,0.11035128
1764505212.021948,-4.36436,1.57178,0.94612,-0.6530745,0.72839169,0.11035128
1764505212.021948,-4.36436,1.57178,0.94612,-0.6530745,0.72839169,0.11035128
1764505212.021948,-3.5861,0.47306,1.34288,-0.65441727,0.7288189350000001,0.11157198
1764505212.021948,-3.5861,0.47306,1.34288,-0.65441727,0.7288189350000001,0.11157198
1764505212.021948,-3.5861,0.47306,1.34288,-0.65441727,0.7288189350000001,0.11157198
1764505212.021948,-3.5861,0.47306,1.34288,-0.65441727,0.7288189350000001,0.11157198
1764505212.021948,-3.5861,0.47306,1.34288,-0.65441727,0.7288189350000001,0.11157198
1764505212.021948,-3.5861,0.47306,1.34288,-0.65441727,0.7288189350000001,0.11157198
1764505212.021948,-3.5861,0.47306,1.34288,-0.65441727,0.7288189350000001,0.11157198
1764505212.021948,-3.5861,0.47306,1.34288,-0.65441727,0.7288189350000001,0.11157198
1764505212.022943,-3.5861,0.47306,1.34288,-0.65441727,0.7288189350000001,0.11157198
1764505212.022943,-3.5861,0.47306,1.34288,-0.65441727,0.7288189350000001,0.11157198
1764505212.065419,-3.54032,0.4578,1.05294,-0.654600375,0.72973446,0.111510945
1764505212.065419,-3.54032,0.4578,1.05294,-0.654600375,0.72973446,0.111510945
1764505212.065419,-3.54032,0.4578,1.05294,-0.654600375,0.72973446,0.111510945
1764505212.065419,-3.54032,0.4578,1.05294,-0.654600375,0.72973446,0.111510945
1764505212.065419,-3.54032,0.4578,1.05294,-0.654600375,0.72973446,0.111510945
1764505212.065419,-3.54032,0.4578,1.05294,-0.654600375,0.72973446,0.111510945
1764505212.065419,-3.54032,0.4578,1.05294,-0.654600375,0.72973446,0.111510945
1764505212.066432,-3.54032,0.4578,1.05294,-0.654600375,0.72973446,0.111510945
1764505212.066432,-3.54032,0.4578,1.05294,-0.654600375,0.72973446,0.111510945
1764505212.066432,-3.54032,0.4578,1.05294,-0.654600375,0.72973446,0.111510945
1764505212.066432,-5.35626,0.96138,0.54936,-0.65405106,0.730405845,0.11144991
1764505212.066432,-5.35626,0.96138,0.54936,-0.65405106,0.730405845,0.11144991
1764505212.066432,-5.35626,0.96138,0.54936,-0.65405106,0.730405845,0.11144991
1764505212.066432,-5.35626,0.96138,0.54936,-0.65405106,0.730405845,0.11144991
1764505212.066432,-5.35626,0.96138,0.54936,-0.65405106,0.730405845,0.11144991
1764505212.066432,-5.35626,0.96138,0.54936,-0.65405106,0.730405845,0.11144991
1764505212.0669408,-5.35626,0.96138,0.54936,-0.65405106,0.730405845,0.11144991
1764505212.0669408,-5.35626,0.96138,0.54936,-0.65405106,0.730405845,0.11144991
1764505212.0669408,-5.35626,0.96138,0.54936,-0.65405106,0.730405845,0.11144991
1764505212.0669408,-5.35626,0.96138,0.54936,-0.65405106,0.730405845,0.11144991
1764505212.0669408,-5.44782,1.38866,-0.04578,-0.65319657,0.7314434400000001,0.11206026
1764505212.0669408,-5.44782,1.38866,-0.04578,-0.65319657,0.7314434400000001,0.11206026
1764505212.0669408,-5.44782,1.38866,-0.04578,-0.65319657,0.7314434400000001,0.11206026
1764505212.0669408,-5.44782,1.38866,-0.04578,-0.65319657,0.7314434400000001,0.11206026
1764505212.1130748,-5.44782,1.38866,-0.04578,-0.65319657,0.7314434400000001,0.11206026
1764505212.1130748,-5.44782,1.38866,-0.04578,-0.65319657,0.7314434400000001,0.11206026
1764505212.1130748,-5.44782,1.38866,-0.04578,-0.65319657,0.7314434400000001,0.11206026
1764505212.1130748,-5.44782,1.38866,-0.04578,-0.65319657,0.7314434400000001,0.11206026
1764505212.1130748,-5.44782,1.38866,-0.04578,-0.65319657,0.7314434400000001,0.11206026
1764505212.114091,-5.44782,1.38866,-0.04578,-0.65319657,0.7314434400000001,0.11206026
1764505212.114091,-5.93614,2.30426,0.3357199999999999,-0.65197587,0.73071102,0.111633015
1764505212.114091,-5.93614,2.30426,0.3357199999999999,-0.65197587,0.73071102,0.111633015
1764505212.114091,-5.93614,2.30426,0.3357199999999999,-0.65197587,0.73071102,0.111633015
1764505212.114091,-5.93614,2.30426,0.3357199999999999,-0.65197587,0.73071102,0.111633015
1764505212.114091,-5.93614,2.30426,0.3357199999999999,-0.65197587,0.73071102,0.111633015
1764505212.114091,-5.93614,2.30426,0.3357199999999999,-0.65197587,0.73071102,0.111633015
1764505212.114091,-5.93614,2.30426,0.3357199999999999,-0.65197587,0.73071102,0.111633015
1764505212.114091,-5.93614,2.30426,0.3357199999999999,-0.65197587,0.73071102,0.111633015
1764505212.114091,-5.93614,2.30426,0.3357199999999999,-0.65197587,0.73071102,0.111633015
1764505212.114091,-5.93614,2.30426,0.3357199999999999,-0.65197587,0.73071102,0.111633015
1764505212.114091,-7.263759999999999,3.18934,0.19838,-0.652403115,0.730283775,0.109801965
1764505212.114091,-7.263759999999999,3.18934,0.19838,-0.652403115,0.730283775,0.109801965
1764505212.114091,-7.263759999999999,3.18934,0.19838,-0.652403115,0.730283775,0.109801965
1764505212.114091,-7.263759999999999,3.18934,0.19838,-0.652403115,0.730283775,0.109801965
1764505212.114091,-7.263759999999999,3.18934,0.19838,-0.652403115,0.730283775,0.109801965
1764505212.114091,-7.263759999999999,3.18934,0.19838,-0.652403115,0.730283775,0.109801965
1764505212.114091,-7.263759999999999,3.18934,0.19838,-0.652403115,0.730283775,0.109801965
1764505212.114091,-7.263759999999999,3.18934,0.19838,-0.652403115,0.730283775,0.109801965
1764505212.15898,-7.263759999999999,3.18934,0.19838,-0.652403115,0.730283775,0.109801965
1764505212.15898,-7.263759999999999,3.18934,0.19838,-0.652403115,0.730283775,0.109801965
1764505212.15898,-6.98908,3.95234,0.3815,-0.651914835,0.73022274,0.108092985
1764505212.15898,-6.98908,3.95234,0.3815,-0.651914835,0.73022274,0.108092985
1764505212.15898,-6.98908,3.95234,0.3815,-0.651914835,0.73022274,0.108092985
1764505212.15898,-6.98908,3.95234,0.3815,-0.651914835,0.73022274,0.108092985
1764505212.160809,-6.98908,3.95234,0.3815,-0.651914835,0.73022274,0.108092985
1764505212.160809,-6.98908,3.95234,0.3815,-0.651914835,0.73022274,0.108092985
1764505212.160809,-6.98908,3.95234,0.3815,-0.651914835,0.73022274,0.108092985
1764505212.160809,-6.98908,3.95234,0.3815,-0.651914835,0.73022274,0.108092985
1764505212.160809,-6.98908,3.95234,0.3815,-0.651914835,0.73022274,0.108092985
1764505212.160809,-6.98908,3.95234,0.3815,-0.651914835,0.73022274,0.108092985
1764505212.160809,-6.683879999999999,4.77638,0.71722,-0.6517317300000001,0.729917565,0.106384005
1764505212.160809,-6.683879999999999,4.77638,0.71722,-0.6517317300000001,0.729917565,0.106384005
1764505212.160809,-6.683879999999999,4.77638,0.71722,-0.6517317300000001,0.729917565,0.106384005
1764505212.160809,-6.683879999999999,4.77638,0.71722,-0.6517317300000001,0.729917565,0.106384005
1764505212.1618235,-6.683879999999999,4.77638,0.71722,-0.6517317300000001,0.729917565,0.106384005
1764505212.1618235,-6.683879999999999,4.77638,0.71722,-0.6517317300000001,0.729917565,0.106384005
1764505212.1628196,-6.683879999999999,4.77638,0.71722,-0.6517317300000001,0.729917565,0.106384005
1764505212.1628196,-6.683879999999999,4.77638,0.71722,-0.6517317300000001,0.729917565,0.106384005
1764505212.1628196,-6.683879999999999,4.77638,0.71722,-0.6517317300000001,0.729917565,0.106384005
1764505212.1628196,-6.683879999999999,4.77638,0.71722,-0.6517317300000001,0.729917565,0.106384005
1764505212.2058234,-4.01338,3.31142,1.54126,-0.65270829,0.729795495,0.10705539
1764505212.2058234,-4.01338,3.31142,1.54126,-0.65270829,0.729795495,0.10705539
1764505212.2058234,-4.01338,3.31142,1.54126,-0.65270829,0.729795495,0.10705539
1764505212.2058234,-4.01338,3.31142,1.54126,-0.65270829,0.729795495,0.10705539
1764505212.2058234,-4.01338,3.31142,1.54126,-0.65270829,0.729795495,0.10705539
1764505212.2058234,-4.01338,3.31142,1.54126,-0.65270829,0.729795495,0.10705539
1764505212.2058234,-4.01338,3.31142,1.54126,-0.65270829,0.729795495,0.10705539
1764505212.2058234,-4.01338,3.31142,1.54126,-0.65270829,0.729795495,0.10705539
1764505212.2058234,-4.01338,3.31142,1.54126,-0.65270829,0.729795495,0.10705539
1764505212.2058234,-4.01338,3.31142,1.54126,-0.65270829,0.729795495,0.10705539
1764505212.2058234,-1.63282,2.07536,1.2055399999999998,-0.653257605,0.72741513,0.110168175
1764505212.2058234,-1.63282,2.07536,1.2055399999999998,-0.653257605,0.72741513,0.110168175
1764505212.2058234,-1.63282,2.07536,1.2055399999999998,-0.653257605,0.72741513,0.110168175
1764505212.2058234,-1.63282,2.07536,1.2055399999999998,-0.653257605,0.72741513,0.110168175
1764505212.2058234,-1.63282,2.07536,1.2055399999999998,-0.653257605,0.72741513,0.110168175
1764505212.2058234,-1.63282,2.07536,1.2055399999999998,-0.653257605,0.72741513,0.110168175
1764505212.2078924,-1.63282,2.07536,1.2055399999999998,-0.653257605,0.72741513,0.110168175
1764505212.2078924,-1.63282,2.07536,1.2055399999999998,-0.653257605,0.72741513,0.110168175
1764505212.2078924,-1.63282,2.07536,1.2055399999999998,-0.653257605,0.72741513,0.110168175
1764505212.2078924,-1.63282,2.07536,1.2055399999999998,-0.653257605,0.72741513,0.110168175
1764505212.2078924,-2.77732,1.6022999999999998,1.4039199999999998,-0.652769325,0.72973446,0.11315889
1764505212.2078924,-2.77732,1.6022999999999998,1.4039199999999998,-0.652769325,0.72973446,0.11315889
1764505212.2089033,-2.77732,1.6022999999999998,1.4039199999999998,-0.652769325,0.72973446,0.11315889
1764505212.2089033,-2.77732,1.6022999999999998,1.4039199999999998,-0.652769325,0.72973446,0.11315889
1764505212.2561302,-2.77732,1.6022999999999998,1.4039199999999998,-0.652769325,0.72973446,0.11315889
1764505212.2561302,-2.77732,1.6022999999999998,1.4039199999999998,-0.652769325,0.72973446,0.11315889
1764505212.2572873,-2.77732,1.6022999999999998,1.4039199999999998,-0.652769325,0.72973446,0.11315889
1764505212.2572873,-2.77732,1.6022999999999998,1.4039199999999998,-0.652769325,0.72973446,0.11315889
1764505212.2572873,-2.77732,1.6022999999999998,1.4039199999999998,-0.652769325,0.72973446,0.11315889
1764505212.2577372,-2.77732,1.6022999999999998,1.4039199999999998,-0.652769325,0.72973446,0.11315889
1764505212.2577372,-2.76206,0.97664,0.59514,-0.653501745,0.730283775,0.11608857
1764505212.2577372,-2.76206,0.97664,0.59514,-0.653501745,0.730283775,0.11608857
1764505212.2587528,-2.76206,0.97664,0.59514,-0.653501745,0.730283775,0.11608857
1764505212.2587528,-2.76206,0.97664,0.59514,-0.653501745,0.730283775,0.11608857
1764505212.2587528,-2.76206,0.97664,0.59514,-0.653501745,0.730283775,0.11608857
1764505212.259747,-2.76206,0.97664,0.59514,-0.653501745,0.730283775,0.11608857
1764505212.259747,-2.76206,0.97664,0.59514,-0.653501745,0.730283775,0.11608857
1764505212.259747,-2.76206,0.97664,0.59514,-0.653501745,0.730283775,0.11608857
1764505212.259747,-2.76206,0.97664,0.59514,-0.653501745,0.730283775,0.11608857
1764505212.259747,-2.76206,0.97664,0.59514,-0.653501745,0.730283775,0.11608857
1764505212.260743,-4.0439,0.8087799999999999,0.9003399999999999,-0.65405106,0.732236895,0.115539255
1764505212.260743,-4.0439,0.8087799999999999,0.9003399999999999,-0.65405106,0.732236895,0.115539255
1764505212.260743,-4.0439,0.8087799999999999,0.9003399999999999,-0.65405106,0.732236895,0.115539255
1764505212.260743,-4.0439,0.8087799999999999,0.9003399999999999,-0.65405106,0.732236895,0.115539255
1764505212.260743,-4.0439,0.8087799999999999,0.9003399999999999,-0.65405106,0.732236895,0.115539255
1764505212.260743,-4.0439,0.8087799999999999,0.9003399999999999,-0.65405106,0.732236895,0.115539255
1764505212.3029237,-4.0439,0.8087799999999999,0.9003399999999999,-0.65405106,0.732236895,0.115539255
1764505212.3039346,-4.0439,0.8087799999999999,0.9003399999999999,-0.65405106,0.732236895,0.115539255
1764505212.3039346,-4.0439,0.8087799999999999,0.9003399999999999,-0.65405106,0.732236895,0.115539255
1764505212.3039346,-4.0439,0.8087799999999999,0.9003399999999999,-0.65405106,0.732236895,0.115539255
1764505212.3039346,-5.5699,0.0,0.6103999999999999,-0.65600418,0.73498347,0.114196485
1764505212.3039346,-5.5699,0.0,0.6103999999999999,-0.65600418,0.73498347,0.114196485
1764505212.3039346,-5.5699,0.0,0.6103999999999999,-0.65600418,0.73498347,0.114196485
1764505212.3039346,-5.5699,0.0,0.6103999999999999,-0.65600418,0.73498347,0.114196485
1764505212.3039346,-5.5699,0.0,0.6103999999999999,-0.65600418,0.73498347,0.114196485
1764505212.3049164,-5.5699,0.0,0.6103999999999999,-0.65600418,0.73498347,0.114196485
1764505212.3049164,-5.5699,0.0,0.6103999999999999,-0.65600418,0.73498347,0.114196485
1764505212.305184,-5.5699,0.0,0.6103999999999999,-0.65600418,0.73498347,0.114196485
1764505212.305184,-5.5699,0.0,0.6103999999999999,-0.65600418,0.73498347,0.114196485
1764505212.305184,-5.5699,0.0,0.6103999999999999,-0.65600418,0.73498347,0.114196485
1764505212.305184,-7.56896,0.24416,-0.88508,-0.65539383,0.735288645,0.112365435
1764505212.305184,-7.56896,0.24416,-0.88508,-0.65539383,0.735288645,0.112365435
1764505212.305184,-7.56896,0.24416,-0.88508,-0.65539383,0.735288645,0.112365435
1764505212.305184,-7.56896,0.24416,-0.88508,-0.65539383,0.735288645,0.112365435
1764505212.305184,-7.56896,0.24416,-0.88508,-0.65539383,0.735288645,0.112365435
1764505212.3062038,-7.56896,0.24416,-0.88508,-0.65539383,0.735288645,0.112365435
1764505212.3062038,-7.56896,0.24416,-0.88508,-0.65539383,0.735288645,0.112365435
1764505212.3062038,-7.56896,0.24416,-0.88508,-0.65539383,0.735288645,0.112365435
1764505212.3062038,-7.56896,0.24416,-0.88508,-0.65539383,0.735288645,0.112365435
1764505212.3062038,-7.56896,0.24416,-0.88508,-0.65539383,0.735288645,0.112365435
1764505212.3467972,-7.52318,1.09872,-1.72438,-0.654112095,0.73315242,0.11144991
1764505212.3467972,-7.52318,1.09872,-1.72438,-0.654112095,0.73315242,0.11144991
1764505212.3467972,-7.52318,1.09872,-1.72438,-0.654112095,0.73315242,0.11144991
1764505212.3467972,-7.52318,1.09872,-1.72438,-0.654112095,0.73315242,0.11144991
1764505212.3467972,-7.52318,1.09872,-1.72438,-0.654112095,0.73315242,0.11144991
1764505212.3467972,-7.52318,1.09872,-1.72438,-0.654112095,0.73315242,0.11144991
1764505212.3467972,-7.52318,1.09872,-1.72438,-0.654112095,0.73315242,0.11144991
1764505212.3467972,-7.52318,1.09872,-1.72438,-0.654112095,0.73315242,0.11144991
1764505212.3467972,-7.52318,1.09872,-1.72438,-0.654112095,0.73315242,0.11144991
1764505212.3467972,-7.52318,1.09872,-1.72438,-0.654112095,0.73315242,0.11144991
1764505212.3467972,-6.19556,1.73964,-0.6409199999999999,-0.653135535,0.7314434400000001,0.10961886
1764505212.3467972,-6.19556,1.73964,-0.6409199999999999,-0.653135535,0.7314434400000001,0.10961886
1764505212.3467972,-6.19556,1.73964,-0.6409199999999999,-0.653135535,0.7314434400000001,0.10961886
1764505212.3467972,-6.19556,1.73964,-0.6409199999999999,-0.653135535,0.7314434400000001,0.10961886
1764505212.3467972,-6.19556,1.73964,-0.6409199999999999,-0.653135535,0.7314434400000001,0.10961886
1764505212.3467972,-6.19556,1.73964,-0.6409199999999999,-0.653135535,0.7314434400000001,0.10961886
1764505212.3467972,-6.19556,1.73964,-0.6409199999999999,-0.653135535,0.7314434400000001,0.10961886
1764505212.3467972,-6.19556,1.73964,-0.6409199999999999,-0.653135535,0.7314434400000001,0.10961886
1764505212.3467972,-6.19556,1.73964,-0.6409199999999999,-0.653135535,0.7314434400000001,0.10961886
1764505212.3467972,-6.19556,1.73964,-0.6409199999999999,-0.653135535,0.7314434400000001,0.10961886
1764505212.3467972,-4.715339999999999,1.92276,1.51074,-0.65246415,0.7303448100000001,0.10925265
1764505212.3467972,-4.715339999999999,1.92276,1.51074,-0.65246415,0.7303448100000001,0.10925265
1764505212.3488133,-4.715339999999999,1.92276,1.51074,-0.65246415,0.7303448100000001,0.10925265
1764505212.3488133,-4.715339999999999,1.92276,1.51074,-0.65246415,0.7303448100000001,0.10925265
1764505212.395115,-4.715339999999999,1.92276,1.51074,-0.65246415,0.7303448100000001,0.10925265
1764505212.395115,-4.715339999999999,1.92276,1.51074,-0.65246415,0.7303448100000001,0.10925265
1764505212.395115,-4.715339999999999,1.92276,1.51074,-0.65246415,0.7303448100000001,0.10925265
1764505212.395115,-4.715339999999999,1.92276,1.51074,-0.65246415,0.7303448100000001,0.10925265
1764505212.395115,-4.715339999999999,1.92276,1.51074,-0.65246415,0.7303448100000001,0.10925265
1764505212.395115,-4.715339999999999,1.92276,1.51074,-0.65246415,0.7303448100000001,0.10925265
1764505212.395115,-5.00528,0.8698199999999999,2.80784,-0.65283036,0.73022274,0.10961886
1764505212.395115,-5.00528,0.8698199999999999,2.80784,-0.65283036,0.73022274,0.10961886
1764505212.3961208,-5.00528,0.8698199999999999,2.80784,-0.65283036,0.73022274,0.10961886
1764505212.3961208,-5.00528,0.8698199999999999,2.80784,-0.65283036,0.73022274,0.10961886
1764505212.3961208,-5.00528,0.8698199999999999,2.80784,-0.65283036,0.73022274,0.10961886
1764505212.3961208,-5.00528,0.8698199999999999,2.80784,-0.65283036,0.73022274,0.10961886
1764505212.3961208,-5.00528,0.8698199999999999,2.80784,-0.65283036,0.73022274,0.10961886
1764505212.3961208,-5.00528,0.8698199999999999,2.80784,-0.65283036,0.73022274,0.10961886
1764505212.3961208,-5.00528,0.8698199999999999,2.80784,-0.65283036,0.73022274,0.10961886
1764505212.3961208,-5.00528,0.8698199999999999,2.80784,-0.65283036,0.73022274,0.10961886
1764505212.3961208,-5.00528,1.6633399999999998,1.4497,-0.65270829,0.7298565300000001,0.11059542
1764505212.3961208,-5.00528,1.6633399999999998,1.4497,-0.65270829,0.7298565300000001,0.11059542
1764505212.3961208,-5.00528,1.6633399999999998,1.4497,-0.65270829,0.7298565300000001,0.11059542
1764505212.3961208,-5.00528,1.6633399999999998,1.4497,-0.65270829,0.7298565300000001,0.11059542
1764505212.3961208,-5.00528,1.6633399999999998,1.4497,-0.65270829,0.7298565300000001,0.11059542
1764505212.3961208,-5.00528,1.6633399999999998,1.4497,-0.65270829,0.7298565300000001,0.11059542
1764505212.439514,-5.00528,1.6633399999999998,1.4497,-0.65270829,0.7298565300000001,0.11059542
1764505212.439514,-5.00528,1.6633399999999998,1.4497,-0.65270829,0.7298565300000001,0.11059542
1764505212.439514,-5.00528,1.6633399999999998,1.4497,-0.65270829,0.7298565300000001,0.11059542
1764505212.439514,-5.00528,1.6633399999999998,1.4497,-0.65270829,0.7298565300000001,0.11059542
1764505212.439514,-5.60042,1.93802,-0.51884,-0.65356278,0.729673425,0.11242647
1764505212.439514,-5.60042,1.93802,-0.51884,-0.65356278,0.729673425,0.11242647
1764505212.439514,-5.60042,1.93802,-0.51884,-0.65356278,0.729673425,0.11242647
1764505212.439514,-5.60042,1.93802,-0.51884,-0.65356278,0.729673425,0.11242647
1764505212.439514,-5.60042,1.93802,-0.51884,-0.65356278,0.729673425,0.11242647
1764505212.439514,-5.60042,1.93802,-0.51884,-0.65356278,0.729673425,0.11242647
1764505212.439514,-5.60042,1.93802,-0.51884,-0.65356278,0.729673425,0.11242647
1764505212.439514,-5.60042,1.93802,-0.51884,-0.65356278,0.729673425,0.11242647
1764505212.439514,-5.60042,1.93802,-0.51884,-0.65356278,0.729673425,0.11242647
1764505212.439514,-5.60042,1.93802,-0.51884,-0.65356278,0.729673425,0.11242647
1764505212.439514,-5.234179999999999,1.26658,-1.15976,-0.65527176,0.72961239,0.11376924
1764505212.439514,-5.234179999999999,1.26658,-1.15976,-0.65527176,0.72961239,0.11376924
1764505212.439514,-5.234179999999999,1.26658,-1.15976,-0.65527176,0.72961239,0.11376924
1764505212.439514,-5.234179999999999,1.26658,-1.15976,-0.65527176,0.72961239,0.11376924
1764505212.439514,-5.234179999999999,1.26658,-1.15976,-0.65527176,0.72961239,0.11376924
1764505212.439514,-5.234179999999999,1.26658,-1.15976,-0.65527176,0.72961239,0.11376924
1764505212.439514,-5.234179999999999,1.26658,-1.15976,-0.65527176,0.72961239,0.11376924
1764505212.4405265,-5.234179999999999,1.26658,-1.15976,-0.65527176,0.72961239,0.11376924
1764505212.4405265,-5.234179999999999,1.26658,-1.15976,-0.65527176,0.72961239,0.11376924
1764505212.4405265,-5.234179999999999,1.26658,-1.15976,-0.65527176,0.72961239,0.11376924
1764505212.4904387,-3.63188,0.42728,-0.41202,-0.654234165,0.73058895,0.11486787
1764505212.4904387,-3.63188,0.42728,-0.41202,-0.654234165,0.73058895,0.11486787
1764505212.4904387,-3.63188,0.42728,-0.41202,-0.654234165,0.73058895,0.11486787
1764505212.4904387,-3.63188,0.42728,-0.41202,-0.654234165,0.73058895,0.11486787
1764505212.4904387,-3.63188,0.42728,-0.41202,-0.654234165,0.73058895,0.11486787
1764505212.491444,-3.63188,0.42728,-0.41202,-0.654234165,0.73058895,0.11486787
1764505212.491444,-3.63188,0.42728,-0.41202,-0.654234165,0.73058895,0.11486787
1764505212.491444,-3.63188,0.42728,-0.41202,-0.654234165,0.73058895,0.11486787
1764505212.491444,-3.63188,0.42728,-0.41202,-0.654234165,0.73058895,0.11486787
1764505212.491444,-3.63188,0.42728,-0.41202,-0.654234165,0.73058895,0.11486787
1764505212.491444,-2.48738,-0.21364,0.7019599999999999,-0.65356278,0.732114825,0.115539255
1764505212.491444,-2.48738,-0.21364,0.7019599999999999,-0.65356278,0.732114825,0.115539255
1764505212.491444,-2.48738,-0.21364,0.7019599999999999,-0.65356278,0.732114825,0.115539255
1764505212.491444,-2.48738,-0.21364,0.7019599999999999,-0.65356278,0.732114825,0.115539255
1764505212.492448,-2.48738,-0.21364,0.7019599999999999,-0.65356278,0.732114825,0.115539255
1764505212.492448,-2.48738,-0.21364,0.7019599999999999,-0.65356278,0.732114825,0.115539255
1764505212.492448,-2.48738,-0.21364,0.7019599999999999,-0.65356278,0.732114825,0.115539255
1764505212.492448,-2.48738,-0.21364,0.7019599999999999,-0.65356278,0.732114825,0.115539255
1764505212.492448,-2.48738,-0.21364,0.7019599999999999,-0.65356278,0.732114825,0.115539255
1764505212.492448,-2.48738,-0.21364,0.7019599999999999,-0.65356278,0.732114825,0.115539255
1764505212.492448,-4.02864,-0.3051999999999999,0.3051999999999999,-0.652158975,0.733457595,0.115295115
1764505212.492448,-4.02864,-0.3051999999999999,0.3051999999999999,-0.652158975,0.733457595,0.115295115
1764505212.4934475,-4.02864,-0.3051999999999999,0.3051999999999999,-0.652158975,0.733457595,0.115295115
1764505212.4934475,-4.02864,-0.3051999999999999,0.3051999999999999,-0.652158975,0.733457595,0.115295115
1764505212.5357652,-4.02864,-0.3051999999999999,0.3051999999999999,-0.652158975,0.733457595,0.115295115
1764505212.5357652,-4.02864,-0.3051999999999999,0.3051999999999999,-0.652158975,0.733457595,0.115295115
1764505212.5357652,-4.02864,-0.3051999999999999,0.3051999999999999,-0.652158975,0.733457595,0.115295115
1764505212.5357652,-4.02864,-0.3051999999999999,0.3051999999999999,-0.652158975,0.733457595,0.115295115
1764505212.5357652,-4.02864,-0.3051999999999999,0.3051999999999999,-0.652158975,0.733457595,0.115295115
1764505212.5357652,-4.02864,-0.3051999999999999,0.3051999999999999,-0.652158975,0.733457595,0.115295115
1764505212.5357652,-5.81406,0.54936,-0.03052,-0.651548625,0.733213455,0.113586135
1764505212.5357652,-5.81406,0.54936,-0.03052,-0.651548625,0.733213455,0.113586135
1764505212.5357652,-5.81406,0.54936,-0.03052,-0.651548625,0.733213455,0.113586135
1764505212.5357652,-5.81406,0.54936,-0.03052,-0.651548625,0.733213455,0.113586135
1764505212.5357652,-5.81406,0.54936,-0.03052,-0.651548625,0.733213455,0.113586135
1764505212.5357652,-5.81406,0.54936,-0.03052,-0.651548625,0.733213455,0.113586135
1764505212.5357652,-5.81406,0.54936,-0.03052,-0.651548625,0.733213455,0.113586135
1764505212.5357652,-5.81406,0.54936,-0.03052,-0.651548625,0.733213455,0.113586135
1764505212.5357652,-5.81406,0.54936,-0.03052,-0.651548625,0.733213455,0.113586135
1764505212.5357652,-5.81406,0.54936,-0.03052,-0.651548625,0.733213455,0.113586135
1764505212.5357652,-6.45498,1.2208,-0.06104,-0.6517317300000001,0.73327449,0.111755085
1764505212.5357652,-6.45498,1.2208,-0.06104,-0.6517317300000001,0.73327449,0.111755085
1764505212.5357652,-6.45498,1.2208,-0.06104,-0.6517317300000001,0.73327449,0.111755085
1764505212.5357652,-6.45498,1.2208,-0.06104,-0.6517317300000001,0.73327449,0.111755085
1764505212.5357652,-6.45498,1.2208,-0.06104,-0.6517317300000001,0.73327449,0.111755085
1764505212.5357652,-6.45498,1.2208,-0.06104,-0.6517317300000001,0.73327449,0.111755085
1764505212.5372756,-6.45498,1.2208,-0.06104,-0.6517317300000001,0.73327449,0.111755085
1764505212.5372756,-6.45498,1.2208,-0.06104,-0.6517317300000001,0.73327449,0.111755085
1764505212.5799627,-6.45498,1.2208,-0.06104,-0.6517317300000001,0.73327449,0.111755085
1764505212.5799627,-6.45498,1.2208,-0.06104,-0.6517317300000001,0.73327449,0.111755085
1764505212.5799627,-6.516019999999999,1.2208,0.41202,-0.65075517,0.7324810350000001,0.110900595
1764505212.5799627,-6.516019999999999,1.2208,0.41202,-0.65075517,0.7324810350000001,0.110900595
1764505212.5799627,-6.516019999999999,1.2208,0.41202,-0.65075517,0.7324810350000001,0.110900595
1764505212.5799627,-6.516019999999999,1.2208,0.41202,-0.65075517,0.7324810350000001,0.110900595
1764505212.5799627,-6.516019999999999,1.2208,0.41202,-0.65075517,0.7324810350000001,0.110900595
1764505212.580958,-6.516019999999999,1.2208,0.41202,-0.65075517,0.7324810350000001,0.110900595
1764505212.580958,-6.516019999999999,1.2208,0.41202,-0.65075517,0.7324810350000001,0.110900595
1764505212.580958,-6.516019999999999,1.2208,0.41202,-0.65075517,0.7324810350000001,0.110900595
1764505212.580958,-6.516019999999999,1.2208,0.41202,-0.65075517,0.7324810350000001,0.110900595
1764505212.580958,-6.516019999999999,1.2208,0.41202,-0.65075517,0.7324810350000001,0.110900595
1764505212.580958,-6.19556,2.31952,0.79352,-0.65148759,0.72973446,0.11083956
1764505212.581951,-6.19556,2.31952,0.79352,-0.65148759,0.72973446,0.11083956
1764505212.581951,-6.19556,2.31952,0.79352,-0.65148759,0.72973446,0.11083956
1764505212.581951,-6.19556,2.31952,0.79352,-0.65148759,0.72973446,0.11083956
1764505212.581951,-6.19556,2.31952,0.79352,-0.65148759,0.72973446,0.11083956
1764505212.581951,-6.19556,2.31952,0.79352,-0.65148759,0.72973446,0.11083956
1764505212.5829904,-6.19556,2.31952,0.79352,-0.65148759,0.72973446,0.11083956
1764505212.5832691,-6.19556,2.31952,0.79352,-0.65148759,0.72973446,0.11083956
1764505212.5832691,-6.19556,2.31952,0.79352,-0.65148759,0.72973446,0.11083956
1764505212.5832691,-6.19556,2.31952,0.79352,-0.65148759,0.72973446,0.11083956
1764505212.629171,-4.31858,2.6705,0.42728,-0.65283036,0.726865815,0.11096163
1764505212.629171,-4.31858,2.6705,0.42728,-0.65283036,0.726865815,0.11096163
1764505212.629171,-4.31858,2.6705,0.42728,-0.65283036,0.726865815,0.11096163
1764505212.629171,-4.31858,2.6705,0.42728,-0.65283036,0.726865815,0.11096163
1764505212.629171,-4.31858,2.6705,0.42728,-0.65283036,0.726865815,0.11096163
1764505212.629171,-4.31858,2.6705,0.42728,-0.65283036,0.726865815,0.11096163
1764505212.629171,-4.31858,2.6705,0.42728,-0.65283036,0.726865815,0.11096163
1764505212.629171,-4.31858,2.6705,0.42728,-0.65283036,0.726865815,0.11096163
1764505212.629171,-4.31858,2.6705,0.42728,-0.65283036,0.726865815,0.11096163
1764505212.629171,-4.31858,2.6705,0.42728,-0.65283036,0.726865815,0.11096163
1764505212.629171,-3.38772,1.81594,0.56462,-0.654478305,0.72582822,0.111755085
1764505212.6296806,-3.38772,1.81594,0.56462,-0.654478305,0.72582822,0.111755085
1764505212.6296806,-3.38772,1.81594,0.56462,-0.654478305,0.72582822,0.111755085
1764505212.6296806,-3.38772,1.81594,0.56462,-0.654478305,0.72582822,0.111755085
1764505212.6296806,-3.38772,1.81594,0.56462,-0.654478305,0.72582822,0.111755085
1764505212.6296806,-3.38772,1.81594,0.56462,-0.654478305,0.72582822,0.111755085
1764505212.6296806,-3.38772,1.81594,0.56462,-0.654478305,0.72582822,0.111755085
1764505212.6296806,-3.38772,1.81594,0.56462,-0.654478305,0.72582822,0.111755085
1764505212.6296806,-3.38772,1.81594,0.56462,-0.654478305,0.72582822,0.111755085
1764505212.6296806,-3.38772,1.81594,0.56462,-0.654478305,0.72582822,0.111755085
1764505212.6296806,-2.31952,0.7019599999999999,0.88508,-0.654966585,0.727109955,0.113219925
1764505212.6296806,-2.31952,0.7019599999999999,0.88508,-0.654966585,0.727109955,0.113219925
1764505212.6296806,-2.31952,0.7019599999999999,0.88508,-0.654966585,0.727109955,0.113219925
1764505212.6296806,-2.31952,0.7019599999999999,0.88508,-0.654966585,0.727109955,0.113219925
1764505212.6761532,-2.31952,0.7019599999999999,0.88508,-0.654966585,0.727109955,0.113219925
1764505212.6761532,-2.31952,0.7019599999999999,0.88508,-0.654966585,0.727109955,0.113219925
1764505212.6761532,-2.31952,0.7019599999999999,0.88508,-0.654966585,0.727109955,0.113219925
1764505212.6761532,-2.31952,0.7019599999999999,0.88508,-0.654966585,0.727109955,0.113219925
1764505212.6761532,-2.31952,0.7019599999999999,0.88508,-0.654966585,0.727109955,0.113219925
1764505212.6761532,-2.31952,0.7019599999999999,0.88508,-0.654966585,0.727109955,0.113219925
1764505212.6761532,-3.23512,0.51884,0.27468,-0.65478348,0.729063075,0.11401338
1764505212.6761532,-3.23512,0.51884,0.27468,-0.65478348,0.729063075,0.11401338
1764505212.6761532,-3.23512,0.51884,0.27468,-0.65478348,0.729063075,0.11401338
1764505212.6761532,-3.23512,0.51884,0.27468,-0.65478348,0.729063075,0.11401338
1764505212.6761532,-3.23512,0.51884,0.27468,-0.65478348,0.729063075,0.11401338
1764505212.6761532,-3.23512,0.51884,0.27468,-0.65478348,0.729063075,0.11401338
1764505212.6761532,-3.23512,0.51884,0.27468,-0.65478348,0.729063075,0.11401338
1764505212.6761532,-3.23512,0.51884,0.27468,-0.65478348,0.729063075,0.11401338
1764505212.6761532,-3.23512,0.51884,0.27468,-0.65478348,0.729063075,0.11401338
1764505212.6761532,-3.23512,0.51884,0.27468,-0.65478348,0.729063075,0.11401338
1764505212.6761532,-3.76922,0.54936,0.21364,-0.65356278,0.7308941250000001,0.115295115
1764505212.6761532,-3.76922,0.54936,0.21364,-0.65356278,0.7308941250000001,0.115295115
1764505212.6761532,-3.76922,0.54936,0.21364,-0.65356278,0.7308941250000001,0.115295115
1764505212.6761532,-3.76922,0.54936,0.21364,-0.65356278,0.7308941250000001,0.115295115
1764505212.6761532,-3.76922,0.54936,0.21364,-0.65356278,0.7308941250000001,0.115295115
1764505212.6761532,-3.76922,0.54936,0.21364,-0.65356278,0.7308941250000001,0.115295115
1764505212.722272,-3.76922,0.54936,0.21364,-0.65356278,0.7308941250000001,0.115295115
1764505212.722272,-3.76922,0.54936,0.21364,-0.65356278,0.7308941250000001,0.115295115
1764505212.722272,-3.76922,0.54936,0.21364,-0.65356278,0.7308941250000001,0.115295115
1764505212.722272,-3.76922,0.54936,0.21364,-0.65356278,0.7308941250000001,0.115295115
1764505212.722272,-3.87604,0.6867,0.06104,-0.6530745,0.732114825,0.11560029
1764505212.722272,-3.87604,0.6867,0.06104,-0.6530745,0.732114825,0.11560029
1764505212.722272,-3.87604,0.6867,0.06104,-0.6530745,0.732114825,0.11560029
1764505212.722272,-3.87604,0.6867,0.06104,-0.6530745,0.732114825,0.11560029
1764505212.722272,-3.87604,0.6867,0.06104,-0.6530745,0.732114825,0.11560029
1764505212.722272,-3.87604,0.6867,0.06104,-0.6530745,0.732114825,0.11560029
1764505212.722272,-3.87604,0.6867,0.06104,-0.6530745,0.732114825,0.11560029
1764505212.722272,-3.87604,0.6867,0.06104,-0.6530745,0.732114825,0.11560029
1764505212.722272,-3.87604,0.6867,0.06104,-0.6530745,0.732114825,0.11560029
1764505212.722272,-3.87604,0.6867,0.06104,-0.6530745,0.732114825,0.11560029
1764505212.7231169,-4.74586,1.23606,0.0762999999999999,-0.65258622,0.7336407,0.11462373
1764505212.7231169,-4.74586,1.23606,0.0762999999999999,-0.65258622,0.7336407,0.11462373
1764505212.7231169,-4.74586,1.23606,0.0762999999999999,-0.65258622,0.7336407,0.11462373
1764505212.7231169,-4.74586,1.23606,0.0762999999999999,-0.65258622,0.7336407,0.11462373
1764505212.7231169,-4.74586,1.23606,0.0762999999999999,-0.65258622,0.7336407,0.11462373
1764505212.7231169,-4.74586,1.23606,0.0762999999999999,-0.65258622,0.7336407,0.11462373
1764505212.7231169,-4.74586,1.23606,0.0762999999999999,-0.65258622,0.7336407,0.11462373
1764505212.7231169,-4.74586,1.23606,0.0762999999999999,-0.65258622,0.7336407,0.11462373
1764505212.7231169,-4.74586,1.23606,0.0762999999999999,-0.65258622,0.7336407,0.11462373
1764505212.7231169,-4.74586,1.23606,0.0762999999999999,-0.65258622,0.7336407,0.11462373
1764505212.7678766,-5.43256,1.51074,0.21364,-0.652525185,0.733701735,0.113708205
1764505212.7678766,-5.43256,1.51074,0.21364,-0.652525185,0.733701735,0.113708205
1764505212.7678766,-5.43256,1.51074,0.21364,-0.652525185,0.733701735,0.113708205
1764505212.7678766,-5.43256,1.51074,0.21364,-0.652525185,0.733701735,0.113708205
1764505212.7678766,-5.43256,1.51074,0.21364,-0.652525185,0.733701735,0.113708205
1764505212.7678766,-5.43256,1.51074,0.21364,-0.652525185,0.733701735,0.113708205
1764505212.7678766,-5.43256,1.51074,0.21364,-0.652525185,0.733701735,0.113708205
1764505212.7678766,-5.43256,1.51074,0.21364,-0.652525185,0.733701735,0.113708205
1764505212.7678766,-5.43256,1.51074,0.21364,-0.652525185,0.733701735,0.113708205
1764505212.7678766,-5.43256,1.51074,0.21364,-0.652525185,0.733701735,0.113708205
1764505212.7678766,-5.7988,1.92276,0.01526,-0.652647255,0.732725175,0.113830275
1764505212.7678766,-5.7988,1.92276,0.01526,-0.652647255,0.732725175,0.113830275
1764505212.7678766,-5.7988,1.92276,0.01526,-0.652647255,0.732725175,0.113830275
1764505212.7678766,-5.7988,1.92276,0.01526,-0.652647255,0.732725175,0.113830275
1764505212.7678766,-5.7988,1.92276,0.01526,-0.652647255,0.732725175,0.113830275
1764505212.7678766,-5.7988,1.92276,0.01526,-0.652647255,0.732725175,0.113830275
1764505212.7678766,-5.7988,1.92276,0.01526,-0.652647255,0.732725175,0.113830275
1764505212.7678766,-5.7988,1.92276,0.01526,-0.652647255,0.732725175,0.113830275
1764505212.7678766,-5.7988,1.92276,0.01526,-0.652647255,0.732725175,0.113830275
1764505212.7678766,-5.7988,1.92276,0.01526,-0.652647255,0.732725175,0.113830275
1764505212.7678766,-6.01244,1.70912,0.27468,-0.6533186400000001,0.73180965,0.113830275
1764505212.7678766,-6.01244,1.70912,0.27468,-0.6533186400000001,0.73180965,0.113830275
1764505212.7678766,-6.01244,1.70912,0.27468,-0.6533186400000001,0.73180965,0.113830275
1764505212.7678766,-6.01244,1.70912,0.27468,-0.6533186400000001,0.73180965,0.113830275
1764505212.8142755,-6.01244,1.70912,0.27468,-0.6533186400000001,0.73180965,0.113830275
1764505212.8142755,-6.01244,1.70912,0.27468,-0.6533186400000001,0.73180965,0.113830275
1764505212.8142755,-6.01244,1.70912,0.27468,-0.6533186400000001,0.73180965,0.113830275
1764505212.8142755,-6.01244,1.70912,0.27468,-0.6533186400000001,0.73180965,0.113830275
1764505212.8142755,-6.01244,1.70912,0.27468,-0.6533186400000001,0.73180965,0.113830275
1764505212.8142755,-6.01244,1.70912,0.27468,-0.6533186400000001,0.73180965,0.113830275
1764505212.8142755,-5.096839999999999,2.07536,0.19838,-0.654112095,0.73010067,0.11242647
1764505212.815304,-5.096839999999999,2.07536,0.19838,-0.654112095,0.73010067,0.11242647
1764505212.815304,-5.096839999999999,2.07536,0.19838,-0.654112095,0.73010067,0.11242647
1764505212.815304,-5.096839999999999,2.07536,0.19838,-0.654112095,0.73010067,0.11242647
1764505212.815304,-5.096839999999999,2.07536,0.19838,-0.654112095,0.73010067,0.11242647
1764505212.815304,-5.096839999999999,2.07536,0.19838,-0.654112095,0.73010067,0.11242647
1764505212.815304,-5.096839999999999,2.07536,0.19838,-0.654112095,0.73010067,0.11242647
1764505212.815304,-5.096839999999999,2.07536,0.19838,-0.654112095,0.73010067,0.11242647
1764505212.815304,-5.096839999999999,2.07536,0.19838,-0.654112095,0.73010067,0.11242647
1764505212.815304,-5.096839999999999,2.07536,0.19838,-0.654112095,0.73010067,0.11242647
1764505212.815304,-3.7387,1.12924,0.6867,-0.65368485,0.728330655,0.11157198
1764505212.815304,-3.7387,1.12924,0.6867,-0.65368485,0.728330655,0.11157198
1764505212.815304,-3.7387,1.12924,0.6867,-0.65368485,0.728330655,0.11157198
1764505212.815304,-3.7387,1.12924,0.6867,-0.65368485,0.728330655,0.11157198
1764505212.815304,-3.7387,1.12924,0.6867,-0.65368485,0.728330655,0.11157198
1764505212.815304,-3.7387,1.12924,0.6867,-0.65368485,0.728330655,0.11157198
1764505212.8606265,-3.7387,1.12924,0.6867,-0.65368485,0.728330655,0.11157198
1764505212.8606265,-3.7387,1.12924,0.6867,-0.65368485,0.728330655,0.11157198
1764505212.8606265,-3.7387,1.12924,0.6867,-0.65368485,0.728330655,0.11157198
1764505212.8606265,-3.7387,1.12924,0.6867,-0.65368485,0.728330655,0.11157198
1764505212.8606265,-1.86172,0.24416,0.57988,-0.654478305,0.726865815,0.11291475
1764505212.8606265,-1.86172,0.24416,0.57988,-0.654478305,0.726865815,0.11291475
1764505212.8606265,-1.86172,0.24416,0.57988,-0.654478305,0.726865815,0.11291475
1764505212.8606265,-1.86172,0.24416,0.57988,-0.654478305,0.726865815,0.11291475
1764505212.8606265,-1.86172,0.24416,0.57988,-0.654478305,0.726865815,0.11291475
1764505212.8606265,-1.86172,0.24416,0.57988,-0.654478305,0.726865815,0.11291475
1764505212.8606265,-1.86172,0.24416,0.57988,-0.654478305,0.726865815,0.11291475
1764505212.8606265,-1.86172,0.24416,0.57988,-0.654478305,0.726865815,0.11291475
1764505212.862064,-1.86172,0.24416,0.57988,-0.654478305,0.726865815,0.11291475
1764505212.862064,-1.86172,0.24416,0.57988,-0.654478305,0.726865815,0.11291475
1764505212.862064,-1.6022999999999998,0.21364,0.1525999999999999,-0.653990025,0.72656064,0.11340303
1764505212.862064,-1.6022999999999998,0.21364,0.1525999999999999,-0.653990025,0.72656064,0.11340303
1764505212.862064,-1.6022999999999998,0.21364,0.1525999999999999,-0.653990025,0.72656064,0.11340303
1764505212.8626206,-1.6022999999999998,0.21364,0.1525999999999999,-0.653990025,0.72656064,0.11340303
1764505212.8626206,-1.6022999999999998,0.21364,0.1525999999999999,-0.653990025,0.72656064,0.11340303
1764505212.8626206,-1.6022999999999998,0.21364,0.1525999999999999,-0.653990025,0.72656064,0.11340303
1764505212.8626206,-1.6022999999999998,0.21364,0.1525999999999999,-0.653990025,0.72656064,0.11340303
1764505212.8626206,-1.6022999999999998,0.21364,0.1525999999999999,-0.653990025,0.72656064,0.11340303
1764505212.8626206,-1.6022999999999998,0.21364,0.1525999999999999,-0.653990025,0.72656064,0.11340303
1764505212.8626206,-1.6022999999999998,0.21364,0.1525999999999999,-0.653990025,0.72656064,0.11340303
1764505212.9071827,-2.60946,0.48832,-0.36624,-0.653745885,0.728574795,0.113586135
1764505212.9071827,-2.60946,0.48832,-0.36624,-0.653745885,0.728574795,0.113586135
1764505212.9071827,-2.60946,0.48832,-0.36624,-0.653745885,0.728574795,0.113586135
1764505212.9071827,-2.60946,0.48832,-0.36624,-0.653745885,0.728574795,0.113586135
1764505212.9071827,-2.60946,0.48832,-0.36624,-0.653745885,0.728574795,0.113586135
1764505212.9071827,-2.60946,0.48832,-0.36624,-0.653745885,0.728574795,0.113586135
1764505212.9071827,-2.60946,0.48832,-0.36624,-0.653745885,0.728574795,0.113586135
1764505212.9071827,-2.60946,0.48832,-0.36624,-0.653745885,0.728574795,0.113586135
1764505212.9071827,-2.60946,0.48832,-0.36624,-0.653745885,0.728574795,0.113586135
1764505212.9071827,-2.60946,0.48832,-0.36624,-0.653745885,0.728574795,0.113586135
1764505212.9071827,-2.57894,0.82404,0.1678599999999999,-0.652769325,0.730772055,0.113464065
1764505212.9071827,-2.57894,0.82404,0.1678599999999999,-0.652769325,0.730772055,0.113464065
1764505212.9071827,-2.57894,0.82404,0.1678599999999999,-0.652769325,0.730772055,0.113464065
1764505212.9071827,-2.57894,0.82404,0.1678599999999999,-0.652769325,0.730772055,0.113464065
1764505212.9071827,-2.57894,0.82404,0.1678599999999999,-0.652769325,0.730772055,0.113464065
1764505212.9071827,-2.57894,0.82404,0.1678599999999999,-0.652769325,0.730772055,0.113464065
1764505212.9071827,-2.57894,0.82404,0.1678599999999999,-0.652769325,0.730772055,0.113464065
1764505212.9071827,-2.57894,0.82404,0.1678599999999999,-0.652769325,0.730772055,0.113464065
1764505212.9085512,-2.57894,0.82404,0.1678599999999999,-0.652769325,0.730772055,0.113464065
1764505212.9085512,-2.57894,0.82404,0.1678599999999999,-0.652769325,0.730772055,0.113464065
1764505212.9085512,-3.2809,1.26658,0.0762999999999999,-0.652403115,0.731992755,0.11401338
1764505212.9085512,-3.2809,1.26658,0.0762999999999999,-0.652403115,0.731992755,0.11401338
1764505212.9085512,-3.2809,1.26658,0.0762999999999999,-0.652403115,0.731992755,0.11401338
1764505212.9085512,-3.2809,1.26658,0.0762999999999999,-0.652403115,0.731992755,0.11401338
1764505212.95279,-3.2809,1.26658,0.0762999999999999,-0.652403115,0.731992755,0.11401338
1764505212.95279,-3.2809,1.26658,0.0762999999999999,-0.652403115,0.731992755,0.11401338
1764505212.95279,-3.2809,1.26658,0.0762999999999999,-0.652403115,0.731992755,0.11401338
1764505212.95279,-3.2809,1.26658,0.0762999999999999,-0.652403115,0.731992755,0.11401338
1764505212.95279,-3.2809,1.26658,0.0762999999999999,-0.652403115,0.731992755,0.11401338
1764505212.95279,-3.2809,1.26658,0.0762999999999999,-0.652403115,0.731992755,0.11401338
1764505212.95279,-3.6624,2.31952,0.41202,-0.65258622,0.731138265,0.112853715
1764505212.95279,-3.6624,2.31952,0.41202,-0.65258622,0.731138265,0.112853715
1764505212.95279,-3.6624,2.31952,0.41202,-0.65258622,0.731138265,0.112853715
1764505212.95279,-3.6624,2.31952,0.41202,-0.65258622,0.731138265,0.112853715
1764505212.954305,-3.6624,2.31952,0.41202,-0.65258622,0.731138265,0.112853715
1764505212.954305,-3.6624,2.31952,0.41202,-0.65258622,0.731138265,0.112853715
1764505212.954305,-3.6624,2.31952,0.41202,-0.65258622,0.731138265,0.112853715
1764505212.954305,-3.6624,2.31952,0.41202,-0.65258622,0.731138265,0.112853715
1764505212.954305,-3.6624,2.31952,0.41202,-0.65258622,0.731138265,0.112853715
1764505212.956323,-3.6624,2.31952,0.41202,-0.65258622,0.731138265,0.112853715
1764505212.956323,-2.45686,2.70102,0.27468,-0.6530745,0.7287579,0.111633015
1764505212.956323,-2.45686,2.70102,0.27468,-0.6530745,0.7287579,0.111633015
1764505212.956323,-2.45686,2.70102,0.27468,-0.6530745,0.7287579,0.111633015
1764505212.956323,-2.45686,2.70102,0.27468,-0.6530745,0.7287579,0.111633015
1764505212.956323,-2.45686,2.70102,0.27468,-0.6530745,0.7287579,0.111633015
1764505212.956323,-2.45686,2.70102,0.27468,-0.6530745,0.7287579,0.111633015
1764505212.9999094,-2.45686,2.70102,0.27468,-0.6530745,0.7287579,0.111633015
1764505212.9999094,-2.45686,2.70102,0.27468,-0.6530745,0.7287579,0.111633015
1764505213.000416,-2.45686,2.70102,0.27468,-0.6530745,0.7287579,0.111633015
1764505213.000416,-2.45686,2.70102,0.27468,-0.6530745,0.7287579,0.111633015
1764505213.000416,-1.92276,2.77732,-0.24416,-0.65441727,0.727964445,0.110168175
1764505213.000416,-1.92276,2.77732,-0.24416,-0.65441727,0.727964445,0.110168175
1764505213.000416,-1.92276,2.77732,-0.24416,-0.65441727,0.727964445,0.110168175
1764505213.000416,-1.92276,2.77732,-0.24416,-0.65441727,0.727964445,0.110168175
1764505213.000416,-1.92276,2.77732,-0.24416,-0.65441727,0.727964445,0.110168175
1764505213.000416,-1.92276,2.77732,-0.24416,-0.65441727,0.727964445,0.110168175
1764505213.000416,-1.92276,2.77732,-0.24416,-0.65441727,0.727964445,0.110168175
1764505213.000416,-1.92276,2.77732,-0.24416,-0.65441727,0.727964445,0.110168175
1764505213.000416,-1.92276,2.77732,-0.24416,-0.65441727,0.727964445,0.110168175
1764505213.000416,-1.92276,2.77732,-0.24416,-0.65441727,0.727964445,0.110168175
1764505213.000416,-1.2055399999999998,1.64808,-0.12208,-0.65527176,0.728574795,0.10937472
1764505213.0009518,-1.2055399999999998,1.64808,-0.12208,-0.65527176,0.728574795,0.10937472
1764505213.0009518,-1.2055399999999998,1.64808,-0.12208,-0.65527176,0.728574795,0.10937472
1764505213.0009518,-1.2055399999999998,1.64808,-0.12208,-0.65527176,0.728574795,0.10937472
1764505213.0009518,-1.2055399999999998,1.64808,-0.12208,-0.65527176,0.728574795,0.10937472
1764505213.0009518,-1.2055399999999998,1.64808,-0.12208,-0.65527176,0.728574795,0.10937472
1764505213.0009518,-1.2055399999999998,1.64808,-0.12208,-0.65527176,0.728574795,0.10937472
1764505213.0009518,-1.2055399999999998,1.64808,-0.12208,-0.65527176,0.728574795,0.10937472
1764505213.0009518,-1.2055399999999998,1.64808,-0.12208,-0.65527176,0.728574795,0.10937472
1764505213.0009518,-1.2055399999999998,1.64808,-0.12208,-0.65527176,0.728574795,0.10937472
1764505213.0454948,0.44254,0.28994,1.64808,-0.656675565,0.72961239,0.110168175
1764505213.0454948,0.44254,0.28994,1.64808,-0.656675565,0.72961239,0.110168175
1764505213.0454948,0.44254,0.28994,1.64808,-0.656675565,0.72961239,0.110168175
1764505213.0454948,0.44254,0.28994,1.64808,-0.656675565,0.72961239,0.110168175
1764505213.0454948,0.44254,0.28994,1.64808,-0.656675565,0.72961239,0.110168175
1764505213.0454948,0.44254,0.28994,1.64808,-0.656675565,0.72961239,0.110168175
1764505213.0454948,0.44254,0.28994,1.64808,-0.656675565,0.72961239,0.110168175
1764505213.0454948,0.44254,0.28994,1.64808,-0.656675565,0.72961239,0.110168175
1764505213.0454948,0.44254,0.28994,1.64808,-0.656675565,0.72961239,0.110168175
1764505213.0454948,0.44254,0.28994,1.64808,-0.656675565,0.72961239,0.110168175
1764505213.0470388,-0.73248,-0.48832,2.22796,-0.65588211,0.73242,0.11157198
1764505213.0480585,-0.73248,-0.48832,2.22796,-0.65588211,0.73242,0.11157198
1764505213.0480585,-0.73248,-0.48832,2.22796,-0.65588211,0.73242,0.11157198
1764505213.0480585,-0.73248,-0.48832,2.22796,-0.65588211,0.73242,0.11157198
1764505213.0480585,-0.73248,-0.48832,2.22796,-0.65588211,0.73242,0.11157198
1764505213.0480585,-0.73248,-0.48832,2.22796,-0.65588211,0.73242,0.11157198
1764505213.0490546,-0.73248,-0.48832,2.22796,-0.65588211,0.73242,0.11157198
1764505213.0490546,-0.73248,-0.48832,2.22796,-0.65588211,0.73242,0.11157198
1764505213.0490546,-0.73248,-0.48832,2.22796,-0.65588211,0.73242,0.11157198
1764505213.0490546,-0.73248,-0.48832,2.22796,-0.65588211,0.73242,0.11157198
1764505213.0490546,-2.68576,-0.3815,1.38866,-0.653257605,0.73449519,0.112243365
1764505213.0490546,-2.68576,-0.3815,1.38866,-0.653257605,0.73449519,0.112243365
1764505213.0500746,-2.68576,-0.3815,1.38866,-0.653257605,0.73449519,0.112243365
1764505213.0505705,-2.68576,-0.3815,1.38866,-0.653257605,0.73449519,0.112243365
1764505213.0974984,-2.68576,-0.3815,1.38866,-0.653257605,0.73449519,0.112243365
1764505213.0974984,-2.68576,-0.3815,1.38866,-0.653257605,0.73449519,0.112243365
1764505213.0974984,-2.68576,-0.3815,1.38866,-0.653257605,0.73449519,0.112243365
1764505213.0974984,-2.68576,-0.3815,1.38866,-0.653257605,0.73449519,0.112243365
1764505213.0974984,-2.68576,-0.3815,1.38866,-0.653257605,0.73449519,0.112243365
1764505213.0974984,-2.68576,-0.3815,1.38866,-0.653257605,0.73449519,0.112243365
1764505213.0974984,-4.28806,0.48832,0.51884,-0.6517317300000001,0.734067945,0.112975785
1764505213.0974984,-4.28806,0.48832,0.51884,-0.6517317300000001,0.734067945,0.112975785
1764505213.0974984,-4.28806,0.48832,0.51884,-0.6517317300000001,0.734067945,0.112975785
1764505213.0974984,-4.28806,0.48832,0.51884,-0.6517317300000001,0.734067945,0.112975785
1764505213.0985217,-4.28806,0.48832,0.51884,-0.6517317300000001,0.734067945,0.112975785
1764505213.0985217,-4.28806,0.48832,0.51884,-0.6517317300000001,0.734067945,0.112975785
1764505213.0985217,-4.28806,0.48832,0.51884,-0.6517317300000001,0.734067945,0.112975785
1764505213.0985217,-4.28806,0.48832,0.51884,-0.6517317300000001,0.734067945,0.112975785
1764505213.0985217,-4.28806,0.48832,0.51884,-0.6517317300000001,0.734067945,0.112975785
1764505213.0985217,-4.28806,0.48832,0.51884,-0.6517317300000001,0.734067945,0.112975785
1764505213.0985217,-4.66956,1.78542,0.62566,-0.652158975,0.733701735,0.110778525
1764505213.0985217,-4.66956,1.78542,0.62566,-0.652158975,0.733701735,0.110778525
1764505213.0985217,-4.66956,1.78542,0.62566,-0.652158975,0.733701735,0.110778525
1764505213.0985217,-4.66956,1.78542,0.62566,-0.652158975,0.733701735,0.110778525
1764505213.0985217,-4.66956,1.78542,0.62566,-0.652158975,0.733701735,0.110778525
1764505213.0985217,-4.66956,1.78542,0.62566,-0.652158975,0.733701735,0.110778525
1764505213.1406436,-4.66956,1.78542,0.62566,-0.652158975,0.733701735,0.110778525
1764505213.1406436,-4.66956,1.78542,0.62566,-0.652158975,0.733701735,0.110778525
1764505213.1406436,-4.66956,1.78542,0.62566,-0.652158975,0.733701735,0.110778525
1764505213.1406436,-4.66956,1.78542,0.62566,-0.652158975,0.733701735,0.110778525
1764505213.1406436,-4.76112,1.3734,0.5341,-0.653501745,0.733457595,0.109435755
1764505213.1406436,-4.76112,1.3734,0.5341,-0.653501745,0.733457595,0.109435755
1764505213.1406436,-4.76112,1.3734,0.5341,-0.653501745,0.733457595,0.109435755
1764505213.1406436,-4.76112,1.3734,0.5341,-0.653501745,0.733457595,0.109435755
1764505213.14116,-4.76112,1.3734,0.5341,-0.653501745,0.733457595,0.109435755
1764505213.14116,-4.76112,1.3734,0.5341,-0.653501745,0.733457595,0.109435755
1764505213.14116,-4.76112,1.3734,0.5341,-0.653501745,0.733457595,0.109435755
1764505213.14116,-4.76112,1.3734,0.5341,-0.653501745,0.733457595,0.109435755
1764505213.14116,-4.76112,1.3734,0.5341,-0.653501745,0.733457595,0.109435755
1764505213.14116,-4.76112,1.3734,0.5341,-0.653501745,0.733457595,0.109435755
1764505213.14116,-4.45592,0.56462,-0.57988,-0.65368485,0.73217586,0.110168175
1764505213.14116,-4.45592,0.56462,-0.57988,-0.65368485,0.73217586,0.110168175
1764505213.14116,-4.45592,0.56462,-0.57988,-0.65368485,0.73217586,0.110168175
1764505213.14116,-4.45592,0.56462,-0.57988,-0.65368485,0.73217586,0.110168175
1764505213.14116,-4.45592,0.56462,-0.57988,-0.65368485,0.73217586,0.110168175
1764505213.14116,-4.45592,0.56462,-0.57988,-0.65368485,0.73217586,0.110168175
1764505213.142171,-4.45592,0.56462,-0.57988,-0.65368485,0.73217586,0.110168175
1764505213.142171,-4.45592,0.56462,-0.57988,-0.65368485,0.73217586,0.110168175
1764505213.142171,-4.45592,0.56462,-0.57988,-0.65368485,0.73217586,0.110168175
1764505213.142171,-4.45592,0.56462,-0.57988,-0.65368485,0.73217586,0.110168175
1764505213.1848302,-3.70818,1.3734,-0.12208,-0.653257605,0.730161705,0.10961886
1764505213.1848302,-3.70818,1.3734,-0.12208,-0.653257605,0.730161705,0.10961886
1764505213.1848302,-3.70818,1.3734,-0.12208,-0.653257605,0.730161705,0.10961886
1764505213.1848302,-3.70818,1.3734,-0.12208,-0.653257605,0.730161705,0.10961886
1764505213.1848302,-3.70818,1.3734,-0.12208,-0.653257605,0.730161705,0.10961886
1764505213.1848302,-3.70818,1.3734,-0.12208,-0.653257605,0.730161705,0.10961886
1764505213.1858618,-3.70818,1.3734,-0.12208,-0.653257605,0.730161705,0.10961886
1764505213.1858618,-3.70818,1.3734,-0.12208,-0.653257605,0.730161705,0.10961886
1764505213.1858618,-3.70818,1.3734,-0.12208,-0.653257605,0.730161705,0.10961886
1764505213.1858618,-3.70818,1.3734,-0.12208,-0.653257605,0.730161705,0.10961886
1764505213.1858618,-2.56368,1.51074,0.65618,-0.6538679550000001,0.729673425,0.10925265
1764505213.1858618,-2.56368,1.51074,0.65618,-0.6538679550000001,0.729673425,0.10925265
1764505213.1858618,-2.56368,1.51074,0.65618,-0.6538679550000001,0.729673425,0.10925265
1764505213.1858618,-2.56368,1.51074,0.65618,-0.6538679550000001,0.729673425,0.10925265
1764505213.1858618,-2.56368,1.51074,0.65618,-0.6538679550000001,0.729673425,0.10925265
1764505213.1858618,-2.56368,1.51074,0.65618,-0.6538679550000001,0.729673425,0.10925265
1764505213.1858618,-2.56368,1.51074,0.65618,-0.6538679550000001,0.729673425,0.10925265
1764505213.1858618,-2.56368,1.51074,0.65618,-0.6538679550000001,0.729673425,0.10925265
1764505213.1858618,-2.56368,1.51074,0.65618,-0.6538679550000001,0.729673425,0.10925265
1764505213.1879702,-2.56368,1.51074,0.65618,-0.6538679550000001,0.729673425,0.10925265
1764505213.1879702,-2.0601,0.65618,1.81594,-0.65356278,0.729185145,0.109069545
1764505213.1879702,-2.0601,0.65618,1.81594,-0.65356278,0.729185145,0.109069545
1764505213.232506,-2.0601,0.65618,1.81594,-0.65356278,0.729185145,0.109069545
1764505213.232506,-2.0601,0.65618,1.81594,-0.65356278,0.729185145,0.109069545
1764505213.232506,-2.0601,0.65618,1.81594,-0.65356278,0.729185145,0.109069545
1764505213.232506,-2.0601,0.65618,1.81594,-0.65356278,0.729185145,0.109069545
1764505213.2335205,-2.0601,0.65618,1.81594,-0.65356278,0.729185145,0.109069545
1764505213.2335205,-2.0601,0.65618,1.81594,-0.65356278,0.729185145,0.109069545
1764505213.2346563,-2.0601,0.65618,1.81594,-0.65356278,0.729185145,0.109069545
1764505213.2346563,-2.0601,0.65618,1.81594,-0.65356278,0.729185145,0.109069545
1764505213.2346563,-1.84646,0.42728,2.02958,-0.65258622,0.730527915,0.10888644
1764505213.2346563,-1.84646,0.42728,2.02958,-0.65258622,0.730527915,0.10888644
1764505213.23552,-1.84646,0.42728,2.02958,-0.65258622,0.730527915,0.10888644
1764505213.23552,-1.84646,0.42728,2.02958,-0.65258622,0.730527915,0.10888644
1764505213.23552,-1.84646,0.42728,2.02958,-0.65258622,0.730527915,0.10888644
1764505213.23552,-1.84646,0.42728,2.02958,-0.65258622,0.730527915,0.10888644
1764505213.23552,-1.84646,0.42728,2.02958,-0.65258622,0.730527915,0.10888644
1764505213.23552,-1.84646,0.42728,2.02958,-0.65258622,0.730527915,0.10888644
1764505213.23552,-1.84646,0.42728,2.02958,-0.65258622,0.730527915,0.10888644
1764505213.23552,-1.84646,0.42728,2.02958,-0.65258622,0.730527915,0.10888644
1764505213.23552,-3.06726,1.17502,0.6714399999999999,-0.65283036,0.73217586,0.10913058
1764505213.23552,-3.06726,1.17502,0.6714399999999999,-0.65283036,0.73217586,0.10913058
1764505213.23552,-3.06726,1.17502,0.6714399999999999,-0.65283036,0.73217586,0.10913058
1764505213.23552,-3.06726,1.17502,0.6714399999999999,-0.65283036,0.73217586,0.10913058
1764505213.23552,-3.06726,1.17502,0.6714399999999999,-0.65283036,0.73217586,0.10913058
1764505213.23552,-3.06726,1.17502,0.6714399999999999,-0.65283036,0.73217586,0.10913058
1764505213.2818427,-3.06726,1.17502,0.6714399999999999,-0.65283036,0.73217586,0.10913058
1764505213.2818427,-3.06726,1.17502,0.6714399999999999,-0.65283036,0.73217586,0.10913058
1764505213.2818427,-3.06726,1.17502,0.6714399999999999,-0.65283036,0.73217586,0.10913058
1764505213.2818427,-3.06726,1.17502,0.6714399999999999,-0.65283036,0.73217586,0.10913058
1764505213.2818427,-3.90656,1.93802,-0.71722,-0.652769325,0.73156551,0.10998507
1764505213.2818427,-3.90656,1.93802,-0.71722,-0.652769325,0.73156551,0.10998507
1764505213.2818427,-3.90656,1.93802,-0.71722,-0.652769325,0.73156551,0.10998507
1764505213.2818427,-3.90656,1.93802,-0.71722,-0.652769325,0.73156551,0.10998507
1764505213.2818427,-3.90656,1.93802,-0.71722,-0.652769325,0.73156551,0.10998507
1764505213.2818427,-3.90656,1.93802,-0.71722,-0.652769325,0.73156551,0.10998507
1764505213.2818427,-3.90656,1.93802,-0.71722,-0.652769325,0.73156551,0.10998507
1764505213.2818427,-3.90656,1.93802,-0.71722,-0.652769325,0.73156551,0.10998507
1764505213.2818427,-3.90656,1.93802,-0.71722,-0.652769325,0.73156551,0.10998507
1764505213.2818427,-3.90656,1.93802,-0.71722,-0.652769325,0.73156551,0.10998507
1764505213.2828426,-2.70102,2.5942,-1.12924,-0.6522810450000001,0.72839169,0.109863
1764505213.2828426,-2.70102,2.5942,-1.12924,-0.6522810450000001,0.72839169,0.109863
1764505213.2828426,-2.70102,2.5942,-1.12924,-0.6522810450000001,0.72839169,0.109863
1764505213.2828426,-2.70102,2.5942,-1.12924,-0.6522810450000001,0.72839169,0.109863
1764505213.2828426,-2.70102,2.5942,-1.12924,-0.6522810450000001,0.72839169,0.109863
1764505213.2828426,-2.70102,2.5942,-1.12924,-0.6522810450000001,0.72839169,0.109863
1764505213.2828426,-2.70102,2.5942,-1.12924,-0.6522810450000001,0.72839169,0.109863
1764505213.2828426,-2.70102,2.5942,-1.12924,-0.6522810450000001,0.72839169,0.109863
1764505213.2828426,-2.70102,2.5942,-1.12924,-0.6522810450000001,0.72839169,0.109863
1764505213.2828426,-2.70102,2.5942,-1.12924,-0.6522810450000001,0.72839169,0.109863
1764505213.3287146,-2.0601,2.94518,0.27468,-0.653501745,0.72912411,0.107848845
1764505213.3287146,-2.0601,2.94518,0.27468,-0.653501745,0.72912411,0.107848845
1764505213.3287146,-2.0601,2.94518,0.27468,-0.653501745,0.72912411,0.107848845
1764505213.3297124,-2.0601,2.94518,0.27468,-0.653501745,0.72912411,0.107848845
1764505213.3297644,-2.0601,2.94518,0.27468,-0.653501745,0.72912411,0.107848845
1764505213.3297644,-2.0601,2.94518,0.27468,-0.653501745,0.72912411,0.107848845
1764505213.3297644,-2.0601,2.94518,0.27468,-0.653501745,0.72912411,0.107848845
1764505213.3297644,-2.0601,2.94518,0.27468,-0.653501745,0.72912411,0.107848845
1764505213.3297644,-2.0601,2.94518,0.27468,-0.653501745,0.72912411,0.107848845
1764505213.3297644,-2.0601,2.94518,0.27468,-0.653501745,0.72912411,0.107848845
1764505213.3307755,-1.17502,1.12924,0.74774,-0.653745885,0.731992755,0.10705539
1764505213.3307755,-1.17502,1.12924,0.74774,-0.653745885,0.731992755,0.10705539
1764505213.3307755,-1.17502,1.12924,0.74774,-0.653745885,0.731992755,0.10705539
1764505213.3312864,-1.17502,1.12924,0.74774,-0.653745885,0.731992755,0.10705539
1764505213.3312864,-1.17502,1.12924,0.74774,-0.653745885,0.731992755,0.10705539
1764505213.3312864,-1.17502,1.12924,0.74774,-0.653745885,0.731992755,0.10705539
1764505213.3312864,-1.17502,1.12924,0.74774,-0.653745885,0.731992755,0.10705539
1764505213.3312864,-1.17502,1.12924,0.74774,-0.653745885,0.731992755,0.10705539
1764505213.3323643,-1.17502,1.12924,0.74774,-0.653745885,0.731992755,0.10705539
1764505213.3323643,-1.17502,1.12924,0.74774,-0.653745885,0.731992755,0.10705539
1764505213.3323643,-0.50358,0.3051999999999999,0.65618,-0.65258622,0.733701735,0.107238495
1764505213.3323643,-0.50358,0.3051999999999999,0.65618,-0.65258622,0.733701735,0.107238495
1764505213.3724554,-0.50358,0.3051999999999999,0.65618,-0.65258622,0.733701735,0.107238495
1764505213.3724554,-0.50358,0.3051999999999999,0.65618,-0.65258622,0.733701735,0.107238495
1764505213.3724554,-0.50358,0.3051999999999999,0.65618,-0.65258622,0.733701735,0.107238495
1764505213.3724554,-0.50358,0.3051999999999999,0.65618,-0.65258622,0.733701735,0.107238495
1764505213.3724554,-0.50358,0.3051999999999999,0.65618,-0.65258622,0.733701735,0.107238495
1764505213.3724554,-0.50358,0.3051999999999999,0.65618,-0.65258622,0.733701735,0.107238495
1764505213.3724554,-0.50358,0.3051999999999999,0.65618,-0.65258622,0.733701735,0.107238495
1764505213.3724554,-0.50358,0.3051999999999999,0.65618,-0.65258622,0.733701735,0.107238495
1764505213.3724554,-0.3204599999999999,0.36624,1.0682,-0.6518538,0.733945875,0.107482635
1764505213.3724554,-0.3204599999999999,0.36624,1.0682,-0.6518538,0.733945875,0.107482635
1764505213.3724554,-0.3204599999999999,0.36624,1.0682,-0.6518538,0.733945875,0.107482635
1764505213.3724554,-0.3204599999999999,0.36624,1.0682,-0.6518538,0.733945875,0.107482635
1764505213.3724554,-0.3204599999999999,0.36624,1.0682,-0.6518538,0.733945875,0.107482635
1764505213.3724554,-0.3204599999999999,0.36624,1.0682,-0.6518538,0.733945875,0.107482635
1764505213.3724554,-0.3204599999999999,0.36624,1.0682,-0.6518538,0.733945875,0.107482635
1764505213.3724554,-0.3204599999999999,0.36624,1.0682,-0.6518538,0.733945875,0.107482635
1764505213.3739655,-0.3204599999999999,0.36624,1.0682,-0.6518538,0.733945875,0.107482635
1764505213.3739655,-0.3204599999999999,0.36624,1.0682,-0.6518538,0.733945875,0.107482635
1764505213.3739655,-2.79258,-0.1525999999999999,1.48022,-0.65136552,0.7345562250000001,0.10693332
1764505213.3739655,-2.79258,-0.1525999999999999,1.48022,-0.65136552,0.7345562250000001,0.10693332
1764505213.3739655,-2.79258,-0.1525999999999999,1.48022,-0.65136552,0.7345562250000001,0.10693332
1764505213.3739655,-2.79258,-0.1525999999999999,1.48022,-0.65136552,0.7345562250000001,0.10693332
1764505213.3739655,-2.79258,-0.1525999999999999,1.48022,-0.65136552,0.7345562250000001,0.10693332
1764505213.3739655,-2.79258,-0.1525999999999999,1.48022,-0.65136552,0.7345562250000001,0.10693332
1764505213.4231076,-2.79258,-0.1525999999999999,1.48022,-0.65136552,0.7345562250000001,0.10693332
1764505213.4234493,-2.79258,-0.1525999999999999,1.48022,-0.65136552,0.7345562250000001,0.10693332
1764505213.4234493,-2.79258,-0.1525999999999999,1.48022,-0.65136552,0.7345562250000001,0.10693332
1764505213.4234493,-2.79258,-0.1525999999999999,1.48022,-0.65136552,0.7345562250000001,0.10693332
1764505213.4234493,-4.16598,-0.18312,0.9003399999999999,-0.651060345,0.73498347,0.10693332
1764505213.4241047,-4.16598,-0.18312,0.9003399999999999,-0.651060345,0.73498347,0.10693332
1764505213.4241047,-4.16598,-0.18312,0.9003399999999999,-0.651060345,0.73498347,0.10693332
1764505213.4241047,-4.16598,-0.18312,0.9003399999999999,-0.651060345,0.73498347,0.10693332
1764505213.4241047,-4.16598,-0.18312,0.9003399999999999,-0.651060345,0.73498347,0.10693332
1764505213.4241047,-4.16598,-0.18312,0.9003399999999999,-0.651060345,0.73498347,0.10693332
1764505213.4241047,-4.16598,-0.18312,0.9003399999999999,-0.651060345,0.73498347,0.10693332
1764505213.4241047,-4.16598,-0.18312,0.9003399999999999,-0.651060345,0.73498347,0.10693332
1764505213.4241047,-4.16598,-0.18312,0.9003399999999999,-0.651060345,0.73498347,0.10693332
1764505213.4251068,-4.16598,-0.18312,0.9003399999999999,-0.651060345,0.73498347,0.10693332
1764505213.4251068,-4.31858,2.02958,0.62566,-0.650816205,0.73522761,0.10790988
1764505213.4251068,-4.31858,2.02958,0.62566,-0.650816205,0.73522761,0.10790988
1764505213.4251068,-4.31858,2.02958,0.62566,-0.650816205,0.73522761,0.10790988
1764505213.4251068,-4.31858,2.02958,0.62566,-0.650816205,0.73522761,0.10790988
1764505213.4251068,-4.31858,2.02958,0.62566,-0.650816205,0.73522761,0.10790988
1764505213.4251068,-4.31858,2.02958,0.62566,-0.650816205,0.73522761,0.10790988
1764505213.4251068,-4.31858,2.02958,0.62566,-0.650816205,0.73522761,0.10790988
1764505213.4251068,-4.31858,2.02958,0.62566,-0.650816205,0.73522761,0.10790988
1764505213.4251068,-4.31858,2.02958,0.62566,-0.650816205,0.73522761,0.10790988
1764505213.4251068,-4.31858,2.02958,0.62566,-0.650816205,0.73522761,0.10790988
1764505213.467294,-4.74586,2.94518,-0.5341,-0.651548625,0.732603105,0.10729953
1764505213.467294,-4.74586,2.94518,-0.5341,-0.651548625,0.732603105,0.10729953
1764505213.467294,-4.74586,2.94518,-0.5341,-0.651548625,0.732603105,0.10729953
1764505213.467294,-4.74586,2.94518,-0.5341,-0.651548625,0.732603105,0.10729953
1764505213.467294,-4.74586,2.94518,-0.5341,-0.651548625,0.732603105,0.10729953
1764505213.467294,-4.74586,2.94518,-0.5341,-0.651548625,0.732603105,0.10729953
1764505213.467294,-4.74586,2.94518,-0.5341,-0.651548625,0.732603105,0.10729953
1764505213.467294,-4.74586,2.94518,-0.5341,-0.651548625,0.732603105,0.10729953
1764505213.467294,-4.74586,2.94518,-0.5341,-0.651548625,0.732603105,0.10729953
1764505213.467294,-4.74586,2.94518,-0.5341,-0.651548625,0.732603105,0.10729953
1764505213.467294,-5.4173,1.95328,-0.82404,-0.6530745,0.73071102,0.105651585
1764505213.467294,-5.4173,1.95328,-0.82404,-0.6530745,0.73071102,0.105651585
1764505213.467294,-5.4173,1.95328,-0.82404,-0.6530745,0.73071102,0.105651585
1764505213.46782,-5.4173,1.95328,-0.82404,-0.6530745,0.73071102,0.105651585
1764505213.46782,-5.4173,1.95328,-0.82404,-0.6530745,0.73071102,0.105651585
1764505213.46782,-5.4173,1.95328,-0.82404,-0.6530745,0.73071102,0.105651585
1764505213.46782,-5.4173,1.95328,-0.82404,-0.6530745,0.73071102,0.105651585
1764505213.46782,-5.4173,1.95328,-0.82404,-0.6530745,0.73071102,0.105651585
1764505213.46782,-5.4173,1.95328,-0.82404,-0.6530745,0.73071102,0.105651585
1764505213.46782,-5.4173,1.95328,-0.82404,-0.6530745,0.73071102,0.105651585
1764505213.46782,-3.99812,1.17502,0.1678599999999999,-0.653135535,0.72949032,0.105407445
1764505213.46782,-3.99812,1.17502,0.1678599999999999,-0.653135535,0.72949032,0.105407445
1764505213.513723,-3.99812,1.17502,0.1678599999999999,-0.653135535,0.72949032,0.105407445
1764505213.513723,-3.99812,1.17502,0.1678599999999999,-0.653135535,0.72949032,0.105407445
1764505213.513723,-3.99812,1.17502,0.1678599999999999,-0.653135535,0.72949032,0.105407445
1764505213.513723,-3.99812,1.17502,0.1678599999999999,-0.653135535,0.72949032,0.105407445
1764505213.513723,-3.99812,1.17502,0.1678599999999999,-0.653135535,0.72949032,0.105407445
1764505213.513723,-3.99812,1.17502,0.1678599999999999,-0.653135535,0.72949032,0.105407445
1764505213.513723,-3.99812,1.17502,0.1678599999999999,-0.653135535,0.72949032,0.105407445
1764505213.513723,-3.99812,1.17502,0.1678599999999999,-0.653135535,0.72949032,0.105407445
1764505213.513723,-1.38866,0.9919,0.57988,-0.653135535,0.729551355,0.105407445
1764505213.513723,-1.38866,0.9919,0.57988,-0.653135535,0.729551355,0.105407445
1764505213.513723,-1.38866,0.9919,0.57988,-0.653135535,0.729551355,0.105407445
1764505213.513723,-1.38866,0.9919,0.57988,-0.653135535,0.729551355,0.105407445
1764505213.513723,-1.38866,0.9919,0.57988,-0.653135535,0.729551355,0.105407445
1764505213.513723,-1.38866,0.9919,0.57988,-0.653135535,0.729551355,0.105407445
1764505213.513723,-1.38866,0.9919,0.57988,-0.653135535,0.729551355,0.105407445
1764505213.513723,-1.38866,0.9919,0.57988,-0.653135535,0.729551355,0.105407445
1764505213.513723,-1.38866,0.9919,0.57988,-0.653135535,0.729551355,0.105407445
1764505213.513723,-1.38866,0.9919,0.57988,-0.653135535,0.729551355,0.105407445
1764505213.513723,-0.54936,0.47306,1.05294,-0.65380692,0.72961239,0.105529515
1764505213.513723,-0.54936,0.47306,1.05294,-0.65380692,0.72961239,0.105529515
1764505213.513723,-0.54936,0.47306,1.05294,-0.65380692,0.72961239,0.105529515
1764505213.513723,-0.54936,0.47306,1.05294,-0.65380692,0.72961239,0.105529515
1764505213.513723,-0.54936,0.47306,1.05294,-0.65380692,0.72961239,0.105529515
1764505213.513723,-0.54936,0.47306,1.05294,-0.65380692,0.72961239,0.105529515
1764505213.561175,-0.54936,0.47306,1.05294,-0.65380692,0.72961239,0.105529515
1764505213.561175,-0.54936,0.47306,1.05294,-0.65380692,0.72961239,0.105529515
1764505213.561175,-0.54936,0.47306,1.05294,-0.65380692,0.72961239,0.105529515
1764505213.561175,-0.54936,0.47306,1.05294,-0.65380692,0.72961239,0.105529515
1764505213.561175,-0.85456,0.62566,0.9156,-0.65380692,0.73132137,0.105895725
1764505213.561175,-0.85456,0.62566,0.9156,-0.65380692,0.73132137,0.105895725
1764505213.561175,-0.85456,0.62566,0.9156,-0.65380692,0.73132137,0.105895725
1764505213.5621674,-0.85456,0.62566,0.9156,-0.65380692,0.73132137,0.105895725
1764505213.5621674,-0.85456,0.62566,0.9156,-0.65380692,0.73132137,0.105895725
1764505213.5621674,-0.85456,0.62566,0.9156,-0.65380692,0.73132137,0.105895725
1764505213.5621674,-0.85456,0.62566,0.9156,-0.65380692,0.73132137,0.105895725
1764505213.5621674,-0.85456,0.62566,0.9156,-0.65380692,0.73132137,0.105895725
1764505213.5621674,-0.85456,0.62566,0.9156,-0.65380692,0.73132137,0.105895725
1764505213.5621674,-0.85456,0.62566,0.9156,-0.65380692,0.73132137,0.105895725
1764505213.5621674,-1.61756,0.3051999999999999,0.47306,-0.6538679550000001,0.732847245,0.10668918
1764505213.5621674,-1.61756,0.3051999999999999,0.47306,-0.6538679550000001,0.732847245,0.10668918
1764505213.5621674,-1.61756,0.3051999999999999,0.47306,-0.6538679550000001,0.732847245,0.10668918
1764505213.5621674,-1.61756,0.3051999999999999,0.47306,-0.6538679550000001,0.732847245,0.10668918
1764505213.5631585,-1.61756,0.3051999999999999,0.47306,-0.6538679550000001,0.732847245,0.10668918
1764505213.5631585,-1.61756,0.3051999999999999,0.47306,-0.6538679550000001,0.732847245,0.10668918
1764505213.5631585,-1.61756,0.3051999999999999,0.47306,-0.6538679550000001,0.732847245,0.10668918
1764505213.5631585,-1.61756,0.3051999999999999,0.47306,-0.6538679550000001,0.732847245,0.10668918
1764505213.5631585,-1.61756,0.3051999999999999,0.47306,-0.6538679550000001,0.732847245,0.10668918
1764505213.5631585,-1.61756,0.3051999999999999,0.47306,-0.6538679550000001,0.732847245,0.10668918
1764505213.6087508,-3.06726,1.19028,-0.3051999999999999,-0.653379675,0.734678295,0.107116425
1764505213.6087508,-3.06726,1.19028,-0.3051999999999999,-0.653379675,0.734678295,0.107116425
1764505213.6087508,-3.06726,1.19028,-0.3051999999999999,-0.653379675,0.734678295,0.107116425
1764505213.6087508,-3.06726,1.19028,-0.3051999999999999,-0.653379675,0.734678295,0.107116425
1764505213.6097484,-3.06726,1.19028,-0.3051999999999999,-0.653379675,0.734678295,0.107116425
1764505213.6097484,-3.06726,1.19028,-0.3051999999999999,-0.653379675,0.734678295,0.107116425
1764505213.6097484,-3.06726,1.19028,-0.3051999999999999,-0.653379675,0.734678295,0.107116425
1764505213.6097484,-3.06726,1.19028,-0.3051999999999999,-0.653379675,0.734678295,0.107116425
1764505213.6097484,-3.06726,1.19028,-0.3051999999999999,-0.653379675,0.734678295,0.107116425
1764505213.6097484,-3.06726,1.19028,-0.3051999999999999,-0.653379675,0.734678295,0.107116425
1764505213.6107433,-4.059159999999999,1.32762,0.18312,-0.65392899,0.7360821,0.106872285
1764505213.6107433,-4.059159999999999,1.32762,0.18312,-0.65392899,0.7360821,0.106872285
1764505213.6110842,-4.059159999999999,1.32762,0.18312,-0.65392899,0.7360821,0.106872285
1764505213.6110842,-4.059159999999999,1.32762,0.18312,-0.65392899,0.7360821,0.106872285
1764505213.6113658,-4.059159999999999,1.32762,0.18312,-0.65392899,0.7360821,0.106872285
1764505213.6113658,-4.059159999999999,1.32762,0.18312,-0.65392899,0.7360821,0.106872285
1764505213.6113658,-4.059159999999999,1.32762,0.18312,-0.65392899,0.7360821,0.106872285
1764505213.6113658,-4.059159999999999,1.32762,0.18312,-0.65392899,0.7360821,0.106872285
1764505213.6113658,-4.059159999999999,1.32762,0.18312,-0.65392899,0.7360821,0.106872285
1764505213.6123743,-4.059159999999999,1.32762,0.18312,-0.65392899,0.7360821,0.106872285
1764505213.6123743,-5.615679999999999,1.70912,0.59514,-0.65380692,0.736021065,0.106384005
1764505213.6123743,-5.615679999999999,1.70912,0.59514,-0.65380692,0.736021065,0.106384005
1764505213.6558402,-5.615679999999999,1.70912,0.59514,-0.65380692,0.736021065,0.106384005
1764505213.6558402,-5.615679999999999,1.70912,0.59514,-0.65380692,0.736021065,0.106384005
1764505213.6558402,-5.615679999999999,1.70912,0.59514,-0.65380692,0.736021065,0.106384005
1764505213.6558402,-5.615679999999999,1.70912,0.59514,-0.65380692,0.736021065,0.106384005
1764505213.6558402,-5.615679999999999,1.70912,0.59514,-0.65380692,0.736021065,0.106384005
1764505213.6558402,-5.615679999999999,1.70912,0.59514,-0.65380692,0.736021065,0.106384005
1764505213.6558402,-5.615679999999999,1.70912,0.59514,-0.65380692,0.736021065,0.106384005
1764505213.6558402,-5.615679999999999,1.70912,0.59514,-0.65380692,0.736021065,0.106384005
1764505213.6558402,-6.3329,1.32762,0.10682,-0.6543562350000001,0.7351055400000001,0.10461399
1764505213.6558402,-6.3329,1.32762,0.10682,-0.6543562350000001,0.7351055400000001,0.10461399
1764505213.6558402,-6.3329,1.32762,0.10682,-0.6543562350000001,0.7351055400000001,0.10461399
1764505213.6558402,-6.3329,1.32762,0.10682,-0.6543562350000001,0.7351055400000001,0.10461399
1764505213.6558402,-6.3329,1.32762,0.10682,-0.6543562350000001,0.7351055400000001,0.10461399
1764505213.6558402,-6.3329,1.32762,0.10682,-0.6543562350000001,0.7351055400000001,0.10461399
1764505213.6558402,-6.3329,1.32762,0.10682,-0.6543562350000001,0.7351055400000001,0.10461399
1764505213.6558402,-6.3329,1.32762,0.10682,-0.6543562350000001,0.7351055400000001,0.10461399
1764505213.6558402,-6.3329,1.32762,0.10682,-0.6543562350000001,0.7351055400000001,0.10461399
1764505213.6558402,-6.3329,1.32762,0.10682,-0.6543562350000001,0.7351055400000001,0.10461399
1764505213.6558402,-4.94424,0.57988,0.1525999999999999,-0.65405106,0.73376277,0.10449192
1764505213.6558402,-4.94424,0.57988,0.1525999999999999,-0.65405106,0.73376277,0.10449192
1764505213.6558402,-4.94424,0.57988,0.1525999999999999,-0.65405106,0.73376277,0.10449192
1764505213.6558402,-4.94424,0.57988,0.1525999999999999,-0.65405106,0.73376277,0.10449192
1764505213.6558402,-4.94424,0.57988,0.1525999999999999,-0.65405106,0.73376277,0.10449192
1764505213.6558402,-4.94424,0.57988,0.1525999999999999,-0.65405106,0.73376277,0.10449192
1764505213.6558402,-4.94424,0.57988,0.1525999999999999,-0.65405106,0.73376277,0.10449192
1764505213.6573637,-4.94424,0.57988,0.1525999999999999,-0.65405106,0.73376277,0.10449192
1764505213.699991,-4.94424,0.57988,0.1525999999999999,-0.65405106,0.73376277,0.10449192
1764505213.699991,-4.94424,0.57988,0.1525999999999999,-0.65405106,0.73376277,0.10449192
1764505213.699991,-4.63904,0.5341,0.3509799999999999,-0.65405106,0.73266414,0.10412571
1764505213.699991,-4.63904,0.5341,0.3509799999999999,-0.65405106,0.73266414,0.10412571
1764505213.699991,-4.63904,0.5341,0.3509799999999999,-0.65405106,0.73266414,0.10412571
1764505213.699991,-4.63904,0.5341,0.3509799999999999,-0.65405106,0.73266414,0.10412571
1764505213.699991,-4.63904,0.5341,0.3509799999999999,-0.65405106,0.73266414,0.10412571
1764505213.699991,-4.63904,0.5341,0.3509799999999999,-0.65405106,0.73266414,0.10412571
1764505213.699991,-4.63904,0.5341,0.3509799999999999,-0.65405106,0.73266414,0.10412571
1764505213.699991,-4.63904,0.5341,0.3509799999999999,-0.65405106,0.73266414,0.10412571
1764505213.699991,-4.63904,0.5341,0.3509799999999999,-0.65405106,0.73266414,0.10412571
1764505213.699991,-4.63904,0.5341,0.3509799999999999,-0.65405106,0.73266414,0.10412571
1764505213.702291,-4.60852,-0.13734,0.10682,-0.65246415,0.73156551,0.104064675
1764505213.702291,-4.60852,-0.13734,0.10682,-0.65246415,0.73156551,0.104064675
1764505213.702291,-4.60852,-0.13734,0.10682,-0.65246415,0.73156551,0.104064675
1764505213.702291,-4.60852,-0.13734,0.10682,-0.65246415,0.73156551,0.104064675
1764505213.702291,-4.60852,-0.13734,0.10682,-0.65246415,0.73156551,0.104064675
1764505213.702291,-4.60852,-0.13734,0.10682,-0.65246415,0.73156551,0.104064675
1764505213.702291,-4.60852,-0.13734,0.10682,-0.65246415,0.73156551,0.104064675
1764505213.702291,-4.60852,-0.13734,0.10682,-0.65246415,0.73156551,0.104064675
1764505213.702291,-4.60852,-0.13734,0.10682,-0.65246415,0.73156551,0.104064675
1764505213.702291,-4.60852,-0.13734,0.10682,-0.65246415,0.73156551,0.104064675
1764505213.7464771,-3.72344,0.9003399999999999,0.0,-0.651670695,0.730649985,0.104430885
1764505213.7464771,-3.72344,0.9003399999999999,0.0,-0.651670695,0.730649985,0.104430885
1764505213.7464771,-3.72344,0.9003399999999999,0.0,-0.651670695,0.730649985,0.104430885
1764505213.7464771,-3.72344,0.9003399999999999,0.0,-0.651670695,0.730649985,0.104430885
1764505213.7464771,-3.72344,0.9003399999999999,0.0,-0.651670695,0.730649985,0.104430885
1764505213.7464771,-3.72344,0.9003399999999999,0.0,-0.651670695,0.730649985,0.104430885
1764505213.7464771,-3.72344,0.9003399999999999,0.0,-0.651670695,0.730649985,0.104430885
1764505213.747743,-3.72344,0.9003399999999999,0.0,-0.651670695,0.730649985,0.104430885
1764505213.747743,-3.72344,0.9003399999999999,0.0,-0.651670695,0.730649985,0.104430885
1764505213.747743,-3.72344,0.9003399999999999,0.0,-0.651670695,0.730649985,0.104430885
1764505213.747743,-3.92182,1.2055399999999998,0.51884,-0.652036905,0.731138265,0.104552955
1764505213.747743,-3.92182,1.2055399999999998,0.51884,-0.652036905,0.731138265,0.104552955
1764505213.747743,-3.92182,1.2055399999999998,0.51884,-0.652036905,0.731138265,0.104552955
1764505213.747743,-3.92182,1.2055399999999998,0.51884,-0.652036905,0.731138265,0.104552955
1764505213.747743,-3.92182,1.2055399999999998,0.51884,-0.652036905,0.731138265,0.104552955
1764505213.747743,-3.92182,1.2055399999999998,0.51884,-0.652036905,0.731138265,0.104552955
1764505213.747743,-3.92182,1.2055399999999998,0.51884,-0.652036905,0.731138265,0.104552955
1764505213.747743,-3.92182,1.2055399999999998,0.51884,-0.652036905,0.731138265,0.104552955
1764505213.747743,-3.92182,1.2055399999999998,0.51884,-0.652036905,0.731138265,0.104552955
1764505213.747743,-3.92182,1.2055399999999998,0.51884,-0.652036905,0.731138265,0.104552955
1764505213.747743,-6.14978,1.43444,0.21364,-0.65234208,0.73229793,0.10436985
1764505213.747743,-6.14978,1.43444,0.21364,-0.65234208,0.73229793,0.10436985
1764505213.747743,-6.14978,1.43444,0.21364,-0.65234208,0.73229793,0.10436985
1764505213.747743,-6.14978,1.43444,0.21364,-0.65234208,0.73229793,0.10436985
1764505213.7950494,-6.14978,1.43444,0.21364,-0.65234208,0.73229793,0.10436985
1764505213.7950494,-6.14978,1.43444,0.21364,-0.65234208,0.73229793,0.10436985
1764505213.7950494,-6.14978,1.43444,0.21364,-0.65234208,0.73229793,0.10436985
1764505213.7950494,-6.14978,1.43444,0.21364,-0.65234208,0.73229793,0.10436985
1764505213.7950494,-6.14978,1.43444,0.21364,-0.65234208,0.73229793,0.10436985
1764505213.7950494,-6.14978,1.43444,0.21364,-0.65234208,0.73229793,0.10436985
1764505213.7950494,-6.958559999999999,1.35814,0.12208,-0.651304485,0.733213455,0.10436985
1764505213.7950494,-6.958559999999999,1.35814,0.12208,-0.651304485,0.733213455,0.10436985
1764505213.7950494,-6.958559999999999,1.35814,0.12208,-0.651304485,0.733213455,0.10436985
1764505213.7950494,-6.958559999999999,1.35814,0.12208,-0.651304485,0.733213455,0.10436985
1764505213.7950494,-6.958559999999999,1.35814,0.12208,-0.651304485,0.733213455,0.10436985
1764505213.7950494,-6.958559999999999,1.35814,0.12208,-0.651304485,0.733213455,0.10436985
1764505213.7950494,-6.958559999999999,1.35814,0.12208,-0.651304485,0.733213455,0.10436985
1764505213.7950494,-6.958559999999999,1.35814,0.12208,-0.651304485,0.733213455,0.10436985
1764505213.7950494,-6.958559999999999,1.35814,0.12208,-0.651304485,0.733213455,0.10436985
1764505213.7950494,-6.958559999999999,1.35814,0.12208,-0.651304485,0.733213455,0.10436985
1764505213.7950494,-5.340999999999999,1.05294,0.19838,-0.651426555,0.73083309,0.10522434
1764505213.7950494,-5.340999999999999,1.05294,0.19838,-0.651426555,0.73083309,0.10522434
1764505213.7960515,-5.340999999999999,1.05294,0.19838,-0.651426555,0.73083309,0.10522434
1764505213.7960515,-5.340999999999999,1.05294,0.19838,-0.651426555,0.73083309,0.10522434
1764505213.7960515,-5.340999999999999,1.05294,0.19838,-0.651426555,0.73083309,0.10522434
1764505213.7960515,-5.340999999999999,1.05294,0.19838,-0.651426555,0.73083309,0.10522434
1764505213.7960515,-5.340999999999999,1.05294,0.19838,-0.651426555,0.73083309,0.10522434
1764505213.7960515,-5.340999999999999,1.05294,0.19838,-0.651426555,0.73083309,0.10522434
1764505213.842949,-5.340999999999999,1.05294,0.19838,-0.651426555,0.73083309,0.10522434
1764505213.842949,-5.340999999999999,1.05294,0.19838,-0.651426555,0.73083309,0.10522434
1764505213.8435647,-3.47928,0.3509799999999999,0.18312,-0.651670695,0.729185145,0.106628145
1764505213.8437438,-3.47928,0.3509799999999999,0.18312,-0.651670695,0.729185145,0.106628145
1764505213.8437438,-3.47928,0.3509799999999999,0.18312,-0.651670695,0.729185145,0.106628145
1764505213.8437438,-3.47928,0.3509799999999999,0.18312,-0.651670695,0.729185145,0.106628145
1764505213.8437438,-3.47928,0.3509799999999999,0.18312,-0.651670695,0.729185145,0.106628145
1764505213.8437438,-3.47928,0.3509799999999999,0.18312,-0.651670695,0.729185145,0.106628145
1764505213.8437438,-3.47928,0.3509799999999999,0.18312,-0.651670695,0.729185145,0.106628145
1764505213.8437438,-3.47928,0.3509799999999999,0.18312,-0.651670695,0.729185145,0.106628145
1764505213.8437438,-3.47928,0.3509799999999999,0.18312,-0.651670695,0.729185145,0.106628145
1764505213.8437438,-3.47928,0.3509799999999999,0.18312,-0.651670695,0.729185145,0.106628145
1764505213.844767,-3.90656,1.12924,0.41202,-0.65136552,0.72924618,0.105773655
1764505213.844767,-3.90656,1.12924,0.41202,-0.65136552,0.72924618,0.105773655
1764505213.844767,-3.90656,1.12924,0.41202,-0.65136552,0.72924618,0.105773655
1764505213.844767,-3.90656,1.12924,0.41202,-0.65136552,0.72924618,0.105773655
1764505213.844767,-3.90656,1.12924,0.41202,-0.65136552,0.72924618,0.105773655
1764505213.844767,-3.90656,1.12924,0.41202,-0.65136552,0.72924618,0.105773655
1764505213.844767,-3.90656,1.12924,0.41202,-0.65136552,0.72924618,0.105773655
1764505213.844767,-3.90656,1.12924,0.41202,-0.65136552,0.72924618,0.105773655
1764505213.844767,-3.90656,1.12924,0.41202,-0.65136552,0.72924618,0.105773655
1764505213.844767,-3.90656,1.12924,0.41202,-0.65136552,0.72924618,0.105773655
1764505213.888691,-3.44876,0.8392999999999999,0.19838,-0.650938275,0.730161705,0.106017795
1764505213.888691,-3.44876,0.8392999999999999,0.19838,-0.650938275,0.730161705,0.106017795
1764505213.888691,-3.44876,0.8392999999999999,0.19838,-0.650938275,0.730161705,0.106017795
1764505213.888691,-3.44876,0.8392999999999999,0.19838,-0.650938275,0.730161705,0.106017795
1764505213.888691,-3.44876,0.8392999999999999,0.19838,-0.650938275,0.730161705,0.106017795
1764505213.888691,-3.44876,0.8392999999999999,0.19838,-0.650938275,0.730161705,0.106017795
1764505213.888691,-3.44876,0.8392999999999999,0.19838,-0.650938275,0.730161705,0.106017795
1764505213.888691,-3.44876,0.8392999999999999,0.19838,-0.650938275,0.730161705,0.106017795
1764505213.888691,-3.44876,0.8392999999999999,0.19838,-0.650938275,0.730161705,0.106017795
1764505213.888691,-3.44876,0.8392999999999999,0.19838,-0.650938275,0.730161705,0.106017795
1764505213.888691,-3.5861,0.01526,0.7019599999999999,-0.652525185,0.7319317200000001,0.10644504
1764505213.888691,-3.5861,0.01526,0.7019599999999999,-0.652525185,0.7319317200000001,0.10644504
1764505213.888691,-3.5861,0.01526,0.7019599999999999,-0.652525185,0.7319317200000001,0.10644504
1764505213.888691,-3.5861,0.01526,0.7019599999999999,-0.652525185,0.7319317200000001,0.10644504
1764505213.888691,-3.5861,0.01526,0.7019599999999999,-0.652525185,0.7319317200000001,0.10644504
1764505213.888691,-3.5861,0.01526,0.7019599999999999,-0.652525185,0.7319317200000001,0.10644504
1764505213.888691,-3.5861,0.01526,0.7019599999999999,-0.652525185,0.7319317200000001,0.10644504
1764505213.888691,-3.5861,0.01526,0.7019599999999999,-0.652525185,0.7319317200000001,0.10644504
1764505213.888691,-3.5861,0.01526,0.7019599999999999,-0.652525185,0.7319317200000001,0.10644504
1764505213.888691,-3.5861,0.01526,0.7019599999999999,-0.652525185,0.7319317200000001,0.10644504
1764505213.888691,-3.98286,0.28994,0.8087799999999999,-0.6538679550000001,0.734190015,0.105773655
1764505213.888691,-3.98286,0.28994,0.8087799999999999,-0.6538679550000001,0.734190015,0.105773655
1764505213.9327996,-3.98286,0.28994,0.8087799999999999,-0.6538679550000001,0.734190015,0.105773655
1764505213.9327996,-3.98286,0.28994,0.8087799999999999,-0.6538679550000001,0.734190015,0.105773655
1764505213.9327996,-3.98286,0.28994,0.8087799999999999,-0.6538679550000001,0.734190015,0.105773655
1764505213.9327996,-3.98286,0.28994,0.8087799999999999,-0.6538679550000001,0.734190015,0.105773655
1764505213.9327996,-3.98286,0.28994,0.8087799999999999,-0.6538679550000001,0.734190015,0.105773655
1764505213.9327996,-3.98286,0.28994,0.8087799999999999,-0.6538679550000001,0.734190015,0.105773655
1764505213.9327996,-3.98286,0.28994,0.8087799999999999,-0.6538679550000001,0.734190015,0.105773655
1764505213.9327996,-3.98286,0.28994,0.8087799999999999,-0.6538679550000001,0.734190015,0.105773655
1764505213.9327996,-6.653359999999999,0.51884,-0.39676,-0.6533186400000001,0.73644831,0.1062009
1764505213.9327996,-6.653359999999999,0.51884,-0.39676,-0.6533186400000001,0.73644831,0.1062009
1764505213.9327996,-6.653359999999999,0.51884,-0.39676,-0.6533186400000001,0.73644831,0.1062009
1764505213.9327996,-6.653359999999999,0.51884,-0.39676,-0.6533186400000001,0.73644831,0.1062009
1764505213.9327996,-6.653359999999999,0.51884,-0.39676,-0.6533186400000001,0.73644831,0.1062009
1764505213.9327996,-6.653359999999999,0.51884,-0.39676,-0.6533186400000001,0.73644831,0.1062009
1764505213.9327996,-6.653359999999999,0.51884,-0.39676,-0.6533186400000001,0.73644831,0.1062009
1764505213.9327996,-6.653359999999999,0.51884,-0.39676,-0.6533186400000001,0.73644831,0.1062009
1764505213.9327996,-6.653359999999999,0.51884,-0.39676,-0.6533186400000001,0.73644831,0.1062009
1764505213.9327996,-6.653359999999999,0.51884,-0.39676,-0.6533186400000001,0.73644831,0.1062009
1764505213.9327996,-8.28618,1.81594,-1.0682,-0.6533186400000001,0.736265205,0.106628145
1764505213.9327996,-8.28618,1.81594,-1.0682,-0.6533186400000001,0.736265205,0.106628145
1764505213.9327996,-8.28618,1.81594,-1.0682,-0.6533186400000001,0.736265205,0.106628145
1764505213.9327996,-8.28618,1.81594,-1.0682,-0.6533186400000001,0.736265205,0.106628145
1764505213.9327996,-8.28618,1.81594,-1.0682,-0.6533186400000001,0.736265205,0.106628145
1764505213.9327996,-8.28618,1.81594,-1.0682,-0.6533186400000001,0.736265205,0.106628145
1764505213.9779727,-8.28618,1.81594,-1.0682,-0.6533186400000001,0.736265205,0.106628145
1764505213.9779727,-8.28618,1.81594,-1.0682,-0.6533186400000001,0.736265205,0.106628145
1764505213.97901,-8.28618,1.81594,-1.0682,-0.6533186400000001,0.736265205,0.106628145
1764505213.97901,-8.28618,1.81594,-1.0682,-0.6533186400000001,0.736265205,0.106628145
1764505213.97901,-8.942359999999999,1.4039199999999998,-0.36624,-0.6533186400000001,0.736021065,0.105773655
1764505213.97901,-8.942359999999999,1.4039199999999998,-0.36624,-0.6533186400000001,0.736021065,0.105773655
1764505213.97901,-8.942359999999999,1.4039199999999998,-0.36624,-0.6533186400000001,0.736021065,0.105773655
1764505213.97901,-8.942359999999999,1.4039199999999998,-0.36624,-0.6533186400000001,0.736021065,0.105773655
1764505213.97901,-8.942359999999999,1.4039199999999998,-0.36624,-0.6533186400000001,0.736021065,0.105773655
1764505213.97901,-8.942359999999999,1.4039199999999998,-0.36624,-0.6533186400000001,0.736021065,0.105773655
1764505213.97901,-8.942359999999999,1.4039199999999998,-0.36624,-0.6533186400000001,0.736021065,0.105773655
1764505213.97901,-8.942359999999999,1.4039199999999998,-0.36624,-0.6533186400000001,0.736021065,0.105773655
1764505213.97901,-8.942359999999999,1.4039199999999998,-0.36624,-0.6533186400000001,0.736021065,0.105773655
1764505213.97901,-8.942359999999999,1.4039199999999998,-0.36624,-0.6533186400000001,0.736021065,0.105773655
1764505213.97901,-12.68106,0.01526,0.13734,-0.6522810450000001,0.73962213,0.10546848
1764505213.97901,-12.68106,0.01526,0.13734,-0.6522810450000001,0.73962213,0.10546848
1764505213.980517,-12.68106,0.01526,0.13734,-0.6522810450000001,0.73962213,0.10546848
1764505213.980517,-12.68106,0.01526,0.13734,-0.6522810450000001,0.73962213,0.10546848
1764505213.980517,-12.68106,0.01526,0.13734,-0.6522810450000001,0.73962213,0.10546848
1764505213.980517,-12.68106,0.01526,0.13734,-0.6522810450000001,0.73962213,0.10546848
1764505213.980517,-12.68106,0.01526,0.13734,-0.6522810450000001,0.73962213,0.10546848
1764505213.980517,-12.68106,0.01526,0.13734,-0.6522810450000001,0.73962213,0.10546848
1764505213.980517,-12.68106,0.01526,0.13734,-0.6522810450000001,0.73962213,0.10546848
1764505213.980517,-12.68106,0.01526,0.13734,-0.6522810450000001,0.73962213,0.10546848
1764505214.0289965,-10.11738,-6.5618,0.6103999999999999,-0.6530745,0.74413872,0.111633015
1764505214.0289965,-10.11738,-6.5618,0.6103999999999999,-0.6530745,0.74413872,0.111633015
1764505214.0289965,-10.11738,-6.5618,0.6103999999999999,-0.6530745,0.74413872,0.111633015
1764505214.03002,-10.11738,-6.5618,0.6103999999999999,-0.6530745,0.74413872,0.111633015
1764505214.03002,-10.11738,-6.5618,0.6103999999999999,-0.6530745,0.74413872,0.111633015
1764505214.03002,-10.11738,-6.5618,0.6103999999999999,-0.6530745,0.74413872,0.111633015
1764505214.03002,-10.11738,-6.5618,0.6103999999999999,-0.6530745,0.74413872,0.111633015
1764505214.03002,-10.11738,-6.5618,0.6103999999999999,-0.6530745,0.74413872,0.111633015
1764505214.0309992,-10.11738,-6.5618,0.6103999999999999,-0.6530745,0.74413872,0.111633015
1764505214.0309992,-10.11738,-6.5618,0.6103999999999999,-0.6530745,0.74413872,0.111633015
1764505214.031439,-2.33478,-17.762639999999998,0.50358,-0.6580183350000001,0.746152875,0.12805143
1764505214.032019,-2.33478,-17.762639999999998,0.50358,-0.6580183350000001,0.746152875,0.12805143
1764505214.032332,-2.33478,-17.762639999999998,0.50358,-0.6580183350000001,0.746152875,0.12805143
1764505214.032332,-2.33478,-17.762639999999998,0.50358,-0.6580183350000001,0.746152875,0.12805143
1764505214.032332,-2.33478,-17.762639999999998,0.50358,-0.6580183350000001,0.746152875,0.12805143
1764505214.0328395,-2.33478,-17.762639999999998,0.50358,-0.6580183350000001,0.746152875,0.12805143
1764505214.0328395,-2.33478,-17.762639999999998,0.50358,-0.6580183350000001,0.746152875,0.12805143
1764505214.0338476,-2.33478,-17.762639999999998,0.50358,-0.6580183350000001,0.746152875,0.12805143
1764505214.0338476,-2.33478,-17.762639999999998,0.50358,-0.6580183350000001,0.746152875,0.12805143
1764505214.0338476,-2.33478,-17.762639999999998,0.50358,-0.6580183350000001,0.746152875,0.12805143
1764505214.0338476,-9.18652,-17.73212,-0.9919,-0.654112095,0.7466411550000001,0.133361475
1764505214.0338476,-9.18652,-17.73212,-0.9919,-0.654112095,0.7466411550000001,0.133361475
1764505214.0348468,-9.18652,-17.73212,-0.9919,-0.654112095,0.7466411550000001,0.133361475
1764505214.0348468,-9.18652,-17.73212,-0.9919,-0.654112095,0.7466411550000001,0.133361475
1764505214.076197,-9.18652,-17.73212,-0.9919,-0.654112095,0.7466411550000001,0.133361475
1764505214.076197,-9.18652,-17.73212,-0.9919,-0.654112095,0.7466411550000001,0.133361475
1764505214.076197,-9.18652,-17.73212,-0.9919,-0.654112095,0.7466411550000001,0.133361475
1764505214.076197,-9.18652,-17.73212,-0.9919,-0.654112095,0.7466411550000001,0.133361475
1764505214.076197,-9.18652,-17.73212,-0.9919,-0.654112095,0.7466411550000001,0.133361475
1764505214.076197,-9.18652,-17.73212,-0.9919,-0.654112095,0.7466411550000001,0.133361475
1764505214.076197,-26.43032,-17.04542,-3.5098,-0.6494124,0.75549123,0.128844885
1764505214.0772235,-26.43032,-17.04542,-3.5098,-0.6494124,0.75549123,0.128844885
1764505214.0772235,-26.43032,-17.04542,-3.5098,-0.6494124,0.75549123,0.128844885
1764505214.0772235,-26.43032,-17.04542,-3.5098,-0.6494124,0.75549123,0.128844885
1764505214.0772235,-26.43032,-17.04542,-3.5098,-0.6494124,0.75549123,0.128844885
1764505214.0772235,-26.43032,-17.04542,-3.5098,-0.6494124,0.75549123,0.128844885
1764505214.0772235,-26.43032,-17.04542,-3.5098,-0.6494124,0.75549123,0.128844885
1764505214.0772235,-26.43032,-17.04542,-3.5098,-0.6494124,0.75549123,0.128844885
1764505214.0772235,-26.43032,-17.04542,-3.5098,-0.6494124,0.75549123,0.128844885
1764505214.0772235,-26.43032,-17.04542,-3.5098,-0.6494124,0.75549123,0.128844885
1764505214.0772235,-31.17618,-19.88378,-0.82404,-0.65099931,0.76147266,0.128356605
1764505214.0772235,-31.17618,-19.88378,-0.82404,-0.65099931,0.76147266,0.128356605
1764505214.0772235,-31.17618,-19.88378,-0.82404,-0.65099931,0.76147266,0.128356605
1764505214.0772235,-31.17618,-19.88378,-0.82404,-0.65099931,0.76147266,0.128356605
1764505214.0772235,-31.17618,-19.88378,-0.82404,-0.65099931,0.76147266,0.128356605
1764505214.0772235,-31.17618,-19.88378,-0.82404,-0.65099931,0.76147266,0.128356605
1764505214.0777502,-31.17618,-19.88378,-0.82404,-0.65099931,0.76147266,0.128356605
1764505214.0777502,-31.17618,-19.88378,-0.82404,-0.65099931,0.76147266,0.128356605
1764505214.1230364,-31.17618,-19.88378,-0.82404,-0.65099931,0.76147266,0.128356605
1764505214.1240466,-31.17618,-19.88378,-0.82404,-0.65099931,0.76147266,0.128356605
1764505214.1240466,-39.99646,-12.46742,-0.54936,-0.64391925,0.76196094,0.1196286
1764505214.1240466,-39.99646,-12.46742,-0.54936,-0.64391925,0.76196094,0.1196286
1764505214.1240466,-39.99646,-12.46742,-0.54936,-0.64391925,0.76196094,0.1196286
1764505214.1240466,-39.99646,-12.46742,-0.54936,-0.64391925,0.76196094,0.1196286
1764505214.1240466,-39.99646,-12.46742,-0.54936,-0.64391925,0.76196094,0.1196286
1764505214.1240466,-39.99646,-12.46742,-0.54936,-0.64391925,0.76196094,0.1196286
1764505214.1240466,-39.99646,-12.46742,-0.54936,-0.64391925,0.76196094,0.1196286
1764505214.1240466,-39.99646,-12.46742,-0.54936,-0.64391925,0.76196094,0.1196286
1764505214.1240466,-39.99646,-12.46742,-0.54936,-0.64391925,0.76196094,0.1196286
1764505214.1240466,-39.99646,-12.46742,-0.54936,-0.64391925,0.76196094,0.1196286
1764505214.1240466,-38.24156,-5.24944,-0.56462,-0.641050605,0.743833545,0.11633271
1764505214.1240466,-38.24156,-5.24944,-0.56462,-0.641050605,0.743833545,0.11633271
1764505214.1240466,-38.24156,-5.24944,-0.56462,-0.641050605,0.743833545,0.11633271
1764505214.1240466,-38.24156,-5.24944,-0.56462,-0.641050605,0.743833545,0.11633271
1764505214.1240466,-38.24156,-5.24944,-0.56462,-0.641050605,0.743833545,0.11633271
1764505214.1240466,-38.24156,-5.24944,-0.56462,-0.641050605,0.743833545,0.11633271
1764505214.1240466,-38.24156,-5.24944,-0.56462,-0.641050605,0.743833545,0.11633271
1764505214.1240466,-38.24156,-5.24944,-0.56462,-0.641050605,0.743833545,0.11633271
1764505214.1240466,-38.24156,-5.24944,-0.56462,-0.641050605,0.743833545,0.11633271
1764505214.1240466,-38.24156,-5.24944,-0.56462,-0.641050605,0.743833545,0.11633271
1764505214.1240466,-23.8056,-3.83026,-3.75396,-0.653623815,0.70702944,0.11865204
1764505214.1240466,-23.8056,-3.83026,-3.75396,-0.653623815,0.70702944,0.11865204
1764505214.1681943,-23.8056,-3.83026,-3.75396,-0.653623815,0.70702944,0.11865204
1764505214.1681943,-23.8056,-3.83026,-3.75396,-0.653623815,0.70702944,0.11865204
1764505214.1681943,-23.8056,-3.83026,-3.75396,-0.653623815,0.70702944,0.11865204
1764505214.1681943,-23.8056,-3.83026,-3.75396,-0.653623815,0.70702944,0.11865204
1764505214.1681943,-23.8056,-3.83026,-3.75396,-0.653623815,0.70702944,0.11865204
1764505214.1681943,-23.8056,-3.83026,-3.75396,-0.653623815,0.70702944,0.11865204
1764505214.1681943,-23.8056,-3.83026,-3.75396,-0.653623815,0.70702944,0.11865204
1764505214.1681943,-23.8056,-3.83026,-3.75396,-0.653623815,0.70702944,0.11865204
1764505214.1681943,10.1479,-7.4011,-7.645259999999999,-0.676206765,0.656187285,0.13586391
1764505214.1681943,10.1479,-7.4011,-7.645259999999999,-0.676206765,0.656187285,0.13586391
1764505214.1681943,10.1479,-7.4011,-7.645259999999999,-0.676206765,0.656187285,0.13586391
1764505214.1681943,10.1479,-7.4011,-7.645259999999999,-0.676206765,0.656187285,0.13586391
1764505214.169451,10.1479,-7.4011,-7.645259999999999,-0.676206765,0.656187285,0.13586391
1764505214.169451,10.1479,-7.4011,-7.645259999999999,-0.676206765,0.656187285,0.13586391
1764505214.169451,10.1479,-7.4011,-7.645259999999999,-0.676206765,0.656187285,0.13586391
1764505214.169451,10.1479,-7.4011,-7.645259999999999,-0.676206765,0.656187285,0.13586391
1764505214.169451,10.1479,-7.4011,-7.645259999999999,-0.676206765,0.656187285,0.13586391
1764505214.169451,10.1479,-7.4011,-7.645259999999999,-0.676206765,0.656187285,0.13586391
1764505214.169451,28.78036,-11.53656,-20.70782,-0.702695955,0.60644376,0.14941368
1764505214.169451,28.78036,-11.53656,-20.70782,-0.702695955,0.60644376,0.14941368
1764505214.169451,28.78036,-11.53656,-20.70782,-0.702695955,0.60644376,0.14941368
1764505214.169451,28.78036,-11.53656,-20.70782,-0.702695955,0.60644376,0.14941368
1764505214.2137558,28.78036,-11.53656,-20.70782,-0.702695955,0.60644376,0.14941368
1764505214.2137558,28.78036,-11.53656,-20.70782,-0.702695955,0.60644376,0.14941368
1764505214.2137558,28.78036,-11.53656,-20.70782,-0.702695955,0.60644376,0.14941368
1764505214.2137558,28.78036,-11.53656,-20.70782,-0.702695955,0.60644376,0.14941368
1764505214.2137558,28.78036,-11.53656,-20.70782,-0.702695955,0.60644376,0.14941368
1764505214.2137558,28.78036,-11.53656,-20.70782,-0.702695955,0.60644376,0.14941368
1764505214.2137558,40.39322,-13.91712,-35.69314,-0.71142396,0.582090795,0.152038185
1764505214.2137558,40.39322,-13.91712,-35.69314,-0.71142396,0.582090795,0.152038185
1764505214.2137558,40.39322,-13.91712,-35.69314,-0.71142396,0.582090795,0.152038185
1764505214.2137558,40.39322,-13.91712,-35.69314,-0.71142396,0.582090795,0.152038185
1764505214.2137558,40.39322,-13.91712,-35.69314,-0.71142396,0.582090795,0.152038185
1764505214.2137558,40.39322,-13.91712,-35.69314,-0.71142396,0.582090795,0.152038185
1764505214.2137558,40.39322,-13.91712,-35.69314,-0.71142396,0.582090795,0.152038185
1764505214.2137558,40.39322,-13.91712,-35.69314,-0.71142396,0.582090795,0.152038185
1764505214.2137558,40.39322,-13.91712,-35.69314,-0.71142396,0.582090795,0.152038185
1764505214.2137558,40.39322,-13.91712,-35.69314,-0.71142396,0.582090795,0.152038185
1764505214.2137558,32.44276,-7.84364,-38.56202,-0.70287906,0.595762635,0.143005005
1764505214.2137558,32.44276,-7.84364,-38.56202,-0.70287906,0.595762635,0.143005005
1764505214.215297,32.44276,-7.84364,-38.56202,-0.70287906,0.595762635,0.143005005
1764505214.215297,32.44276,-7.84364,-38.56202,-0.70287906,0.595762635,0.143005005
1764505214.2158403,32.44276,-7.84364,-38.56202,-0.70287906,0.595762635,0.143005005
1764505214.2158403,32.44276,-7.84364,-38.56202,-0.70287906,0.595762635,0.143005005
1764505214.2603087,32.44276,-7.84364,-38.56202,-0.70287906,0.595762635,0.143005005
1764505214.2603087,32.44276,-7.84364,-38.56202,-0.70287906,0.595762635,0.143005005
1764505214.2603087,32.44276,-7.84364,-38.56202,-0.70287906,0.595762635,0.143005005
1764505214.2603087,32.44276,-7.84364,-38.56202,-0.70287906,0.595762635,0.143005005
1764505214.2603087,23.02734,-4.89846,-26.06408,-0.68945136,0.642759585,0.128966955
1764505214.2603087,23.02734,-4.89846,-26.06408,-0.68945136,0.642759585,0.128966955
1764505214.2603087,23.02734,-4.89846,-26.06408,-0.68945136,0.642759585,0.128966955
1764505214.2603087,23.02734,-4.89846,-26.06408,-0.68945136,0.642759585,0.128966955
1764505214.2613332,23.02734,-4.89846,-26.06408,-0.68945136,0.642759585,0.128966955
1764505214.2613332,23.02734,-4.89846,-26.06408,-0.68945136,0.642759585,0.128966955
1764505214.2613332,23.02734,-4.89846,-26.06408,-0.68945136,0.642759585,0.128966955
1764505214.2613332,23.02734,-4.89846,-26.06408,-0.68945136,0.642759585,0.128966955
1764505214.2613332,23.02734,-4.89846,-26.06408,-0.68945136,0.642759585,0.128966955
1764505214.2613332,23.02734,-4.89846,-26.06408,-0.68945136,0.642759585,0.128966955
1764505214.2613332,20.2958,-10.7583,-8.118319999999999,-0.679258515,0.6962872800000001,0.12133758
1764505214.2613332,20.2958,-10.7583,-8.118319999999999,-0.679258515,0.6962872800000001,0.12133758
1764505214.2613332,20.2958,-10.7583,-8.118319999999999,-0.679258515,0.6962872800000001,0.12133758
1764505214.2613332,20.2958,-10.7583,-8.118319999999999,-0.679258515,0.6962872800000001,0.12133758
1764505214.2613332,20.2958,-10.7583,-8.118319999999999,-0.679258515,0.6962872800000001,0.12133758
1764505214.2613332,20.2958,-10.7583,-8.118319999999999,-0.679258515,0.6962872800000001,0.12133758
1764505214.2613332,20.2958,-10.7583,-8.118319999999999,-0.679258515,0.6962872800000001,0.12133758
1764505214.263445,20.2958,-10.7583,-8.118319999999999,-0.679258515,0.6962872800000001,0.12133758
1764505214.263445,20.2958,-10.7583,-8.118319999999999,-0.679258515,0.6962872800000001,0.12133758
1764505214.263445,20.2958,-10.7583,-8.118319999999999,-0.679258515,0.6962872800000001,0.12133758
1764505214.3071673,25.66732,-19.19708,5.60042,-0.671201895,0.73998834,0.12609831
1764505214.3071673,25.66732,-19.19708,5.60042,-0.671201895,0.73998834,0.12609831
1764505214.3071673,25.66732,-19.19708,5.60042,-0.671201895,0.73998834,0.12609831
1764505214.3071673,25.66732,-19.19708,5.60042,-0.671201895,0.73998834,0.12609831
1764505214.3071673,25.66732,-19.19708,5.60042,-0.671201895,0.73998834,0.12609831
1764505214.3071673,25.66732,-19.19708,5.60042,-0.671201895,0.73998834,0.12609831
1764505214.3071673,25.66732,-19.19708,5.60042,-0.671201895,0.73998834,0.12609831
1764505214.3071673,25.66732,-19.19708,5.60042,-0.671201895,0.73998834,0.12609831
1764505214.3091795,25.66732,-19.19708,5.60042,-0.671201895,0.73998834,0.12609831
1764505214.3091795,25.66732,-19.19708,5.60042,-0.671201895,0.73998834,0.12609831
1764505214.3091795,30.18428,-27.36118,12.8184,-0.665586675,0.7702617,0.138976695
1764505214.3102078,30.18428,-27.36118,12.8184,-0.665586675,0.7702617,0.138976695
1764505214.3102078,30.18428,-27.36118,12.8184,-0.665586675,0.7702617,0.138976695
1764505214.3102078,30.18428,-27.36118,12.8184,-0.665586675,0.7702617,0.138976695
1764505214.3102078,30.18428,-27.36118,12.8184,-0.665586675,0.7702617,0.138976695
1764505214.3102078,30.18428,-27.36118,12.8184,-0.665586675,0.7702617,0.138976695
1764505214.3102078,30.18428,-27.36118,12.8184,-0.665586675,0.7702617,0.138976695
1764505214.3111873,30.18428,-27.36118,12.8184,-0.665586675,0.7702617,0.138976695
1764505214.3111873,30.18428,-27.36118,12.8184,-0.665586675,0.7702617,0.138976695
1764505214.3111873,30.18428,-27.36118,12.8184,-0.665586675,0.7702617,0.138976695
1764505214.3111873,24.70594,-27.57482,17.12172,-0.661924575,0.786924255,0.14453088
1764505214.3111873,24.70594,-27.57482,17.12172,-0.661924575,0.786924255,0.14453088
1764505214.3111873,24.70594,-27.57482,17.12172,-0.661924575,0.786924255,0.14453088
1764505214.3111873,24.70594,-27.57482,17.12172,-0.661924575,0.786924255,0.14453088
1764505214.3563502,24.70594,-27.57482,17.12172,-0.661924575,0.786924255,0.14453088
1764505214.3563502,24.70594,-27.57482,17.12172,-0.661924575,0.786924255,0.14453088
1764505214.3563502,24.70594,-27.57482,17.12172,-0.661924575,0.786924255,0.14453088
1764505214.3563502,24.70594,-27.57482,17.12172,-0.661924575,0.786924255,0.14453088
1764505214.3563502,24.70594,-27.57482,17.12172,-0.661924575,0.786924255,0.14453088
1764505214.3563502,24.70594,-27.57482,17.12172,-0.661924575,0.786924255,0.14453088
1764505214.3563502,12.4369,-24.44652,18.93766,-0.660459735,0.792905685,0.14514123
1764505214.3563502,12.4369,-24.44652,18.93766,-0.660459735,0.792905685,0.14514123
1764505214.3563502,12.4369,-24.44652,18.93766,-0.660459735,0.792905685,0.14514123
1764505214.3563502,12.4369,-24.44652,18.93766,-0.660459735,0.792905685,0.14514123
1764505214.3568594,12.4369,-24.44652,18.93766,-0.660459735,0.792905685,0.14514123
1764505214.3568594,12.4369,-24.44652,18.93766,-0.660459735,0.792905685,0.14514123
1764505214.3568594,12.4369,-24.44652,18.93766,-0.660459735,0.792905685,0.14514123
1764505214.3568594,12.4369,-24.44652,18.93766,-0.660459735,0.792905685,0.14514123
1764505214.3568594,12.4369,-24.44652,18.93766,-0.660459735,0.792905685,0.14514123
1764505214.3568594,12.4369,-24.44652,18.93766,-0.660459735,0.792905685,0.14514123
1764505214.3568594,-0.7019599999999999,-21.98966,20.70782,-0.658994895,0.794736735,0.14184534
1764505214.3568594,-0.7019599999999999,-21.98966,20.70782,-0.658994895,0.794736735,0.14184534
1764505214.3568594,-0.7019599999999999,-21.98966,20.70782,-0.658994895,0.794736735,0.14184534
1764505214.3568594,-0.7019599999999999,-21.98966,20.70782,-0.658994895,0.794736735,0.14184534
1764505214.3568594,-0.7019599999999999,-21.98966,20.70782,-0.658994895,0.794736735,0.14184534
1764505214.3568594,-0.7019599999999999,-21.98966,20.70782,-0.658994895,0.794736735,0.14184534
1764505214.3568594,-0.7019599999999999,-21.98966,20.70782,-0.658994895,0.794736735,0.14184534
1764505214.3568594,-0.7019599999999999,-21.98966,20.70782,-0.658994895,0.794736735,0.14184534
1764505214.403788,-0.7019599999999999,-21.98966,20.70782,-0.658994895,0.794736735,0.14184534
1764505214.403788,-0.7019599999999999,-21.98966,20.70782,-0.658994895,0.794736735,0.14184534
1764505214.403788,-12.37586,-16.358719999999998,23.16468,-0.652525185,0.798032625,0.13684047
1764505214.403788,-12.37586,-16.358719999999998,23.16468,-0.652525185,0.798032625,0.13684047
1764505214.403788,-12.37586,-16.358719999999998,23.16468,-0.652525185,0.798032625,0.13684047
1764505214.403788,-12.37586,-16.358719999999998,23.16468,-0.652525185,0.798032625,0.13684047
1764505214.403788,-12.37586,-16.358719999999998,23.16468,-0.652525185,0.798032625,0.13684047
1764505214.403788,-12.37586,-16.358719999999998,23.16468,-0.652525185,0.798032625,0.13684047
1764505214.403788,-12.37586,-16.358719999999998,23.16468,-0.652525185,0.798032625,0.13684047
1764505214.403788,-12.37586,-16.358719999999998,23.16468,-0.652525185,0.798032625,0.13684047
1764505214.403788,-12.37586,-16.358719999999998,23.16468,-0.652525185,0.798032625,0.13684047
1764505214.403788,-12.37586,-16.358719999999998,23.16468,-0.652525185,0.798032625,0.13684047
1764505214.403788,-22.38642,-13.734,26.73552,-0.64404132,0.80407509,0.13281216
1764505214.403788,-22.38642,-13.734,26.73552,-0.64404132,0.80407509,0.13281216
1764505214.403788,-22.38642,-13.734,26.73552,-0.64404132,0.80407509,0.13281216
1764505214.403788,-22.38642,-13.734,26.73552,-0.64404132,0.80407509,0.13281216
1764505214.403788,-22.38642,-13.734,26.73552,-0.64404132,0.80407509,0.13281216
1764505214.403788,-22.38642,-13.734,26.73552,-0.64404132,0.80407509,0.13281216
1764505214.403788,-22.38642,-13.734,26.73552,-0.64404132,0.80407509,0.13281216
1764505214.403788,-22.38642,-13.734,26.73552,-0.64404132,0.80407509,0.13281216
1764505214.403788,-22.38642,-13.734,26.73552,-0.64404132,0.80407509,0.13281216
1764505214.403788,-22.38642,-13.734,26.73552,-0.64404132,0.80407509,0.13281216
1764505214.403788,-27.89528,-14.22232,31.2067,-0.635435385,0.80273232,0.136047015
1764505214.403788,-27.89528,-14.22232,31.2067,-0.635435385,0.80273232,0.136047015
1764505214.4483871,-27.89528,-14.22232,31.2067,-0.635435385,0.80273232,0.136047015
1764505214.4483871,-27.89528,-14.22232,31.2067,-0.635435385,0.80273232,0.136047015
1764505214.4483871,-27.89528,-14.22232,31.2067,-0.635435385,0.80273232,0.136047015
1764505214.4483871,-27.89528,-14.22232,31.2067,-0.635435385,0.80273232,0.136047015
1764505214.4493992,-27.89528,-14.22232,31.2067,-0.635435385,0.80273232,0.136047015
1764505214.4504,-27.89528,-14.22232,31.2067,-0.635435385,0.80273232,0.136047015
1764505214.4504,-27.89528,-14.22232,31.2067,-0.635435385,0.80273232,0.136047015
1764505214.4504,-27.89528,-14.22232,31.2067,-0.635435385,0.80273232,0.136047015
1764505214.4504,-31.02358,-10.94142,36.34932,-0.628721535,0.7897929,0.13623012
1764505214.4514043,-31.02358,-10.94142,36.34932,-0.628721535,0.7897929,0.13623012
1764505214.4514043,-31.02358,-10.94142,36.34932,-0.628721535,0.7897929,0.13623012
1764505214.452402,-31.02358,-10.94142,36.34932,-0.628721535,0.7897929,0.13623012
1764505214.452402,-31.02358,-10.94142,36.34932,-0.628721535,0.7897929,0.13623012
1764505214.452865,-31.02358,-10.94142,36.34932,-0.628721535,0.7897929,0.13623012
1764505214.452865,-31.02358,-10.94142,36.34932,-0.628721535,0.7897929,0.13623012
1764505214.4533987,-31.02358,-10.94142,36.34932,-0.628721535,0.7897929,0.13623012
1764505214.4533987,-31.02358,-10.94142,36.34932,-0.628721535,0.7897929,0.13623012
1764505214.4533987,-31.02358,-10.94142,36.34932,-0.628721535,0.7897929,0.13623012
1764505214.4533987,-26.64396,-9.2323,42.33124,-0.628233255,0.767026845,0.13293423
1764505214.4533987,-26.64396,-9.2323,42.33124,-0.628233255,0.767026845,0.13293423
1764505214.4533987,-26.64396,-9.2323,42.33124,-0.628233255,0.767026845,0.13293423
1764505214.4533987,-26.64396,-9.2323,42.33124,-0.628233255,0.767026845,0.13293423
1764505214.4533987,-26.64396,-9.2323,42.33124,-0.628233255,0.767026845,0.13293423
1764505214.4533987,-26.64396,-9.2323,42.33124,-0.628233255,0.767026845,0.13293423
1764505214.497224,-26.64396,-9.2323,42.33124,-0.628233255,0.767026845,0.13293423
1764505214.497224,-26.64396,-9.2323,42.33124,-0.628233255,0.767026845,0.13293423
1764505214.497224,-26.64396,-9.2323,42.33124,-0.628233255,0.767026845,0.13293423
1764505214.497224,-26.64396,-9.2323,42.33124,-0.628233255,0.767026845,0.13293423
1764505214.497224,-20.17372,-13.03204,43.82672,-0.62927085,0.746274945,0.12988248
1764505214.497224,-20.17372,-13.03204,43.82672,-0.62927085,0.746274945,0.12988248
1764505214.497224,-20.17372,-13.03204,43.82672,-0.62927085,0.746274945,0.12988248
1764505214.497224,-20.17372,-13.03204,43.82672,-0.62927085,0.746274945,0.12988248
1764505214.497224,-20.17372,-13.03204,43.82672,-0.62927085,0.746274945,0.12988248
1764505214.497224,-20.17372,-13.03204,43.82672,-0.62927085,0.746274945,0.12988248
1764505214.497224,-20.17372,-13.03204,43.82672,-0.62927085,0.746274945,0.12988248
1764505214.497224,-20.17372,-13.03204,43.82672,-0.62927085,0.746274945,0.12988248
1764505214.497224,-20.17372,-13.03204,43.82672,-0.62927085,0.746274945,0.12988248
1764505214.497224,-20.17372,-13.03204,43.82672,-0.62927085,0.746274945,0.12988248
1764505214.497224,-14.63434,-15.62624,42.91112,-0.630918795,0.73779108,0.12780729
1764505214.497224,-14.63434,-15.62624,42.91112,-0.630918795,0.73779108,0.12780729
1764505214.497224,-14.63434,-15.62624,42.91112,-0.630918795,0.73779108,0.12780729
1764505214.497224,-14.63434,-15.62624,42.91112,-0.630918795,0.73779108,0.12780729
1764505214.497224,-14.63434,-15.62624,42.91112,-0.630918795,0.73779108,0.12780729
1764505214.497224,-14.63434,-15.62624,42.91112,-0.630918795,0.73779108,0.12780729
1764505214.497224,-14.63434,-15.62624,42.91112,-0.630918795,0.73779108,0.12780729
1764505214.497224,-14.63434,-15.62624,42.91112,-0.630918795,0.73779108,0.12780729
1764505214.5451894,-14.63434,-15.62624,42.91112,-0.630918795,0.73779108,0.12780729
1764505214.5451894,-14.63434,-15.62624,42.91112,-0.630918795,0.73779108,0.12780729
1764505214.5451894,-8.42352,-16.57236,40.78998,-0.627867045,0.74023248,0.13244595
1764505214.5451894,-8.42352,-16.57236,40.78998,-0.627867045,0.74023248,0.13244595
1764505214.5451894,-8.42352,-16.57236,40.78998,-0.627867045,0.74023248,0.13244595
1764505214.5462022,-8.42352,-16.57236,40.78998,-0.627867045,0.74023248,0.13244595
1764505214.5462022,-8.42352,-16.57236,40.78998,-0.627867045,0.74023248,0.13244595
1764505214.5462022,-8.42352,-16.57236,40.78998,-0.627867045,0.74023248,0.13244595
1764505214.5462022,-8.42352,-16.57236,40.78998,-0.627867045,0.74023248,0.13244595
1764505214.5462022,-8.42352,-16.57236,40.78998,-0.627867045,0.74023248,0.13244595
1764505214.5462022,-8.42352,-16.57236,40.78998,-0.627867045,0.74023248,0.13244595
1764505214.5462022,-8.42352,-16.57236,40.78998,-0.627867045,0.74023248,0.13244595
1764505214.5462022,-2.41108,-20.2195,38.02792,-0.62853843,0.7387676400000001,0.145080195
1764505214.5462022,-2.41108,-20.2195,38.02792,-0.62853843,0.7387676400000001,0.145080195
1764505214.5462022,-2.41108,-20.2195,38.02792,-0.62853843,0.7387676400000001,0.145080195
1764505214.5462022,-2.41108,-20.2195,38.02792,-0.62853843,0.7387676400000001,0.145080195
1764505214.5462022,-2.41108,-20.2195,38.02792,-0.62853843,0.7387676400000001,0.145080195
1764505214.5462022,-2.41108,-20.2195,38.02792,-0.62853843,0.7387676400000001,0.145080195
1764505214.5462022,-2.41108,-20.2195,38.02792,-0.62853843,0.7387676400000001,0.145080195
1764505214.5462022,-2.41108,-20.2195,38.02792,-0.62853843,0.7387676400000001,0.145080195
1764505214.5462022,-2.41108,-20.2195,38.02792,-0.62853843,0.7387676400000001,0.145080195
1764505214.5462022,-2.41108,-20.2195,38.02792,-0.62853843,0.7387676400000001,0.145080195
1764505214.5462022,2.91466,-25.95726,32.79374,-0.63085776,0.73242,0.15551718
1764505214.5462022,2.91466,-25.95726,32.79374,-0.63085776,0.73242,0.15551718
1764505214.5914135,2.91466,-25.95726,32.79374,-0.63085776,0.73242,0.15551718
1764505214.5914135,2.91466,-25.95726,32.79374,-0.63085776,0.73242,0.15551718
1764505214.5914135,2.91466,-25.95726,32.79374,-0.63085776,0.73242,0.15551718
1764505214.5914135,2.91466,-25.95726,32.79374,-0.63085776,0.73242,0.15551718
1764505214.5914135,2.91466,-25.95726,32.79374,-0.63085776,0.73242,0.15551718
1764505214.5914135,2.91466,-25.95726,32.79374,-0.63085776,0.73242,0.15551718
1764505214.5914135,2.91466,-25.95726,32.79374,-0.63085776,0.73242,0.15551718
1764505214.5914135,2.91466,-25.95726,32.79374,-0.63085776,0.73242,0.15551718
1764505214.5914135,-0.12208,-24.43126,27.40696,-0.6245101200000001,0.731626545,0.15490683
1764505214.593197,-0.12208,-24.43126,27.40696,-0.6245101200000001,0.731626545,0.15490683
1764505214.593197,-0.12208,-24.43126,27.40696,-0.6245101200000001,0.731626545,0.15490683
1764505214.593197,-0.12208,-24.43126,27.40696,-0.6245101200000001,0.731626545,0.15490683
1764505214.593197,-0.12208,-24.43126,27.40696,-0.6245101200000001,0.731626545,0.15490683
1764505214.593197,-0.12208,-24.43126,27.40696,-0.6245101200000001,0.731626545,0.15490683
1764505214.593197,-0.12208,-24.43126,27.40696,-0.6245101200000001,0.731626545,0.15490683
1764505214.593197,-0.12208,-24.43126,27.40696,-0.6245101200000001,0.731626545,0.15490683
1764505214.593197,-0.12208,-24.43126,27.40696,-0.6245101200000001,0.731626545,0.15490683
1764505214.593197,-0.12208,-24.43126,27.40696,-0.6245101200000001,0.731626545,0.15490683
1764505214.593197,-3.7387,-21.50134,22.8137,-0.616514535,0.734922435,0.15576132
1764505214.593197,-3.7387,-21.50134,22.8137,-0.616514535,0.734922435,0.15576132
1764505214.5947452,-3.7387,-21.50134,22.8137,-0.616514535,0.734922435,0.15576132
1764505214.5947452,-3.7387,-21.50134,22.8137,-0.616514535,0.734922435,0.15576132
1764505214.6351583,-3.7387,-21.50134,22.8137,-0.616514535,0.734922435,0.15576132
1764505214.6351583,-3.7387,-21.50134,22.8137,-0.616514535,0.734922435,0.15576132
1764505214.6351583,-3.7387,-21.50134,22.8137,-0.616514535,0.734922435,0.15576132
1764505214.6351583,-3.7387,-21.50134,22.8137,-0.616514535,0.734922435,0.15576132
1764505214.6351583,-3.7387,-21.50134,22.8137,-0.616514535,0.734922435,0.15576132
1764505214.6351583,-3.7387,-21.50134,22.8137,-0.616514535,0.734922435,0.15576132
1764505214.6367216,-9.72062,-22.67636,15.90092,-0.6124251900000001,0.738340395,0.15905721
1764505214.6367216,-9.72062,-22.67636,15.90092,-0.6124251900000001,0.738340395,0.15905721
1764505214.6367216,-9.72062,-22.67636,15.90092,-0.6124251900000001,0.738340395,0.15905721
1764505214.6367216,-9.72062,-22.67636,15.90092,-0.6124251900000001,0.738340395,0.15905721
1764505214.6367216,-9.72062,-22.67636,15.90092,-0.6124251900000001,0.738340395,0.15905721
1764505214.6367216,-9.72062,-22.67636,15.90092,-0.6124251900000001,0.738340395,0.15905721
1764505214.6367216,-9.72062,-22.67636,15.90092,-0.6124251900000001,0.738340395,0.15905721
1764505214.6367216,-9.72062,-22.67636,15.90092,-0.6124251900000001,0.738340395,0.15905721
1764505214.6367216,-9.72062,-22.67636,15.90092,-0.6124251900000001,0.738340395,0.15905721
1764505214.6367216,-9.72062,-22.67636,15.90092,-0.6124251900000001,0.738340395,0.15905721
1764505214.6367216,-4.16598,-26.12512,11.5213,-0.607237215,0.74108697,0.169127985
1764505214.6367216,-4.16598,-26.12512,11.5213,-0.607237215,0.74108697,0.169127985
1764505214.6367216,-4.16598,-26.12512,11.5213,-0.607237215,0.74108697,0.169127985
1764505214.6387398,-4.16598,-26.12512,11.5213,-0.607237215,0.74108697,0.169127985
1764505214.6387398,-4.16598,-26.12512,11.5213,-0.607237215,0.74108697,0.169127985
1764505214.6387398,-4.16598,-26.12512,11.5213,-0.607237215,0.74108697,0.169127985
1764505214.6387398,-4.16598,-26.12512,11.5213,-0.607237215,0.74108697,0.169127985
1764505214.63985,-4.16598,-26.12512,11.5213,-0.607237215,0.74108697,0.169127985
1764505214.681357,-4.16598,-26.12512,11.5213,-0.607237215,0.74108697,0.169127985
1764505214.681357,-4.16598,-26.12512,11.5213,-0.607237215,0.74108697,0.169127985
1764505214.681357,-9.0797,-25.45368,7.53844,-0.60009612,0.74316216,0.17126421
1764505214.681357,-9.0797,-25.45368,7.53844,-0.60009612,0.74316216,0.17126421
1764505214.6823895,-9.0797,-25.45368,7.53844,-0.60009612,0.74316216,0.17126421
1764505214.6823895,-9.0797,-25.45368,7.53844,-0.60009612,0.74316216,0.17126421
1764505214.6823895,-9.0797,-25.45368,7.53844,-0.60009612,0.74316216,0.17126421
1764505214.6823895,-9.0797,-25.45368,7.53844,-0.60009612,0.74316216,0.17126421
1764505214.683924,-9.0797,-25.45368,7.53844,-0.60009612,0.74316216,0.17126421
1764505214.683924,-9.0797,-25.45368,7.53844,-0.60009612,0.74316216,0.17126421
1764505214.683924,-9.0797,-25.45368,7.53844,-0.60009612,0.74316216,0.17126421
1764505214.683924,-9.0797,-25.45368,7.53844,-0.60009612,0.74316216,0.17126421
1764505214.683924,-9.2323,-24.43126,4.31858,-0.59533539,0.743955615,0.170348685
1764505214.683924,-9.2323,-24.43126,4.31858,-0.59533539,0.743955615,0.170348685
1764505214.683924,-9.2323,-24.43126,4.31858,-0.59533539,0.743955615,0.170348685
1764505214.683924,-9.2323,-24.43126,4.31858,-0.59533539,0.743955615,0.170348685
1764505214.683924,-9.2323,-24.43126,4.31858,-0.59533539,0.743955615,0.170348685
1764505214.683924,-9.2323,-24.43126,4.31858,-0.59533539,0.743955615,0.170348685
1764505214.683924,-9.2323,-24.43126,4.31858,-0.59533539,0.743955615,0.170348685
1764505214.683924,-9.2323,-24.43126,4.31858,-0.59533539,0.743955615,0.170348685
1764505214.683924,-9.2323,-24.43126,4.31858,-0.59533539,0.743955615,0.170348685
1764505214.683924,-9.2323,-24.43126,4.31858,-0.59533539,0.743955615,0.170348685
1764505214.683924,-11.87228,-23.31728,-1.58704,-0.591612255,0.7471294350000001,0.17126421
1764505214.683924,-11.87228,-23.31728,-1.58704,-0.591612255,0.7471294350000001,0.17126421
1764505214.7303054,-11.87228,-23.31728,-1.58704,-0.591612255,0.7471294350000001,0.17126421
1764505214.7303054,-11.87228,-23.31728,-1.58704,-0.591612255,0.7471294350000001,0.17126421
1764505214.7303054,-11.87228,-23.31728,-1.58704,-0.591612255,0.7471294350000001,0.17126421
1764505214.7303054,-11.87228,-23.31728,-1.58704,-0.591612255,0.7471294350000001,0.17126421
1764505214.7303054,-11.87228,-23.31728,-1.58704,-0.591612255,0.7471294350000001,0.17126421
1764505214.730849,-11.87228,-23.31728,-1.58704,-0.591612255,0.7471294350000001,0.17126421
1764505214.730849,-11.87228,-23.31728,-1.58704,-0.591612255,0.7471294350000001,0.17126421
1764505214.730849,-11.87228,-23.31728,-1.58704,-0.591612255,0.7471294350000001,0.17126421
1764505214.730849,-14.55804,-20.26528,-2.71628,-0.590147415,0.743101125,0.17236284
1764505214.730849,-14.55804,-20.26528,-2.71628,-0.590147415,0.743101125,0.17236284
1764505214.730849,-14.55804,-20.26528,-2.71628,-0.590147415,0.743101125,0.17236284
1764505214.730849,-14.55804,-20.26528,-2.71628,-0.590147415,0.743101125,0.17236284
1764505214.730849,-14.55804,-20.26528,-2.71628,-0.590147415,0.743101125,0.17236284
1764505214.730849,-14.55804,-20.26528,-2.71628,-0.590147415,0.743101125,0.17236284
1764505214.730849,-14.55804,-20.26528,-2.71628,-0.590147415,0.743101125,0.17236284
1764505214.730849,-14.55804,-20.26528,-2.71628,-0.590147415,0.743101125,0.17236284
1764505214.730849,-14.55804,-20.26528,-2.71628,-0.590147415,0.743101125,0.17236284
1764505214.730849,-14.55804,-20.26528,-2.71628,-0.590147415,0.743101125,0.17236284
1764505214.730849,-14.61908,-15.0311,-6.24134,-0.585264615,0.739439025,0.16870074
1764505214.730849,-14.61908,-15.0311,-6.24134,-0.585264615,0.739439025,0.16870074
1764505214.730849,-14.61908,-15.0311,-6.24134,-0.585264615,0.739439025,0.16870074
1764505214.730849,-14.61908,-15.0311,-6.24134,-0.585264615,0.739439025,0.16870074
1764505214.7772,-14.61908,-15.0311,-6.24134,-0.585264615,0.739439025,0.16870074
1764505214.7772,-14.61908,-15.0311,-6.24134,-0.585264615,0.739439025,0.16870074
1764505214.7772,-14.61908,-15.0311,-6.24134,-0.585264615,0.739439025,0.16870074
1764505214.7772,-14.61908,-15.0311,-6.24134,-0.585264615,0.739439025,0.16870074
1764505214.7772,-14.61908,-15.0311,-6.24134,-0.585264615,0.739439025,0.16870074
1764505214.7772,-14.61908,-15.0311,-6.24134,-0.585264615,0.739439025,0.16870074
1764505214.7782123,-14.9548,-10.16316,-8.13358,-0.576597645,0.74682426,0.162047925
1764505214.7782123,-14.9548,-10.16316,-8.13358,-0.576597645,0.74682426,0.162047925
1764505214.7782123,-14.9548,-10.16316,-8.13358,-0.576597645,0.74682426,0.162047925
1764505214.7782123,-14.9548,-10.16316,-8.13358,-0.576597645,0.74682426,0.162047925
1764505214.7782123,-14.9548,-10.16316,-8.13358,-0.576597645,0.74682426,0.162047925
1764505214.7792182,-14.9548,-10.16316,-8.13358,-0.576597645,0.74682426,0.162047925
1764505214.7792182,-14.9548,-10.16316,-8.13358,-0.576597645,0.74682426,0.162047925
1764505214.7792182,-14.9548,-10.16316,-8.13358,-0.576597645,0.74682426,0.162047925
1764505214.7792182,-14.9548,-10.16316,-8.13358,-0.576597645,0.74682426,0.162047925
1764505214.7792182,-14.9548,-10.16316,-8.13358,-0.576597645,0.74682426,0.162047925
1764505214.7792182,-13.52036,-6.1803,-7.721559999999999,-0.57079932,0.762021975,0.16015584
1764505214.7792182,-13.52036,-6.1803,-7.721559999999999,-0.57079932,0.762021975,0.16015584
1764505214.7792182,-13.52036,-6.1803,-7.721559999999999,-0.57079932,0.762021975,0.16015584
1764505214.7792182,-13.52036,-6.1803,-7.721559999999999,-0.57079932,0.762021975,0.16015584
1764505214.7792182,-13.52036,-6.1803,-7.721559999999999,-0.57079932,0.762021975,0.16015584
1764505214.7802129,-13.52036,-6.1803,-7.721559999999999,-0.57079932,0.762021975,0.16015584
1764505214.8252509,-13.52036,-6.1803,-7.721559999999999,-0.57079932,0.762021975,0.16015584
1764505214.8252509,-13.52036,-6.1803,-7.721559999999999,-0.57079932,0.762021975,0.16015584
1764505214.8252509,-13.52036,-6.1803,-7.721559999999999,-0.57079932,0.762021975,0.16015584
1764505214.8252509,-13.52036,-6.1803,-7.721559999999999,-0.57079932,0.762021975,0.16015584
1764505214.8252509,-6.4855,-6.80596,-5.52412,-0.569639655,0.7722758550000001,0.169982475
1764505214.8252509,-6.4855,-6.80596,-5.52412,-0.569639655,0.7722758550000001,0.169982475
1764505214.8252509,-6.4855,-6.80596,-5.52412,-0.569639655,0.7722758550000001,0.169982475
1764505214.826248,-6.4855,-6.80596,-5.52412,-0.569639655,0.7722758550000001,0.169982475
1764505214.826248,-6.4855,-6.80596,-5.52412,-0.569639655,0.7722758550000001,0.169982475
1764505214.826248,-6.4855,-6.80596,-5.52412,-0.569639655,0.7722758550000001,0.169982475
1764505214.826248,-6.4855,-6.80596,-5.52412,-0.569639655,0.7722758550000001,0.169982475
1764505214.826248,-6.4855,-6.80596,-5.52412,-0.569639655,0.7722758550000001,0.169982475
1764505214.826248,-6.4855,-6.80596,-5.52412,-0.569639655,0.7722758550000001,0.169982475
1764505214.826248,-6.4855,-6.80596,-5.52412,-0.569639655,0.7722758550000001,0.169982475
1764505214.826248,-1.96854,-4.5017,-3.17408,-0.56799171,0.77502243,0.176818395
1764505214.826248,-1.96854,-4.5017,-3.17408,-0.56799171,0.77502243,0.176818395
1764505214.826248,-1.96854,-4.5017,-3.17408,-0.56799171,0.77502243,0.176818395
1764505214.826248,-1.96854,-4.5017,-3.17408,-0.56799171,0.77502243,0.176818395
1764505214.826248,-1.96854,-4.5017,-3.17408,-0.56799171,0.77502243,0.176818395
1764505214.826248,-1.96854,-4.5017,-3.17408,-0.56799171,0.77502243,0.176818395
1764505214.826248,-1.96854,-4.5017,-3.17408,-0.56799171,0.77502243,0.176818395
1764505214.826248,-1.96854,-4.5017,-3.17408,-0.56799171,0.77502243,0.176818395
1764505214.826248,-1.96854,-4.5017,-3.17408,-0.56799171,0.77502243,0.176818395
1764505214.826248,-1.96854,-4.5017,-3.17408,-0.56799171,0.77502243,0.176818395
1764505214.8724053,0.3357199999999999,-3.44876,-1.84646,-0.569029305,0.77404587,0.17980911
1764505214.8724053,0.3357199999999999,-3.44876,-1.84646,-0.569029305,0.77404587,0.17980911
1764505214.8724053,0.3357199999999999,-3.44876,-1.84646,-0.569029305,0.77404587,0.17980911
1764505214.8724053,0.3357199999999999,-3.44876,-1.84646,-0.569029305,0.77404587,0.17980911
1764505214.8724053,0.3357199999999999,-3.44876,-1.84646,-0.569029305,0.77404587,0.17980911
1764505214.8724053,0.3357199999999999,-3.44876,-1.84646,-0.569029305,0.77404587,0.17980911
1764505214.8724053,0.3357199999999999,-3.44876,-1.84646,-0.569029305,0.77404587,0.17980911
1764505214.8724053,0.3357199999999999,-3.44876,-1.84646,-0.569029305,0.77404587,0.17980911
1764505214.8724053,0.3357199999999999,-3.44876,-1.84646,-0.569029305,0.77404587,0.17980911
1764505214.8724053,0.3357199999999999,-3.44876,-1.84646,-0.569029305,0.77404587,0.17980911
1764505214.8724053,1.2055399999999998,-4.53222,-1.0682,-0.5720810550000001,0.776060025,0.182067405
1764505214.8734093,1.2055399999999998,-4.53222,-1.0682,-0.5720810550000001,0.776060025,0.182067405
1764505214.8734093,1.2055399999999998,-4.53222,-1.0682,-0.5720810550000001,0.776060025,0.182067405
1764505214.8734093,1.2055399999999998,-4.53222,-1.0682,-0.5720810550000001,0.776060025,0.182067405
1764505214.8734093,1.2055399999999998,-4.53222,-1.0682,-0.5720810550000001,0.776060025,0.182067405
1764505214.8734093,1.2055399999999998,-4.53222,-1.0682,-0.5720810550000001,0.776060025,0.182067405
1764505214.8734093,1.2055399999999998,-4.53222,-1.0682,-0.5720810550000001,0.776060025,0.182067405
1764505214.8734093,1.2055399999999998,-4.53222,-1.0682,-0.5720810550000001,0.776060025,0.182067405
1764505214.8734093,1.2055399999999998,-4.53222,-1.0682,-0.5720810550000001,0.776060025,0.182067405
1764505214.8734093,1.2055399999999998,-4.53222,-1.0682,-0.5720810550000001,0.776060025,0.182067405
1764505214.8734093,-5.15788,0.28994,1.05294,-0.5747055600000001,0.7822855950000001,0.18664503
1764505214.8734093,-5.15788,0.28994,1.05294,-0.5747055600000001,0.7822855950000001,0.18664503
1764505214.8734093,-5.15788,0.28994,1.05294,-0.5747055600000001,0.7822855950000001,0.18664503
1764505214.8734093,-5.15788,0.28994,1.05294,-0.5747055600000001,0.7822855950000001,0.18664503
1764505214.9176996,-5.15788,0.28994,1.05294,-0.5747055600000001,0.7822855950000001,0.18664503
1764505214.9176996,-5.15788,0.28994,1.05294,-0.5747055600000001,0.7822855950000001,0.18664503
1764505214.9176996,-5.15788,0.28994,1.05294,-0.5747055600000001,0.7822855950000001,0.18664503
1764505214.9176996,-5.15788,0.28994,1.05294,-0.5747055600000001,0.7822855950000001,0.18664503
1764505214.9176996,-5.15788,0.28994,1.05294,-0.5747055600000001,0.7822855950000001,0.18664503
1764505214.9176996,-5.15788,0.28994,1.05294,-0.5747055600000001,0.7822855950000001,0.18664503
1764505214.9176996,-9.40016,0.42728,1.73964,-0.5794052550000001,0.78393354,0.191344725
1764505214.9176996,-9.40016,0.42728,1.73964,-0.5794052550000001,0.78393354,0.191344725
1764505214.9176996,-9.40016,0.42728,1.73964,-0.5794052550000001,0.78393354,0.191344725
1764505214.9176996,-9.40016,0.42728,1.73964,-0.5794052550000001,0.78393354,0.191344725
1764505214.9197133,-9.40016,0.42728,1.73964,-0.5794052550000001,0.78393354,0.191344725
1764505214.9197133,-9.40016,0.42728,1.73964,-0.5794052550000001,0.78393354,0.191344725
1764505214.9207203,-9.40016,0.42728,1.73964,-0.5794052550000001,0.78393354,0.191344725
1764505214.9207203,-9.40016,0.42728,1.73964,-0.5794052550000001,0.78393354,0.191344725
1764505214.9207203,-9.40016,0.42728,1.73964,-0.5794052550000001,0.78393354,0.191344725
1764505214.9207203,-9.40016,0.42728,1.73964,-0.5794052550000001,0.78393354,0.191344725
1764505214.9207203,-15.5652,0.96138,2.54842,-0.582457005,0.783994575,0.19177197
1764505214.9207203,-15.5652,0.96138,2.54842,-0.582457005,0.783994575,0.19177197
1764505214.9207203,-15.5652,0.96138,2.54842,-0.582457005,0.783994575,0.19177197
1764505214.9207203,-15.5652,0.96138,2.54842,-0.582457005,0.783994575,0.19177197
1764505214.9207203,-15.5652,0.96138,2.54842,-0.582457005,0.783994575,0.19177197
1764505214.9207203,-15.5652,0.96138,2.54842,-0.582457005,0.783994575,0.19177197
1764505214.9207203,-15.5652,0.96138,2.54842,-0.582457005,0.783994575,0.19177197
1764505214.9207203,-15.5652,0.96138,2.54842,-0.582457005,0.783994575,0.19177197
1764505214.96633,-15.5652,0.96138,2.54842,-0.582457005,0.783994575,0.19177197
1764505214.96633,-15.5652,0.96138,2.54842,-0.582457005,0.783994575,0.19177197
1764505214.96633,-17.91524,6.37868,1.92276,-0.57971043,0.7775248650000001,0.191710935
1764505214.96633,-17.91524,6.37868,1.92276,-0.57971043,0.7775248650000001,0.191710935
1764505214.96633,-17.91524,6.37868,1.92276,-0.57971043,0.7775248650000001,0.191710935
1764505214.96633,-17.91524,6.37868,1.92276,-0.57971043,0.7775248650000001,0.191710935
1764505214.96633,-17.91524,6.37868,1.92276,-0.57971043,0.7775248650000001,0.191710935
1764505214.96633,-17.91524,6.37868,1.92276,-0.57971043,0.7775248650000001,0.191710935
1764505214.9675632,-17.91524,6.37868,1.92276,-0.57971043,0.7775248650000001,0.191710935
1764505214.9675632,-17.91524,6.37868,1.92276,-0.57971043,0.7775248650000001,0.191710935
1764505214.9675632,-17.91524,6.37868,1.92276,-0.57971043,0.7775248650000001,0.191710935
1764505214.9675632,-17.91524,6.37868,1.92276,-0.57971043,0.7775248650000001,0.191710935
1764505214.9675632,-19.01396,5.7988,0.3357199999999999,-0.58703463,0.770444805,0.18627882
1764505214.9675632,-19.01396,5.7988,0.3357199999999999,-0.58703463,0.770444805,0.18627882
1764505214.9675632,-19.01396,5.7988,0.3357199999999999,-0.58703463,0.770444805,0.18627882
1764505214.9675632,-19.01396,5.7988,0.3357199999999999,-0.58703463,0.770444805,0.18627882
1764505214.9675632,-19.01396,5.7988,0.3357199999999999,-0.58703463,0.770444805,0.18627882
1764505214.9675632,-19.01396,5.7988,0.3357199999999999,-0.58703463,0.770444805,0.18627882
1764505214.9675632,-19.01396,5.7988,0.3357199999999999,-0.58703463,0.770444805,0.18627882
1764505214.9675632,-19.01396,5.7988,0.3357199999999999,-0.58703463,0.770444805,0.18627882
1764505214.9675632,-19.01396,5.7988,0.3357199999999999,-0.58703463,0.770444805,0.18627882
1764505214.9675632,-19.01396,5.7988,0.3357199999999999,-0.58703463,0.770444805,0.18627882
1764505214.9675632,-17.961019999999998,5.02054,-1.41918,-0.58984224,0.7644633750000001,0.17907669
1764505214.9675632,-17.961019999999998,5.02054,-1.41918,-0.58984224,0.7644633750000001,0.17907669
1764505215.0112786,-17.961019999999998,5.02054,-1.41918,-0.58984224,0.7644633750000001,0.17907669
1764505215.0112786,-17.961019999999998,5.02054,-1.41918,-0.58984224,0.7644633750000001,0.17907669
1764505215.0112786,-17.961019999999998,5.02054,-1.41918,-0.58984224,0.7644633750000001,0.17907669
1764505215.0112786,-17.961019999999998,5.02054,-1.41918,-0.58984224,0.7644633750000001,0.17907669
1764505215.0112786,-17.961019999999998,5.02054,-1.41918,-0.58984224,0.7644633750000001,0.17907669
1764505215.0112786,-17.961019999999998,5.02054,-1.41918,-0.58984224,0.7644633750000001,0.17907669
1764505215.0112786,-17.961019999999998,5.02054,-1.41918,-0.58984224,0.7644633750000001,0.17907669
1764505215.0112786,-17.961019999999998,5.02054,-1.41918,-0.58984224,0.7644633750000001,0.17907669
1764505215.0112786,-12.63528,5.15788,-5.08158,-0.58984224,0.755308125,0.178893585
1764505215.0112786,-12.63528,5.15788,-5.08158,-0.58984224,0.755308125,0.178893585
1764505215.0112786,-12.63528,5.15788,-5.08158,-0.58984224,0.755308125,0.178893585
1764505215.0112786,-12.63528,5.15788,-5.08158,-0.58984224,0.755308125,0.178893585
1764505215.0112786,-12.63528,5.15788,-5.08158,-0.58984224,0.755308125,0.178893585
1764505215.0112786,-12.63528,5.15788,-5.08158,-0.58984224,0.755308125,0.178893585
1764505215.0112786,-12.63528,5.15788,-5.08158,-0.58984224,0.755308125,0.178893585
1764505215.0112786,-12.63528,5.15788,-5.08158,-0.58984224,0.755308125,0.178893585
1764505215.0112786,-12.63528,5.15788,-5.08158,-0.58984224,0.755308125,0.178893585
1764505215.0112786,-12.63528,5.15788,-5.08158,-0.58984224,0.755308125,0.178893585
1764505215.0112786,-7.370579999999999,6.72966,-5.7988,-0.58972017,0.74633598,0.1794429
1764505215.0112786,-7.370579999999999,6.72966,-5.7988,-0.58972017,0.74633598,0.1794429
1764505215.0123096,-7.370579999999999,6.72966,-5.7988,-0.58972017,0.74633598,0.1794429
1764505215.0123096,-7.370579999999999,6.72966,-5.7988,-0.58972017,0.74633598,0.1794429
1764505215.0123096,-7.370579999999999,6.72966,-5.7988,-0.58972017,0.74633598,0.1794429
1764505215.0123096,-7.370579999999999,6.72966,-5.7988,-0.58972017,0.74633598,0.1794429
1764505215.058797,-7.370579999999999,6.72966,-5.7988,-0.58972017,0.74633598,0.1794429
1764505215.058797,-7.370579999999999,6.72966,-5.7988,-0.58972017,0.74633598,0.1794429
1764505215.058797,-7.370579999999999,6.72966,-5.7988,-0.58972017,0.74633598,0.1794429
1764505215.058797,-7.370579999999999,6.72966,-5.7988,-0.58972017,0.74633598,0.1794429
1764505215.058797,1.7549,4.59326,-5.8751,-0.59167329,0.7418804250000001,0.17993118
1764505215.058797,1.7549,4.59326,-5.8751,-0.59167329,0.7418804250000001,0.17993118
1764505215.058797,1.7549,4.59326,-5.8751,-0.59167329,0.7418804250000001,0.17993118
1764505215.058797,1.7549,4.59326,-5.8751,-0.59167329,0.7418804250000001,0.17993118
1764505215.058797,1.7549,4.59326,-5.8751,-0.59167329,0.7418804250000001,0.17993118
1764505215.058797,1.7549,4.59326,-5.8751,-0.59167329,0.7418804250000001,0.17993118
1764505215.058797,1.7549,4.59326,-5.8751,-0.59167329,0.7418804250000001,0.17993118
1764505215.058797,1.7549,4.59326,-5.8751,-0.59167329,0.7418804250000001,0.17993118
1764505215.058797,1.7549,4.59326,-5.8751,-0.59167329,0.7418804250000001,0.17993118
1764505215.0598218,1.7549,4.59326,-5.8751,-0.59167329,0.7418804250000001,0.17993118
1764505215.0598218,7.98098,2.33478,-5.478339999999999,-0.593809515,0.74548149,0.181212915
1764505215.0598218,7.98098,2.33478,-5.478339999999999,-0.593809515,0.74548149,0.181212915
1764505215.0598218,7.98098,2.33478,-5.478339999999999,-0.593809515,0.74548149,0.181212915
1764505215.0598218,7.98098,2.33478,-5.478339999999999,-0.593809515,0.74548149,0.181212915
1764505215.0598218,7.98098,2.33478,-5.478339999999999,-0.593809515,0.74548149,0.181212915
1764505215.0598218,7.98098,2.33478,-5.478339999999999,-0.593809515,0.74548149,0.181212915
1764505215.0598218,7.98098,2.33478,-5.478339999999999,-0.593809515,0.74548149,0.181212915
1764505215.0598218,7.98098,2.33478,-5.478339999999999,-0.593809515,0.74548149,0.181212915
1764505215.0598218,7.98098,2.33478,-5.478339999999999,-0.593809515,0.74548149,0.181212915
1764505215.0598218,7.98098,2.33478,-5.478339999999999,-0.593809515,0.74548149,0.181212915
1764505215.1096015,9.6901,1.77016,-4.852679999999999,-0.593077095,0.749204625,0.18859815
1764505215.1096015,9.6901,1.77016,-4.852679999999999,-0.593077095,0.749204625,0.18859815
1764505215.1096015,9.6901,1.77016,-4.852679999999999,-0.593077095,0.749204625,0.18859815
1764505215.1096015,9.6901,1.77016,-4.852679999999999,-0.593077095,0.749204625,0.18859815
1764505215.1107645,9.6901,1.77016,-4.852679999999999,-0.593077095,0.749204625,0.18859815
1764505215.1107645,9.6901,1.77016,-4.852679999999999,-0.593077095,0.749204625,0.18859815
1764505215.1107645,9.6901,1.77016,-4.852679999999999,-0.593077095,0.749204625,0.18859815
1764505215.1107645,9.6901,1.77016,-4.852679999999999,-0.593077095,0.749204625,0.18859815
1764505215.1107645,9.6901,1.77016,-4.852679999999999,-0.593077095,0.749204625,0.18859815
1764505215.1107645,9.6901,1.77016,-4.852679999999999,-0.593077095,0.749204625,0.18859815
1764505215.1107645,14.1918,1.72438,-2.77732,-0.5932602,0.752866725,0.19323681
1764505215.1107645,14.1918,1.72438,-2.77732,-0.5932602,0.752866725,0.19323681
1764505215.1107645,14.1918,1.72438,-2.77732,-0.5932602,0.752866725,0.19323681
1764505215.1107645,14.1918,1.72438,-2.77732,-0.5932602,0.752866725,0.19323681
1764505215.1107645,14.1918,1.72438,-2.77732,-0.5932602,0.752866725,0.19323681
1764505215.1107645,14.1918,1.72438,-2.77732,-0.5932602,0.752866725,0.19323681
1764505215.1107645,14.1918,1.72438,-2.77732,-0.5932602,0.752866725,0.19323681
1764505215.111766,14.1918,1.72438,-2.77732,-0.5932602,0.752866725,0.19323681
1764505215.111766,14.1918,1.72438,-2.77732,-0.5932602,0.752866725,0.19323681
1764505215.111766,14.1918,1.72438,-2.77732,-0.5932602,0.752866725,0.19323681
1764505215.111766,12.00962,0.6103999999999999,-1.93802,-0.593687445,0.763730955,0.191344725
1764505215.111766,12.00962,0.6103999999999999,-1.93802,-0.593687445,0.763730955,0.191344725
1764505215.154003,12.00962,0.6103999999999999,-1.93802,-0.593687445,0.763730955,0.191344725
1764505215.154003,12.00962,0.6103999999999999,-1.93802,-0.593687445,0.763730955,0.191344725
1764505215.154003,12.00962,0.6103999999999999,-1.93802,-0.593687445,0.763730955,0.191344725
1764505215.154003,12.00962,0.6103999999999999,-1.93802,-0.593687445,0.763730955,0.191344725
1764505215.154003,12.00962,0.6103999999999999,-1.93802,-0.593687445,0.763730955,0.191344725
1764505215.154003,12.00962,0.6103999999999999,-1.93802,-0.593687445,0.763730955,0.191344725
1764505215.154003,12.00962,0.6103999999999999,-1.93802,-0.593687445,0.763730955,0.191344725
1764505215.154003,12.00962,0.6103999999999999,-1.93802,-0.593687445,0.763730955,0.191344725
1764505215.154003,4.41014,1.09872,-4.28806,-0.593321235,0.7727031,0.193297845
1764505215.154003,4.41014,1.09872,-4.28806,-0.593321235,0.7727031,0.193297845
1764505215.154003,4.41014,1.09872,-4.28806,-0.593321235,0.7727031,0.193297845
1764505215.154003,4.41014,1.09872,-4.28806,-0.593321235,0.7727031,0.193297845
1764505215.154003,4.41014,1.09872,-4.28806,-0.593321235,0.7727031,0.193297845
1764505215.154003,4.41014,1.09872,-4.28806,-0.593321235,0.7727031,0.193297845
1764505215.154003,4.41014,1.09872,-4.28806,-0.593321235,0.7727031,0.193297845
1764505215.1550062,4.41014,1.09872,-4.28806,-0.593321235,0.7727031,0.193297845
1764505215.1550062,4.41014,1.09872,-4.28806,-0.593321235,0.7727031,0.193297845
1764505215.1550062,4.41014,1.09872,-4.28806,-0.593321235,0.7727031,0.193297845
1764505215.1550062,-1.2055399999999998,2.12114,-5.24944,-0.595396425,0.780210405,0.19555614
1764505215.1550062,-1.2055399999999998,2.12114,-5.24944,-0.595396425,0.780210405,0.19555614
1764505215.1550062,-1.2055399999999998,2.12114,-5.24944,-0.595396425,0.780210405,0.19555614
1764505215.1550062,-1.2055399999999998,2.12114,-5.24944,-0.595396425,0.780210405,0.19555614
1764505215.1550062,-1.2055399999999998,2.12114,-5.24944,-0.595396425,0.780210405,0.19555614
1764505215.1550062,-1.2055399999999998,2.12114,-5.24944,-0.595396425,0.780210405,0.19555614
1764505215.1984382,-1.2055399999999998,2.12114,-5.24944,-0.595396425,0.780210405,0.19555614
1764505215.1984382,-1.2055399999999998,2.12114,-5.24944,-0.595396425,0.780210405,0.19555614
1764505215.1984382,-1.2055399999999998,2.12114,-5.24944,-0.595396425,0.780210405,0.19555614
1764505215.1984382,-1.2055399999999998,2.12114,-5.24944,-0.595396425,0.780210405,0.19555614
1764505215.1989634,-5.85984,3.11304,-6.821219999999999,-0.5935653750000001,0.779722125,0.19641063
1764505215.1989634,-5.85984,3.11304,-6.821219999999999,-0.5935653750000001,0.779722125,0.19641063
1764505215.1989634,-5.85984,3.11304,-6.821219999999999,-0.5935653750000001,0.779722125,0.19641063
1764505215.1989634,-5.85984,3.11304,-6.821219999999999,-0.5935653750000001,0.779722125,0.19641063
1764505215.1989634,-5.85984,3.11304,-6.821219999999999,-0.5935653750000001,0.779722125,0.19641063
1764505215.1989634,-5.85984,3.11304,-6.821219999999999,-0.5935653750000001,0.779722125,0.19641063
1764505215.1989634,-5.85984,3.11304,-6.821219999999999,-0.5935653750000001,0.779722125,0.19641063
1764505215.1989634,-5.85984,3.11304,-6.821219999999999,-0.5935653750000001,0.779722125,0.19641063
1764505215.1989634,-5.85984,3.11304,-6.821219999999999,-0.5935653750000001,0.779722125,0.19641063
1764505215.1989634,-5.85984,3.11304,-6.821219999999999,-0.5935653750000001,0.779722125,0.19641063
1764505215.1989634,-9.5375,7.233239999999999,-5.5699,-0.591001905,0.77575485,0.195128895
1764505215.1989634,-9.5375,7.233239999999999,-5.5699,-0.591001905,0.77575485,0.195128895
1764505215.1989634,-9.5375,7.233239999999999,-5.5699,-0.591001905,0.77575485,0.195128895
1764505215.1989634,-9.5375,7.233239999999999,-5.5699,-0.591001905,0.77575485,0.195128895
1764505215.1989634,-9.5375,7.233239999999999,-5.5699,-0.591001905,0.77575485,0.195128895
1764505215.1989634,-9.5375,7.233239999999999,-5.5699,-0.591001905,0.77575485,0.195128895
1764505215.1989634,-9.5375,7.233239999999999,-5.5699,-0.591001905,0.77575485,0.195128895
1764505215.1989634,-9.5375,7.233239999999999,-5.5699,-0.591001905,0.77575485,0.195128895
1764505215.2474394,-9.5375,7.233239999999999,-5.5699,-0.591001905,0.77575485,0.195128895
1764505215.2474394,-9.5375,7.233239999999999,-5.5699,-0.591001905,0.77575485,0.195128895
1764505215.2474394,-10.77356,9.18652,-4.91372,-0.590147415,0.769468245,0.194274405
1764505215.2474394,-10.77356,9.18652,-4.91372,-0.590147415,0.769468245,0.194274405
1764505215.2474394,-10.77356,9.18652,-4.91372,-0.590147415,0.769468245,0.194274405
1764505215.2474394,-10.77356,9.18652,-4.91372,-0.590147415,0.769468245,0.194274405
1764505215.2474394,-10.77356,9.18652,-4.91372,-0.590147415,0.769468245,0.194274405
1764505215.2474394,-10.77356,9.18652,-4.91372,-0.590147415,0.769468245,0.194274405
1764505215.2474394,-10.77356,9.18652,-4.91372,-0.590147415,0.769468245,0.194274405
1764505215.2474394,-10.77356,9.18652,-4.91372,-0.590147415,0.769468245,0.194274405
1764505215.2474394,-10.77356,9.18652,-4.91372,-0.590147415,0.769468245,0.194274405
1764505215.2474394,-10.77356,9.18652,-4.91372,-0.590147415,0.769468245,0.194274405
1764505215.2474394,-10.39206,7.84364,-3.40298,-0.59228364,0.762754395,0.193297845
1764505215.2474394,-10.39206,7.84364,-3.40298,-0.59228364,0.762754395,0.193297845
1764505215.2479525,-10.39206,7.84364,-3.40298,-0.59228364,0.762754395,0.193297845
1764505215.2479525,-10.39206,7.84364,-3.40298,-0.59228364,0.762754395,0.193297845
1764505215.2479525,-10.39206,7.84364,-3.40298,-0.59228364,0.762754395,0.193297845
1764505215.2479525,-10.39206,7.84364,-3.40298,-0.59228364,0.762754395,0.193297845
1764505215.2479525,-10.39206,7.84364,-3.40298,-0.59228364,0.762754395,0.193297845
1764505215.2479525,-10.39206,7.84364,-3.40298,-0.59228364,0.762754395,0.193297845
1764505215.2479525,-10.39206,7.84364,-3.40298,-0.59228364,0.762754395,0.193297845
1764505215.2479525,-10.39206,7.84364,-3.40298,-0.59228364,0.762754395,0.193297845
1764505215.2479525,-10.71252,5.38678,-3.26564,-0.59521332,0.7641582,0.19189404
1764505215.2479525,-10.71252,5.38678,-3.26564,-0.59521332,0.7641582,0.19189404
1764505215.2933557,-10.71252,5.38678,-3.26564,-0.59521332,0.7641582,0.19189404
1764505215.2933557,-10.71252,5.38678,-3.26564,-0.59521332,0.7641582,0.19189404
1764505215.2933557,-10.71252,5.38678,-3.26564,-0.59521332,0.7641582,0.19189404
1764505215.2933557,-10.71252,5.38678,-3.26564,-0.59521332,0.7641582,0.19189404
1764505215.2933557,-10.71252,5.38678,-3.26564,-0.59521332,0.7641582,0.19189404
1764505215.2933557,-10.71252,5.38678,-3.26564,-0.59521332,0.7641582,0.19189404
1764505215.2933557,-10.71252,5.38678,-3.26564,-0.59521332,0.7641582,0.19189404
1764505215.2933557,-10.71252,5.38678,-3.26564,-0.59521332,0.7641582,0.19189404
1764505215.2933557,-5.78354,2.35004,-2.41108,-0.595884705,0.7675761600000001,0.190978515
1764505215.2933557,-5.78354,2.35004,-2.41108,-0.595884705,0.7675761600000001,0.190978515
1764505215.2933557,-5.78354,2.35004,-2.41108,-0.595884705,0.7675761600000001,0.190978515
1764505215.2933557,-5.78354,2.35004,-2.41108,-0.595884705,0.7675761600000001,0.190978515
1764505215.2933557,-5.78354,2.35004,-2.41108,-0.595884705,0.7675761600000001,0.190978515
1764505215.2933557,-5.78354,2.35004,-2.41108,-0.595884705,0.7675761600000001,0.190978515
1764505215.2933557,-5.78354,2.35004,-2.41108,-0.595884705,0.7675761600000001,0.190978515
1764505215.2933557,-5.78354,2.35004,-2.41108,-0.595884705,0.7675761600000001,0.190978515
1764505215.2933557,-5.78354,2.35004,-2.41108,-0.595884705,0.7675761600000001,0.190978515
1764505215.2933557,-5.78354,2.35004,-2.41108,-0.595884705,0.7675761600000001,0.190978515
1764505215.2933557,-4.303319999999999,0.3509799999999999,-1.63282,-0.596006775,0.7665996,0.19201611
1764505215.2933557,-4.303319999999999,0.3509799999999999,-1.63282,-0.596006775,0.7665996,0.19201611
1764505215.2933557,-4.303319999999999,0.3509799999999999,-1.63282,-0.596006775,0.7665996,0.19201611
1764505215.2933557,-4.303319999999999,0.3509799999999999,-1.63282,-0.596006775,0.7665996,0.19201611
1764505215.2933557,-4.303319999999999,0.3509799999999999,-1.63282,-0.596006775,0.7665996,0.19201611
1764505215.2933557,-4.303319999999999,0.3509799999999999,-1.63282,-0.596006775,0.7665996,0.19201611
1764505215.3395605,-4.303319999999999,0.3509799999999999,-1.63282,-0.596006775,0.7665996,0.19201611
1764505215.3395605,-4.303319999999999,0.3509799999999999,-1.63282,-0.596006775,0.7665996,0.19201611
1764505215.3395605,-4.303319999999999,0.3509799999999999,-1.63282,-0.596006775,0.7665996,0.19201611
1764505215.3395605,-4.303319999999999,0.3509799999999999,-1.63282,-0.596006775,0.7665996,0.19201611
1764505215.3395605,-3.64714,1.41918,-0.763,-0.598204035,0.764097165,0.19213818
1764505215.3395605,-3.64714,1.41918,-0.763,-0.598204035,0.764097165,0.19213818
1764505215.3395605,-3.64714,1.41918,-0.763,-0.598204035,0.764097165,0.19213818
1764505215.3395605,-3.64714,1.41918,-0.763,-0.598204035,0.764097165,0.19213818
1764505215.3395605,-3.64714,1.41918,-0.763,-0.598204035,0.764097165,0.19213818
1764505215.3395605,-3.64714,1.41918,-0.763,-0.598204035,0.764097165,0.19213818
1764505215.3395605,-3.64714,1.41918,-0.763,-0.598204035,0.764097165,0.19213818
1764505215.3395605,-3.64714,1.41918,-0.763,-0.598204035,0.764097165,0.19213818
1764505215.3410726,-3.64714,1.41918,-0.763,-0.598204035,0.764097165,0.19213818
1764505215.3410726,-3.64714,1.41918,-0.763,-0.598204035,0.764097165,0.19213818
1764505215.3410726,-6.027699999999999,2.88414,-0.96138,-0.597593685,0.766904775,0.189757815
1764505215.3410726,-6.027699999999999,2.88414,-0.96138,-0.597593685,0.766904775,0.189757815
1764505215.3410726,-6.027699999999999,2.88414,-0.96138,-0.597593685,0.766904775,0.189757815
1764505215.3410726,-6.027699999999999,2.88414,-0.96138,-0.597593685,0.766904775,0.189757815
1764505215.3410726,-6.027699999999999,2.88414,-0.96138,-0.597593685,0.766904775,0.189757815
1764505215.3410726,-6.027699999999999,2.88414,-0.96138,-0.597593685,0.766904775,0.189757815
1764505215.3410726,-6.027699999999999,2.88414,-0.96138,-0.597593685,0.766904775,0.189757815
1764505215.3410726,-6.027699999999999,2.88414,-0.96138,-0.597593685,0.766904775,0.189757815
1764505215.385939,-6.027699999999999,2.88414,-0.96138,-0.597593685,0.766904775,0.189757815
1764505215.385939,-6.027699999999999,2.88414,-0.96138,-0.597593685,0.766904775,0.189757815
1764505215.385939,-11.2161,4.2728,-1.73964,-0.5967391950000001,0.77001756,0.190490235
1764505215.385939,-11.2161,4.2728,-1.73964,-0.5967391950000001,0.77001756,0.190490235
1764505215.385939,-11.2161,4.2728,-1.73964,-0.5967391950000001,0.77001756,0.190490235
1764505215.385939,-11.2161,4.2728,-1.73964,-0.5967391950000001,0.77001756,0.190490235
1764505215.385939,-11.2161,4.2728,-1.73964,-0.5967391950000001,0.77001756,0.190490235
1764505215.385939,-11.2161,4.2728,-1.73964,-0.5967391950000001,0.77001756,0.190490235
1764505215.385939,-11.2161,4.2728,-1.73964,-0.5967391950000001,0.77001756,0.190490235
1764505215.385939,-11.2161,4.2728,-1.73964,-0.5967391950000001,0.77001756,0.190490235
1764505215.385939,-11.2161,4.2728,-1.73964,-0.5967391950000001,0.77001756,0.190490235
1764505215.385939,-11.2161,4.2728,-1.73964,-0.5967391950000001,0.77001756,0.190490235
1764505215.385939,-12.90996,5.234179999999999,-0.28994,-0.59728851,0.76733202,0.19201611
1764505215.385939,-12.90996,5.234179999999999,-0.28994,-0.59728851,0.76733202,0.19201611
1764505215.385939,-12.90996,5.234179999999999,-0.28994,-0.59728851,0.76733202,0.19201611
1764505215.385939,-12.90996,5.234179999999999,-0.28994,-0.59728851,0.76733202,0.19201611
1764505215.385939,-12.90996,5.234179999999999,-0.28994,-0.59728851,0.76733202,0.19201611
1764505215.385939,-12.90996,5.234179999999999,-0.28994,-0.59728851,0.76733202,0.19201611
1764505215.385939,-12.90996,5.234179999999999,-0.28994,-0.59728851,0.76733202,0.19201611
1764505215.385939,-12.90996,5.234179999999999,-0.28994,-0.59728851,0.76733202,0.19201611
1764505215.385939,-12.90996,5.234179999999999,-0.28994,-0.59728851,0.76733202,0.19201611
1764505215.385939,-12.90996,5.234179999999999,-0.28994,-0.59728851,0.76733202,0.19201611
1764505215.385939,-10.7583,5.63094,0.24416,-0.600523365,0.76098438,0.192809565
1764505215.385939,-10.7583,5.63094,0.24416,-0.600523365,0.76098438,0.192809565
1764505215.43066,-10.7583,5.63094,0.24416,-0.600523365,0.76098438,0.192809565
1764505215.4311967,-10.7583,5.63094,0.24416,-0.600523365,0.76098438,0.192809565
1764505215.4311967,-10.7583,5.63094,0.24416,-0.600523365,0.76098438,0.192809565
1764505215.4311967,-10.7583,5.63094,0.24416,-0.600523365,0.76098438,0.192809565
1764505215.4311967,-10.7583,5.63094,0.24416,-0.600523365,0.76098438,0.192809565
1764505215.4311967,-10.7583,5.63094,0.24416,-0.600523365,0.76098438,0.192809565
1764505215.4311967,-10.7583,5.63094,0.24416,-0.600523365,0.76098438,0.192809565
1764505215.4311967,-10.7583,5.63094,0.24416,-0.600523365,0.76098438,0.192809565
1764505215.4311967,-9.06444,4.83742,0.06104,-0.60229338,0.75451467,0.19067334
1764505215.4311967,-9.06444,4.83742,0.06104,-0.60229338,0.75451467,0.19067334
1764505215.4311967,-9.06444,4.83742,0.06104,-0.60229338,0.75451467,0.19067334
1764505215.4311967,-9.06444,4.83742,0.06104,-0.60229338,0.75451467,0.19067334
1764505215.4311967,-9.06444,4.83742,0.06104,-0.60229338,0.75451467,0.19067334
1764505215.4311967,-9.06444,4.83742,0.06104,-0.60229338,0.75451467,0.19067334
1764505215.4311967,-9.06444,4.83742,0.06104,-0.60229338,0.75451467,0.19067334
1764505215.4311967,-9.06444,4.83742,0.06104,-0.60229338,0.75451467,0.19067334
1764505215.4311967,-9.06444,4.83742,0.06104,-0.60229338,0.75451467,0.19067334
1764505215.4311967,-9.06444,4.83742,0.06104,-0.60229338,0.75451467,0.19067334
1764505215.4311967,-6.31764,2.85362,-0.3204599999999999,-0.60339201,0.74792289,0.19067334
1764505215.4311967,-6.31764,2.85362,-0.3204599999999999,-0.60339201,0.74792289,0.19067334
1764505215.4311967,-6.31764,2.85362,-0.3204599999999999,-0.60339201,0.74792289,0.19067334
1764505215.4311967,-6.31764,2.85362,-0.3204599999999999,-0.60339201,0.74792289,0.19067334
1764505215.4796531,-6.31764,2.85362,-0.3204599999999999,-0.60339201,0.74792289,0.19067334
1764505215.4796531,-6.31764,2.85362,-0.3204599999999999,-0.60339201,0.74792289,0.19067334
1764505215.4796531,-6.31764,2.85362,-0.3204599999999999,-0.60339201,0.74792289,0.19067334
1764505215.4796531,-6.31764,2.85362,-0.3204599999999999,-0.60339201,0.74792289,0.19067334
1764505215.4796531,-6.31764,2.85362,-0.3204599999999999,-0.60339201,0.74792289,0.19067334
1764505215.4796531,-6.31764,2.85362,-0.3204599999999999,-0.60339201,0.74792289,0.19067334
1764505215.4796531,-1.87698,2.19744,-0.51884,-0.60449064,0.745908735,0.190368165
1764505215.4796531,-1.87698,2.19744,-0.51884,-0.60449064,0.745908735,0.190368165
1764505215.4796531,-1.87698,2.19744,-0.51884,-0.60449064,0.745908735,0.190368165
1764505215.4796531,-1.87698,2.19744,-0.51884,-0.60449064,0.745908735,0.190368165
1764505215.4796531,-1.87698,2.19744,-0.51884,-0.60449064,0.745908735,0.190368165
1764505215.4796531,-1.87698,2.19744,-0.51884,-0.60449064,0.745908735,0.190368165
1764505215.4796531,-1.87698,2.19744,-0.51884,-0.60449064,0.745908735,0.190368165
1764505215.4796531,-1.87698,2.19744,-0.51884,-0.60449064,0.745908735,0.190368165
1764505215.4796531,-1.87698,2.19744,-0.51884,-0.60449064,0.745908735,0.190368165
1764505215.4796531,-1.87698,2.19744,-0.51884,-0.60449064,0.745908735,0.190368165
1764505215.4796531,0.1525999999999999,0.56462,0.77826,-0.607237215,0.7476787500000001,0.18823194
1764505215.4796531,0.1525999999999999,0.56462,0.77826,-0.607237215,0.7476787500000001,0.18823194
1764505215.4796531,0.1525999999999999,0.56462,0.77826,-0.607237215,0.7476787500000001,0.18823194
1764505215.4806502,0.1525999999999999,0.56462,0.77826,-0.607237215,0.7476787500000001,0.18823194
1764505215.4806502,0.1525999999999999,0.56462,0.77826,-0.607237215,0.7476787500000001,0.18823194
1764505215.4806502,0.1525999999999999,0.56462,0.77826,-0.607237215,0.7476787500000001,0.18823194
1764505215.4806502,0.1525999999999999,0.56462,0.77826,-0.607237215,0.7476787500000001,0.18823194
1764505215.4806502,0.1525999999999999,0.56462,0.77826,-0.607237215,0.7476787500000001,0.18823194
1764505215.5244255,0.1525999999999999,0.56462,0.77826,-0.607237215,0.7476787500000001,0.18823194
1764505215.5244255,0.1525999999999999,0.56462,0.77826,-0.607237215,0.7476787500000001,0.18823194
1764505215.5244255,2.60946,-0.57988,1.17502,-0.6098006850000001,0.750913605,0.188781255
1764505215.5244255,2.60946,-0.57988,1.17502,-0.6098006850000001,0.750913605,0.188781255
1764505215.5244255,2.60946,-0.57988,1.17502,-0.6098006850000001,0.750913605,0.188781255
1764505215.5244255,2.60946,-0.57988,1.17502,-0.6098006850000001,0.750913605,0.188781255
1764505215.5244255,2.60946,-0.57988,1.17502,-0.6098006850000001,0.750913605,0.188781255
1764505215.5244255,2.60946,-0.57988,1.17502,-0.6098006850000001,0.750913605,0.188781255
1764505215.5244255,2.60946,-0.57988,1.17502,-0.6098006850000001,0.750913605,0.188781255
1764505215.5244255,2.60946,-0.57988,1.17502,-0.6098006850000001,0.750913605,0.188781255
1764505215.5244255,2.60946,-0.57988,1.17502,-0.6098006850000001,0.750913605,0.188781255
1764505215.5244255,2.60946,-0.57988,1.17502,-0.6098006850000001,0.750913605,0.188781255
1764505215.5244255,3.70818,-1.41918,-0.2289,-0.609556545,0.75048636,0.189757815
1764505215.5244255,3.70818,-1.41918,-0.2289,-0.609556545,0.75048636,0.189757815
1764505215.5254354,3.70818,-1.41918,-0.2289,-0.609556545,0.75048636,0.189757815
1764505215.5254354,3.70818,-1.41918,-0.2289,-0.609556545,0.75048636,0.189757815
1764505215.5254354,3.70818,-1.41918,-0.2289,-0.609556545,0.75048636,0.189757815
1764505215.5254354,3.70818,-1.41918,-0.2289,-0.609556545,0.75048636,0.189757815
1764505215.5254354,3.70818,-1.41918,-0.2289,-0.609556545,0.75048636,0.189757815
1764505215.5254354,3.70818,-1.41918,-0.2289,-0.609556545,0.75048636,0.189757815
1764505215.5254354,3.70818,-1.41918,-0.2289,-0.609556545,0.75048636,0.189757815
1764505215.5254354,3.70818,-1.41918,-0.2289,-0.609556545,0.75048636,0.189757815
1764505215.5254354,2.09062,1.9075,-1.3734,-0.605284095,0.752256375,0.18969678
1764505215.5254354,2.09062,1.9075,-1.3734,-0.605284095,0.752256375,0.18969678
1764505215.5761478,2.09062,1.9075,-1.3734,-0.605284095,0.752256375,0.18969678
1764505215.5761478,2.09062,1.9075,-1.3734,-0.605284095,0.752256375,0.18969678
1764505215.5761478,2.09062,1.9075,-1.3734,-0.605284095,0.752256375,0.18969678
1764505215.5761478,2.09062,1.9075,-1.3734,-0.605284095,0.752256375,0.18969678
1764505215.5761478,2.09062,1.9075,-1.3734,-0.605284095,0.752256375,0.18969678
1764505215.5761478,2.09062,1.9075,-1.3734,-0.605284095,0.752256375,0.18969678
1764505215.5761478,2.09062,1.9075,-1.3734,-0.605284095,0.752256375,0.18969678
1764505215.5761478,2.09062,1.9075,-1.3734,-0.605284095,0.752256375,0.18969678
1764505215.5761478,-0.3204599999999999,1.95328,-0.79352,-0.602842695,0.75768849,0.18994092
1764505215.5761478,-0.3204599999999999,1.95328,-0.79352,-0.602842695,0.75768849,0.18994092
1764505215.5761478,-0.3204599999999999,1.95328,-0.79352,-0.602842695,0.75768849,0.18994092
1764505215.5761478,-0.3204599999999999,1.95328,-0.79352,-0.602842695,0.75768849,0.18994092
1764505215.5761478,-0.3204599999999999,1.95328,-0.79352,-0.602842695,0.75768849,0.18994092
1764505215.5761478,-0.3204599999999999,1.95328,-0.79352,-0.602842695,0.75768849,0.18994092
1764505215.5761478,-0.3204599999999999,1.95328,-0.79352,-0.602842695,0.75768849,0.18994092
1764505215.5761478,-0.3204599999999999,1.95328,-0.79352,-0.602842695,0.75768849,0.18994092
1764505215.5761478,-0.3204599999999999,1.95328,-0.79352,-0.602842695,0.75768849,0.18994092
1764505215.5761478,-0.3204599999999999,1.95328,-0.79352,-0.602842695,0.75768849,0.18994092
1764505215.5761478,-0.763,0.3815,-0.25942,-0.602598555,0.76476855,0.192077145
1764505215.5761478,-0.763,0.3815,-0.25942,-0.602598555,0.76476855,0.192077145
1764505215.5761478,-0.763,0.3815,-0.25942,-0.602598555,0.76476855,0.192077145
1764505215.5761478,-0.763,0.3815,-0.25942,-0.602598555,0.76476855,0.192077145
1764505215.5761478,-0.763,0.3815,-0.25942,-0.602598555,0.76476855,0.192077145
1764505215.5761478,-0.763,0.3815,-0.25942,-0.602598555,0.76476855,0.192077145
1764505215.6190076,-0.763,0.3815,-0.25942,-0.602598555,0.76476855,0.192077145
1764505215.6190076,-0.763,0.3815,-0.25942,-0.602598555,0.76476855,0.192077145
1764505215.6190076,-0.763,0.3815,-0.25942,-0.602598555,0.76476855,0.192077145
1764505215.6190076,-0.763,0.3815,-0.25942,-0.602598555,0.76476855,0.192077145
1764505215.6190076,-3.38772,0.10682,1.2208,-0.6005844,0.764341305,0.1916499
1764505215.6190076,-3.38772,0.10682,1.2208,-0.6005844,0.764341305,0.1916499
1764505215.6190076,-3.38772,0.10682,1.2208,-0.6005844,0.764341305,0.1916499
1764505215.6190076,-3.38772,0.10682,1.2208,-0.6005844,0.764341305,0.1916499
1764505215.6190076,-3.38772,0.10682,1.2208,-0.6005844,0.764341305,0.1916499
1764505215.6190076,-3.38772,0.10682,1.2208,-0.6005844,0.764341305,0.1916499
1764505215.6190076,-3.38772,0.10682,1.2208,-0.6005844,0.764341305,0.1916499
1764505215.6190076,-3.38772,0.10682,1.2208,-0.6005844,0.764341305,0.1916499
1764505215.6190076,-3.38772,0.10682,1.2208,-0.6005844,0.764341305,0.1916499
1764505215.6190076,-3.38772,0.10682,1.2208,-0.6005844,0.764341305,0.1916499
1764505215.6190076,-3.26564,0.0762999999999999,1.81594,-0.598448175,0.763242675,0.18884229
1764505215.6190076,-3.26564,0.0762999999999999,1.81594,-0.598448175,0.763242675,0.18884229
1764505215.6190076,-3.26564,0.0762999999999999,1.81594,-0.598448175,0.763242675,0.18884229
1764505215.6190076,-3.26564,0.0762999999999999,1.81594,-0.598448175,0.763242675,0.18884229
1764505215.6200154,-3.26564,0.0762999999999999,1.81594,-0.598448175,0.763242675,0.18884229
1764505215.6200154,-3.26564,0.0762999999999999,1.81594,-0.598448175,0.763242675,0.18884229
1764505215.6200154,-3.26564,0.0762999999999999,1.81594,-0.598448175,0.763242675,0.18884229
1764505215.6200154,-3.26564,0.0762999999999999,1.81594,-0.598448175,0.763242675,0.18884229
1764505215.6676965,-3.26564,0.0762999999999999,1.81594,-0.598448175,0.763242675,0.18884229
1764505215.6676965,-3.26564,0.0762999999999999,1.81594,-0.598448175,0.763242675,0.18884229
1764505215.6676965,-3.54032,0.39676,1.03768,-0.599180595,0.759580575,0.18762159
1764505215.6676965,-3.54032,0.39676,1.03768,-0.599180595,0.759580575,0.18762159
1764505215.6676965,-3.54032,0.39676,1.03768,-0.599180595,0.759580575,0.18762159
1764505215.6676965,-3.54032,0.39676,1.03768,-0.599180595,0.759580575,0.18762159
1764505215.6676965,-3.54032,0.39676,1.03768,-0.599180595,0.759580575,0.18762159
1764505215.6676965,-3.54032,0.39676,1.03768,-0.599180595,0.759580575,0.18762159
1764505215.6676965,-3.54032,0.39676,1.03768,-0.599180595,0.759580575,0.18762159
1764505215.6676965,-3.54032,0.39676,1.03768,-0.599180595,0.759580575,0.18762159
1764505215.668209,-3.54032,0.39676,1.03768,-0.599180595,0.759580575,0.18762159
1764505215.668209,-3.54032,0.39676,1.03768,-0.599180595,0.759580575,0.18762159
1764505215.668209,-3.86078,1.05294,-0.04578,-0.60034026,0.758359875,0.185851575
1764505215.668209,-3.86078,1.05294,-0.04578,-0.60034026,0.758359875,0.185851575
1764505215.668209,-3.86078,1.05294,-0.04578,-0.60034026,0.758359875,0.185851575
1764505215.668209,-3.86078,1.05294,-0.04578,-0.60034026,0.758359875,0.185851575
1764505215.668209,-3.86078,1.05294,-0.04578,-0.60034026,0.758359875,0.185851575
1764505215.668209,-3.86078,1.05294,-0.04578,-0.60034026,0.758359875,0.185851575
1764505215.668209,-3.86078,1.05294,-0.04578,-0.60034026,0.758359875,0.185851575
1764505215.668209,-3.86078,1.05294,-0.04578,-0.60034026,0.758359875,0.185851575
1764505215.668209,-3.86078,1.05294,-0.04578,-0.60034026,0.758359875,0.185851575
1764505215.668209,-3.86078,1.05294,-0.04578,-0.60034026,0.758359875,0.185851575
1764505215.668209,-0.97664,-0.5341,-0.0762999999999999,-0.601499925,0.760068855,0.18627882
1764505215.668209,-0.97664,-0.5341,-0.0762999999999999,-0.601499925,0.760068855,0.18627882
1764505215.7160635,-0.97664,-0.5341,-0.0762999999999999,-0.601499925,0.760068855,0.18627882
1764505215.7160635,-0.97664,-0.5341,-0.0762999999999999,-0.601499925,0.760068855,0.18627882
1764505215.7175748,-0.97664,-0.5341,-0.0762999999999999,-0.601499925,0.760068855,0.18627882
1764505215.7175748,-0.97664,-0.5341,-0.0762999999999999,-0.601499925,0.760068855,0.18627882
1764505215.7175748,-0.97664,-0.5341,-0.0762999999999999,-0.601499925,0.760068855,0.18627882
1764505215.7175748,-0.97664,-0.5341,-0.0762999999999999,-0.601499925,0.760068855,0.18627882
1764505215.7175748,-0.97664,-0.5341,-0.0762999999999999,-0.601499925,0.760068855,0.18627882
1764505215.7175748,-0.97664,-0.5341,-0.0762999999999999,-0.601499925,0.760068855,0.18627882
1764505215.7175748,0.3357199999999999,-1.17502,1.00716,-0.60131682,0.75854298,0.186583995
1764505215.7175748,0.3357199999999999,-1.17502,1.00716,-0.60131682,0.75854298,0.186583995
1764505215.7175748,0.3357199999999999,-1.17502,1.00716,-0.60131682,0.75854298,0.186583995
1764505215.718592,0.3357199999999999,-1.17502,1.00716,-0.60131682,0.75854298,0.186583995
1764505215.718592,0.3357199999999999,-1.17502,1.00716,-0.60131682,0.75854298,0.186583995
1764505215.718592,0.3357199999999999,-1.17502,1.00716,-0.60131682,0.75854298,0.186583995
1764505215.718592,0.3357199999999999,-1.17502,1.00716,-0.60131682,0.75854298,0.186583995
1764505215.718592,0.3357199999999999,-1.17502,1.00716,-0.60131682,0.75854298,0.186583995
1764505215.718592,0.3357199999999999,-1.17502,1.00716,-0.60131682,0.75854298,0.186583995
1764505215.718592,0.3357199999999999,-1.17502,1.00716,-0.60131682,0.75854298,0.186583995
1764505215.718592,0.3357199999999999,-1.89224,1.8006799999999998,-0.60095061,0.7555522650000001,0.18749952
1764505215.7195866,0.3357199999999999,-1.89224,1.8006799999999998,-0.60095061,0.7555522650000001,0.18749952
1764505215.7195866,0.3357199999999999,-1.89224,1.8006799999999998,-0.60095061,0.7555522650000001,0.18749952
1764505215.7195866,0.3357199999999999,-1.89224,1.8006799999999998,-0.60095061,0.7555522650000001,0.18749952
1764505215.7195866,0.3357199999999999,-1.89224,1.8006799999999998,-0.60095061,0.7555522650000001,0.18749952
1764505215.7195866,0.3357199999999999,-1.89224,1.8006799999999998,-0.60095061,0.7555522650000001,0.18749952
1764505215.7577095,0.3357199999999999,-1.89224,1.8006799999999998,-0.60095061,0.7555522650000001,0.18749952
1764505215.7577095,0.3357199999999999,-1.89224,1.8006799999999998,-0.60095061,0.7555522650000001,0.18749952
1764505215.7577095,0.3357199999999999,-1.89224,1.8006799999999998,-0.60095061,0.7555522650000001,0.18749952
1764505215.7577095,0.3357199999999999,-1.89224,1.8006799999999998,-0.60095061,0.7555522650000001,0.18749952
1764505215.7577095,-0.44254,-2.60946,2.8994,-0.60070647,0.760557135,0.185607435
1764505215.7577095,-0.44254,-2.60946,2.8994,-0.60070647,0.760557135,0.185607435
1764505215.7577095,-0.44254,-2.60946,2.8994,-0.60070647,0.760557135,0.185607435
1764505215.7577095,-0.44254,-2.60946,2.8994,-0.60070647,0.760557135,0.185607435
1764505215.759723,-0.44254,-2.60946,2.8994,-0.60070647,0.760557135,0.185607435
1764505215.759723,-0.44254,-2.60946,2.8994,-0.60070647,0.760557135,0.185607435
1764505215.759723,-0.44254,-2.60946,2.8994,-0.60070647,0.760557135,0.185607435
1764505215.759723,-0.44254,-2.60946,2.8994,-0.60070647,0.760557135,0.185607435
1764505215.759723,-0.44254,-2.60946,2.8994,-0.60070647,0.760557135,0.185607435
1764505215.759723,-0.44254,-2.60946,2.8994,-0.60070647,0.760557135,0.185607435
1764505215.759723,-2.30426,-2.62472,2.85362,-0.60095061,0.76672167,0.18652296
1764505215.759723,-2.30426,-2.62472,2.85362,-0.60095061,0.76672167,0.18652296
1764505215.759723,-2.30426,-2.62472,2.85362,-0.60095061,0.76672167,0.18652296
1764505215.759723,-2.30426,-2.62472,2.85362,-0.60095061,0.76672167,0.18652296
1764505215.759723,-2.30426,-2.62472,2.85362,-0.60095061,0.76672167,0.18652296
1764505215.759723,-2.30426,-2.62472,2.85362,-0.60095061,0.76672167,0.18652296
1764505215.759723,-2.30426,-2.62472,2.85362,-0.60095061,0.76672167,0.18652296
1764505215.759723,-2.30426,-2.62472,2.85362,-0.60095061,0.76672167,0.18652296
1764505215.8060217,-2.30426,-2.62472,2.85362,-0.60095061,0.76672167,0.18652296
1764505215.8060217,-2.30426,-2.62472,2.85362,-0.60095061,0.76672167,0.18652296
1764505215.8060217,-4.76112,-1.26658,1.51074,-0.60009612,0.764341305,0.18945264
1764505215.8060217,-4.76112,-1.26658,1.51074,-0.60009612,0.764341305,0.18945264
1764505215.8060217,-4.76112,-1.26658,1.51074,-0.60009612,0.764341305,0.18945264
1764505215.8060217,-4.76112,-1.26658,1.51074,-0.60009612,0.764341305,0.18945264
1764505215.8060217,-4.76112,-1.26658,1.51074,-0.60009612,0.764341305,0.18945264
1764505215.8060217,-4.76112,-1.26658,1.51074,-0.60009612,0.764341305,0.18945264
1764505215.8060217,-4.76112,-1.26658,1.51074,-0.60009612,0.764341305,0.18945264
1764505215.8060217,-4.76112,-1.26658,1.51074,-0.60009612,0.764341305,0.18945264
1764505215.8060217,-4.76112,-1.26658,1.51074,-0.60009612,0.764341305,0.18945264
1764505215.8060217,-4.76112,-1.26658,1.51074,-0.60009612,0.764341305,0.18945264
1764505215.8060217,-5.21892,1.526,0.5341,-0.60034026,0.759824715,0.18640089
1764505215.8060217,-5.21892,1.526,0.5341,-0.60034026,0.759824715,0.18640089
1764505215.8060217,-5.21892,1.526,0.5341,-0.60034026,0.759824715,0.18640089
1764505215.8060217,-5.21892,1.526,0.5341,-0.60034026,0.759824715,0.18640089
1764505215.8060217,-5.21892,1.526,0.5341,-0.60034026,0.759824715,0.18640089
1764505215.8060217,-5.21892,1.526,0.5341,-0.60034026,0.759824715,0.18640089
1764505215.8075707,-5.21892,1.526,0.5341,-0.60034026,0.759824715,0.18640089
1764505215.8075707,-5.21892,1.526,0.5341,-0.60034026,0.759824715,0.18640089
1764505215.8075707,-5.21892,1.526,0.5341,-0.60034026,0.759824715,0.18640089
1764505215.8075707,-5.21892,1.526,0.5341,-0.60034026,0.759824715,0.18640089
1764505215.8075707,-5.371519999999999,2.02958,-0.50358,-0.59972991,0.754331565,0.18456984
1764505215.8075707,-5.371519999999999,2.02958,-0.50358,-0.59972991,0.754331565,0.18456984
1764505215.8504288,-5.371519999999999,2.02958,-0.50358,-0.59972991,0.754331565,0.18456984
1764505215.8504288,-5.371519999999999,2.02958,-0.50358,-0.59972991,0.754331565,0.18456984
1764505215.8504288,-5.371519999999999,2.02958,-0.50358,-0.59972991,0.754331565,0.18456984
1764505215.8509352,-5.371519999999999,2.02958,-0.50358,-0.59972991,0.754331565,0.18456984
1764505215.8509352,-5.371519999999999,2.02958,-0.50358,-0.59972991,0.754331565,0.18456984
1764505215.8509352,-5.371519999999999,2.02958,-0.50358,-0.59972991,0.754331565,0.18456984
1764505215.8509352,-5.371519999999999,2.02958,-0.50358,-0.59972991,0.754331565,0.18456984
1764505215.8509352,-5.371519999999999,2.02958,-0.50358,-0.59972991,0.754331565,0.18456984
1764505215.8509352,-2.8231,0.763,-0.06104,-0.60021819,0.75048636,0.1855464
1764505215.8509352,-2.8231,0.763,-0.06104,-0.60021819,0.75048636,0.1855464
1764505215.8509352,-2.8231,0.763,-0.06104,-0.60021819,0.75048636,0.1855464
1764505215.8509352,-2.8231,0.763,-0.06104,-0.60021819,0.75048636,0.1855464
1764505215.8509352,-2.8231,0.763,-0.06104,-0.60021819,0.75048636,0.1855464
1764505215.8509352,-2.8231,0.763,-0.06104,-0.60021819,0.75048636,0.1855464
1764505215.8509352,-2.8231,0.763,-0.06104,-0.60021819,0.75048636,0.1855464
1764505215.8509352,-2.8231,0.763,-0.06104,-0.60021819,0.75048636,0.1855464
1764505215.8509352,-2.8231,0.763,-0.06104,-0.60021819,0.75048636,0.1855464
1764505215.8509352,-2.8231,0.763,-0.06104,-0.60021819,0.75048636,0.1855464
1764505215.8509352,0.19838,-0.01526,1.31236,-0.5988143850000001,0.75146292,0.184386735
1764505215.8509352,0.19838,-0.01526,1.31236,-0.5988143850000001,0.75146292,0.184386735
1764505215.8509352,0.19838,-0.01526,1.31236,-0.5988143850000001,0.75146292,0.184386735
1764505215.8509352,0.19838,-0.01526,1.31236,-0.5988143850000001,0.75146292,0.184386735
1764505215.8509352,0.19838,-0.01526,1.31236,-0.5988143850000001,0.75146292,0.184386735
1764505215.8509352,0.19838,-0.01526,1.31236,-0.5988143850000001,0.75146292,0.184386735
1764505215.8998964,0.19838,-0.01526,1.31236,-0.5988143850000001,0.75146292,0.184386735
1764505215.9014792,0.19838,-0.01526,1.31236,-0.5988143850000001,0.75146292,0.184386735
1764505215.9014792,0.19838,-0.01526,1.31236,-0.5988143850000001,0.75146292,0.184386735
1764505215.9014792,0.19838,-0.01526,1.31236,-0.5988143850000001,0.75146292,0.184386735
1764505215.9014792,0.94612,-0.82404,2.4416,-0.598692315,0.75390432,0.183654315
1764505215.9014792,0.94612,-0.82404,2.4416,-0.598692315,0.75390432,0.183654315
1764505215.9014792,0.94612,-0.82404,2.4416,-0.598692315,0.75390432,0.183654315
1764505215.9014792,0.94612,-0.82404,2.4416,-0.598692315,0.75390432,0.183654315
1764505215.9014792,0.94612,-0.82404,2.4416,-0.598692315,0.75390432,0.183654315
1764505215.903038,0.94612,-0.82404,2.4416,-0.598692315,0.75390432,0.183654315
1764505215.903038,0.94612,-0.82404,2.4416,-0.598692315,0.75390432,0.183654315
1764505215.903038,0.94612,-0.82404,2.4416,-0.598692315,0.75390432,0.183654315
1764505215.903038,0.94612,-0.82404,2.4416,-0.598692315,0.75390432,0.183654315
1764505215.903038,0.94612,-0.82404,2.4416,-0.598692315,0.75390432,0.183654315
1764505215.903038,0.28994,1.34288,3.00622,-0.599180595,0.7555522650000001,0.18127395
1764505215.903038,0.28994,1.34288,3.00622,-0.599180595,0.7555522650000001,0.18127395
1764505215.903038,0.28994,1.34288,3.00622,-0.599180595,0.7555522650000001,0.18127395
1764505215.903038,0.28994,1.34288,3.00622,-0.599180595,0.7555522650000001,0.18127395
1764505215.903038,0.28994,1.34288,3.00622,-0.599180595,0.7555522650000001,0.18127395
1764505215.903038,0.28994,1.34288,3.00622,-0.599180595,0.7555522650000001,0.18127395
1764505215.903038,0.28994,1.34288,3.00622,-0.599180595,0.7555522650000001,0.18127395
1764505215.903038,0.28994,1.34288,3.00622,-0.599180595,0.7555522650000001,0.18127395
1764505215.945099,0.28994,1.34288,3.00622,-0.599180595,0.7555522650000001,0.18127395
1764505215.945099,0.28994,1.34288,3.00622,-0.599180595,0.7555522650000001,0.18127395
1764505215.946098,-0.13734,2.25848,1.64808,-0.5998519800000001,0.757017105,0.17895462
1764505215.946098,-0.13734,2.25848,1.64808,-0.5998519800000001,0.757017105,0.17895462
1764505215.946098,-0.13734,2.25848,1.64808,-0.5998519800000001,0.757017105,0.17895462
1764505215.946098,-0.13734,2.25848,1.64808,-0.5998519800000001,0.757017105,0.17895462
1764505215.946098,-0.13734,2.25848,1.64808,-0.5998519800000001,0.757017105,0.17895462
1764505215.946098,-0.13734,2.25848,1.64808,-0.5998519800000001,0.757017105,0.17895462
1764505215.946098,-0.13734,2.25848,1.64808,-0.5998519800000001,0.757017105,0.17895462
1764505215.946098,-0.13734,2.25848,1.64808,-0.5998519800000001,0.757017105,0.17895462
1764505215.946098,-0.13734,2.25848,1.64808,-0.5998519800000001,0.757017105,0.17895462
1764505215.946098,-0.13734,2.25848,1.64808,-0.5998519800000001,0.757017105,0.17895462
1764505215.946098,-0.94612,2.12114,0.24416,-0.60082854,0.757505385,0.180480495
1764505215.946098,-0.94612,2.12114,0.24416,-0.60082854,0.757505385,0.180480495
1764505215.946098,-0.94612,2.12114,0.24416,-0.60082854,0.757505385,0.180480495
1764505215.946098,-0.94612,2.12114,0.24416,-0.60082854,0.757505385,0.180480495
1764505215.946098,-0.94612,2.12114,0.24416,-0.60082854,0.757505385,0.180480495
1764505215.946098,-0.94612,2.12114,0.24416,-0.60082854,0.757505385,0.180480495
1764505215.946098,-0.94612,2.12114,0.24416,-0.60082854,0.757505385,0.180480495
1764505215.946098,-0.94612,2.12114,0.24416,-0.60082854,0.757505385,0.180480495
1764505215.9937406,-0.94612,2.12114,0.24416,-0.60082854,0.757505385,0.180480495
1764505215.9937406,-0.94612,2.12114,0.24416,-0.60082854,0.757505385,0.180480495
1764505215.9937406,-2.07536,2.04484,0.0,-0.600767505,0.76061817,0.182189475
1764505215.9937406,-2.07536,2.04484,0.0,-0.600767505,0.76061817,0.182189475
1764505215.9937406,-2.07536,2.04484,0.0,-0.600767505,0.76061817,0.182189475
1764505215.9937406,-2.07536,2.04484,0.0,-0.600767505,0.76061817,0.182189475
1764505215.994759,-2.07536,2.04484,0.0,-0.600767505,0.76061817,0.182189475
1764505215.994759,-2.07536,2.04484,0.0,-0.600767505,0.76061817,0.182189475
1764505216.0380378,-2.07536,2.04484,0.0,-0.600767505,0.76061817,0.182189475
1764505216.0380378,-2.07536,2.04484,0.0,-0.600767505,0.76061817,0.182189475
1764505216.0380378,-2.07536,2.04484,0.0,-0.600767505,0.76061817,0.182189475
1764505216.0380378,-2.07536,2.04484,0.0,-0.600767505,0.76061817,0.182189475
1764505216.0380378,-4.577999999999999,2.94518,-0.1678599999999999,-0.598570245,0.762388185,0.18237258
1764505216.0380378,-4.577999999999999,2.94518,-0.1678599999999999,-0.598570245,0.762388185,0.18237258
1764505216.0380378,-4.577999999999999,2.94518,-0.1678599999999999,-0.598570245,0.762388185,0.18237258
1764505216.0380378,-4.577999999999999,2.94518,-0.1678599999999999,-0.598570245,0.762388185,0.18237258
1764505216.0380378,-4.577999999999999,2.94518,-0.1678599999999999,-0.598570245,0.762388185,0.18237258
1764505216.0380378,-4.577999999999999,2.94518,-0.1678599999999999,-0.598570245,0.762388185,0.18237258
1764505216.0380378,-4.577999999999999,2.94518,-0.1678599999999999,-0.598570245,0.762388185,0.18237258
1764505216.0380378,-4.577999999999999,2.94518,-0.1678599999999999,-0.598570245,0.762388185,0.18237258
1764505216.0380378,-4.577999999999999,2.94518,-0.1678599999999999,-0.598570245,0.762388185,0.18237258
1764505216.0380378,-4.577999999999999,2.94518,-0.1678599999999999,-0.598570245,0.762388185,0.18237258
1764505216.0380378,-6.28712,3.52506,0.03052,-0.5969223,0.762388185,0.18395949
1764505216.0390503,-6.28712,3.52506,0.03052,-0.5969223,0.762388185,0.18395949
1764505216.0390503,-6.28712,3.52506,0.03052,-0.5969223,0.762388185,0.18395949
1764505216.0390503,-6.28712,3.52506,0.03052,-0.5969223,0.762388185,0.18395949
1764505216.0390503,-6.28712,3.52506,0.03052,-0.5969223,0.762388185,0.18395949
1764505216.0390503,-6.28712,3.52506,0.03052,-0.5969223,0.762388185,0.18395949
1764505216.0390503,-6.28712,3.52506,0.03052,-0.5969223,0.762388185,0.18395949
1764505216.0390503,-6.28712,3.52506,0.03052,-0.5969223,0.762388185,0.18395949
1764505216.0390503,-6.28712,3.52506,0.03052,-0.5969223,0.762388185,0.18395949
1764505216.0390503,-6.28712,3.52506,0.03052,-0.5969223,0.762388185,0.18395949
1764505216.0390503,-6.77544,3.26564,-1.08346,-0.597593685,0.760435065,0.185851575
1764505216.0390503,-6.77544,3.26564,-1.08346,-0.597593685,0.760435065,0.185851575
1764505216.0390503,-6.77544,3.26564,-1.08346,-0.597593685,0.760435065,0.185851575
1764505216.0390503,-6.77544,3.26564,-1.08346,-0.597593685,0.760435065,0.185851575
1764505216.0390503,-6.77544,3.26564,-1.08346,-0.597593685,0.760435065,0.185851575
1764505216.0390503,-6.77544,3.26564,-1.08346,-0.597593685,0.760435065,0.185851575
1764505216.0390503,-6.77544,3.26564,-1.08346,-0.597593685,0.760435065,0.185851575
1764505216.0390503,-6.77544,3.26564,-1.08346,-0.597593685,0.760435065,0.185851575
1764505216.0390503,-6.77544,3.26564,-1.08346,-0.597593685,0.760435065,0.185851575
1764505216.0390503,-6.77544,3.26564,-1.08346,-0.597593685,0.760435065,0.185851575
1764505216.0390503,-6.62284,1.99906,-0.71722,-0.5988143850000001,0.76061817,0.184142595
1764505216.0390503,-6.62284,1.99906,-0.71722,-0.5988143850000001,0.76061817,0.184142595
1764505216.0390503,-6.62284,1.99906,-0.71722,-0.5988143850000001,0.76061817,0.184142595
1764505216.0390503,-6.62284,1.99906,-0.71722,-0.5988143850000001,0.76061817,0.184142595
1764505216.0390503,-6.62284,1.99906,-0.71722,-0.5988143850000001,0.76061817,0.184142595
1764505216.0390503,-6.62284,1.99906,-0.71722,-0.5988143850000001,0.76061817,0.184142595
1764505216.0390503,-6.62284,1.99906,-0.71722,-0.5988143850000001,0.76061817,0.184142595
1764505216.0390503,-6.62284,1.99906,-0.71722,-0.5988143850000001,0.76061817,0.184142595
1764505216.0879688,-6.62284,1.99906,-0.71722,-0.5988143850000001,0.76061817,0.184142595
1764505216.0879688,-6.62284,1.99906,-0.71722,-0.5988143850000001,0.76061817,0.184142595
1764505216.0879688,-6.867,2.30426,-1.3734,-0.60009612,0.76061817,0.18371535
1764505216.0879688,-6.867,2.30426,-1.3734,-0.60009612,0.76061817,0.18371535
1764505216.0879688,-6.867,2.30426,-1.3734,-0.60009612,0.76061817,0.18371535
1764505216.0879688,-6.867,2.30426,-1.3734,-0.60009612,0.76061817,0.18371535
1764505216.0879688,-6.867,2.30426,-1.3734,-0.60009612,0.76061817,0.18371535
1764505216.0879688,-6.867,2.30426,-1.3734,-0.60009612,0.76061817,0.18371535
1764505216.0879688,-6.867,2.30426,-1.3734,-0.60009612,0.76061817,0.18371535
1764505216.0879688,-6.867,2.30426,-1.3734,-0.60009612,0.76061817,0.18371535
1764505216.0879688,-6.867,2.30426,-1.3734,-0.60009612,0.76061817,0.18371535
1764505216.0879688,-6.867,2.30426,-1.3734,-0.60009612,0.76061817,0.18371535
1764505216.0879688,-6.271859999999999,2.3653,-0.36624,-0.602232345,0.7602519600000001,0.18444777
1764505216.0879688,-6.271859999999999,2.3653,-0.36624,-0.602232345,0.7602519600000001,0.18444777
1764505216.0879688,-6.271859999999999,2.3653,-0.36624,-0.602232345,0.7602519600000001,0.18444777
1764505216.0879688,-6.271859999999999,2.3653,-0.36624,-0.602232345,0.7602519600000001,0.18444777
1764505216.0879688,-6.271859999999999,2.3653,-0.36624,-0.602232345,0.7602519600000001,0.18444777
1764505216.0879688,-6.271859999999999,2.3653,-0.36624,-0.602232345,0.7602519600000001,0.18444777
1764505216.0879688,-6.271859999999999,2.3653,-0.36624,-0.602232345,0.7602519600000001,0.18444777
1764505216.0879688,-6.271859999999999,2.3653,-0.36624,-0.602232345,0.7602519600000001,0.18444777
1764505216.0879688,-6.271859999999999,2.3653,-0.36624,-0.602232345,0.7602519600000001,0.18444777
1764505216.0879688,-6.271859999999999,2.3653,-0.36624,-0.602232345,0.7602519600000001,0.18444777
1764505216.0879688,-6.24134,1.87698,-0.0762999999999999,-0.602964765,0.760923345,0.184142595
1764505216.0879688,-6.24134,1.87698,-0.0762999999999999,-0.602964765,0.760923345,0.184142595
1764505216.132075,-6.24134,1.87698,-0.0762999999999999,-0.602964765,0.760923345,0.184142595
1764505216.132075,-6.24134,1.87698,-0.0762999999999999,-0.602964765,0.760923345,0.184142595
1764505216.132075,-6.24134,1.87698,-0.0762999999999999,-0.602964765,0.760923345,0.184142595
1764505216.132075,-6.24134,1.87698,-0.0762999999999999,-0.602964765,0.760923345,0.184142595
1764505216.132075,-6.24134,1.87698,-0.0762999999999999,-0.602964765,0.760923345,0.184142595
1764505216.132075,-6.24134,1.87698,-0.0762999999999999,-0.602964765,0.760923345,0.184142595
1764505216.132075,-6.24134,1.87698,-0.0762999999999999,-0.602964765,0.760923345,0.184142595
1764505216.132075,-6.24134,1.87698,-0.0762999999999999,-0.602964765,0.760923345,0.184142595
1764505216.132075,-5.70724,0.79352,-0.19838,-0.60204924,0.7604961,0.18359328
1764505216.132075,-5.70724,0.79352,-0.19838,-0.60204924,0.7604961,0.18359328
1764505216.132075,-5.70724,0.79352,-0.19838,-0.60204924,0.7604961,0.18359328
1764505216.132075,-5.70724,0.79352,-0.19838,-0.60204924,0.7604961,0.18359328
1764505216.132075,-5.70724,0.79352,-0.19838,-0.60204924,0.7604961,0.18359328
1764505216.132075,-5.70724,0.79352,-0.19838,-0.60204924,0.7604961,0.18359328
1764505216.132075,-5.70724,0.79352,-0.19838,-0.60204924,0.7604961,0.18359328
1764505216.132075,-5.70724,0.79352,-0.19838,-0.60204924,0.7604961,0.18359328
1764505216.132075,-5.70724,0.79352,-0.19838,-0.60204924,0.7604961,0.18359328
1764505216.132075,-5.70724,0.79352,-0.19838,-0.60204924,0.7604961,0.18359328
1764505216.1330736,-4.63904,0.8392999999999999,-0.3204599999999999,-0.60070647,0.760435065,0.183410175
1764505216.1330736,-4.63904,0.8392999999999999,-0.3204599999999999,-0.60070647,0.760435065,0.183410175
1764505216.1330736,-4.63904,0.8392999999999999,-0.3204599999999999,-0.60070647,0.760435065,0.183410175
1764505216.1330736,-4.63904,0.8392999999999999,-0.3204599999999999,-0.60070647,0.760435065,0.183410175
1764505216.1330736,-4.63904,0.8392999999999999,-0.3204599999999999,-0.60070647,0.760435065,0.183410175
1764505216.1330736,-4.63904,0.8392999999999999,-0.3204599999999999,-0.60070647,0.760435065,0.183410175
1764505216.177835,-4.63904,0.8392999999999999,-0.3204599999999999,-0.60070647,0.760435065,0.183410175
1764505216.177835,-4.63904,0.8392999999999999,-0.3204599999999999,-0.60070647,0.760435065,0.183410175
1764505216.177835,-4.63904,0.8392999999999999,-0.3204599999999999,-0.60070647,0.760435065,0.183410175
1764505216.177835,-4.63904,0.8392999999999999,-0.3204599999999999,-0.60070647,0.760435065,0.183410175
1764505216.178372,-5.31048,2.60946,0.12208,-0.598692315,0.760068855,0.183288105
1764505216.178372,-5.31048,2.60946,0.12208,-0.598692315,0.760068855,0.183288105
1764505216.178372,-5.31048,2.60946,0.12208,-0.598692315,0.760068855,0.183288105
1764505216.178372,-5.31048,2.60946,0.12208,-0.598692315,0.760068855,0.183288105
1764505216.1793864,-5.31048,2.60946,0.12208,-0.598692315,0.760068855,0.183288105
1764505216.1793864,-5.31048,2.60946,0.12208,-0.598692315,0.760068855,0.183288105
1764505216.1793864,-5.31048,2.60946,0.12208,-0.598692315,0.760068855,0.183288105
1764505216.1793864,-5.31048,2.60946,0.12208,-0.598692315,0.760068855,0.183288105
1764505216.1793864,-5.31048,2.60946,0.12208,-0.598692315,0.760068855,0.183288105
1764505216.1793864,-5.31048,2.60946,0.12208,-0.598692315,0.760068855,0.183288105
1764505216.1793864,-4.47118,2.24322,-0.4578,-0.598081965,0.75732228,0.183105
1764505216.1793864,-4.47118,2.24322,-0.4578,-0.598081965,0.75732228,0.183105
1764505216.1803827,-4.47118,2.24322,-0.4578,-0.598081965,0.75732228,0.183105
1764505216.1803827,-4.47118,2.24322,-0.4578,-0.598081965,0.75732228,0.183105
1764505216.1803827,-4.47118,2.24322,-0.4578,-0.598081965,0.75732228,0.183105
1764505216.1813798,-4.47118,2.24322,-0.4578,-0.598081965,0.75732228,0.183105
1764505216.1813798,-4.47118,2.24322,-0.4578,-0.598081965,0.75732228,0.183105
1764505216.1813798,-4.47118,2.24322,-0.4578,-0.598081965,0.75732228,0.183105
1764505216.2229297,-4.47118,2.24322,-0.4578,-0.598081965,0.75732228,0.183105
1764505216.2229297,-4.47118,2.24322,-0.4578,-0.598081965,0.75732228,0.183105
1764505216.2229297,-4.02864,1.17502,0.28994,-0.60095061,0.7556133,0.18164016
1764505216.2229297,-4.02864,1.17502,0.28994,-0.60095061,0.7556133,0.18164016
1764505216.2229297,-4.02864,1.17502,0.28994,-0.60095061,0.7556133,0.18164016
1764505216.2229297,-4.02864,1.17502,0.28994,-0.60095061,0.7556133,0.18164016
1764505216.2229297,-4.02864,1.17502,0.28994,-0.60095061,0.7556133,0.18164016
1764505216.2229297,-4.02864,1.17502,0.28994,-0.60095061,0.7556133,0.18164016
1764505216.2229297,-4.02864,1.17502,0.28994,-0.60095061,0.7556133,0.18164016
1764505216.2229297,-4.02864,1.17502,0.28994,-0.60095061,0.7556133,0.18164016
1764505216.224497,-4.02864,1.17502,0.28994,-0.60095061,0.7556133,0.18164016
1764505216.224497,-4.02864,1.17502,0.28994,-0.60095061,0.7556133,0.18164016
1764505216.224497,-2.39582,0.12208,0.8087799999999999,-0.60278166,0.7550029500000001,0.180358425
1764505216.224497,-2.39582,0.12208,0.8087799999999999,-0.60278166,0.7550029500000001,0.180358425
1764505216.224497,-2.39582,0.12208,0.8087799999999999,-0.60278166,0.7550029500000001,0.180358425
1764505216.224497,-2.39582,0.12208,0.8087799999999999,-0.60278166,0.7550029500000001,0.180358425
1764505216.224497,-2.39582,0.12208,0.8087799999999999,-0.60278166,0.7550029500000001,0.180358425
1764505216.224497,-2.39582,0.12208,0.8087799999999999,-0.60278166,0.7550029500000001,0.180358425
1764505216.224497,-2.39582,0.12208,0.8087799999999999,-0.60278166,0.7550029500000001,0.180358425
1764505216.224497,-2.39582,0.12208,0.8087799999999999,-0.60278166,0.7550029500000001,0.180358425
1764505216.224497,-2.39582,0.12208,0.8087799999999999,-0.60278166,0.7550029500000001,0.180358425
1764505216.224497,-2.39582,0.12208,0.8087799999999999,-0.60278166,0.7550029500000001,0.180358425
1764505216.224497,-2.22796,1.4497,-0.7019599999999999,-0.60009612,0.7539653550000001,0.18054153
1764505216.224497,-2.22796,1.4497,-0.7019599999999999,-0.60009612,0.7539653550000001,0.18054153
1764505216.2730148,-2.22796,1.4497,-0.7019599999999999,-0.60009612,0.7539653550000001,0.18054153
1764505216.2730148,-2.22796,1.4497,-0.7019599999999999,-0.60009612,0.7539653550000001,0.18054153
1764505216.2730148,-2.22796,1.4497,-0.7019599999999999,-0.60009612,0.7539653550000001,0.18054153
1764505216.2730148,-2.22796,1.4497,-0.7019599999999999,-0.60009612,0.7539653550000001,0.18054153
1764505216.2730148,-2.22796,1.4497,-0.7019599999999999,-0.60009612,0.7539653550000001,0.18054153
1764505216.2730148,-2.22796,1.4497,-0.7019599999999999,-0.60009612,0.7539653550000001,0.18054153
1764505216.2730148,-2.22796,1.4497,-0.7019599999999999,-0.60009612,0.7539653550000001,0.18054153
1764505216.2730148,-2.22796,1.4497,-0.7019599999999999,-0.60009612,0.7539653550000001,0.18054153
1764505216.2730148,-2.18218,4.24228,-0.4578,-0.598570245,0.754331565,0.18102981
1764505216.2730148,-2.18218,4.24228,-0.4578,-0.598570245,0.754331565,0.18102981
1764505216.2730148,-2.18218,4.24228,-0.4578,-0.598570245,0.754331565,0.18102981
1764505216.2730148,-2.18218,4.24228,-0.4578,-0.598570245,0.754331565,0.18102981
1764505216.2730148,-2.18218,4.24228,-0.4578,-0.598570245,0.754331565,0.18102981
1764505216.2730148,-2.18218,4.24228,-0.4578,-0.598570245,0.754331565,0.18102981
1764505216.2730148,-2.18218,4.24228,-0.4578,-0.598570245,0.754331565,0.18102981
1764505216.2730148,-2.18218,4.24228,-0.4578,-0.598570245,0.754331565,0.18102981
1764505216.2730148,-2.18218,4.24228,-0.4578,-0.598570245,0.754331565,0.18102981
1764505216.2730148,-2.18218,4.24228,-0.4578,-0.598570245,0.754331565,0.18102981
1764505216.2730148,-1.77016,2.10588,-0.77826,-0.60082854,0.756772965,0.181457055
1764505216.2730148,-1.77016,2.10588,-0.77826,-0.60082854,0.756772965,0.181457055
1764505216.2730148,-1.77016,2.10588,-0.77826,-0.60082854,0.756772965,0.181457055
1764505216.2730148,-1.77016,2.10588,-0.77826,-0.60082854,0.756772965,0.181457055
1764505216.319511,-1.77016,2.10588,-0.77826,-0.60082854,0.756772965,0.181457055
1764505216.3200233,-1.77016,2.10588,-0.77826,-0.60082854,0.756772965,0.181457055
1764505216.3200233,-1.77016,2.10588,-0.77826,-0.60082854,0.756772965,0.181457055
1764505216.3200233,-1.77016,2.10588,-0.77826,-0.60082854,0.756772965,0.181457055
1764505216.3200233,-1.77016,2.10588,-0.77826,-0.60082854,0.756772965,0.181457055
1764505216.3200233,-1.77016,2.10588,-0.77826,-0.60082854,0.756772965,0.181457055
1764505216.3200233,-2.94518,0.54936,-0.44254,-0.601866135,0.757139175,0.18212844
1764505216.3200233,-2.94518,0.54936,-0.44254,-0.601866135,0.757139175,0.18212844
1764505216.3200233,-2.94518,0.54936,-0.44254,-0.601866135,0.757139175,0.18212844
1764505216.3200233,-2.94518,0.54936,-0.44254,-0.601866135,0.757139175,0.18212844
1764505216.3200233,-2.94518,0.54936,-0.44254,-0.601866135,0.757139175,0.18212844
1764505216.3200233,-2.94518,0.54936,-0.44254,-0.601866135,0.757139175,0.18212844
1764505216.3200233,-2.94518,0.54936,-0.44254,-0.601866135,0.757139175,0.18212844
1764505216.3200233,-2.94518,0.54936,-0.44254,-0.601866135,0.757139175,0.18212844
1764505216.3200233,-2.94518,0.54936,-0.44254,-0.601866135,0.757139175,0.18212844
1764505216.3200233,-2.94518,0.54936,-0.44254,-0.601866135,0.757139175,0.18212844
1764505216.3200233,-3.60136,1.87698,0.1678599999999999,-0.60119475,0.7570781400000001,0.18102981
1764505216.3200233,-3.60136,1.87698,0.1678599999999999,-0.60119475,0.7570781400000001,0.18102981
1764505216.3200233,-3.60136,1.87698,0.1678599999999999,-0.60119475,0.7570781400000001,0.18102981
1764505216.3200233,-3.60136,1.87698,0.1678599999999999,-0.60119475,0.7570781400000001,0.18102981
1764505216.3200233,-3.60136,1.87698,0.1678599999999999,-0.60119475,0.7570781400000001,0.18102981
1764505216.3200233,-3.60136,1.87698,0.1678599999999999,-0.60119475,0.7570781400000001,0.18102981
1764505216.3200233,-3.60136,1.87698,0.1678599999999999,-0.60119475,0.7570781400000001,0.18102981
1764505216.3200233,-3.60136,1.87698,0.1678599999999999,-0.60119475,0.7570781400000001,0.18102981
1764505216.3663442,-3.60136,1.87698,0.1678599999999999,-0.60119475,0.7570781400000001,0.18102981
1764505216.3670084,-3.60136,1.87698,0.1678599999999999,-0.60119475,0.7570781400000001,0.18102981
1764505216.3670084,-5.38678,2.83836,0.50358,-0.60095061,0.758115735,0.182067405
1764505216.3670084,-5.38678,2.83836,0.50358,-0.60095061,0.758115735,0.182067405
1764505216.3675194,-5.38678,2.83836,0.50358,-0.60095061,0.758115735,0.182067405
1764505216.3675194,-5.38678,2.83836,0.50358,-0.60095061,0.758115735,0.182067405
1764505216.3675194,-5.38678,2.83836,0.50358,-0.60095061,0.758115735,0.182067405
1764505216.3675194,-5.38678,2.83836,0.50358,-0.60095061,0.758115735,0.182067405
1764505216.3685322,-5.38678,2.83836,0.50358,-0.60095061,0.758115735,0.182067405
1764505216.3685322,-5.38678,2.83836,0.50358,-0.60095061,0.758115735,0.182067405
1764505216.3695316,-5.38678,2.83836,0.50358,-0.60095061,0.758115735,0.182067405
1764505216.3695316,-5.38678,2.83836,0.50358,-0.60095061,0.758115735,0.182067405
1764505216.3695316,-7.27902,2.289,-1.35814,-0.602720625,0.75939747,0.18273879
1764505216.3695316,-7.27902,2.289,-1.35814,-0.602720625,0.75939747,0.18273879
1764505216.3710442,-7.27902,2.289,-1.35814,-0.602720625,0.75939747,0.18273879
1764505216.3710442,-7.27902,2.289,-1.35814,-0.602720625,0.75939747,0.18273879
1764505216.3710442,-7.27902,2.289,-1.35814,-0.602720625,0.75939747,0.18273879
1764505216.3710442,-7.27902,2.289,-1.35814,-0.602720625,0.75939747,0.18273879
1764505216.372055,-7.27902,2.289,-1.35814,-0.602720625,0.75939747,0.18273879
1764505216.372055,-7.27902,2.289,-1.35814,-0.602720625,0.75939747,0.18273879
1764505216.372055,-7.27902,2.289,-1.35814,-0.602720625,0.75939747,0.18273879
1764505216.372055,-7.27902,2.289,-1.35814,-0.602720625,0.75939747,0.18273879
1764505216.3730524,-6.88226,2.96044,-1.41918,-0.60363615,0.75878712,0.182921895
1764505216.3730524,-6.88226,2.96044,-1.41918,-0.60363615,0.75878712,0.182921895
1764505216.4157257,-6.88226,2.96044,-1.41918,-0.60363615,0.75878712,0.182921895
1764505216.4157257,-6.88226,2.96044,-1.41918,-0.60363615,0.75878712,0.182921895
1764505216.4157257,-6.88226,2.96044,-1.41918,-0.60363615,0.75878712,0.182921895
1764505216.4157257,-6.88226,2.96044,-1.41918,-0.60363615,0.75878712,0.182921895
1764505216.4157257,-6.88226,2.96044,-1.41918,-0.60363615,0.75878712,0.182921895
1764505216.4157257,-6.88226,2.96044,-1.41918,-0.60363615,0.75878712,0.182921895
1764505216.4157257,-6.88226,2.96044,-1.41918,-0.60363615,0.75878712,0.182921895
1764505216.4157257,-6.88226,2.96044,-1.41918,-0.60363615,0.75878712,0.182921895
1764505216.4157257,-4.47118,2.80784,-1.19028,-0.60449064,0.757993665,0.18298293
1764505216.4157257,-4.47118,2.80784,-1.19028,-0.60449064,0.757993665,0.18298293
1764505216.4157257,-4.47118,2.80784,-1.19028,-0.60449064,0.757993665,0.18298293
1764505216.4157257,-4.47118,2.80784,-1.19028,-0.60449064,0.757993665,0.18298293
1764505216.4157257,-4.47118,2.80784,-1.19028,-0.60449064,0.757993665,0.18298293
1764505216.4172516,-4.47118,2.80784,-1.19028,-0.60449064,0.757993665,0.18298293
1764505216.4172516,-4.47118,2.80784,-1.19028,-0.60449064,0.757993665,0.18298293
1764505216.4172516,-4.47118,2.80784,-1.19028,-0.60449064,0.757993665,0.18298293
1764505216.4172516,-4.47118,2.80784,-1.19028,-0.60449064,0.757993665,0.18298293
1764505216.4172516,-4.47118,2.80784,-1.19028,-0.60449064,0.757993665,0.18298293
1764505216.4172516,-3.02148,1.26658,-1.54126,-0.603086835,0.75622365,0.182555685
1764505216.4172516,-3.02148,1.26658,-1.54126,-0.603086835,0.75622365,0.182555685
1764505216.4172516,-3.02148,1.26658,-1.54126,-0.603086835,0.75622365,0.182555685
1764505216.4172516,-3.02148,1.26658,-1.54126,-0.603086835,0.75622365,0.182555685
1764505216.4172516,-3.02148,1.26658,-1.54126,-0.603086835,0.75622365,0.182555685
1764505216.4172516,-3.02148,1.26658,-1.54126,-0.603086835,0.75622365,0.182555685
1764505216.46288,-3.02148,1.26658,-1.54126,-0.603086835,0.75622365,0.182555685
1764505216.46288,-3.02148,1.26658,-1.54126,-0.603086835,0.75622365,0.182555685
1764505216.46288,-3.02148,1.26658,-1.54126,-0.603086835,0.75622365,0.182555685
1764505216.4638755,-3.02148,1.26658,-1.54126,-0.603086835,0.75622365,0.182555685
1764505216.4638755,-4.3491,2.18218,-1.41918,-0.6018051,0.756162615,0.1818843
1764505216.4638755,-4.3491,2.18218,-1.41918,-0.6018051,0.756162615,0.1818843
1764505216.4648774,-4.3491,2.18218,-1.41918,-0.6018051,0.756162615,0.1818843
1764505216.4648774,-4.3491,2.18218,-1.41918,-0.6018051,0.756162615,0.1818843
1764505216.4648774,-4.3491,2.18218,-1.41918,-0.6018051,0.756162615,0.1818843
1764505216.4648774,-4.3491,2.18218,-1.41918,-0.6018051,0.756162615,0.1818843
1764505216.4648774,-4.3491,2.18218,-1.41918,-0.6018051,0.756162615,0.1818843
1764505216.4648774,-4.3491,2.18218,-1.41918,-0.6018051,0.756162615,0.1818843
1764505216.4648774,-4.3491,2.18218,-1.41918,-0.6018051,0.756162615,0.1818843
1764505216.4648774,-4.3491,2.18218,-1.41918,-0.6018051,0.756162615,0.1818843
1764505216.4648774,-3.76922,2.19744,-0.6714399999999999,-0.60326994,0.7586650500000001,0.18261672
1764505216.4648774,-3.76922,2.19744,-0.6714399999999999,-0.60326994,0.7586650500000001,0.18261672
1764505216.4648774,-3.76922,2.19744,-0.6714399999999999,-0.60326994,0.7586650500000001,0.18261672
1764505216.4648774,-3.76922,2.19744,-0.6714399999999999,-0.60326994,0.7586650500000001,0.18261672
1764505216.4648774,-3.76922,2.19744,-0.6714399999999999,-0.60326994,0.7586650500000001,0.18261672
1764505216.4648774,-3.76922,2.19744,-0.6714399999999999,-0.60326994,0.7586650500000001,0.18261672
1764505216.4648774,-3.76922,2.19744,-0.6714399999999999,-0.60326994,0.7586650500000001,0.18261672
1764505216.4648774,-3.76922,2.19744,-0.6714399999999999,-0.60326994,0.7586650500000001,0.18261672
1764505216.465892,-3.76922,2.19744,-0.6714399999999999,-0.60326994,0.7586650500000001,0.18261672
1764505216.465892,-3.76922,2.19744,-0.6714399999999999,-0.60326994,0.7586650500000001,0.18261672
1764505216.505622,-3.5861,0.88508,-0.04578,-0.6042465,0.760312995,0.183166035
1764505216.505622,-3.5861,0.88508,-0.04578,-0.6042465,0.760312995,0.183166035
1764505216.505622,-3.5861,0.88508,-0.04578,-0.6042465,0.760312995,0.183166035
1764505216.505622,-3.5861,0.88508,-0.04578,-0.6042465,0.760312995,0.183166035
1764505216.505622,-3.5861,0.88508,-0.04578,-0.6042465,0.760312995,0.183166035
1764505216.505622,-3.5861,0.88508,-0.04578,-0.6042465,0.760312995,0.183166035
1764505216.505622,-3.5861,0.88508,-0.04578,-0.6042465,0.760312995,0.183166035
1764505216.5073838,-3.5861,0.88508,-0.04578,-0.6042465,0.760312995,0.183166035
1764505216.5073838,-3.5861,0.88508,-0.04578,-0.6042465,0.760312995,0.183166035
1764505216.5073838,-3.5861,0.88508,-0.04578,-0.6042465,0.760312995,0.183166035
1764505216.5073838,-3.3572,0.73248,-0.51884,-0.602354415,0.760679205,0.18237258
1764505216.5073838,-3.3572,0.73248,-0.51884,-0.602354415,0.760679205,0.18237258
1764505216.5073838,-3.3572,0.73248,-0.51884,-0.602354415,0.760679205,0.18237258
1764505216.5073838,-3.3572,0.73248,-0.51884,-0.602354415,0.760679205,0.18237258
1764505216.5073838,-3.3572,0.73248,-0.51884,-0.602354415,0.760679205,0.18237258
1764505216.5073838,-3.3572,0.73248,-0.51884,-0.602354415,0.760679205,0.18237258
1764505216.508936,-3.3572,0.73248,-0.51884,-0.602354415,0.760679205,0.18237258
1764505216.508936,-3.3572,0.73248,-0.51884,-0.602354415,0.760679205,0.18237258
1764505216.508936,-3.3572,0.73248,-0.51884,-0.602354415,0.760679205,0.18237258
1764505216.509941,-3.3572,0.73248,-0.51884,-0.602354415,0.760679205,0.18237258
1764505216.509941,-3.6624,1.95328,-0.763,-0.60204924,0.75915333,0.18286086
1764505216.509941,-3.6624,1.95328,-0.763,-0.60204924,0.75915333,0.18286086
1764505216.5541382,-3.6624,1.95328,-0.763,-0.60204924,0.75915333,0.18286086
1764505216.5541382,-3.6624,1.95328,-0.763,-0.60204924,0.75915333,0.18286086
1764505216.5541382,-3.6624,1.95328,-0.763,-0.60204924,0.75915333,0.18286086
1764505216.5541382,-3.6624,1.95328,-0.763,-0.60204924,0.75915333,0.18286086
1764505216.5541382,-3.6624,1.95328,-0.763,-0.60204924,0.75915333,0.18286086
1764505216.5541382,-3.6624,1.95328,-0.763,-0.60204924,0.75915333,0.18286086
1764505216.5541382,-3.6624,1.95328,-0.763,-0.60204924,0.75915333,0.18286086
1764505216.5541382,-3.6624,1.95328,-0.763,-0.60204924,0.75915333,0.18286086
1764505216.5541382,-5.69198,2.07536,-0.24416,-0.603086835,0.75842091,0.181457055
1764505216.5541382,-5.69198,2.07536,-0.24416,-0.603086835,0.75842091,0.181457055
1764505216.5541382,-5.69198,2.07536,-0.24416,-0.603086835,0.75842091,0.181457055
1764505216.5541382,-5.69198,2.07536,-0.24416,-0.603086835,0.75842091,0.181457055
1764505216.5541382,-5.69198,2.07536,-0.24416,-0.603086835,0.75842091,0.181457055
1764505216.5541382,-5.69198,2.07536,-0.24416,-0.603086835,0.75842091,0.181457055
1764505216.5541382,-5.69198,2.07536,-0.24416,-0.603086835,0.75842091,0.181457055
1764505216.5541382,-5.69198,2.07536,-0.24416,-0.603086835,0.75842091,0.181457055
1764505216.5541382,-5.69198,2.07536,-0.24416,-0.603086835,0.75842091,0.181457055
1764505216.5541382,-5.69198,2.07536,-0.24416,-0.603086835,0.75842091,0.181457055
1764505216.5541382,-5.69198,2.10588,-0.74774,-0.60314787,0.75890919,0.181090845
1764505216.5541382,-5.69198,2.10588,-0.74774,-0.60314787,0.75890919,0.181090845
1764505216.5541382,-5.69198,2.10588,-0.74774,-0.60314787,0.75890919,0.181090845
1764505216.5541382,-5.69198,2.10588,-0.74774,-0.60314787,0.75890919,0.181090845
1764505216.556704,-5.69198,2.10588,-0.74774,-0.60314787,0.75890919,0.181090845
1764505216.556704,-5.69198,2.10588,-0.74774,-0.60314787,0.75890919,0.181090845
1764505216.6002316,-5.69198,2.10588,-0.74774,-0.60314787,0.75890919,0.181090845
1764505216.6002316,-5.69198,2.10588,-0.74774,-0.60314787,0.75890919,0.181090845
1764505216.6002316,-5.69198,2.10588,-0.74774,-0.60314787,0.75890919,0.181090845
1764505216.6002316,-5.69198,2.10588,-0.74774,-0.60314787,0.75890919,0.181090845
1764505216.6002316,-4.5017,2.10588,-0.79352,-0.602842695,0.75671193,0.179992215
1764505216.6002316,-4.5017,2.10588,-0.79352,-0.602842695,0.75671193,0.179992215
1764505216.6002316,-4.5017,2.10588,-0.79352,-0.602842695,0.75671193,0.179992215
1764505216.6002316,-4.5017,2.10588,-0.79352,-0.602842695,0.75671193,0.179992215
1764505216.6002316,-4.5017,2.10588,-0.79352,-0.602842695,0.75671193,0.179992215
1764505216.6002316,-4.5017,2.10588,-0.79352,-0.602842695,0.75671193,0.179992215
1764505216.6002316,-4.5017,2.10588,-0.79352,-0.602842695,0.75671193,0.179992215
1764505216.6002316,-4.5017,2.10588,-0.79352,-0.602842695,0.75671193,0.179992215
1764505216.6002316,-4.5017,2.10588,-0.79352,-0.602842695,0.75671193,0.179992215
1764505216.6002316,-4.5017,2.10588,-0.79352,-0.602842695,0.75671193,0.179992215
1764505216.6002316,-3.63188,2.45686,-0.71722,-0.601988205,0.754331565,0.17871048
1764505216.6002316,-3.63188,2.45686,-0.71722,-0.601988205,0.754331565,0.17871048
1764505216.6033518,-3.63188,2.45686,-0.71722,-0.601988205,0.754331565,0.17871048
1764505216.6033518,-3.63188,2.45686,-0.71722,-0.601988205,0.754331565,0.17871048
1764505216.6033518,-3.63188,2.45686,-0.71722,-0.601988205,0.754331565,0.17871048
1764505216.6033518,-3.63188,2.45686,-0.71722,-0.601988205,0.754331565,0.17871048
1764505216.6033518,-3.63188,2.45686,-0.71722,-0.601988205,0.754331565,0.17871048
1764505216.6033518,-3.63188,2.45686,-0.71722,-0.601988205,0.754331565,0.17871048
1764505216.648126,-3.63188,2.45686,-0.71722,-0.601988205,0.754331565,0.17871048
1764505216.648126,-3.63188,2.45686,-0.71722,-0.601988205,0.754331565,0.17871048
1764505216.648126,-2.38056,1.93802,-0.7019599999999999,-0.603453045,0.754575705,0.177917025
1764505216.648126,-2.38056,1.93802,-0.7019599999999999,-0.603453045,0.754575705,0.177917025
1764505216.648126,-2.38056,1.93802,-0.7019599999999999,-0.603453045,0.754575705,0.177917025
1764505216.648126,-2.38056,1.93802,-0.7019599999999999,-0.603453045,0.754575705,0.177917025
1764505216.648126,-2.38056,1.93802,-0.7019599999999999,-0.603453045,0.754575705,0.177917025
1764505216.648126,-2.38056,1.93802,-0.7019599999999999,-0.603453045,0.754575705,0.177917025
1764505216.648126,-2.38056,1.93802,-0.7019599999999999,-0.603453045,0.754575705,0.177917025
1764505216.648126,-2.38056,1.93802,-0.7019599999999999,-0.603453045,0.754575705,0.177917025
1764505216.648126,-2.38056,1.93802,-0.7019599999999999,-0.603453045,0.754575705,0.177917025
1764505216.648126,-2.38056,1.93802,-0.7019599999999999,-0.603453045,0.754575705,0.177917025
1764505216.648126,-2.19744,1.99906,-0.6867,-0.603819255,0.75610158,0.178039095
1764505216.648126,-2.19744,1.99906,-0.6867,-0.603819255,0.75610158,0.178039095
1764505216.648126,-2.19744,1.99906,-0.6867,-0.603819255,0.75610158,0.178039095
1764505216.648126,-2.19744,1.99906,-0.6867,-0.603819255,0.75610158,0.178039095
1764505216.648126,-2.19744,1.99906,-0.6867,-0.603819255,0.75610158,0.178039095
1764505216.648126,-2.19744,1.99906,-0.6867,-0.603819255,0.75610158,0.178039095
1764505216.648126,-2.19744,1.99906,-0.6867,-0.603819255,0.75610158,0.178039095
1764505216.648126,-2.19744,1.99906,-0.6867,-0.603819255,0.75610158,0.178039095
1764505216.648126,-2.19744,1.99906,-0.6867,-0.603819255,0.75610158,0.178039095
1764505216.648126,-2.19744,1.99906,-0.6867,-0.603819255,0.75610158,0.178039095
1764505216.648126,-0.7019599999999999,0.42728,-0.42728,-0.604185465,0.757993665,0.178527375
1764505216.648126,-0.7019599999999999,0.42728,-0.42728,-0.604185465,0.757993665,0.178527375
1764505216.6939497,-0.7019599999999999,0.42728,-0.42728,-0.604185465,0.757993665,0.178527375
1764505216.6939497,-0.7019599999999999,0.42728,-0.42728,-0.604185465,0.757993665,0.178527375
1764505216.6939497,-0.7019599999999999,0.42728,-0.42728,-0.604185465,0.757993665,0.178527375
1764505216.6939497,-0.7019599999999999,0.42728,-0.42728,-0.604185465,0.757993665,0.178527375
1764505216.6939497,-0.7019599999999999,0.42728,-0.42728,-0.604185465,0.757993665,0.178527375
1764505216.6939497,-0.7019599999999999,0.42728,-0.42728,-0.604185465,0.757993665,0.178527375
1764505216.6939497,-0.7019599999999999,0.42728,-0.42728,-0.604185465,0.757993665,0.178527375
1764505216.6939497,-0.7019599999999999,0.42728,-0.42728,-0.604185465,0.757993665,0.178527375
1764505216.6939497,-1.49548,1.6633399999999998,-0.25942,-0.60278166,0.76098438,0.180358425
1764505216.695414,-1.49548,1.6633399999999998,-0.25942,-0.60278166,0.76098438,0.180358425
1764505216.695414,-1.49548,1.6633399999999998,-0.25942,-0.60278166,0.76098438,0.180358425
1764505216.695414,-1.49548,1.6633399999999998,-0.25942,-0.60278166,0.76098438,0.180358425
1764505216.695414,-1.49548,1.6633399999999998,-0.25942,-0.60278166,0.76098438,0.180358425
1764505216.695414,-1.49548,1.6633399999999998,-0.25942,-0.60278166,0.76098438,0.180358425
1764505216.695414,-1.49548,1.6633399999999998,-0.25942,-0.60278166,0.76098438,0.180358425
1764505216.695414,-1.49548,1.6633399999999998,-0.25942,-0.60278166,0.76098438,0.180358425
1764505216.695414,-1.49548,1.6633399999999998,-0.25942,-0.60278166,0.76098438,0.180358425
1764505216.695414,-1.49548,1.6633399999999998,-0.25942,-0.60278166,0.76098438,0.180358425
1764505216.695414,-4.56274,2.53316,-0.19838,-0.602720625,0.76122852,0.181212915
1764505216.695414,-4.56274,2.53316,-0.19838,-0.602720625,0.76122852,0.181212915
1764505216.695414,-4.56274,2.53316,-0.19838,-0.602720625,0.76122852,0.181212915
1764505216.695414,-4.56274,2.53316,-0.19838,-0.602720625,0.76122852,0.181212915
1764505216.696417,-4.56274,2.53316,-0.19838,-0.602720625,0.76122852,0.181212915
1764505216.696417,-4.56274,2.53316,-0.19838,-0.602720625,0.76122852,0.181212915
1764505216.7400217,-4.56274,2.53316,-0.19838,-0.602720625,0.76122852,0.181212915
1764505216.7400217,-4.56274,2.53316,-0.19838,-0.602720625,0.76122852,0.181212915
1764505216.7400217,-4.56274,2.53316,-0.19838,-0.602720625,0.76122852,0.181212915
1764505216.7400217,-4.56274,2.53316,-0.19838,-0.602720625,0.76122852,0.181212915
1764505216.7400217,-5.38678,2.04484,-0.28994,-0.603575115,0.762021975,0.18164016
1764505216.7400217,-5.38678,2.04484,-0.28994,-0.603575115,0.762021975,0.18164016
1764505216.7400217,-5.38678,2.04484,-0.28994,-0.603575115,0.762021975,0.18164016
1764505216.7400217,-5.38678,2.04484,-0.28994,-0.603575115,0.762021975,0.18164016
1764505216.7400217,-5.38678,2.04484,-0.28994,-0.603575115,0.762021975,0.18164016
1764505216.7400217,-5.38678,2.04484,-0.28994,-0.603575115,0.762021975,0.18164016
1764505216.741053,-5.38678,2.04484,-0.28994,-0.603575115,0.762021975,0.18164016
1764505216.741053,-5.38678,2.04484,-0.28994,-0.603575115,0.762021975,0.18164016
1764505216.741053,-5.38678,2.04484,-0.28994,-0.603575115,0.762021975,0.18164016
1764505216.741053,-5.38678,2.04484,-0.28994,-0.603575115,0.762021975,0.18164016
1764505216.741053,-6.1803,1.31236,0.42728,-0.605284095,0.761777835,0.18078567
1764505216.741053,-6.1803,1.31236,0.42728,-0.605284095,0.761777835,0.18078567
1764505216.741053,-6.1803,1.31236,0.42728,-0.605284095,0.761777835,0.18078567
1764505216.741053,-6.1803,1.31236,0.42728,-0.605284095,0.761777835,0.18078567
1764505216.741053,-6.1803,1.31236,0.42728,-0.605284095,0.761777835,0.18078567
1764505216.741053,-6.1803,1.31236,0.42728,-0.605284095,0.761777835,0.18078567
1764505216.741053,-6.1803,1.31236,0.42728,-0.605284095,0.761777835,0.18078567
1764505216.741053,-6.1803,1.31236,0.42728,-0.605284095,0.761777835,0.18078567
1764505216.741053,-6.1803,1.31236,0.42728,-0.605284095,0.761777835,0.18078567
1764505216.741053,-6.1803,1.31236,0.42728,-0.605284095,0.761777835,0.18078567
1764505216.7886777,-5.73776,1.2208,-0.57988,-0.60583341,0.76159473,0.181334985
1764505216.7886777,-5.73776,1.2208,-0.57988,-0.60583341,0.76159473,0.181334985
1764505216.7886777,-5.73776,1.2208,-0.57988,-0.60583341,0.76159473,0.181334985
1764505216.7886777,-5.73776,1.2208,-0.57988,-0.60583341,0.76159473,0.181334985
1764505216.7886777,-5.73776,1.2208,-0.57988,-0.60583341,0.76159473,0.181334985
1764505216.7886777,-5.73776,1.2208,-0.57988,-0.60583341,0.76159473,0.181334985
1764505216.7886777,-5.73776,1.2208,-0.57988,-0.60583341,0.76159473,0.181334985
1764505216.7886777,-5.73776,1.2208,-0.57988,-0.60583341,0.76159473,0.181334985
1764505216.7886777,-5.73776,1.2208,-0.57988,-0.60583341,0.76159473,0.181334985
1764505216.7886777,-5.73776,1.2208,-0.57988,-0.60583341,0.76159473,0.181334985
1764505216.7886777,-5.2647,2.25848,-0.21364,-0.60583341,0.758970225,0.180236355
1764505216.789707,-5.2647,2.25848,-0.21364,-0.60583341,0.758970225,0.180236355
1764505216.789707,-5.2647,2.25848,-0.21364,-0.60583341,0.758970225,0.180236355
1764505216.789707,-5.2647,2.25848,-0.21364,-0.60583341,0.758970225,0.180236355
1764505216.789707,-5.2647,2.25848,-0.21364,-0.60583341,0.758970225,0.180236355
1764505216.789707,-5.2647,2.25848,-0.21364,-0.60583341,0.758970225,0.180236355
1764505216.789707,-5.2647,2.25848,-0.21364,-0.60583341,0.758970225,0.180236355
1764505216.789707,-5.2647,2.25848,-0.21364,-0.60583341,0.758970225,0.180236355
1764505216.789707,-5.2647,2.25848,-0.21364,-0.60583341,0.758970225,0.180236355
1764505216.789707,-5.2647,2.25848,-0.21364,-0.60583341,0.758970225,0.180236355
1764505216.789707,-5.0358,1.32762,0.3051999999999999,-0.606016515,0.756834,0.179503935
1764505216.789707,-5.0358,1.32762,0.3051999999999999,-0.606016515,0.756834,0.179503935
1764505216.835397,-5.0358,1.32762,0.3051999999999999,-0.606016515,0.756834,0.179503935
1764505216.835397,-5.0358,1.32762,0.3051999999999999,-0.606016515,0.756834,0.179503935
1764505216.835397,-5.0358,1.32762,0.3051999999999999,-0.606016515,0.756834,0.179503935
1764505216.835397,-5.0358,1.32762,0.3051999999999999,-0.606016515,0.756834,0.179503935
1764505216.835397,-5.0358,1.32762,0.3051999999999999,-0.606016515,0.756834,0.179503935
1764505216.835397,-5.0358,1.32762,0.3051999999999999,-0.606016515,0.756834,0.179503935
1764505216.835397,-5.0358,1.32762,0.3051999999999999,-0.606016515,0.756834,0.179503935
1764505216.835397,-5.0358,1.32762,0.3051999999999999,-0.606016515,0.756834,0.179503935
1764505216.835397,-4.66956,0.36624,0.48832,-0.60656583,0.75634572,0.179015655
1764505216.835397,-4.66956,0.36624,0.48832,-0.60656583,0.75634572,0.179015655
1764505216.835397,-4.66956,0.36624,0.48832,-0.60656583,0.75634572,0.179015655
1764505216.835397,-4.66956,0.36624,0.48832,-0.60656583,0.75634572,0.179015655
1764505216.835397,-4.66956,0.36624,0.48832,-0.60656583,0.75634572,0.179015655
1764505216.835397,-4.66956,0.36624,0.48832,-0.60656583,0.75634572,0.179015655
1764505216.835397,-4.66956,0.36624,0.48832,-0.60656583,0.75634572,0.179015655
1764505216.835397,-4.66956,0.36624,0.48832,-0.60656583,0.75634572,0.179015655
1764505216.835397,-4.66956,0.36624,0.48832,-0.60656583,0.75634572,0.179015655
1764505216.835397,-4.66956,0.36624,0.48832,-0.60656583,0.75634572,0.179015655
1764505216.835397,-4.21176,0.74774,0.9919,-0.60473478,0.75732228,0.178405305
1764505216.835397,-4.21176,0.74774,0.9919,-0.60473478,0.75732228,0.178405305
1764505216.835397,-4.21176,0.74774,0.9919,-0.60473478,0.75732228,0.178405305
1764505216.835397,-4.21176,0.74774,0.9919,-0.60473478,0.75732228,0.178405305
1764505216.8364053,-4.21176,0.74774,0.9919,-0.60473478,0.75732228,0.178405305
1764505216.8364053,-4.21176,0.74774,0.9919,-0.60473478,0.75732228,0.178405305
1764505216.8810856,-4.21176,0.74774,0.9919,-0.60473478,0.75732228,0.178405305
1764505216.8810856,-4.21176,0.74774,0.9919,-0.60473478,0.75732228,0.178405305
1764505216.8810856,-4.21176,0.74774,0.9919,-0.60473478,0.75732228,0.178405305
1764505216.8810856,-4.21176,0.74774,0.9919,-0.60473478,0.75732228,0.178405305
1764505216.8810856,-3.8913,1.43444,0.6103999999999999,-0.604551675,0.756162615,0.17858841
1764505216.8810856,-3.8913,1.43444,0.6103999999999999,-0.604551675,0.756162615,0.17858841
1764505216.8821216,-3.8913,1.43444,0.6103999999999999,-0.604551675,0.756162615,0.17858841
1764505216.8821216,-3.8913,1.43444,0.6103999999999999,-0.604551675,0.756162615,0.17858841
1764505216.8821216,-3.8913,1.43444,0.6103999999999999,-0.604551675,0.756162615,0.17858841
1764505216.8821216,-3.8913,1.43444,0.6103999999999999,-0.604551675,0.756162615,0.17858841
1764505216.8821216,-3.8913,1.43444,0.6103999999999999,-0.604551675,0.756162615,0.17858841
1764505216.8821216,-3.8913,1.43444,0.6103999999999999,-0.604551675,0.756162615,0.17858841
1764505216.8821216,-3.8913,1.43444,0.6103999999999999,-0.604551675,0.756162615,0.17858841
1764505216.8821216,-3.8913,1.43444,0.6103999999999999,-0.604551675,0.756162615,0.17858841
1764505216.8821216,-4.51696,1.25132,-0.06104,-0.605772375,0.75622365,0.178039095
1764505216.8821216,-4.51696,1.25132,-0.06104,-0.605772375,0.75622365,0.178039095
1764505216.8821216,-4.51696,1.25132,-0.06104,-0.605772375,0.75622365,0.178039095
1764505216.8821216,-4.51696,1.25132,-0.06104,-0.605772375,0.75622365,0.178039095
1764505216.8821216,-4.51696,1.25132,-0.06104,-0.605772375,0.75622365,0.178039095
1764505216.8821216,-4.51696,1.25132,-0.06104,-0.605772375,0.75622365,0.178039095
1764505216.8821216,-4.51696,1.25132,-0.06104,-0.605772375,0.75622365,0.178039095
1764505216.8821216,-4.51696,1.25132,-0.06104,-0.605772375,0.75622365,0.178039095
1764505216.8821216,-4.51696,1.25132,-0.06104,-0.605772375,0.75622365,0.178039095
1764505216.8821216,-4.51696,1.25132,-0.06104,-0.605772375,0.75622365,0.178039095
1764505216.9276755,-4.66956,0.77826,-0.3204599999999999,-0.60656583,0.755918475,0.17785599
1764505216.9276755,-4.66956,0.77826,-0.3204599999999999,-0.60656583,0.755918475,0.17785599
1764505216.9276755,-4.66956,0.77826,-0.3204599999999999,-0.60656583,0.755918475,0.17785599
1764505216.9276755,-4.66956,0.77826,-0.3204599999999999,-0.60656583,0.755918475,0.17785599
1764505216.9292402,-4.66956,0.77826,-0.3204599999999999,-0.60656583,0.755918475,0.17785599
1764505216.9292402,-4.66956,0.77826,-0.3204599999999999,-0.60656583,0.755918475,0.17785599
1764505216.9292402,-4.66956,0.77826,-0.3204599999999999,-0.60656583,0.755918475,0.17785599
1764505216.9292402,-4.66956,0.77826,-0.3204599999999999,-0.60656583,0.755918475,0.17785599
1764505216.9292402,-4.66956,0.77826,-0.3204599999999999,-0.60656583,0.755918475,0.17785599
1764505216.9302597,-4.66956,0.77826,-0.3204599999999999,-0.60656583,0.755918475,0.17785599
1764505216.9302597,-4.47118,1.6633399999999998,-0.10682,-0.60656583,0.756162615,0.17785599
1764505216.9302597,-4.47118,1.6633399999999998,-0.10682,-0.60656583,0.756162615,0.17785599
1764505216.9302597,-4.47118,1.6633399999999998,-0.10682,-0.60656583,0.756162615,0.17785599
1764505216.9302597,-4.47118,1.6633399999999998,-0.10682,-0.60656583,0.756162615,0.17785599
1764505216.9302597,-4.47118,1.6633399999999998,-0.10682,-0.60656583,0.756162615,0.17785599
1764505216.931118,-4.47118,1.6633399999999998,-0.10682,-0.60656583,0.756162615,0.17785599
1764505216.931118,-4.47118,1.6633399999999998,-0.10682,-0.60656583,0.756162615,0.17785599
1764505216.9314349,-4.47118,1.6633399999999998,-0.10682,-0.60656583,0.756162615,0.17785599
1764505216.9316554,-4.47118,1.6633399999999998,-0.10682,-0.60656583,0.756162615,0.17785599
1764505216.9317317,-4.47118,1.6633399999999998,-0.10682,-0.60656583,0.756162615,0.17785599
1764505216.9319396,-4.33384,2.76206,-0.57988,-0.60583341,0.756528825,0.17980911
1764505216.9319396,-4.33384,2.76206,-0.57988,-0.60583341,0.756528825,0.17980911
1764505216.973338,-4.33384,2.76206,-0.57988,-0.60583341,0.756528825,0.17980911
1764505216.973873,-4.33384,2.76206,-0.57988,-0.60583341,0.756528825,0.17980911
1764505216.973873,-4.33384,2.76206,-0.57988,-0.60583341,0.756528825,0.17980911
1764505216.973873,-4.33384,2.76206,-0.57988,-0.60583341,0.756528825,0.17980911
1764505216.973873,-4.33384,2.76206,-0.57988,-0.60583341,0.756528825,0.17980911
1764505216.973873,-4.33384,2.76206,-0.57988,-0.60583341,0.756528825,0.17980911
1764505216.987728,-4.33384,2.76206,-0.57988,-0.60583341,0.756528825,0.17980911
1764505216.987728,-4.33384,2.76206,-0.57988,-0.60583341,0.756528825,0.17980911
1764505216.987728,-4.2728,2.09062,-0.01526,-0.60558927,0.75610158,0.180968775
1764505216.987728,-4.2728,2.09062,-0.01526,-0.60558927,0.75610158,0.180968775
1764505216.989745,-4.2728,2.09062,-0.01526,-0.60558927,0.75610158,0.180968775
1764505216.989745,-4.2728,2.09062,-0.01526,-0.60558927,0.75610158,0.180968775
1764505216.989745,-4.2728,2.09062,-0.01526,-0.60558927,0.75610158,0.180968775
1764505216.989745,-4.2728,2.09062,-0.01526,-0.60558927,0.75610158,0.180968775
1764505216.989745,-4.2728,2.09062,-0.01526,-0.60558927,0.75610158,0.180968775
1764505216.9907408,-4.2728,2.09062,-0.01526,-0.60558927,0.75610158,0.180968775
1764505216.9907408,-4.2728,2.09062,-0.01526,-0.60558927,0.75610158,0.180968775
1764505216.9907408,-4.2728,2.09062,-0.01526,-0.60558927,0.75610158,0.180968775
1764505216.9907408,-3.38772,1.34288,0.59514,-0.606016515,0.756834,0.18078567
1764505216.9917407,-3.38772,1.34288,0.59514,-0.606016515,0.756834,0.18078567
1764505216.9917407,-3.38772,1.34288,0.59514,-0.606016515,0.756834,0.18078567
1764505216.9917407,-3.38772,1.34288,0.59514,-0.606016515,0.756834,0.18078567
1764505216.9917407,-3.38772,1.34288,0.59514,-0.606016515,0.756834,0.18078567
1764505216.9917407,-3.38772,1.34288,0.59514,-0.606016515,0.756834,0.18078567
1764505217.0224855,-3.38772,1.34288,0.59514,-0.606016515,0.756834,0.18078567
1764505217.0224855,-3.38772,1.34288,0.59514,-0.606016515,0.756834,0.18078567
1764505217.0224855,-3.38772,1.34288,0.59514,-0.606016515,0.756834,0.18078567
1764505217.0224855,-3.38772,1.34288,0.59514,-0.606016515,0.756834,0.18078567
1764505217.023487,-3.57084,0.1525999999999999,1.25132,-0.605528235,0.757017105,0.180724635
1764505217.023487,-3.57084,0.1525999999999999,1.25132,-0.605528235,0.757017105,0.180724635
1764505217.023487,-3.57084,0.1525999999999999,1.25132,-0.605528235,0.757017105,0.180724635
1764505217.023487,-3.57084,0.1525999999999999,1.25132,-0.605528235,0.757017105,0.180724635
1764505217.023487,-3.57084,0.1525999999999999,1.25132,-0.605528235,0.757017105,0.180724635
1764505217.023487,-3.57084,0.1525999999999999,1.25132,-0.605528235,0.757017105,0.180724635
1764505217.0244846,-3.57084,0.1525999999999999,1.25132,-0.605528235,0.757017105,0.180724635
1764505217.024558,-3.57084,0.1525999999999999,1.25132,-0.605528235,0.757017105,0.180724635
1764505217.024558,-3.57084,0.1525999999999999,1.25132,-0.605528235,0.757017105,0.180724635
1764505217.024558,-3.57084,0.1525999999999999,1.25132,-0.605528235,0.757017105,0.180724635
1764505217.025031,-5.02054,0.41202,0.12208,-0.604307535,0.756528825,0.181579125
1764505217.025031,-5.02054,0.41202,0.12208,-0.604307535,0.756528825,0.181579125
1764505217.025031,-5.02054,0.41202,0.12208,-0.604307535,0.756528825,0.181579125
1764505217.025031,-5.02054,0.41202,0.12208,-0.604307535,0.756528825,0.181579125
1764505217.025496,-5.02054,0.41202,0.12208,-0.604307535,0.756528825,0.181579125
1764505217.025496,-5.02054,0.41202,0.12208,-0.604307535,0.756528825,0.181579125
1764505217.025496,-5.02054,0.41202,0.12208,-0.604307535,0.756528825,0.181579125
1764505217.025496,-5.02054,0.41202,0.12208,-0.604307535,0.756528825,0.181579125
1764505217.025496,-5.02054,0.41202,0.12208,-0.604307535,0.756528825,0.181579125
1764505217.025496,-5.02054,0.41202,0.12208,-0.604307535,0.756528825,0.181579125
1764505217.0726774,-6.027699999999999,1.81594,-0.73248,-0.60412443,0.755918475,0.180724635
1764505217.0726774,-6.027699999999999,1.81594,-0.73248,-0.60412443,0.755918475,0.180724635
1764505217.0726774,-6.027699999999999,1.81594,-0.73248,-0.60412443,0.755918475,0.180724635
1764505217.0726774,-6.027699999999999,1.81594,-0.73248,-0.60412443,0.755918475,0.180724635
1764505217.0726774,-6.027699999999999,1.81594,-0.73248,-0.60412443,0.755918475,0.180724635
1764505217.0726774,-6.027699999999999,1.81594,-0.73248,-0.60412443,0.755918475,0.180724635
1764505217.0726774,-6.027699999999999,1.81594,-0.73248,-0.60412443,0.755918475,0.180724635
1764505217.0726774,-6.027699999999999,1.81594,-0.73248,-0.60412443,0.755918475,0.180724635
1764505217.0726774,-6.027699999999999,1.81594,-0.73248,-0.60412443,0.755918475,0.180724635
1764505217.0726774,-6.027699999999999,1.81594,-0.73248,-0.60412443,0.755918475,0.180724635
1764505217.0726774,-6.39394,2.99096,-0.97664,-0.60571134,0.754819845,0.17993118
1764505217.0726774,-6.39394,2.99096,-0.97664,-0.60571134,0.754819845,0.17993118
1764505217.0726774,-6.39394,2.99096,-0.97664,-0.60571134,0.754819845,0.17993118
1764505217.0726774,-6.39394,2.99096,-0.97664,-0.60571134,0.754819845,0.17993118
1764505217.0726774,-6.39394,2.99096,-0.97664,-0.60571134,0.754819845,0.17993118
1764505217.0732868,-6.39394,2.99096,-0.97664,-0.60571134,0.754819845,0.17993118
1764505217.0732868,-6.39394,2.99096,-0.97664,-0.60571134,0.754819845,0.17993118
1764505217.0732868,-6.39394,2.99096,-0.97664,-0.60571134,0.754819845,0.17993118
1764505217.0732868,-6.39394,2.99096,-0.97664,-0.60571134,0.754819845,0.17993118
1764505217.0732868,-6.39394,2.99096,-0.97664,-0.60571134,0.754819845,0.17993118
1764505217.0732868,-5.44782,1.64808,-1.4497,-0.606260655,0.7544536350000001,0.17932083
1764505217.0732868,-5.44782,1.64808,-1.4497,-0.606260655,0.7544536350000001,0.17932083
1764505217.0732868,-5.44782,1.64808,-1.4497,-0.606260655,0.7544536350000001,0.17932083
1764505217.0732868,-5.44782,1.64808,-1.4497,-0.606260655,0.7544536350000001,0.17932083
1764505217.115033,-5.44782,1.64808,-1.4497,-0.606260655,0.7544536350000001,0.17932083
1764505217.115033,-5.44782,1.64808,-1.4497,-0.606260655,0.7544536350000001,0.17932083
1764505217.115033,-5.44782,1.64808,-1.4497,-0.606260655,0.7544536350000001,0.17932083
1764505217.115033,-5.44782,1.64808,-1.4497,-0.606260655,0.7544536350000001,0.17932083
1764505217.1165645,-5.44782,1.64808,-1.4497,-0.606260655,0.7544536350000001,0.17932083
1764505217.1165645,-5.44782,1.64808,-1.4497,-0.606260655,0.7544536350000001,0.17932083
1764505217.1165645,-2.54842,0.9919,-0.3815,-0.60595548,0.75475881,0.17907669
1764505217.1165645,-2.54842,0.9919,-0.3815,-0.60595548,0.75475881,0.17907669
1764505217.1180837,-2.54842,0.9919,-0.3815,-0.60595548,0.75475881,0.17907669
1764505217.1180837,-2.54842,0.9919,-0.3815,-0.60595548,0.75475881,0.17907669
1764505217.1180837,-2.54842,0.9919,-0.3815,-0.60595548,0.75475881,0.17907669
1764505217.1180837,-2.54842,0.9919,-0.3815,-0.60595548,0.75475881,0.17907669
1764505217.1180837,-2.54842,0.9919,-0.3815,-0.60595548,0.75475881,0.17907669
1764505217.1180837,-2.54842,0.9919,-0.3815,-0.60595548,0.75475881,0.17907669
1764505217.1186352,-2.54842,0.9919,-0.3815,-0.60595548,0.75475881,0.17907669
1764505217.1186352,-2.54842,0.9919,-0.3815,-0.60595548,0.75475881,0.17907669
1764505217.1186352,-2.42634,1.32762,-0.42728,-0.60412443,0.75451467,0.179259795
1764505217.1186352,-2.42634,1.32762,-0.42728,-0.60412443,0.75451467,0.179259795
1764505217.1186352,-2.42634,1.32762,-0.42728,-0.60412443,0.75451467,0.179259795
1764505217.1186352,-2.42634,1.32762,-0.42728,-0.60412443,0.75451467,0.179259795
1764505217.119647,-2.42634,1.32762,-0.42728,-0.60412443,0.75451467,0.179259795
1764505217.119647,-2.42634,1.32762,-0.42728,-0.60412443,0.75451467,0.179259795
1764505217.1646817,-2.42634,1.32762,-0.42728,-0.60412443,0.75451467,0.179259795
1764505217.1646817,-2.42634,1.32762,-0.42728,-0.60412443,0.75451467,0.179259795
1764505217.1646817,-2.42634,1.32762,-0.42728,-0.60412443,0.75451467,0.179259795
1764505217.1646817,-2.42634,1.32762,-0.42728,-0.60412443,0.75451467,0.179259795
1764505217.1646817,-3.54032,1.3734,-0.50358,-0.60363615,0.756528825,0.17858841
1764505217.1646817,-3.54032,1.3734,-0.50358,-0.60363615,0.756528825,0.17858841
1764505217.1646817,-3.54032,1.3734,-0.50358,-0.60363615,0.756528825,0.17858841
1764505217.1646817,-3.54032,1.3734,-0.50358,-0.60363615,0.756528825,0.17858841
1764505217.1646817,-3.54032,1.3734,-0.50358,-0.60363615,0.756528825,0.17858841
1764505217.1646817,-3.54032,1.3734,-0.50358,-0.60363615,0.756528825,0.17858841
1764505217.1646817,-3.54032,1.3734,-0.50358,-0.60363615,0.756528825,0.17858841
1764505217.1646817,-3.54032,1.3734,-0.50358,-0.60363615,0.756528825,0.17858841
1764505217.1646817,-3.54032,1.3734,-0.50358,-0.60363615,0.756528825,0.17858841
1764505217.1646817,-3.54032,1.3734,-0.50358,-0.60363615,0.756528825,0.17858841
1764505217.1646817,-3.87604,0.6714399999999999,-0.13734,-0.6040633950000001,0.757383315,0.18017532
1764505217.1646817,-3.87604,0.6714399999999999,-0.13734,-0.6040633950000001,0.757383315,0.18017532
1764505217.1646817,-3.87604,0.6714399999999999,-0.13734,-0.6040633950000001,0.757383315,0.18017532
1764505217.1646817,-3.87604,0.6714399999999999,-0.13734,-0.6040633950000001,0.757383315,0.18017532
1764505217.1646817,-3.87604,0.6714399999999999,-0.13734,-0.6040633950000001,0.757383315,0.18017532
1764505217.1646817,-3.87604,0.6714399999999999,-0.13734,-0.6040633950000001,0.757383315,0.18017532
1764505217.1646817,-3.87604,0.6714399999999999,-0.13734,-0.6040633950000001,0.757383315,0.18017532
1764505217.1646817,-3.87604,0.6714399999999999,-0.13734,-0.6040633950000001,0.757383315,0.18017532
1764505217.1646817,-3.87604,0.6714399999999999,-0.13734,-0.6040633950000001,0.757383315,0.18017532
1764505217.1646817,-3.87604,0.6714399999999999,-0.13734,-0.6040633950000001,0.757383315,0.18017532
1764505217.2107534,-4.852679999999999,0.85456,-0.10682,-0.60388029,0.75878712,0.17895462
1764505217.2107534,-4.852679999999999,0.85456,-0.10682,-0.60388029,0.75878712,0.17895462
1764505217.2117484,-4.852679999999999,0.85456,-0.10682,-0.60388029,0.75878712,0.17895462
1764505217.2117484,-4.852679999999999,0.85456,-0.10682,-0.60388029,0.75878712,0.17895462
1764505217.2117484,-4.852679999999999,0.85456,-0.10682,-0.60388029,0.75878712,0.17895462
1764505217.2117484,-4.852679999999999,0.85456,-0.10682,-0.60388029,0.75878712,0.17895462
1764505217.2127478,-4.852679999999999,0.85456,-0.10682,-0.60388029,0.75878712,0.17895462
1764505217.2127478,-4.852679999999999,0.85456,-0.10682,-0.60388029,0.75878712,0.17895462
1764505217.2127478,-4.852679999999999,0.85456,-0.10682,-0.60388029,0.75878712,0.17895462
1764505217.2127478,-4.852679999999999,0.85456,-0.10682,-0.60388029,0.75878712,0.17895462
1764505217.2127478,-5.0358,1.9838,-0.36624,-0.603208905,0.758848155,0.17932083
1764505217.2127478,-5.0358,1.9838,-0.36624,-0.603208905,0.758848155,0.17932083
1764505217.2127478,-5.0358,1.9838,-0.36624,-0.603208905,0.758848155,0.17932083
1764505217.2127478,-5.0358,1.9838,-0.36624,-0.603208905,0.758848155,0.17932083
1764505217.2127478,-5.0358,1.9838,-0.36624,-0.603208905,0.758848155,0.17932083
1764505217.2127478,-5.0358,1.9838,-0.36624,-0.603208905,0.758848155,0.17932083
1764505217.2127478,-5.0358,1.9838,-0.36624,-0.603208905,0.758848155,0.17932083
1764505217.2127478,-5.0358,1.9838,-0.36624,-0.603208905,0.758848155,0.17932083
1764505217.2127478,-5.0358,1.9838,-0.36624,-0.603208905,0.758848155,0.17932083
1764505217.213747,-5.0358,1.9838,-0.36624,-0.603208905,0.758848155,0.17932083
1764505217.213747,-5.69198,2.79258,-0.3509799999999999,-0.60326994,0.757139175,0.181212915
1764505217.213747,-5.69198,2.79258,-0.3509799999999999,-0.60326994,0.757139175,0.181212915
1764505217.2538054,-5.69198,2.79258,-0.3509799999999999,-0.60326994,0.757139175,0.181212915
1764505217.2538054,-5.69198,2.79258,-0.3509799999999999,-0.60326994,0.757139175,0.181212915
1764505217.2538054,-5.69198,2.79258,-0.3509799999999999,-0.60326994,0.757139175,0.181212915
1764505217.255347,-5.69198,2.79258,-0.3509799999999999,-0.60326994,0.757139175,0.181212915
1764505217.255347,-5.69198,2.79258,-0.3509799999999999,-0.60326994,0.757139175,0.181212915
1764505217.255347,-5.69198,2.79258,-0.3509799999999999,-0.60326994,0.757139175,0.181212915
1764505217.256362,-5.69198,2.79258,-0.3509799999999999,-0.60326994,0.757139175,0.181212915
1764505217.256362,-5.69198,2.79258,-0.3509799999999999,-0.60326994,0.757139175,0.181212915
1764505217.256362,-5.508859999999999,2.85362,-0.19838,-0.604795815,0.755674335,0.18115188
1764505217.256362,-5.508859999999999,2.85362,-0.19838,-0.604795815,0.755674335,0.18115188
1764505217.256362,-5.508859999999999,2.85362,-0.19838,-0.604795815,0.755674335,0.18115188
1764505217.256362,-5.508859999999999,2.85362,-0.19838,-0.604795815,0.755674335,0.18115188
1764505217.2578757,-5.508859999999999,2.85362,-0.19838,-0.604795815,0.755674335,0.18115188
1764505217.2578757,-5.508859999999999,2.85362,-0.19838,-0.604795815,0.755674335,0.18115188
1764505217.258889,-5.508859999999999,2.85362,-0.19838,-0.604795815,0.755674335,0.18115188
1764505217.258889,-5.508859999999999,2.85362,-0.19838,-0.604795815,0.755674335,0.18115188
1764505217.258889,-5.508859999999999,2.85362,-0.19838,-0.604795815,0.755674335,0.18115188
1764505217.258889,-5.508859999999999,2.85362,-0.19838,-0.604795815,0.755674335,0.18115188
1764505217.258889,-4.56274,0.97664,0.3204599999999999,-0.606626865,0.75524709,0.18017532
1764505217.2598894,-4.56274,0.97664,0.3204599999999999,-0.606626865,0.75524709,0.18017532
1764505217.2598894,-4.56274,0.97664,0.3204599999999999,-0.606626865,0.75524709,0.18017532
1764505217.2598894,-4.56274,0.97664,0.3204599999999999,-0.606626865,0.75524709,0.18017532
1764505217.2598894,-4.56274,0.97664,0.3204599999999999,-0.606626865,0.75524709,0.18017532
1764505217.2598894,-4.56274,0.97664,0.3204599999999999,-0.606626865,0.75524709,0.18017532
1764505217.3028352,-4.56274,0.97664,0.3204599999999999,-0.606626865,0.75524709,0.18017532
1764505217.3028352,-4.56274,0.97664,0.3204599999999999,-0.606626865,0.75524709,0.18017532
1764505217.3028352,-4.56274,0.97664,0.3204599999999999,-0.606626865,0.75524709,0.18017532
1764505217.3028352,-4.56274,0.97664,0.3204599999999999,-0.606626865,0.75524709,0.18017532
1764505217.3028352,-3.61662,0.763,0.59514,-0.60680997,0.75390432,0.179503935
1764505217.3028352,-3.61662,0.763,0.59514,-0.60680997,0.75390432,0.179503935
1764505217.3028352,-3.61662,0.763,0.59514,-0.60680997,0.75390432,0.179503935
1764505217.3028352,-3.61662,0.763,0.59514,-0.60680997,0.75390432,0.179503935
1764505217.3028352,-3.61662,0.763,0.59514,-0.60680997,0.75390432,0.179503935
1764505217.3028352,-3.61662,0.763,0.59514,-0.60680997,0.75390432,0.179503935
1764505217.3028352,-3.61662,0.763,0.59514,-0.60680997,0.75390432,0.179503935
1764505217.3028352,-3.61662,0.763,0.59514,-0.60680997,0.75390432,0.179503935
1764505217.3028352,-3.61662,0.763,0.59514,-0.60680997,0.75390432,0.179503935
1764505217.3028352,-3.61662,0.763,0.59514,-0.60680997,0.75390432,0.179503935
1764505217.3028352,-3.40298,1.05294,-0.48832,-0.606871005,0.752988795,0.17919876
1764505217.3028352,-3.40298,1.05294,-0.48832,-0.606871005,0.752988795,0.17919876
1764505217.3028352,-3.40298,1.05294,-0.48832,-0.606871005,0.752988795,0.17919876
1764505217.3038435,-3.40298,1.05294,-0.48832,-0.606871005,0.752988795,0.17919876
1764505217.3038435,-3.40298,1.05294,-0.48832,-0.606871005,0.752988795,0.17919876
1764505217.3038435,-3.40298,1.05294,-0.48832,-0.606871005,0.752988795,0.17919876
1764505217.3038435,-3.40298,1.05294,-0.48832,-0.606871005,0.752988795,0.17919876
1764505217.3038435,-3.40298,1.05294,-0.48832,-0.606871005,0.752988795,0.17919876
1764505217.3038435,-3.40298,1.05294,-0.48832,-0.606871005,0.752988795,0.17919876
1764505217.3038435,-3.40298,1.05294,-0.48832,-0.606871005,0.752988795,0.17919876
1764505217.3497548,-4.79164,1.43444,-0.7019599999999999,-0.6077254950000001,0.7539653550000001,0.17907669
1764505217.3497548,-4.79164,1.43444,-0.7019599999999999,-0.6077254950000001,0.7539653550000001,0.17907669
1764505217.3497548,-4.79164,1.43444,-0.7019599999999999,-0.6077254950000001,0.7539653550000001,0.17907669
1764505217.3497548,-4.79164,1.43444,-0.7019599999999999,-0.6077254950000001,0.7539653550000001,0.17907669
1764505217.3497548,-4.79164,1.43444,-0.7019599999999999,-0.6077254950000001,0.7539653550000001,0.17907669
1764505217.3502614,-4.79164,1.43444,-0.7019599999999999,-0.6077254950000001,0.7539653550000001,0.17907669
1764505217.3502614,-4.79164,1.43444,-0.7019599999999999,-0.6077254950000001,0.7539653550000001,0.17907669
1764505217.3502614,-4.79164,1.43444,-0.7019599999999999,-0.6077254950000001,0.7539653550000001,0.17907669
1764505217.3502614,-4.79164,1.43444,-0.7019599999999999,-0.6077254950000001,0.7539653550000001,0.17907669
1764505217.3502614,-4.79164,1.43444,-0.7019599999999999,-0.6077254950000001,0.7539653550000001,0.17907669
1764505217.3502614,-4.440659999999999,1.51074,-1.12924,-0.60766446,0.75378225,0.17810013
1764505217.3502614,-4.440659999999999,1.51074,-1.12924,-0.60766446,0.75378225,0.17810013
1764505217.3502614,-4.440659999999999,1.51074,-1.12924,-0.60766446,0.75378225,0.17810013
1764505217.3502614,-4.440659999999999,1.51074,-1.12924,-0.60766446,0.75378225,0.17810013
1764505217.3502614,-4.440659999999999,1.51074,-1.12924,-0.60766446,0.75378225,0.17810013
1764505217.3502614,-4.440659999999999,1.51074,-1.12924,-0.60766446,0.75378225,0.17810013
1764505217.3502614,-4.440659999999999,1.51074,-1.12924,-0.60766446,0.75378225,0.17810013
1764505217.3502614,-4.440659999999999,1.51074,-1.12924,-0.60766446,0.75378225,0.17810013
1764505217.3502614,-4.440659999999999,1.51074,-1.12924,-0.60766446,0.75378225,0.17810013
1764505217.3502614,-4.440659999999999,1.51074,-1.12924,-0.60766446,0.75378225,0.17810013
1764505217.3502614,-4.02864,1.8006799999999998,-0.48832,-0.607115145,0.7539653550000001,0.178893585
1764505217.3502614,-4.02864,1.8006799999999998,-0.48832,-0.607115145,0.7539653550000001,0.178893585
1764505217.3938026,-4.02864,1.8006799999999998,-0.48832,-0.607115145,0.7539653550000001,0.178893585
1764505217.3938026,-4.02864,1.8006799999999998,-0.48832,-0.607115145,0.7539653550000001,0.178893585
1764505217.3938026,-4.02864,1.8006799999999998,-0.48832,-0.607115145,0.7539653550000001,0.178893585
1764505217.395362,-4.02864,1.8006799999999998,-0.48832,-0.607115145,0.7539653550000001,0.178893585
1764505217.395362,-4.02864,1.8006799999999998,-0.48832,-0.607115145,0.7539653550000001,0.178893585
1764505217.395362,-4.02864,1.8006799999999998,-0.48832,-0.607115145,0.7539653550000001,0.178893585
1764505217.395362,-4.02864,1.8006799999999998,-0.48832,-0.607115145,0.7539653550000001,0.178893585
1764505217.395362,-4.02864,1.8006799999999998,-0.48832,-0.607115145,0.7539653550000001,0.178893585
1764505217.395362,-3.99812,1.6633399999999998,-0.3204599999999999,-0.606871005,0.7544536350000001,0.178771515
1764505217.395362,-3.99812,1.6633399999999998,-0.3204599999999999,-0.606871005,0.7544536350000001,0.178771515
1764505217.395362,-3.99812,1.6633399999999998,-0.3204599999999999,-0.606871005,0.7544536350000001,0.178771515
1764505217.3963735,-3.99812,1.6633399999999998,-0.3204599999999999,-0.606871005,0.7544536350000001,0.178771515
1764505217.3963735,-3.99812,1.6633399999999998,-0.3204599999999999,-0.606871005,0.7544536350000001,0.178771515
1764505217.3963735,-3.99812,1.6633399999999998,-0.3204599999999999,-0.606871005,0.7544536350000001,0.178771515
1764505217.3978963,-3.99812,1.6633399999999998,-0.3204599999999999,-0.606871005,0.7544536350000001,0.178771515
1764505217.3978963,-3.99812,1.6633399999999998,-0.3204599999999999,-0.606871005,0.7544536350000001,0.178771515
1764505217.3978963,-3.99812,1.6633399999999998,-0.3204599999999999,-0.606871005,0.7544536350000001,0.178771515
1764505217.3978963,-3.99812,1.6633399999999998,-0.3204599999999999,-0.606871005,0.7544536350000001,0.178771515
1764505217.398909,-4.36436,2.1364,0.763,-0.606504795,0.75390432,0.17858841
1764505217.398909,-4.36436,2.1364,0.763,-0.606504795,0.75390432,0.17858841
1764505217.398909,-4.36436,2.1364,0.763,-0.606504795,0.75390432,0.17858841
1764505217.398909,-4.36436,2.1364,0.763,-0.606504795,0.75390432,0.17858841
1764505217.398909,-4.36436,2.1364,0.763,-0.606504795,0.75390432,0.17858841
1764505217.398909,-4.36436,2.1364,0.763,-0.606504795,0.75390432,0.17858841
1764505217.4426842,-4.36436,2.1364,0.763,-0.606504795,0.75390432,0.17858841
1764505217.4426842,-4.36436,2.1364,0.763,-0.606504795,0.75390432,0.17858841
1764505217.4426842,-4.36436,2.1364,0.763,-0.606504795,0.75390432,0.17858841
1764505217.4426842,-4.36436,2.1364,0.763,-0.606504795,0.75390432,0.17858841
1764505217.4426842,-5.55464,2.15166,0.42728,-0.60644376,0.75475881,0.17883255
1764505217.4426842,-5.55464,2.15166,0.42728,-0.60644376,0.75475881,0.17883255
1764505217.4426842,-5.55464,2.15166,0.42728,-0.60644376,0.75475881,0.17883255
1764505217.4426842,-5.55464,2.15166,0.42728,-0.60644376,0.75475881,0.17883255
1764505217.4437037,-5.55464,2.15166,0.42728,-0.60644376,0.75475881,0.17883255
1764505217.4437037,-5.55464,2.15166,0.42728,-0.60644376,0.75475881,0.17883255
1764505217.4437037,-5.55464,2.15166,0.42728,-0.60644376,0.75475881,0.17883255
1764505217.4437037,-5.55464,2.15166,0.42728,-0.60644376,0.75475881,0.17883255
1764505217.4437037,-5.55464,2.15166,0.42728,-0.60644376,0.75475881,0.17883255
1764505217.4437037,-5.55464,2.15166,0.42728,-0.60644376,0.75475881,0.17883255
1764505217.4437037,-5.340999999999999,1.8006799999999998,-0.42728,-0.608335845,0.754575705,0.178893585
1764505217.4437037,-5.340999999999999,1.8006799999999998,-0.42728,-0.608335845,0.754575705,0.178893585
1764505217.4437037,-5.340999999999999,1.8006799999999998,-0.42728,-0.608335845,0.754575705,0.178893585
1764505217.4437037,-5.340999999999999,1.8006799999999998,-0.42728,-0.608335845,0.754575705,0.178893585
1764505217.4437037,-5.340999999999999,1.8006799999999998,-0.42728,-0.608335845,0.754575705,0.178893585
1764505217.4437037,-5.340999999999999,1.8006799999999998,-0.42728,-0.608335845,0.754575705,0.178893585
1764505217.4437037,-5.340999999999999,1.8006799999999998,-0.42728,-0.608335845,0.754575705,0.178893585
1764505217.4437037,-5.340999999999999,1.8006799999999998,-0.42728,-0.608335845,0.754575705,0.178893585
1764505217.4905708,-5.340999999999999,1.8006799999999998,-0.42728,-0.608335845,0.754575705,0.178893585
1764505217.4905708,-5.340999999999999,1.8006799999999998,-0.42728,-0.608335845,0.754575705,0.178893585
1764505217.4905708,-4.3491,1.38866,-0.74774,-0.608457915,0.75390432,0.17858841
1764505217.4905708,-4.3491,1.38866,-0.74774,-0.608457915,0.75390432,0.17858841
1764505217.4905708,-4.3491,1.38866,-0.74774,-0.608457915,0.75390432,0.17858841
1764505217.4905708,-4.3491,1.38866,-0.74774,-0.608457915,0.75390432,0.17858841
1764505217.4905708,-4.3491,1.38866,-0.74774,-0.608457915,0.75390432,0.17858841
1764505217.4905708,-4.3491,1.38866,-0.74774,-0.608457915,0.75390432,0.17858841
1764505217.4905708,-4.3491,1.38866,-0.74774,-0.608457915,0.75390432,0.17858841
1764505217.4905708,-4.3491,1.38866,-0.74774,-0.608457915,0.75390432,0.17858841
1764505217.4905708,-4.3491,1.38866,-0.74774,-0.608457915,0.75390432,0.17858841
1764505217.4905708,-4.3491,1.38866,-0.74774,-0.608457915,0.75390432,0.17858841
1764505217.4905708,-3.2046,1.63282,-1.526,-0.60839688,0.754209495,0.179015655
1764505217.4905708,-3.2046,1.63282,-1.526,-0.60839688,0.754209495,0.179015655
1764505217.4905708,-3.2046,1.63282,-1.526,-0.60839688,0.754209495,0.179015655
1764505217.4905708,-3.2046,1.63282,-1.526,-0.60839688,0.754209495,0.179015655
1764505217.4905708,-3.2046,1.63282,-1.526,-0.60839688,0.754209495,0.179015655
1764505217.4905708,-3.2046,1.63282,-1.526,-0.60839688,0.754209495,0.179015655
1764505217.4905708,-3.2046,1.63282,-1.526,-0.60839688,0.754209495,0.179015655
1764505217.4905708,-3.2046,1.63282,-1.526,-0.60839688,0.754209495,0.179015655
1764505217.4905708,-3.2046,1.63282,-1.526,-0.60839688,0.754209495,0.179015655
1764505217.4905708,-3.2046,1.63282,-1.526,-0.60839688,0.754209495,0.179015655
1764505217.4905708,-3.7387,0.8392999999999999,-1.73964,-0.60766446,0.7543926,0.18017532
1764505217.4905708,-3.7387,0.8392999999999999,-1.73964,-0.60766446,0.7543926,0.18017532
1764505217.4905708,-3.7387,0.8392999999999999,-1.73964,-0.60766446,0.7543926,0.18017532
1764505217.4905708,-3.7387,0.8392999999999999,-1.73964,-0.60766446,0.7543926,0.18017532
1764505217.5389376,-3.7387,0.8392999999999999,-1.73964,-0.60766446,0.7543926,0.18017532
1764505217.5389376,-3.7387,0.8392999999999999,-1.73964,-0.60766446,0.7543926,0.18017532
1764505217.5389376,-3.7387,0.8392999999999999,-1.73964,-0.60766446,0.7543926,0.18017532
1764505217.5389376,-3.7387,0.8392999999999999,-1.73964,-0.60766446,0.7543926,0.18017532
1764505217.5389376,-3.7387,0.8392999999999999,-1.73964,-0.60766446,0.7543926,0.18017532
1764505217.5389376,-3.7387,0.8392999999999999,-1.73964,-0.60766446,0.7543926,0.18017532
1764505217.5389376,-4.54748,0.73248,-1.61756,-0.60656583,0.753355005,0.181823265
1764505217.5389376,-4.54748,0.73248,-1.61756,-0.60656583,0.753355005,0.181823265
1764505217.5389376,-4.54748,0.73248,-1.61756,-0.60656583,0.753355005,0.181823265
1764505217.5389376,-4.54748,0.73248,-1.61756,-0.60656583,0.753355005,0.181823265
1764505217.5389376,-4.54748,0.73248,-1.61756,-0.60656583,0.753355005,0.181823265
1764505217.5389376,-4.54748,0.73248,-1.61756,-0.60656583,0.753355005,0.181823265
1764505217.5389376,-4.54748,0.73248,-1.61756,-0.60656583,0.753355005,0.181823265
1764505217.5389376,-4.54748,0.73248,-1.61756,-0.60656583,0.753355005,0.181823265
1764505217.5389376,-4.54748,0.73248,-1.61756,-0.60656583,0.753355005,0.181823265
1764505217.5389376,-4.54748,0.73248,-1.61756,-0.60656583,0.753355005,0.181823265
1764505217.5389376,-4.715339999999999,1.96854,-1.6786,-0.605528235,0.754087425,0.18005325
1764505217.5389376,-4.715339999999999,1.96854,-1.6786,-0.605528235,0.754087425,0.18005325
1764505217.5389376,-4.715339999999999,1.96854,-1.6786,-0.605528235,0.754087425,0.18005325
1764505217.5389376,-4.715339999999999,1.96854,-1.6786,-0.605528235,0.754087425,0.18005325
1764505217.5389376,-4.715339999999999,1.96854,-1.6786,-0.605528235,0.754087425,0.18005325
1764505217.5389376,-4.715339999999999,1.96854,-1.6786,-0.605528235,0.754087425,0.18005325
1764505217.5838425,-4.715339999999999,1.96854,-1.6786,-0.605528235,0.754087425,0.18005325
1764505217.5838425,-4.715339999999999,1.96854,-1.6786,-0.605528235,0.754087425,0.18005325
1764505217.5838425,-4.715339999999999,1.96854,-1.6786,-0.605528235,0.754087425,0.18005325
1764505217.5848367,-4.715339999999999,1.96854,-1.6786,-0.605528235,0.754087425,0.18005325
1764505217.5848367,-4.852679999999999,1.9838,-0.94612,-0.6054672,0.754819845,0.17932083
1764505217.5848367,-4.852679999999999,1.9838,-0.94612,-0.6054672,0.754819845,0.17932083
1764505217.5854468,-4.852679999999999,1.9838,-0.94612,-0.6054672,0.754819845,0.17932083
1764505217.5856507,-4.852679999999999,1.9838,-0.94612,-0.6054672,0.754819845,0.17932083
1764505217.58587,-4.852679999999999,1.9838,-0.94612,-0.6054672,0.754819845,0.17932083
1764505217.5860765,-4.852679999999999,1.9838,-0.94612,-0.6054672,0.754819845,0.17932083
1764505217.5860765,-4.852679999999999,1.9838,-0.94612,-0.6054672,0.754819845,0.17932083
1764505217.5860765,-4.852679999999999,1.9838,-0.94612,-0.6054672,0.754819845,0.17932083
1764505217.5860765,-4.852679999999999,1.9838,-0.94612,-0.6054672,0.754819845,0.17932083
1764505217.5860765,-4.852679999999999,1.9838,-0.94612,-0.6054672,0.754819845,0.17932083
1764505217.5870888,-4.74586,2.80784,-0.25942,-0.6061385850000001,0.752988795,0.179015655
1764505217.5870888,-4.74586,2.80784,-0.25942,-0.6061385850000001,0.752988795,0.179015655
1764505217.5870888,-4.74586,2.80784,-0.25942,-0.6061385850000001,0.752988795,0.179015655
1764505217.5870888,-4.74586,2.80784,-0.25942,-0.6061385850000001,0.752988795,0.179015655
1764505217.5880878,-4.74586,2.80784,-0.25942,-0.6061385850000001,0.752988795,0.179015655
1764505217.589134,-4.74586,2.80784,-0.25942,-0.6061385850000001,0.752988795,0.179015655
1764505217.589134,-4.74586,2.80784,-0.25942,-0.6061385850000001,0.752988795,0.179015655
1764505217.589134,-4.74586,2.80784,-0.25942,-0.6061385850000001,0.752988795,0.179015655
1764505217.589134,-4.74586,2.80784,-0.25942,-0.6061385850000001,0.752988795,0.179015655
1764505217.589134,-4.74586,2.80784,-0.25942,-0.6061385850000001,0.752988795,0.179015655
1764505217.63288,-3.63188,1.61756,0.04578,-0.60778653,0.753599145,0.17883255
1764505217.63288,-3.63188,1.61756,0.04578,-0.60778653,0.753599145,0.17883255
1764505217.63288,-3.63188,1.61756,0.04578,-0.60778653,0.753599145,0.17883255
1764505217.63288,-3.63188,1.61756,0.04578,-0.60778653,0.753599145,0.17883255
1764505217.63288,-3.63188,1.61756,0.04578,-0.60778653,0.753599145,0.17883255
1764505217.63288,-3.63188,1.61756,0.04578,-0.60778653,0.753599145,0.17883255
1764505217.63288,-3.63188,1.61756,0.04578,-0.60778653,0.753599145,0.17883255
1764505217.63288,-3.63188,1.61756,0.04578,-0.60778653,0.753599145,0.17883255
1764505217.63288,-3.63188,1.61756,0.04578,-0.60778653,0.753599145,0.17883255
1764505217.63288,-3.63188,1.61756,0.04578,-0.60778653,0.753599145,0.17883255
1764505217.63288,-1.2208,0.65618,0.96138,-0.60998379,0.75353811,0.17810013
1764505217.63288,-1.2208,0.65618,0.96138,-0.60998379,0.75353811,0.17810013
1764505217.63288,-1.2208,0.65618,0.96138,-0.60998379,0.75353811,0.17810013
1764505217.63288,-1.2208,0.65618,0.96138,-0.60998379,0.75353811,0.17810013
1764505217.63288,-1.2208,0.65618,0.96138,-0.60998379,0.75353811,0.17810013
1764505217.63288,-1.2208,0.65618,0.96138,-0.60998379,0.75353811,0.17810013
1764505217.63288,-1.2208,0.65618,0.96138,-0.60998379,0.75353811,0.17810013
1764505217.63288,-1.2208,0.65618,0.96138,-0.60998379,0.75353811,0.17810013
1764505217.63288,-1.2208,0.65618,0.96138,-0.60998379,0.75353811,0.17810013
1764505217.63288,-1.2208,0.65618,0.96138,-0.60998379,0.75353811,0.17810013
1764505217.63288,-1.00716,0.71722,0.85456,-0.611753805,0.75207327,0.17895462
1764505217.63288,-1.00716,0.71722,0.85456,-0.611753805,0.75207327,0.17895462
1764505217.63288,-1.00716,0.71722,0.85456,-0.611753805,0.75207327,0.17895462
1764505217.63288,-1.00716,0.71722,0.85456,-0.611753805,0.75207327,0.17895462
1764505217.6812782,-1.00716,0.71722,0.85456,-0.611753805,0.75207327,0.17895462
1764505217.6812782,-1.00716,0.71722,0.85456,-0.611753805,0.75207327,0.17895462
1764505217.6812782,-1.00716,0.71722,0.85456,-0.611753805,0.75207327,0.17895462
1764505217.6812782,-1.00716,0.71722,0.85456,-0.611753805,0.75207327,0.17895462
1764505217.6812782,-1.00716,0.71722,0.85456,-0.611753805,0.75207327,0.17895462
1764505217.6812782,-1.00716,0.71722,0.85456,-0.611753805,0.75207327,0.17895462
1764505217.6812782,-2.73154,3.26564,-0.6867,-0.611631735,0.75121878,0.17919876
1764505217.6812782,-2.73154,3.26564,-0.6867,-0.611631735,0.75121878,0.17919876
1764505217.6812782,-2.73154,3.26564,-0.6867,-0.611631735,0.75121878,0.17919876
1764505217.6812782,-2.73154,3.26564,-0.6867,-0.611631735,0.75121878,0.17919876
1764505217.6812782,-2.73154,3.26564,-0.6867,-0.611631735,0.75121878,0.17919876
1764505217.6812782,-2.73154,3.26564,-0.6867,-0.611631735,0.75121878,0.17919876
1764505217.6812782,-2.73154,3.26564,-0.6867,-0.611631735,0.75121878,0.17919876
1764505217.6812782,-2.73154,3.26564,-0.6867,-0.611631735,0.75121878,0.17919876
1764505217.6812782,-2.73154,3.26564,-0.6867,-0.611631735,0.75121878,0.17919876
1764505217.6812782,-2.73154,3.26564,-0.6867,-0.611631735,0.75121878,0.17919876
1764505217.6812782,-5.4936,4.5017,-1.61756,-0.611753805,0.75329397,0.17797806
1764505217.6812782,-5.4936,4.5017,-1.61756,-0.611753805,0.75329397,0.17797806
1764505217.6812782,-5.4936,4.5017,-1.61756,-0.611753805,0.75329397,0.17797806
1764505217.6812782,-5.4936,4.5017,-1.61756,-0.611753805,0.75329397,0.17797806
1764505217.6812782,-5.4936,4.5017,-1.61756,-0.611753805,0.75329397,0.17797806
1764505217.6812782,-5.4936,4.5017,-1.61756,-0.611753805,0.75329397,0.17797806
1764505217.6812782,-5.4936,4.5017,-1.61756,-0.611753805,0.75329397,0.17797806
1764505217.6812782,-5.4936,4.5017,-1.61756,-0.611753805,0.75329397,0.17797806
1764505217.724962,-5.4936,4.5017,-1.61756,-0.611753805,0.75329397,0.17797806
1764505217.724962,-5.4936,4.5017,-1.61756,-0.611753805,0.75329397,0.17797806
1764505217.724962,-5.234179999999999,3.52506,-1.00716,-0.612608295,0.756528825,0.17785599
1764505217.7259865,-5.234179999999999,3.52506,-1.00716,-0.612608295,0.756528825,0.17785599
1764505217.7259865,-5.234179999999999,3.52506,-1.00716,-0.612608295,0.756528825,0.17785599
1764505217.7259865,-5.234179999999999,3.52506,-1.00716,-0.612608295,0.756528825,0.17785599
1764505217.7259865,-5.234179999999999,3.52506,-1.00716,-0.612608295,0.756528825,0.17785599
1764505217.7259865,-5.234179999999999,3.52506,-1.00716,-0.612608295,0.756528825,0.17785599
1764505217.7259865,-5.234179999999999,3.52506,-1.00716,-0.612608295,0.756528825,0.17785599
1764505217.7259865,-5.234179999999999,3.52506,-1.00716,-0.612608295,0.756528825,0.17785599
1764505217.7259865,-5.234179999999999,3.52506,-1.00716,-0.612608295,0.756528825,0.17785599
1764505217.7259865,-5.234179999999999,3.52506,-1.00716,-0.612608295,0.756528825,0.17785599
1764505217.7259865,-4.01338,1.86172,-0.04578,-0.61108242,0.75585744,0.17919876
1764505217.7259865,-4.01338,1.86172,-0.04578,-0.61108242,0.75585744,0.17919876
1764505217.7259865,-4.01338,1.86172,-0.04578,-0.61108242,0.75585744,0.17919876
1764505217.7259865,-4.01338,1.86172,-0.04578,-0.61108242,0.75585744,0.17919876
1764505217.7259865,-4.01338,1.86172,-0.04578,-0.61108242,0.75585744,0.17919876
1764505217.7259865,-4.01338,1.86172,-0.04578,-0.61108242,0.75585744,0.17919876
1764505217.7259865,-4.01338,1.86172,-0.04578,-0.61108242,0.75585744,0.17919876
1764505217.7259865,-4.01338,1.86172,-0.04578,-0.61108242,0.75585744,0.17919876
1764505217.7259865,-4.01338,1.86172,-0.04578,-0.61108242,0.75585744,0.17919876
1764505217.7259865,-4.01338,1.86172,-0.04578,-0.61108242,0.75585744,0.17919876
1764505217.7727947,-3.3572,0.3509799999999999,0.47306,-0.610044825,0.754697775,0.17907669
1764505217.7727947,-3.3572,0.3509799999999999,0.47306,-0.610044825,0.754697775,0.17907669
1764505217.7727947,-3.3572,0.3509799999999999,0.47306,-0.610044825,0.754697775,0.17907669
1764505217.7727947,-3.3572,0.3509799999999999,0.47306,-0.610044825,0.754697775,0.17907669
1764505217.7727947,-3.3572,0.3509799999999999,0.47306,-0.610044825,0.754697775,0.17907669
1764505217.7727947,-3.3572,0.3509799999999999,0.47306,-0.610044825,0.754697775,0.17907669
1764505217.7727947,-3.3572,0.3509799999999999,0.47306,-0.610044825,0.754697775,0.17907669
1764505217.7727947,-3.3572,0.3509799999999999,0.47306,-0.610044825,0.754697775,0.17907669
1764505217.7727947,-3.3572,0.3509799999999999,0.47306,-0.610044825,0.754697775,0.17907669
1764505217.7727947,-3.3572,0.3509799999999999,0.47306,-0.610044825,0.754697775,0.17907669
1764505217.7727947,-3.34194,0.50358,0.3204599999999999,-0.610533105,0.755186055,0.179381865
1764505217.7727947,-3.34194,0.50358,0.3204599999999999,-0.610533105,0.755186055,0.179381865
1764505217.7727947,-3.34194,0.50358,0.3204599999999999,-0.610533105,0.755186055,0.179381865
1764505217.7727947,-3.34194,0.50358,0.3204599999999999,-0.610533105,0.755186055,0.179381865
1764505217.7727947,-3.34194,0.50358,0.3204599999999999,-0.610533105,0.755186055,0.179381865
1764505217.7727947,-3.34194,0.50358,0.3204599999999999,-0.610533105,0.755186055,0.179381865
1764505217.7727947,-3.34194,0.50358,0.3204599999999999,-0.610533105,0.755186055,0.179381865
1764505217.7727947,-3.34194,0.50358,0.3204599999999999,-0.610533105,0.755186055,0.179381865
1764505217.7727947,-3.34194,0.50358,0.3204599999999999,-0.610533105,0.755186055,0.179381865
1764505217.7727947,-3.34194,0.50358,0.3204599999999999,-0.610533105,0.755186055,0.179381865
1764505217.7727947,-4.303319999999999,0.59514,-0.8698199999999999,-0.60986172,0.755674335,0.1806636
1764505217.77581,-4.303319999999999,0.59514,-0.8698199999999999,-0.60986172,0.755674335,0.1806636
1764505217.77581,-4.303319999999999,0.59514,-0.8698199999999999,-0.60986172,0.755674335,0.1806636
1764505217.77581,-4.303319999999999,0.59514,-0.8698199999999999,-0.60986172,0.755674335,0.1806636
1764505217.8198576,-4.303319999999999,0.59514,-0.8698199999999999,-0.60986172,0.755674335,0.1806636
1764505217.8198576,-4.303319999999999,0.59514,-0.8698199999999999,-0.60986172,0.755674335,0.1806636
1764505217.8198576,-4.303319999999999,0.59514,-0.8698199999999999,-0.60986172,0.755674335,0.1806636
1764505217.8198576,-4.303319999999999,0.59514,-0.8698199999999999,-0.60986172,0.755674335,0.1806636
1764505217.8198576,-4.303319999999999,0.59514,-0.8698199999999999,-0.60986172,0.755674335,0.1806636
1764505217.8198576,-4.303319999999999,0.59514,-0.8698199999999999,-0.60986172,0.755674335,0.1806636
1764505217.8198576,-4.22702,1.61756,-0.94612,-0.608946195,0.756650895,0.17993118
1764505217.8198576,-4.22702,1.61756,-0.94612,-0.608946195,0.756650895,0.17993118
1764505217.8198576,-4.22702,1.61756,-0.94612,-0.608946195,0.756650895,0.17993118
1764505217.8198576,-4.22702,1.61756,-0.94612,-0.608946195,0.756650895,0.17993118
1764505217.8198576,-4.22702,1.61756,-0.94612,-0.608946195,0.756650895,0.17993118
1764505217.8208506,-4.22702,1.61756,-0.94612,-0.608946195,0.756650895,0.17993118
1764505217.8208506,-4.22702,1.61756,-0.94612,-0.608946195,0.756650895,0.17993118
1764505217.8208506,-4.22702,1.61756,-0.94612,-0.608946195,0.756650895,0.17993118
1764505217.8208506,-4.22702,1.61756,-0.94612,-0.608946195,0.756650895,0.17993118
1764505217.8208506,-4.22702,1.61756,-0.94612,-0.608946195,0.756650895,0.17993118
1764505217.8208506,-3.14356,0.44254,-0.44254,-0.609190335,0.756528825,0.17932083
1764505217.8208506,-3.14356,0.44254,-0.44254,-0.609190335,0.756528825,0.17932083
1764505217.8208506,-3.14356,0.44254,-0.44254,-0.609190335,0.756528825,0.17932083
1764505217.8208506,-3.14356,0.44254,-0.44254,-0.609190335,0.756528825,0.17932083
1764505217.8208506,-3.14356,0.44254,-0.44254,-0.609190335,0.756528825,0.17932083
1764505217.8208506,-3.14356,0.44254,-0.44254,-0.609190335,0.756528825,0.17932083
1764505217.8638663,-3.14356,0.44254,-0.44254,-0.609190335,0.756528825,0.17932083
1764505217.8638663,-3.14356,0.44254,-0.44254,-0.609190335,0.756528825,0.17932083
1764505217.8638663,-3.14356,0.44254,-0.44254,-0.609190335,0.756528825,0.17932083
1764505217.8638663,-3.14356,0.44254,-0.44254,-0.609190335,0.756528825,0.17932083
1764505217.8638663,-3.40298,0.3357199999999999,0.0,-0.608335845,0.75671193,0.178893585
1764505217.8638663,-3.40298,0.3357199999999999,0.0,-0.608335845,0.75671193,0.178893585
1764505217.8638663,-3.40298,0.3357199999999999,0.0,-0.608335845,0.75671193,0.178893585
1764505217.8638663,-3.40298,0.3357199999999999,0.0,-0.608335845,0.75671193,0.178893585
1764505217.8638663,-3.40298,0.3357199999999999,0.0,-0.608335845,0.75671193,0.178893585
1764505217.8638663,-3.40298,0.3357199999999999,0.0,-0.608335845,0.75671193,0.178893585
1764505217.8638663,-3.40298,0.3357199999999999,0.0,-0.608335845,0.75671193,0.178893585
1764505217.8638663,-3.40298,0.3357199999999999,0.0,-0.608335845,0.75671193,0.178893585
1764505217.8638663,-3.40298,0.3357199999999999,0.0,-0.608335845,0.75671193,0.178893585
1764505217.8654208,-3.40298,0.3357199999999999,0.0,-0.608335845,0.75671193,0.178893585
1764505217.8654208,-5.31048,0.6409199999999999,0.65618,-0.606993075,0.7570781400000001,0.177428745
1764505217.8654208,-5.31048,0.6409199999999999,0.65618,-0.606993075,0.7570781400000001,0.177428745
1764505217.8654208,-5.31048,0.6409199999999999,0.65618,-0.606993075,0.7570781400000001,0.177428745
1764505217.8654208,-5.31048,0.6409199999999999,0.65618,-0.606993075,0.7570781400000001,0.177428745
1764505217.8654208,-5.31048,0.6409199999999999,0.65618,-0.606993075,0.7570781400000001,0.177428745
1764505217.8654208,-5.31048,0.6409199999999999,0.65618,-0.606993075,0.7570781400000001,0.177428745
1764505217.8654208,-5.31048,0.6409199999999999,0.65618,-0.606993075,0.7570781400000001,0.177428745
1764505217.8664358,-5.31048,0.6409199999999999,0.65618,-0.606993075,0.7570781400000001,0.177428745
1764505217.8664358,-5.31048,0.6409199999999999,0.65618,-0.606993075,0.7570781400000001,0.177428745
1764505217.8664358,-5.31048,0.6409199999999999,0.65618,-0.606993075,0.7570781400000001,0.177428745
1764505217.912617,-4.47118,0.79352,0.7019599999999999,-0.60815274,0.75475881,0.17651322
1764505217.912617,-4.47118,0.79352,0.7019599999999999,-0.60815274,0.75475881,0.17651322
1764505217.912617,-4.47118,0.79352,0.7019599999999999,-0.60815274,0.75475881,0.17651322
1764505217.912617,-4.47118,0.79352,0.7019599999999999,-0.60815274,0.75475881,0.17651322
1764505217.912617,-4.47118,0.79352,0.7019599999999999,-0.60815274,0.75475881,0.17651322
1764505217.912617,-4.47118,0.79352,0.7019599999999999,-0.60815274,0.75475881,0.17651322
1764505217.912617,-4.47118,0.79352,0.7019599999999999,-0.60815274,0.75475881,0.17651322
1764505217.912617,-4.47118,0.79352,0.7019599999999999,-0.60815274,0.75475881,0.17651322
1764505217.912617,-4.47118,0.79352,0.7019599999999999,-0.60815274,0.75475881,0.17651322
1764505217.912617,-4.47118,0.79352,0.7019599999999999,-0.60815274,0.75475881,0.17651322
1764505217.912617,-3.26564,0.03052,1.19028,-0.6087630900000001,0.7539653550000001,0.17651322
1764505217.912617,-3.26564,0.03052,1.19028,-0.6087630900000001,0.7539653550000001,0.17651322
1764505217.912617,-3.26564,0.03052,1.19028,-0.6087630900000001,0.7539653550000001,0.17651322
1764505217.9136386,-3.26564,0.03052,1.19028,-0.6087630900000001,0.7539653550000001,0.17651322
1764505217.9136386,-3.26564,0.03052,1.19028,-0.6087630900000001,0.7539653550000001,0.17651322
1764505217.9136386,-3.26564,0.03052,1.19028,-0.6087630900000001,0.7539653550000001,0.17651322
1764505217.9136386,-3.26564,0.03052,1.19028,-0.6087630900000001,0.7539653550000001,0.17651322
1764505217.9136386,-3.26564,0.03052,1.19028,-0.6087630900000001,0.7539653550000001,0.17651322
1764505217.9136386,-3.26564,0.03052,1.19028,-0.6087630900000001,0.7539653550000001,0.17651322
1764505217.9136386,-3.26564,0.03052,1.19028,-0.6087630900000001,0.7539653550000001,0.17651322
1764505217.9136386,-2.8994,0.6103999999999999,1.25132,-0.608702055,0.75427053,0.175719765
1764505217.9136386,-2.8994,0.6103999999999999,1.25132,-0.608702055,0.75427053,0.175719765
1764505217.9136386,-2.8994,0.6103999999999999,1.25132,-0.608702055,0.75427053,0.175719765
1764505217.9136386,-2.8994,0.6103999999999999,1.25132,-0.608702055,0.75427053,0.175719765
1764505217.9576454,-2.8994,0.6103999999999999,1.25132,-0.608702055,0.75427053,0.175719765
1764505217.9576454,-2.8994,0.6103999999999999,1.25132,-0.608702055,0.75427053,0.175719765
1764505217.9576454,-2.8994,0.6103999999999999,1.25132,-0.608702055,0.75427053,0.175719765
1764505217.9576454,-2.8994,0.6103999999999999,1.25132,-0.608702055,0.75427053,0.175719765
1764505217.9576454,-2.8994,0.6103999999999999,1.25132,-0.608702055,0.75427053,0.175719765
1764505217.9576454,-2.8994,0.6103999999999999,1.25132,-0.608702055,0.75427053,0.175719765
1764505217.9576454,-4.02864,0.7019599999999999,0.8392999999999999,-0.609434475,0.75475881,0.17651322
1764505217.9576454,-4.02864,0.7019599999999999,0.8392999999999999,-0.609434475,0.75475881,0.17651322
1764505217.9576454,-4.02864,0.7019599999999999,0.8392999999999999,-0.609434475,0.75475881,0.17651322
1764505217.9576454,-4.02864,0.7019599999999999,0.8392999999999999,-0.609434475,0.75475881,0.17651322
1764505217.9581604,-4.02864,0.7019599999999999,0.8392999999999999,-0.609434475,0.75475881,0.17651322
1764505217.9581604,-4.02864,0.7019599999999999,0.8392999999999999,-0.609434475,0.75475881,0.17651322
1764505217.9581604,-4.02864,0.7019599999999999,0.8392999999999999,-0.609434475,0.75475881,0.17651322
1764505217.9581604,-4.02864,0.7019599999999999,0.8392999999999999,-0.609434475,0.75475881,0.17651322
1764505217.9581604,-4.02864,0.7019599999999999,0.8392999999999999,-0.609434475,0.75475881,0.17651322
1764505217.9581604,-4.02864,0.7019599999999999,0.8392999999999999,-0.609434475,0.75475881,0.17651322
1764505217.9581604,-5.69198,1.57178,0.5341,-0.61022793,0.75243948,0.17724564
1764505217.9581604,-5.69198,1.57178,0.5341,-0.61022793,0.75243948,0.17724564
1764505217.9581604,-5.69198,1.57178,0.5341,-0.61022793,0.75243948,0.17724564
1764505217.9581604,-5.69198,1.57178,0.5341,-0.61022793,0.75243948,0.17724564
1764505217.9581604,-5.69198,1.57178,0.5341,-0.61022793,0.75243948,0.17724564
1764505217.9581604,-5.69198,1.57178,0.5341,-0.61022793,0.75243948,0.17724564
1764505217.9581604,-5.69198,1.57178,0.5341,-0.61022793,0.75243948,0.17724564
1764505217.9581604,-5.69198,1.57178,0.5341,-0.61022793,0.75243948,0.17724564
1764505218.0078452,-5.69198,1.57178,0.5341,-0.61022793,0.75243948,0.17724564
1764505218.0078452,-5.69198,1.57178,0.5341,-0.61022793,0.75243948,0.17724564
1764505218.0078452,-4.63904,1.89224,0.51884,-0.6098006850000001,0.75085257,0.177917025
1764505218.0078452,-4.63904,1.89224,0.51884,-0.6098006850000001,0.75085257,0.177917025
1764505218.0078452,-4.63904,1.89224,0.51884,-0.6098006850000001,0.75085257,0.177917025
1764505218.0078452,-4.63904,1.89224,0.51884,-0.6098006850000001,0.75085257,0.177917025
1764505218.0078452,-4.63904,1.89224,0.51884,-0.6098006850000001,0.75085257,0.177917025
1764505218.0078452,-4.63904,1.89224,0.51884,-0.6098006850000001,0.75085257,0.177917025
1764505218.0078452,-4.63904,1.89224,0.51884,-0.6098006850000001,0.75085257,0.177917025
1764505218.0078452,-4.63904,1.89224,0.51884,-0.6098006850000001,0.75085257,0.177917025
1764505218.0089817,-4.63904,1.89224,0.51884,-0.6098006850000001,0.75085257,0.177917025
1764505218.0089817,-4.63904,1.89224,0.51884,-0.6098006850000001,0.75085257,0.177917025
1764505218.0089817,-3.7387,1.25132,0.3815,-0.60949551,0.75036429,0.17712357
1764505218.0089817,-3.7387,1.25132,0.3815,-0.60949551,0.75036429,0.17712357
1764505218.009976,-3.7387,1.25132,0.3815,-0.60949551,0.75036429,0.17712357
1764505218.009976,-3.7387,1.25132,0.3815,-0.60949551,0.75036429,0.17712357
1764505218.0104918,-3.7387,1.25132,0.3815,-0.60949551,0.75036429,0.17712357
1764505218.0104918,-3.7387,1.25132,0.3815,-0.60949551,0.75036429,0.17712357
1764505218.0104918,-3.7387,1.25132,0.3815,-0.60949551,0.75036429,0.17712357
1764505218.0104918,-3.7387,1.25132,0.3815,-0.60949551,0.75036429,0.17712357
1764505218.0104918,-3.7387,1.25132,0.3815,-0.60949551,0.75036429,0.17712357
1764505218.0115042,-3.7387,1.25132,0.3815,-0.60949551,0.75036429,0.17712357
1764505218.0115042,-3.64714,0.1678599999999999,0.73248,-0.609922755,0.750059115,0.17785599
1764505218.0115042,-3.64714,0.1678599999999999,0.73248,-0.609922755,0.750059115,0.17785599
1764505218.054525,-3.64714,0.1678599999999999,0.73248,-0.609922755,0.750059115,0.17785599
1764505218.054525,-3.64714,0.1678599999999999,0.73248,-0.609922755,0.750059115,0.17785599
1764505218.054525,-3.64714,0.1678599999999999,0.73248,-0.609922755,0.750059115,0.17785599
1764505218.054525,-3.64714,0.1678599999999999,0.73248,-0.609922755,0.750059115,0.17785599
1764505218.054525,-3.64714,0.1678599999999999,0.73248,-0.609922755,0.750059115,0.17785599
1764505218.054525,-3.64714,0.1678599999999999,0.73248,-0.609922755,0.750059115,0.17785599
1764505218.054525,-3.64714,0.1678599999999999,0.73248,-0.609922755,0.750059115,0.17785599
1764505218.054525,-3.64714,0.1678599999999999,0.73248,-0.609922755,0.750059115,0.17785599
1764505218.054525,-3.49454,0.1678599999999999,-0.18312,-0.6098006850000001,0.75146292,0.177917025
1764505218.054525,-3.49454,0.1678599999999999,-0.18312,-0.6098006850000001,0.75146292,0.177917025
1764505218.055086,-3.49454,0.1678599999999999,-0.18312,-0.6098006850000001,0.75146292,0.177917025
1764505218.055086,-3.49454,0.1678599999999999,-0.18312,-0.6098006850000001,0.75146292,0.177917025
1764505218.055086,-3.49454,0.1678599999999999,-0.18312,-0.6098006850000001,0.75146292,0.177917025
1764505218.055086,-3.49454,0.1678599999999999,-0.18312,-0.6098006850000001,0.75146292,0.177917025
1764505218.055086,-3.49454,0.1678599999999999,-0.18312,-0.6098006850000001,0.75146292,0.177917025
1764505218.055086,-3.49454,0.1678599999999999,-0.18312,-0.6098006850000001,0.75146292,0.177917025
1764505218.055086,-3.49454,0.1678599999999999,-0.18312,-0.6098006850000001,0.75146292,0.177917025
1764505218.055086,-3.49454,0.1678599999999999,-0.18312,-0.6098006850000001,0.75146292,0.177917025
1764505218.055086,-3.76922,1.02242,-0.13734,-0.608946195,0.752744655,0.17712357
1764505218.055086,-3.76922,1.02242,-0.13734,-0.608946195,0.752744655,0.17712357
1764505218.055086,-3.76922,1.02242,-0.13734,-0.608946195,0.752744655,0.17712357
1764505218.055086,-3.76922,1.02242,-0.13734,-0.608946195,0.752744655,0.17712357
1764505218.1030982,-3.76922,1.02242,-0.13734,-0.608946195,0.752744655,0.17712357
1764505218.1030982,-3.76922,1.02242,-0.13734,-0.608946195,0.752744655,0.17712357
1764505218.1030982,-3.76922,1.02242,-0.13734,-0.608946195,0.752744655,0.17712357
1764505218.1030982,-3.76922,1.02242,-0.13734,-0.608946195,0.752744655,0.17712357
1764505218.1030982,-3.76922,1.02242,-0.13734,-0.608946195,0.752744655,0.17712357
1764505218.1030982,-3.76922,1.02242,-0.13734,-0.608946195,0.752744655,0.17712357
1764505218.1030982,-3.21986,1.77016,-0.97664,-0.608702055,0.75427053,0.17590287
1764505218.1030982,-3.21986,1.77016,-0.97664,-0.608702055,0.75427053,0.17590287
1764505218.1030982,-3.21986,1.77016,-0.97664,-0.608702055,0.75427053,0.17590287
1764505218.1030982,-3.21986,1.77016,-0.97664,-0.608702055,0.75427053,0.17590287
1764505218.1030982,-3.21986,1.77016,-0.97664,-0.608702055,0.75427053,0.17590287
1764505218.1030982,-3.21986,1.77016,-0.97664,-0.608702055,0.75427053,0.17590287
1764505218.1030982,-3.21986,1.77016,-0.97664,-0.608702055,0.75427053,0.17590287
1764505218.1030982,-3.21986,1.77016,-0.97664,-0.608702055,0.75427053,0.17590287
1764505218.1030982,-3.21986,1.77016,-0.97664,-0.608702055,0.75427053,0.17590287
1764505218.1030982,-3.21986,1.77016,-0.97664,-0.608702055,0.75427053,0.17590287
1764505218.1030982,-3.52506,1.9075,-0.18312,-0.608946195,0.75488088,0.175963905
1764505218.1030982,-3.52506,1.9075,-0.18312,-0.608946195,0.75488088,0.175963905
1764505218.1030982,-3.52506,1.9075,-0.18312,-0.608946195,0.75488088,0.175963905
1764505218.1030982,-3.52506,1.9075,-0.18312,-0.608946195,0.75488088,0.175963905
1764505218.104092,-3.52506,1.9075,-0.18312,-0.608946195,0.75488088,0.175963905
1764505218.104092,-3.52506,1.9075,-0.18312,-0.608946195,0.75488088,0.175963905
1764505218.104092,-3.52506,1.9075,-0.18312,-0.608946195,0.75488088,0.175963905
1764505218.104092,-3.52506,1.9075,-0.18312,-0.608946195,0.75488088,0.175963905
1764505218.1478517,-3.52506,1.9075,-0.18312,-0.608946195,0.75488088,0.175963905
1764505218.1478517,-3.52506,1.9075,-0.18312,-0.608946195,0.75488088,0.175963905
1764505218.1478517,-4.6543,1.84646,0.48832,-0.608335845,0.75671193,0.177184605
1764505218.1478517,-4.6543,1.84646,0.48832,-0.608335845,0.75671193,0.177184605
1764505218.1478517,-4.6543,1.84646,0.48832,-0.608335845,0.75671193,0.177184605
1764505218.1478517,-4.6543,1.84646,0.48832,-0.608335845,0.75671193,0.177184605
1764505218.1483636,-4.6543,1.84646,0.48832,-0.608335845,0.75671193,0.177184605
1764505218.1483636,-4.6543,1.84646,0.48832,-0.608335845,0.75671193,0.177184605
1764505218.1483636,-4.6543,1.84646,0.48832,-0.608335845,0.75671193,0.177184605
1764505218.1483636,-4.6543,1.84646,0.48832,-0.608335845,0.75671193,0.177184605
1764505218.1483636,-4.6543,1.84646,0.48832,-0.608335845,0.75671193,0.177184605
1764505218.1483636,-4.6543,1.84646,0.48832,-0.608335845,0.75671193,0.177184605
1764505218.1483636,-5.00528,0.79352,-0.10682,-0.608213775,0.757261245,0.1782222
1764505218.1483636,-5.00528,0.79352,-0.10682,-0.608213775,0.757261245,0.1782222
1764505218.149377,-5.00528,0.79352,-0.10682,-0.608213775,0.757261245,0.1782222
1764505218.149377,-5.00528,0.79352,-0.10682,-0.608213775,0.757261245,0.1782222
1764505218.150395,-5.00528,0.79352,-0.10682,-0.608213775,0.757261245,0.1782222
1764505218.150395,-5.00528,0.79352,-0.10682,-0.608213775,0.757261245,0.1782222
1764505218.150395,-5.00528,0.79352,-0.10682,-0.608213775,0.757261245,0.1782222
1764505218.150395,-5.00528,0.79352,-0.10682,-0.608213775,0.757261245,0.1782222
1764505218.150395,-5.00528,0.79352,-0.10682,-0.608213775,0.757261245,0.1782222
1764505218.150395,-5.00528,0.79352,-0.10682,-0.608213775,0.757261245,0.1782222
1764505218.150395,-5.31048,1.64808,0.57988,-0.60815274,0.75695607,0.17785599
1764505218.150395,-5.31048,1.64808,0.57988,-0.60815274,0.75695607,0.17785599
1764505218.1959634,-5.31048,1.64808,0.57988,-0.60815274,0.75695607,0.17785599
1764505218.1959634,-5.31048,1.64808,0.57988,-0.60815274,0.75695607,0.17785599
1764505218.1959634,-5.31048,1.64808,0.57988,-0.60815274,0.75695607,0.17785599
1764505218.1959634,-5.31048,1.64808,0.57988,-0.60815274,0.75695607,0.17785599
1764505218.1959634,-5.31048,1.64808,0.57988,-0.60815274,0.75695607,0.17785599
1764505218.1959634,-5.31048,1.64808,0.57988,-0.60815274,0.75695607,0.17785599
1764505218.1969943,-5.31048,1.64808,0.57988,-0.60815274,0.75695607,0.17785599
1764505218.1969943,-5.31048,1.64808,0.57988,-0.60815274,0.75695607,0.17785599
1764505218.1969943,-5.1884,1.12924,0.6409199999999999,-0.60986172,0.755063985,0.177794955
1764505218.1969943,-5.1884,1.12924,0.6409199999999999,-0.60986172,0.755063985,0.177794955
1764505218.1969943,-5.1884,1.12924,0.6409199999999999,-0.60986172,0.755063985,0.177794955
1764505218.1969943,-5.1884,1.12924,0.6409199999999999,-0.60986172,0.755063985,0.177794955
1764505218.1969943,-5.1884,1.12924,0.6409199999999999,-0.60986172,0.755063985,0.177794955
1764505218.1969943,-5.1884,1.12924,0.6409199999999999,-0.60986172,0.755063985,0.177794955
1764505218.1969943,-5.1884,1.12924,0.6409199999999999,-0.60986172,0.755063985,0.177794955
1764505218.1969943,-5.1884,1.12924,0.6409199999999999,-0.60986172,0.755063985,0.177794955
1764505218.1969943,-5.1884,1.12924,0.6409199999999999,-0.60986172,0.755063985,0.177794955
1764505218.1969943,-5.1884,1.12924,0.6409199999999999,-0.60986172,0.755063985,0.177794955
1764505218.1969943,-5.66146,1.54126,0.56462,-0.610411035,0.75536916,0.176574255
1764505218.1969943,-5.66146,1.54126,0.56462,-0.610411035,0.75536916,0.176574255
1764505218.1969943,-5.66146,1.54126,0.56462,-0.610411035,0.75536916,0.176574255
1764505218.1969943,-5.66146,1.54126,0.56462,-0.610411035,0.75536916,0.176574255
1764505218.2448964,-5.66146,1.54126,0.56462,-0.610411035,0.75536916,0.176574255
1764505218.2448964,-5.66146,1.54126,0.56462,-0.610411035,0.75536916,0.176574255
1764505218.2448964,-5.66146,1.54126,0.56462,-0.610411035,0.75536916,0.176574255
1764505218.2448964,-5.66146,1.54126,0.56462,-0.610411035,0.75536916,0.176574255
1764505218.2448964,-5.66146,1.54126,0.56462,-0.610411035,0.75536916,0.176574255
1764505218.2448964,-5.66146,1.54126,0.56462,-0.610411035,0.75536916,0.176574255
1764505218.2448964,-6.271859999999999,2.30426,-0.3357199999999999,-0.60986172,0.75378225,0.175353555
1764505218.2448964,-6.271859999999999,2.30426,-0.3357199999999999,-0.60986172,0.75378225,0.175353555
1764505218.2448964,-6.271859999999999,2.30426,-0.3357199999999999,-0.60986172,0.75378225,0.175353555
1764505218.2448964,-6.271859999999999,2.30426,-0.3357199999999999,-0.60986172,0.75378225,0.175353555
1764505218.2448964,-6.271859999999999,2.30426,-0.3357199999999999,-0.60986172,0.75378225,0.175353555
1764505218.2448964,-6.271859999999999,2.30426,-0.3357199999999999,-0.60986172,0.75378225,0.175353555
1764505218.2454455,-6.271859999999999,2.30426,-0.3357199999999999,-0.60986172,0.75378225,0.175353555
1764505218.2454455,-6.271859999999999,2.30426,-0.3357199999999999,-0.60986172,0.75378225,0.175353555
1764505218.2454455,-6.271859999999999,2.30426,-0.3357199999999999,-0.60986172,0.75378225,0.175353555
1764505218.2454455,-6.271859999999999,2.30426,-0.3357199999999999,-0.60986172,0.75378225,0.175353555
1764505218.2454455,-4.07442,3.76922,-0.24416,-0.608335845,0.749570835,0.174010785
1764505218.2454455,-4.07442,3.76922,-0.24416,-0.608335845,0.749570835,0.174010785
1764505218.2454455,-4.07442,3.76922,-0.24416,-0.608335845,0.749570835,0.174010785
1764505218.2454455,-4.07442,3.76922,-0.24416,-0.608335845,0.749570835,0.174010785
1764505218.2454455,-4.07442,3.76922,-0.24416,-0.608335845,0.749570835,0.174010785
1764505218.2454455,-4.07442,3.76922,-0.24416,-0.608335845,0.749570835,0.174010785
1764505218.2454455,-4.07442,3.76922,-0.24416,-0.608335845,0.749570835,0.174010785
1764505218.2454455,-4.07442,3.76922,-0.24416,-0.608335845,0.749570835,0.174010785
1764505218.29049,-4.07442,3.76922,-0.24416,-0.608335845,0.749570835,0.174010785
1764505218.2910032,-4.07442,3.76922,-0.24416,-0.608335845,0.749570835,0.174010785
1764505218.2910032,-2.65524,3.8913,0.18312,-0.607603425,0.74780082,0.17370561
1764505218.2910032,-2.65524,3.8913,0.18312,-0.607603425,0.74780082,0.17370561
1764505218.2910032,-2.65524,3.8913,0.18312,-0.607603425,0.74780082,0.17370561
1764505218.2910032,-2.65524,3.8913,0.18312,-0.607603425,0.74780082,0.17370561
1764505218.2910032,-2.65524,3.8913,0.18312,-0.607603425,0.74780082,0.17370561
1764505218.2910032,-2.65524,3.8913,0.18312,-0.607603425,0.74780082,0.17370561
1764505218.2910032,-2.65524,3.8913,0.18312,-0.607603425,0.74780082,0.17370561
1764505218.2910032,-2.65524,3.8913,0.18312,-0.607603425,0.74780082,0.17370561
1764505218.2910032,-2.65524,3.8913,0.18312,-0.607603425,0.74780082,0.17370561
1764505218.2910032,-2.65524,3.8913,0.18312,-0.607603425,0.74780082,0.17370561
1764505218.2910032,-1.28184,2.96044,-0.3815,-0.609556545,0.74963187,0.17321733
1764505218.2910032,-1.28184,2.96044,-0.3815,-0.609556545,0.74963187,0.17321733
1764505218.2910032,-1.28184,2.96044,-0.3815,-0.609556545,0.74963187,0.17321733
1764505218.2910032,-1.28184,2.96044,-0.3815,-0.609556545,0.74963187,0.17321733
1764505218.2910032,-1.28184,2.96044,-0.3815,-0.609556545,0.74963187,0.17321733
1764505218.2910032,-1.28184,2.96044,-0.3815,-0.609556545,0.74963187,0.17321733
1764505218.2910032,-1.28184,2.96044,-0.3815,-0.609556545,0.74963187,0.17321733
1764505218.2910032,-1.28184,2.96044,-0.3815,-0.609556545,0.74963187,0.17321733
1764505218.2910032,-1.28184,2.96044,-0.3815,-0.609556545,0.74963187,0.17321733
1764505218.2910032,-1.28184,2.96044,-0.3815,-0.609556545,0.74963187,0.17321733
1764505218.2920332,-1.84646,2.47212,0.1525999999999999,-0.60937344,0.751401885,0.174987345
1764505218.2920332,-1.84646,2.47212,0.1525999999999999,-0.60937344,0.751401885,0.174987345
1764505218.3377428,-1.84646,2.47212,0.1525999999999999,-0.60937344,0.751401885,0.174987345
1764505218.345179,-1.84646,2.47212,0.1525999999999999,-0.60937344,0.751401885,0.174987345
1764505218.345179,-1.84646,2.47212,0.1525999999999999,-0.60937344,0.751401885,0.174987345
1764505218.345179,-1.84646,2.47212,0.1525999999999999,-0.60937344,0.751401885,0.174987345
1764505218.3463244,-1.84646,2.47212,0.1525999999999999,-0.60937344,0.751401885,0.174987345
1764505218.3463244,-1.84646,2.47212,0.1525999999999999,-0.60937344,0.751401885,0.174987345
1764505218.3463244,-1.84646,2.47212,0.1525999999999999,-0.60937344,0.751401885,0.174987345
1764505218.3463244,-1.84646,2.47212,0.1525999999999999,-0.60937344,0.751401885,0.174987345
1764505218.3463244,-1.72438,3.052,-0.03052,-0.6079086,0.75231741,0.17517045
1764505218.3463244,-1.72438,3.052,-0.03052,-0.6079086,0.75231741,0.17517045
1764505218.3463244,-1.72438,3.052,-0.03052,-0.6079086,0.75231741,0.17517045
1764505218.3473182,-1.72438,3.052,-0.03052,-0.6079086,0.75231741,0.17517045
1764505218.3473182,-1.72438,3.052,-0.03052,-0.6079086,0.75231741,0.17517045
1764505218.3473182,-1.72438,3.052,-0.03052,-0.6079086,0.75231741,0.17517045
1764505218.3473182,-1.72438,3.052,-0.03052,-0.6079086,0.75231741,0.17517045
1764505218.3473182,-1.72438,3.052,-0.03052,-0.6079086,0.75231741,0.17517045
1764505218.3473182,-1.72438,3.052,-0.03052,-0.6079086,0.75231741,0.17517045
1764505218.3473182,-1.72438,3.052,-0.03052,-0.6079086,0.75231741,0.17517045
1764505218.3473182,-1.0682,2.70102,0.13734,-0.606748935,0.75256155,0.17663529
1764505218.3473182,-1.0682,2.70102,0.13734,-0.606748935,0.75256155,0.17663529
1764505218.3473182,-1.0682,2.70102,0.13734,-0.606748935,0.75256155,0.17663529
1764505218.3473182,-1.0682,2.70102,0.13734,-0.606748935,0.75256155,0.17663529
1764505218.3473182,-1.0682,2.70102,0.13734,-0.606748935,0.75256155,0.17663529
1764505218.3473182,-1.0682,2.70102,0.13734,-0.606748935,0.75256155,0.17663529
1764505218.3825018,-1.0682,2.70102,0.13734,-0.606748935,0.75256155,0.17663529
1764505218.3825018,-1.0682,2.70102,0.13734,-0.606748935,0.75256155,0.17663529
1764505218.3825018,-1.0682,2.70102,0.13734,-0.606748935,0.75256155,0.17663529
1764505218.3825018,-1.0682,2.70102,0.13734,-0.606748935,0.75256155,0.17663529
1764505218.3825018,-2.7468,2.16692,0.8392999999999999,-0.61059414,0.75536916,0.17639115
1764505218.383068,-2.7468,2.16692,0.8392999999999999,-0.61059414,0.75536916,0.17639115
1764505218.383068,-2.7468,2.16692,0.8392999999999999,-0.61059414,0.75536916,0.17639115
1764505218.383068,-2.7468,2.16692,0.8392999999999999,-0.61059414,0.75536916,0.17639115
1764505218.383068,-2.7468,2.16692,0.8392999999999999,-0.61059414,0.75536916,0.17639115
1764505218.383068,-2.7468,2.16692,0.8392999999999999,-0.61059414,0.75536916,0.17639115
1764505218.383068,-2.7468,2.16692,0.8392999999999999,-0.61059414,0.75536916,0.17639115
1764505218.383068,-2.7468,2.16692,0.8392999999999999,-0.61059414,0.75536916,0.17639115
1764505218.383068,-2.7468,2.16692,0.8392999999999999,-0.61059414,0.75536916,0.17639115
1764505218.383068,-2.7468,2.16692,0.8392999999999999,-0.61059414,0.75536916,0.17639115
1764505218.383068,-4.92898,0.93086,0.4578,-0.61511073,0.7576274550000001,0.178649445
1764505218.383068,-4.92898,0.93086,0.4578,-0.61511073,0.7576274550000001,0.178649445
1764505218.383068,-4.92898,0.93086,0.4578,-0.61511073,0.7576274550000001,0.178649445
1764505218.383068,-4.92898,0.93086,0.4578,-0.61511073,0.7576274550000001,0.178649445
1764505218.383068,-4.92898,0.93086,0.4578,-0.61511073,0.7576274550000001,0.178649445
1764505218.383068,-4.92898,0.93086,0.4578,-0.61511073,0.7576274550000001,0.178649445
1764505218.383068,-4.92898,0.93086,0.4578,-0.61511073,0.7576274550000001,0.178649445
1764505218.383068,-4.92898,0.93086,0.4578,-0.61511073,0.7576274550000001,0.178649445
1764505218.4282925,-4.92898,0.93086,0.4578,-0.61511073,0.7576274550000001,0.178649445
1764505218.4282925,-4.92898,0.93086,0.4578,-0.61511073,0.7576274550000001,0.178649445
1764505218.4282925,-6.11926,1.61756,-1.12924,-0.613951065,0.756895035,0.17932083
1764505218.4282925,-6.11926,1.61756,-1.12924,-0.613951065,0.756895035,0.17932083
1764505218.4282925,-6.11926,1.61756,-1.12924,-0.613951065,0.756895035,0.17932083
1764505218.4282925,-6.11926,1.61756,-1.12924,-0.613951065,0.756895035,0.17932083
1764505218.4282925,-6.11926,1.61756,-1.12924,-0.613951065,0.756895035,0.17932083
1764505218.4282925,-6.11926,1.61756,-1.12924,-0.613951065,0.756895035,0.17932083
1764505218.4282925,-6.11926,1.61756,-1.12924,-0.613951065,0.756895035,0.17932083
1764505218.4282925,-6.11926,1.61756,-1.12924,-0.613951065,0.756895035,0.17932083
1764505218.4282925,-6.11926,1.61756,-1.12924,-0.613951065,0.756895035,0.17932083
1764505218.4282925,-6.11926,1.61756,-1.12924,-0.613951065,0.756895035,0.17932083
1764505218.4282925,-6.3329,3.25038,-1.2971,-0.61108242,0.75622365,0.177672885
1764505218.4282925,-6.3329,3.25038,-1.2971,-0.61108242,0.75622365,0.177672885
1764505218.4293065,-6.3329,3.25038,-1.2971,-0.61108242,0.75622365,0.177672885
1764505218.4293065,-6.3329,3.25038,-1.2971,-0.61108242,0.75622365,0.177672885
1764505218.4293065,-6.3329,3.25038,-1.2971,-0.61108242,0.75622365,0.177672885
1764505218.4293065,-6.3329,3.25038,-1.2971,-0.61108242,0.75622365,0.177672885
1764505218.4293065,-6.3329,3.25038,-1.2971,-0.61108242,0.75622365,0.177672885
1764505218.4293065,-6.3329,3.25038,-1.2971,-0.61108242,0.75622365,0.177672885
1764505218.4293065,-6.3329,3.25038,-1.2971,-0.61108242,0.75622365,0.177672885
1764505218.4293065,-6.3329,3.25038,-1.2971,-0.61108242,0.75622365,0.177672885
1764505218.4293065,-6.19556,2.77732,-0.50358,-0.612364155,0.75414846,0.17651322
1764505218.4293065,-6.19556,2.77732,-0.50358,-0.612364155,0.75414846,0.17651322
1764505218.4765637,-6.19556,2.77732,-0.50358,-0.612364155,0.75414846,0.17651322
1764505218.4765637,-6.19556,2.77732,-0.50358,-0.612364155,0.75414846,0.17651322
1764505218.4765637,-6.19556,2.77732,-0.50358,-0.612364155,0.75414846,0.17651322
1764505218.4765637,-6.19556,2.77732,-0.50358,-0.612364155,0.75414846,0.17651322
1764505218.4765637,-6.19556,2.77732,-0.50358,-0.612364155,0.75414846,0.17651322
1764505218.4765637,-6.19556,2.77732,-0.50358,-0.612364155,0.75414846,0.17651322
1764505218.4765637,-6.19556,2.77732,-0.50358,-0.612364155,0.75414846,0.17651322
1764505218.4765637,-6.19556,2.77732,-0.50358,-0.612364155,0.75414846,0.17651322
1764505218.4765637,-5.98192,0.28994,0.28994,-0.613951065,0.75219534,0.17529252
1764505218.4765637,-5.98192,0.28994,0.28994,-0.613951065,0.75219534,0.17529252
1764505218.4765637,-5.98192,0.28994,0.28994,-0.613951065,0.75219534,0.17529252
1764505218.4765637,-5.98192,0.28994,0.28994,-0.613951065,0.75219534,0.17529252
1764505218.4765637,-5.98192,0.28994,0.28994,-0.613951065,0.75219534,0.17529252
1764505218.4765637,-5.98192,0.28994,0.28994,-0.613951065,0.75219534,0.17529252
1764505218.4765637,-5.98192,0.28994,0.28994,-0.613951065,0.75219534,0.17529252
1764505218.4765637,-5.98192,0.28994,0.28994,-0.613951065,0.75219534,0.17529252
1764505218.4765637,-5.98192,0.28994,0.28994,-0.613951065,0.75219534,0.17529252
1764505218.4765637,-5.98192,0.28994,0.28994,-0.613951065,0.75219534,0.17529252
1764505218.4765637,-5.4936,0.13734,1.05294,-0.61230312,0.75304983,0.173156295
1764505218.4765637,-5.4936,0.13734,1.05294,-0.61230312,0.75304983,0.173156295
1764505218.4765637,-5.4936,0.13734,1.05294,-0.61230312,0.75304983,0.173156295
1764505218.4765637,-5.4936,0.13734,1.05294,-0.61230312,0.75304983,0.173156295
1764505218.5226247,-5.4936,0.13734,1.05294,-0.61230312,0.75304983,0.173156295
1764505218.5226247,-5.4936,0.13734,1.05294,-0.61230312,0.75304983,0.173156295
1764505218.5226247,-5.4936,0.13734,1.05294,-0.61230312,0.75304983,0.173156295
1764505218.5226247,-5.4936,0.13734,1.05294,-0.61230312,0.75304983,0.173156295
1764505218.5226247,-5.4936,0.13734,1.05294,-0.61230312,0.75304983,0.173156295
1764505218.5226247,-5.4936,0.13734,1.05294,-0.61230312,0.75304983,0.173156295
1764505218.5226247,-5.78354,1.02242,0.763,-0.610533105,0.75366018,0.173278365
1764505218.5226247,-5.78354,1.02242,0.763,-0.610533105,0.75366018,0.173278365
1764505218.5226247,-5.78354,1.02242,0.763,-0.610533105,0.75366018,0.173278365
1764505218.5226247,-5.78354,1.02242,0.763,-0.610533105,0.75366018,0.173278365
1764505218.5226247,-5.78354,1.02242,0.763,-0.610533105,0.75366018,0.173278365
1764505218.5226247,-5.78354,1.02242,0.763,-0.610533105,0.75366018,0.173278365
1764505218.5235193,-5.78354,1.02242,0.763,-0.610533105,0.75366018,0.173278365
1764505218.5235193,-5.78354,1.02242,0.763,-0.610533105,0.75366018,0.173278365
1764505218.5235193,-5.78354,1.02242,0.763,-0.610533105,0.75366018,0.173278365
1764505218.5235193,-5.78354,1.02242,0.763,-0.610533105,0.75366018,0.173278365
1764505218.5235193,-6.28712,2.60946,0.03052,-0.61010586,0.7523784450000001,0.174865275
1764505218.5235193,-6.28712,2.60946,0.03052,-0.61010586,0.7523784450000001,0.174865275
1764505218.5235193,-6.28712,2.60946,0.03052,-0.61010586,0.7523784450000001,0.174865275
1764505218.5235193,-6.28712,2.60946,0.03052,-0.61010586,0.7523784450000001,0.174865275
1764505218.5246296,-6.28712,2.60946,0.03052,-0.61010586,0.7523784450000001,0.174865275
1764505218.5246296,-6.28712,2.60946,0.03052,-0.61010586,0.7523784450000001,0.174865275
1764505218.5246296,-6.28712,2.60946,0.03052,-0.61010586,0.7523784450000001,0.174865275
1764505218.5246296,-6.28712,2.60946,0.03052,-0.61010586,0.7523784450000001,0.174865275
1764505218.566923,-6.28712,2.60946,0.03052,-0.61010586,0.7523784450000001,0.174865275
1764505218.566923,-6.28712,2.60946,0.03052,-0.61010586,0.7523784450000001,0.174865275
1764505218.566923,-4.959499999999999,2.30426,0.41202,-0.61096035,0.752012235,0.174254925
1764505218.566923,-4.959499999999999,2.30426,0.41202,-0.61096035,0.752012235,0.174254925
1764505218.566923,-4.959499999999999,2.30426,0.41202,-0.61096035,0.752012235,0.174254925
1764505218.566923,-4.959499999999999,2.30426,0.41202,-0.61096035,0.752012235,0.174254925
1764505218.566923,-4.959499999999999,2.30426,0.41202,-0.61096035,0.752012235,0.174254925
1764505218.566923,-4.959499999999999,2.30426,0.41202,-0.61096035,0.752012235,0.174254925
1764505218.566923,-4.959499999999999,2.30426,0.41202,-0.61096035,0.752012235,0.174254925
1764505218.5679345,-4.959499999999999,2.30426,0.41202,-0.61096035,0.752012235,0.174254925
1764505218.5679345,-4.959499999999999,2.30426,0.41202,-0.61096035,0.752012235,0.174254925
1764505218.5679345,-4.959499999999999,2.30426,0.41202,-0.61096035,0.752012235,0.174254925
1764505218.5679345,-4.5017,1.1445,0.50358,-0.61071621,0.7519512,0.17358354
1764505218.5679345,-4.5017,1.1445,0.50358,-0.61071621,0.7519512,0.17358354
1764505218.5689647,-4.5017,1.1445,0.50358,-0.61071621,0.7519512,0.17358354
1764505218.5689647,-4.5017,1.1445,0.50358,-0.61071621,0.7519512,0.17358354
1764505218.5689647,-4.5017,1.1445,0.50358,-0.61071621,0.7519512,0.17358354
1764505218.5689647,-4.5017,1.1445,0.50358,-0.61071621,0.7519512,0.17358354
1764505218.5689647,-4.5017,1.1445,0.50358,-0.61071621,0.7519512,0.17358354
1764505218.5689647,-4.5017,1.1445,0.50358,-0.61071621,0.7519512,0.17358354
1764505218.5689647,-4.5017,1.1445,0.50358,-0.61071621,0.7519512,0.17358354
1764505218.5689647,-4.5017,1.1445,0.50358,-0.61071621,0.7519512,0.17358354
1764505218.5689647,-4.25754,1.12924,3.8913,-0.608946195,0.7519512,0.17431596
1764505218.5689647,-4.25754,1.12924,3.8913,-0.608946195,0.7519512,0.17431596
1764505218.6150932,-4.25754,1.12924,3.8913,-0.608946195,0.7519512,0.17431596
1764505218.615627,-4.25754,1.12924,3.8913,-0.608946195,0.7519512,0.17431596
1764505218.615627,-4.25754,1.12924,3.8913,-0.608946195,0.7519512,0.17431596
1764505218.615627,-4.25754,1.12924,3.8913,-0.608946195,0.7519512,0.17431596
1764505218.615627,-4.25754,1.12924,3.8913,-0.608946195,0.7519512,0.17431596
1764505218.615627,-4.25754,1.12924,3.8913,-0.608946195,0.7519512,0.17431596
1764505218.615627,-4.25754,1.12924,3.8913,-0.608946195,0.7519512,0.17431596
1764505218.615627,-4.25754,1.12924,3.8913,-0.608946195,0.7519512,0.17431596
1764505218.615627,-5.08158,2.38056,0.48832,-0.60986172,0.752256375,0.175475625
1764505218.615627,-5.08158,2.38056,0.48832,-0.60986172,0.752256375,0.175475625
1764505218.615627,-5.08158,2.38056,0.48832,-0.60986172,0.752256375,0.175475625
1764505218.615627,-5.08158,2.38056,0.48832,-0.60986172,0.752256375,0.175475625
1764505218.615627,-5.08158,2.38056,0.48832,-0.60986172,0.752256375,0.175475625
1764505218.615627,-5.08158,2.38056,0.48832,-0.60986172,0.752256375,0.175475625
1764505218.615627,-5.08158,2.38056,0.48832,-0.60986172,0.752256375,0.175475625
1764505218.615627,-5.08158,2.38056,0.48832,-0.60986172,0.752256375,0.175475625
1764505218.615627,-5.08158,2.38056,0.48832,-0.60986172,0.752256375,0.175475625
1764505218.615627,-5.08158,2.38056,0.48832,-0.60986172,0.752256375,0.175475625
1764505218.615627,-5.27996,2.4416,0.2289,-0.61132656,0.751768095,0.175353555
1764505218.615627,-5.27996,2.4416,0.2289,-0.61132656,0.751768095,0.175353555
1764505218.615627,-5.27996,2.4416,0.2289,-0.61132656,0.751768095,0.175353555
1764505218.615627,-5.27996,2.4416,0.2289,-0.61132656,0.751768095,0.175353555
1764505218.6616888,-5.27996,2.4416,0.2289,-0.61132656,0.751768095,0.175353555
1764505218.6621978,-5.27996,2.4416,0.2289,-0.61132656,0.751768095,0.175353555
1764505218.6621978,-5.27996,2.4416,0.2289,-0.61132656,0.751768095,0.175353555
1764505218.6621978,-5.27996,2.4416,0.2289,-0.61132656,0.751768095,0.175353555
1764505218.6621978,-5.27996,2.4416,0.2289,-0.61132656,0.751768095,0.175353555
1764505218.6621978,-5.27996,2.4416,0.2289,-0.61132656,0.751768095,0.175353555
1764505218.6621978,-4.51696,1.64808,0.0762999999999999,-0.61083828,0.75097464,0.17443803
1764505218.6621978,-4.51696,1.64808,0.0762999999999999,-0.61083828,0.75097464,0.17443803
1764505218.6621978,-4.51696,1.64808,0.0762999999999999,-0.61083828,0.75097464,0.17443803
1764505218.6621978,-4.51696,1.64808,0.0762999999999999,-0.61083828,0.75097464,0.17443803
1764505218.6621978,-4.51696,1.64808,0.0762999999999999,-0.61083828,0.75097464,0.17443803
1764505218.6621978,-4.51696,1.64808,0.0762999999999999,-0.61083828,0.75097464,0.17443803
1764505218.6621978,-4.51696,1.64808,0.0762999999999999,-0.61083828,0.75097464,0.17443803
1764505218.6621978,-4.51696,1.64808,0.0762999999999999,-0.61083828,0.75097464,0.17443803
1764505218.6621978,-4.51696,1.64808,0.0762999999999999,-0.61083828,0.75097464,0.17443803
1764505218.6621978,-4.51696,1.64808,0.0762999999999999,-0.61083828,0.75097464,0.17443803
1764505218.662704,-4.21176,2.18218,-0.3051999999999999,-0.609922755,0.750181185,0.174987345
1764505218.662704,-4.21176,2.18218,-0.3051999999999999,-0.609922755,0.750181185,0.174987345
1764505218.662704,-4.21176,2.18218,-0.3051999999999999,-0.609922755,0.750181185,0.174987345
1764505218.662704,-4.21176,2.18218,-0.3051999999999999,-0.609922755,0.750181185,0.174987345
1764505218.662704,-4.21176,2.18218,-0.3051999999999999,-0.609922755,0.750181185,0.174987345
1764505218.662704,-4.21176,2.18218,-0.3051999999999999,-0.609922755,0.750181185,0.174987345
1764505218.662704,-4.21176,2.18218,-0.3051999999999999,-0.609922755,0.750181185,0.174987345
1764505218.662704,-4.21176,2.18218,-0.3051999999999999,-0.609922755,0.750181185,0.174987345
1764505218.7071476,-4.21176,2.18218,-0.3051999999999999,-0.609922755,0.750181185,0.174987345
1764505218.7071476,-4.21176,2.18218,-0.3051999999999999,-0.609922755,0.750181185,0.174987345
1764505218.7071476,-4.48644,2.0601,-0.7019599999999999,-0.611509665,0.74902152,0.17504838
1764505218.7071476,-4.48644,2.0601,-0.7019599999999999,-0.611509665,0.74902152,0.17504838
1764505218.7071476,-4.48644,2.0601,-0.7019599999999999,-0.611509665,0.74902152,0.17504838
1764505218.7071476,-4.48644,2.0601,-0.7019599999999999,-0.611509665,0.74902152,0.17504838
1764505218.7071476,-4.48644,2.0601,-0.7019599999999999,-0.611509665,0.74902152,0.17504838
1764505218.7071476,-4.48644,2.0601,-0.7019599999999999,-0.611509665,0.74902152,0.17504838
1764505218.7071476,-4.48644,2.0601,-0.7019599999999999,-0.611509665,0.74902152,0.17504838
1764505218.7071476,-4.48644,2.0601,-0.7019599999999999,-0.611509665,0.74902152,0.17504838
1764505218.7071476,-4.48644,2.0601,-0.7019599999999999,-0.611509665,0.74902152,0.17504838
1764505218.7071476,-4.48644,2.0601,-0.7019599999999999,-0.611509665,0.74902152,0.17504838
1764505218.7071476,-4.715339999999999,1.63282,-0.01526,-0.612242085,0.74902152,0.17407182
1764505218.7071476,-4.715339999999999,1.63282,-0.01526,-0.612242085,0.74902152,0.17407182
1764505218.7071476,-4.715339999999999,1.63282,-0.01526,-0.612242085,0.74902152,0.17407182
1764505218.7071476,-4.715339999999999,1.63282,-0.01526,-0.612242085,0.74902152,0.17407182
1764505218.7081475,-4.715339999999999,1.63282,-0.01526,-0.612242085,0.74902152,0.17407182
1764505218.7081475,-4.715339999999999,1.63282,-0.01526,-0.612242085,0.74902152,0.17407182
1764505218.7081475,-4.715339999999999,1.63282,-0.01526,-0.612242085,0.74902152,0.17407182
1764505218.7081475,-4.715339999999999,1.63282,-0.01526,-0.612242085,0.74902152,0.17407182
1764505218.7081475,-4.715339999999999,1.63282,-0.01526,-0.612242085,0.74902152,0.17407182
1764505218.7081475,-4.715339999999999,1.63282,-0.01526,-0.612242085,0.74902152,0.17407182
1764505218.7081475,-3.93708,1.05294,-0.10682,-0.611997945,0.748472205,0.173522505
1764505218.7081475,-3.93708,1.05294,-0.10682,-0.611997945,0.748472205,0.173522505
1764505218.7558105,-3.93708,1.05294,-0.10682,-0.611997945,0.748472205,0.173522505
1764505218.7558105,-3.93708,1.05294,-0.10682,-0.611997945,0.748472205,0.173522505
1764505218.7558105,-3.93708,1.05294,-0.10682,-0.611997945,0.748472205,0.173522505
1764505218.7558105,-3.93708,1.05294,-0.10682,-0.611997945,0.748472205,0.173522505
1764505218.7558105,-3.93708,1.05294,-0.10682,-0.611997945,0.748472205,0.173522505
1764505218.7558105,-3.93708,1.05294,-0.10682,-0.611997945,0.748472205,0.173522505
1764505218.7558105,-3.93708,1.05294,-0.10682,-0.611997945,0.748472205,0.173522505
1764505218.7568083,-3.93708,1.05294,-0.10682,-0.611997945,0.748472205,0.173522505
1764505218.7568083,-2.68576,1.4497,-0.3051999999999999,-0.611021385,0.747861855,0.173888715
1764505218.7568083,-2.68576,1.4497,-0.3051999999999999,-0.611021385,0.747861855,0.173888715
1764505218.7568083,-2.68576,1.4497,-0.3051999999999999,-0.611021385,0.747861855,0.173888715
1764505218.7568083,-2.68576,1.4497,-0.3051999999999999,-0.611021385,0.747861855,0.173888715
1764505218.7568083,-2.68576,1.4497,-0.3051999999999999,-0.611021385,0.747861855,0.173888715
1764505218.7568083,-2.68576,1.4497,-0.3051999999999999,-0.611021385,0.747861855,0.173888715
1764505218.7568083,-2.68576,1.4497,-0.3051999999999999,-0.611021385,0.747861855,0.173888715
1764505218.7568083,-2.68576,1.4497,-0.3051999999999999,-0.611021385,0.747861855,0.173888715
1764505218.7568083,-2.68576,1.4497,-0.3051999999999999,-0.611021385,0.747861855,0.173888715
1764505218.7568083,-2.68576,1.4497,-0.3051999999999999,-0.611021385,0.747861855,0.173888715
1764505218.7568083,-2.1364,1.9838,-1.12924,-0.6103500000000001,0.74853324,0.174132855
1764505218.7568083,-2.1364,1.9838,-1.12924,-0.6103500000000001,0.74853324,0.174132855
1764505218.7568083,-2.1364,1.9838,-1.12924,-0.6103500000000001,0.74853324,0.174132855
1764505218.7568083,-2.1364,1.9838,-1.12924,-0.6103500000000001,0.74853324,0.174132855
1764505218.7568083,-2.1364,1.9838,-1.12924,-0.6103500000000001,0.74853324,0.174132855
1764505218.7568083,-2.1364,1.9838,-1.12924,-0.6103500000000001,0.74853324,0.174132855
1764505218.8019135,-2.1364,1.9838,-1.12924,-0.6103500000000001,0.74853324,0.174132855
1764505218.8019135,-2.1364,1.9838,-1.12924,-0.6103500000000001,0.74853324,0.174132855
1764505218.8019135,-2.1364,1.9838,-1.12924,-0.6103500000000001,0.74853324,0.174132855
1764505218.8019135,-2.1364,1.9838,-1.12924,-0.6103500000000001,0.74853324,0.174132855
1764505218.8019135,-2.60946,2.10588,-1.70912,-0.6103500000000001,0.75048636,0.17382768
1764505218.8019135,-2.60946,2.10588,-1.70912,-0.6103500000000001,0.75048636,0.17382768
1764505218.8019135,-2.60946,2.10588,-1.70912,-0.6103500000000001,0.75048636,0.17382768
1764505218.8019135,-2.60946,2.10588,-1.70912,-0.6103500000000001,0.75048636,0.17382768
1764505218.8029065,-2.60946,2.10588,-1.70912,-0.6103500000000001,0.75048636,0.17382768
1764505218.8029065,-2.60946,2.10588,-1.70912,-0.6103500000000001,0.75048636,0.17382768
1764505218.8029065,-2.60946,2.10588,-1.70912,-0.6103500000000001,0.75048636,0.17382768
1764505218.8029065,-2.60946,2.10588,-1.70912,-0.6103500000000001,0.75048636,0.17382768
1764505218.8029065,-2.60946,2.10588,-1.70912,-0.6103500000000001,0.75048636,0.17382768
1764505218.8029065,-2.60946,2.10588,-1.70912,-0.6103500000000001,0.75048636,0.17382768
1764505218.8029065,-2.8994,3.2809,-1.2055399999999998,-0.6093124050000001,0.7523784450000001,0.174743205
1764505218.8029065,-2.8994,3.2809,-1.2055399999999998,-0.6093124050000001,0.7523784450000001,0.174743205
1764505218.8029065,-2.8994,3.2809,-1.2055399999999998,-0.6093124050000001,0.7523784450000001,0.174743205
1764505218.8029065,-2.8994,3.2809,-1.2055399999999998,-0.6093124050000001,0.7523784450000001,0.174743205
1764505218.8029065,-2.8994,3.2809,-1.2055399999999998,-0.6093124050000001,0.7523784450000001,0.174743205
1764505218.8029065,-2.8994,3.2809,-1.2055399999999998,-0.6093124050000001,0.7523784450000001,0.174743205
1764505218.8029065,-2.8994,3.2809,-1.2055399999999998,-0.6093124050000001,0.7523784450000001,0.174743205
1764505218.8029065,-2.8994,3.2809,-1.2055399999999998,-0.6093124050000001,0.7523784450000001,0.174743205
1764505218.8505042,-2.8994,3.2809,-1.2055399999999998,-0.6093124050000001,0.7523784450000001,0.174743205
1764505218.8505042,-2.8994,3.2809,-1.2055399999999998,-0.6093124050000001,0.7523784450000001,0.174743205
1764505218.8505042,-4.53222,3.87604,-1.35814,-0.609190335,0.75390432,0.174987345
1764505218.8515046,-4.53222,3.87604,-1.35814,-0.609190335,0.75390432,0.174987345
1764505218.8515046,-4.53222,3.87604,-1.35814,-0.609190335,0.75390432,0.174987345
1764505218.8515046,-4.53222,3.87604,-1.35814,-0.609190335,0.75390432,0.174987345
1764505218.8515046,-4.53222,3.87604,-1.35814,-0.609190335,0.75390432,0.174987345
1764505218.852249,-4.53222,3.87604,-1.35814,-0.609190335,0.75390432,0.174987345
1764505218.852249,-4.53222,3.87604,-1.35814,-0.609190335,0.75390432,0.174987345
1764505218.852249,-4.53222,3.87604,-1.35814,-0.609190335,0.75390432,0.174987345
1764505218.852249,-4.53222,3.87604,-1.35814,-0.609190335,0.75390432,0.174987345
1764505218.852249,-4.53222,3.87604,-1.35814,-0.609190335,0.75390432,0.174987345
1764505218.852249,-5.29522,4.16598,-2.42634,-0.6098006850000001,0.753843285,0.17675736
1764505218.8532608,-5.29522,4.16598,-2.42634,-0.6098006850000001,0.753843285,0.17675736
1764505218.8532608,-5.29522,4.16598,-2.42634,-0.6098006850000001,0.753843285,0.17675736
1764505218.8532608,-5.29522,4.16598,-2.42634,-0.6098006850000001,0.753843285,0.17675736
1764505218.8532608,-5.29522,4.16598,-2.42634,-0.6098006850000001,0.753843285,0.17675736
1764505218.8532608,-5.29522,4.16598,-2.42634,-0.6098006850000001,0.753843285,0.17675736
1764505218.8532608,-5.29522,4.16598,-2.42634,-0.6098006850000001,0.753843285,0.17675736
1764505218.8532608,-5.29522,4.16598,-2.42634,-0.6098006850000001,0.753843285,0.17675736
1764505218.8532608,-5.29522,4.16598,-2.42634,-0.6098006850000001,0.753843285,0.17675736
1764505218.8532608,-5.29522,4.16598,-2.42634,-0.6098006850000001,0.753843285,0.17675736
1764505218.8532608,-5.66146,4.24228,-1.49548,-0.61120449,0.753721215,0.177917025
1764505218.8532608,-5.66146,4.24228,-1.49548,-0.61120449,0.753721215,0.177917025
1764505218.896359,-5.66146,4.24228,-1.49548,-0.61120449,0.753721215,0.177917025
1764505218.896359,-5.66146,4.24228,-1.49548,-0.61120449,0.753721215,0.177917025
1764505218.897376,-5.66146,4.24228,-1.49548,-0.61120449,0.753721215,0.177917025
1764505218.897376,-5.66146,4.24228,-1.49548,-0.61120449,0.753721215,0.177917025
1764505218.897376,-5.66146,4.24228,-1.49548,-0.61120449,0.753721215,0.177917025
1764505218.897376,-5.66146,4.24228,-1.49548,-0.61120449,0.753721215,0.177917025
1764505218.897376,-5.66146,4.24228,-1.49548,-0.61120449,0.753721215,0.177917025
1764505218.897376,-5.66146,4.24228,-1.49548,-0.61120449,0.753721215,0.177917025
1764505218.8978877,-6.34816,3.3572,0.1525999999999999,-0.612364155,0.75219534,0.177428745
1764505218.8978877,-6.34816,3.3572,0.1525999999999999,-0.612364155,0.75219534,0.177428745
1764505218.8978877,-6.34816,3.3572,0.1525999999999999,-0.612364155,0.75219534,0.177428745
1764505218.8978877,-6.34816,3.3572,0.1525999999999999,-0.612364155,0.75219534,0.177428745
1764505218.8978877,-6.34816,3.3572,0.1525999999999999,-0.612364155,0.75219534,0.177428745
1764505218.8978877,-6.34816,3.3572,0.1525999999999999,-0.612364155,0.75219534,0.177428745
1764505218.8978877,-6.34816,3.3572,0.1525999999999999,-0.612364155,0.75219534,0.177428745
1764505218.8978877,-6.34816,3.3572,0.1525999999999999,-0.612364155,0.75219534,0.177428745
1764505218.8978877,-6.34816,3.3572,0.1525999999999999,-0.612364155,0.75219534,0.177428745
1764505218.8978877,-6.34816,3.3572,0.1525999999999999,-0.612364155,0.75219534,0.177428745
1764505218.8978877,-7.172199999999999,2.76206,0.19838,-0.614195205,0.751157745,0.175353555
1764505218.8978877,-7.172199999999999,2.76206,0.19838,-0.614195205,0.751157745,0.175353555
1764505218.8978877,-7.172199999999999,2.76206,0.19838,-0.614195205,0.751157745,0.175353555
1764505218.8978877,-7.172199999999999,2.76206,0.19838,-0.614195205,0.751157745,0.175353555
1764505218.942524,-7.172199999999999,2.76206,0.19838,-0.614195205,0.751157745,0.175353555
1764505218.942524,-7.172199999999999,2.76206,0.19838,-0.614195205,0.751157745,0.175353555
1764505218.942524,-7.172199999999999,2.76206,0.19838,-0.614195205,0.751157745,0.175353555
1764505218.942524,-7.172199999999999,2.76206,0.19838,-0.614195205,0.751157745,0.175353555
1764505218.942524,-7.172199999999999,2.76206,0.19838,-0.614195205,0.751157745,0.175353555
1764505218.942524,-7.172199999999999,2.76206,0.19838,-0.614195205,0.751157745,0.175353555
1764505218.942524,-6.76018,1.87698,-1.00716,-0.61511073,0.7492656600000001,0.17382768
1764505218.942524,-6.76018,1.87698,-1.00716,-0.61511073,0.7492656600000001,0.17382768
1764505218.942524,-6.76018,1.87698,-1.00716,-0.61511073,0.7492656600000001,0.17382768
1764505218.942524,-6.76018,1.87698,-1.00716,-0.61511073,0.7492656600000001,0.17382768
1764505218.942524,-6.76018,1.87698,-1.00716,-0.61511073,0.7492656600000001,0.17382768
1764505218.942524,-6.76018,1.87698,-1.00716,-0.61511073,0.7492656600000001,0.17382768
1764505218.942524,-6.76018,1.87698,-1.00716,-0.61511073,0.7492656600000001,0.17382768
1764505218.942524,-6.76018,1.87698,-1.00716,-0.61511073,0.7492656600000001,0.17382768
1764505218.942524,-6.76018,1.87698,-1.00716,-0.61511073,0.7492656600000001,0.17382768
1764505218.942524,-6.76018,1.87698,-1.00716,-0.61511073,0.7492656600000001,0.17382768
1764505218.942524,-4.7306,1.6633399999999998,-1.2055399999999998,-0.615904185,0.746152875,0.172057665
1764505218.942524,-4.7306,1.6633399999999998,-1.2055399999999998,-0.615904185,0.746152875,0.172057665
1764505218.942524,-4.7306,1.6633399999999998,-1.2055399999999998,-0.615904185,0.746152875,0.172057665
1764505218.942524,-4.7306,1.6633399999999998,-1.2055399999999998,-0.615904185,0.746152875,0.172057665
1764505218.942524,-4.7306,1.6633399999999998,-1.2055399999999998,-0.615904185,0.746152875,0.172057665
1764505218.942524,-4.7306,1.6633399999999998,-1.2055399999999998,-0.615904185,0.746152875,0.172057665
1764505218.942524,-4.7306,1.6633399999999998,-1.2055399999999998,-0.615904185,0.746152875,0.172057665
1764505218.942524,-4.7306,1.6633399999999998,-1.2055399999999998,-0.615904185,0.746152875,0.172057665
1764505218.9898624,-4.7306,1.6633399999999998,-1.2055399999999998,-0.615904185,0.746152875,0.172057665
1764505218.9898624,-4.7306,1.6633399999999998,-1.2055399999999998,-0.615904185,0.746152875,0.172057665
1764505218.9898624,-1.64808,1.31236,-0.77826,-0.6176742000000001,0.743711475,0.170836965
1764505218.9898624,-1.64808,1.31236,-0.77826,-0.6176742000000001,0.743711475,0.170836965
1764505218.9898624,-1.64808,1.31236,-0.77826,-0.6176742000000001,0.743711475,0.170836965
1764505218.9898624,-1.64808,1.31236,-0.77826,-0.6176742000000001,0.743711475,0.170836965
1764505218.9898624,-1.64808,1.31236,-0.77826,-0.6176742000000001,0.743711475,0.170836965
1764505218.9898624,-1.64808,1.31236,-0.77826,-0.6176742000000001,0.743711475,0.170836965
1764505218.9898624,-1.64808,1.31236,-0.77826,-0.6176742000000001,0.743711475,0.170836965
1764505218.9898624,-1.64808,1.31236,-0.77826,-0.6176742000000001,0.743711475,0.170836965
1764505218.9898624,-1.64808,1.31236,-0.77826,-0.6176742000000001,0.743711475,0.170836965
1764505218.9898624,-1.64808,1.31236,-0.77826,-0.6176742000000001,0.743711475,0.170836965
1764505218.9898624,1.43444,-0.57988,-0.59514,-0.618955935,0.74438286,0.170470755
1764505218.9898624,1.43444,-0.57988,-0.59514,-0.618955935,0.74438286,0.170470755
1764505218.9898624,1.43444,-0.57988,-0.59514,-0.618955935,0.74438286,0.170470755
1764505218.9898624,1.43444,-0.57988,-0.59514,-0.618955935,0.74438286,0.170470755
1764505218.9898624,1.43444,-0.57988,-0.59514,-0.618955935,0.74438286,0.170470755
1764505218.9913902,1.43444,-0.57988,-0.59514,-0.618955935,0.74438286,0.170470755
1764505218.9913902,1.43444,-0.57988,-0.59514,-0.618955935,0.74438286,0.170470755
1764505218.9913902,1.43444,-0.57988,-0.59514,-0.618955935,0.74438286,0.170470755
1764505218.9913902,1.43444,-0.57988,-0.59514,-0.618955935,0.74438286,0.170470755
1764505218.9913902,1.43444,-0.57988,-0.59514,-0.618955935,0.74438286,0.170470755
1764505218.9913902,2.53316,-1.2971,-0.13734,-0.61779627,0.748105995,0.17126421
1764505218.9913902,2.53316,-1.2971,-0.13734,-0.61779627,0.748105995,0.17126421
1764505219.0353918,2.53316,-1.2971,-0.13734,-0.61779627,0.748105995,0.17126421
1764505219.0353918,2.53316,-1.2971,-0.13734,-0.61779627,0.748105995,0.17126421
1764505219.0353918,2.53316,-1.2971,-0.13734,-0.61779627,0.748105995,0.17126421
1764505219.0353918,2.53316,-1.2971,-0.13734,-0.61779627,0.748105995,0.17126421
1764505219.0353918,2.53316,-1.2971,-0.13734,-0.61779627,0.748105995,0.17126421
1764505219.0364044,2.53316,-1.2971,-0.13734,-0.61779627,0.748105995,0.17126421
1764505219.0364044,2.53316,-1.2971,-0.13734,-0.61779627,0.748105995,0.17126421
1764505219.0364044,2.53316,-1.2971,-0.13734,-0.61779627,0.748105995,0.17126421
1764505219.0364044,1.57178,-0.54936,-1.2055399999999998,-0.61584315,0.75182913,0.17309526
1764505219.0364044,1.57178,-0.54936,-1.2055399999999998,-0.61584315,0.75182913,0.17309526
1764505219.0364044,1.57178,-0.54936,-1.2055399999999998,-0.61584315,0.75182913,0.17309526
1764505219.0364044,1.57178,-0.54936,-1.2055399999999998,-0.61584315,0.75182913,0.17309526
1764505219.0364044,1.57178,-0.54936,-1.2055399999999998,-0.61584315,0.75182913,0.17309526
1764505219.0364044,1.57178,-0.54936,-1.2055399999999998,-0.61584315,0.75182913,0.17309526
1764505219.0364044,1.57178,-0.54936,-1.2055399999999998,-0.61584315,0.75182913,0.17309526
1764505219.0364044,1.57178,-0.54936,-1.2055399999999998,-0.61584315,0.75182913,0.17309526
1764505219.0364044,1.57178,-0.54936,-1.2055399999999998,-0.61584315,0.75182913,0.17309526
1764505219.0364044,1.57178,-0.54936,-1.2055399999999998,-0.61584315,0.75182913,0.17309526
1764505219.0364044,0.21364,-0.88508,-1.23606,-0.6150496950000001,0.75597951,0.17260698
1764505219.0364044,0.21364,-0.88508,-1.23606,-0.6150496950000001,0.75597951,0.17260698
1764505219.0364044,0.21364,-0.88508,-1.23606,-0.6150496950000001,0.75597951,0.17260698
1764505219.0364044,0.21364,-0.88508,-1.23606,-0.6150496950000001,0.75597951,0.17260698
1764505219.0364044,0.21364,-0.88508,-1.23606,-0.6150496950000001,0.75597951,0.17260698
1764505219.0364044,0.21364,-0.88508,-1.23606,-0.6150496950000001,0.75597951,0.17260698
1764505219.0844328,0.21364,-0.88508,-1.23606,-0.6150496950000001,0.75597951,0.17260698
1764505219.0844328,0.21364,-0.88508,-1.23606,-0.6150496950000001,0.75597951,0.17260698
1764505219.0844328,0.21364,-0.88508,-1.23606,-0.6150496950000001,0.75597951,0.17260698
1764505219.0844328,0.21364,-0.88508,-1.23606,-0.6150496950000001,0.75597951,0.17260698
1764505219.0844328,-2.1364,-0.8087799999999999,0.25942,-0.6140121000000001,0.760068855,0.17224077
1764505219.0844328,-2.1364,-0.8087799999999999,0.25942,-0.6140121000000001,0.760068855,0.17224077
1764505219.0844328,-2.1364,-0.8087799999999999,0.25942,-0.6140121000000001,0.760068855,0.17224077
1764505219.0844328,-2.1364,-0.8087799999999999,0.25942,-0.6140121000000001,0.760068855,0.17224077
1764505219.0844328,-2.1364,-0.8087799999999999,0.25942,-0.6140121000000001,0.760068855,0.17224077
1764505219.0844328,-2.1364,-0.8087799999999999,0.25942,-0.6140121000000001,0.760068855,0.17224077
1764505219.0844328,-2.1364,-0.8087799999999999,0.25942,-0.6140121000000001,0.760068855,0.17224077
1764505219.0844328,-2.1364,-0.8087799999999999,0.25942,-0.6140121000000001,0.760068855,0.17224077
1764505219.0844328,-2.1364,-0.8087799999999999,0.25942,-0.6140121000000001,0.760068855,0.17224077
1764505219.0844328,-2.1364,-0.8087799999999999,0.25942,-0.6140121000000001,0.760068855,0.17224077
1764505219.0844328,-4.56274,-0.65618,0.65618,-0.613218645,0.760801275,0.172912155
1764505219.0844328,-4.56274,-0.65618,0.65618,-0.613218645,0.760801275,0.172912155
1764505219.0844328,-4.56274,-0.65618,0.65618,-0.613218645,0.760801275,0.172912155
1764505219.085432,-4.56274,-0.65618,0.65618,-0.613218645,0.760801275,0.172912155
1764505219.085432,-4.56274,-0.65618,0.65618,-0.613218645,0.760801275,0.172912155
1764505219.085432,-4.56274,-0.65618,0.65618,-0.613218645,0.760801275,0.172912155
1764505219.085432,-4.56274,-0.65618,0.65618,-0.613218645,0.760801275,0.172912155
1764505219.085432,-4.56274,-0.65618,0.65618,-0.613218645,0.760801275,0.172912155
1764505219.1308043,-4.56274,-0.65618,0.65618,-0.613218645,0.760801275,0.172912155
1764505219.1308043,-4.56274,-0.65618,0.65618,-0.613218645,0.760801275,0.172912155
1764505219.1308043,-5.92088,2.3653,0.06104,-0.61059414,0.761777835,0.17358354
1764505219.1308043,-5.92088,2.3653,0.06104,-0.61059414,0.761777835,0.17358354
1764505219.1308043,-5.92088,2.3653,0.06104,-0.61059414,0.761777835,0.17358354
1764505219.1308043,-5.92088,2.3653,0.06104,-0.61059414,0.761777835,0.17358354
1764505219.1308043,-5.92088,2.3653,0.06104,-0.61059414,0.761777835,0.17358354
1764505219.1308043,-5.92088,2.3653,0.06104,-0.61059414,0.761777835,0.17358354
1764505219.1308043,-5.92088,2.3653,0.06104,-0.61059414,0.761777835,0.17358354
1764505219.1308043,-5.92088,2.3653,0.06104,-0.61059414,0.761777835,0.17358354
1764505219.1308043,-5.92088,2.3653,0.06104,-0.61059414,0.761777835,0.17358354
1764505219.1308043,-5.92088,2.3653,0.06104,-0.61059414,0.761777835,0.17358354
1764505219.1308043,-6.28712,2.56368,-0.3357199999999999,-0.6119369100000001,0.759092295,0.173400435
1764505219.1308043,-6.28712,2.56368,-0.3357199999999999,-0.6119369100000001,0.759092295,0.173400435
1764505219.1308043,-6.28712,2.56368,-0.3357199999999999,-0.6119369100000001,0.759092295,0.173400435
1764505219.1317327,-6.28712,2.56368,-0.3357199999999999,-0.6119369100000001,0.759092295,0.173400435
1764505219.1317327,-6.28712,2.56368,-0.3357199999999999,-0.6119369100000001,0.759092295,0.173400435
1764505219.1317327,-6.28712,2.56368,-0.3357199999999999,-0.6119369100000001,0.759092295,0.173400435
1764505219.1317327,-6.28712,2.56368,-0.3357199999999999,-0.6119369100000001,0.759092295,0.173400435
1764505219.1317327,-6.28712,2.56368,-0.3357199999999999,-0.6119369100000001,0.759092295,0.173400435
1764505219.1317327,-6.28712,2.56368,-0.3357199999999999,-0.6119369100000001,0.759092295,0.173400435
1764505219.1317327,-6.28712,2.56368,-0.3357199999999999,-0.6119369100000001,0.759092295,0.173400435
1764505219.1317327,-6.80596,2.10588,0.88508,-0.61315761,0.7556133,0.170959035
1764505219.1317327,-6.80596,2.10588,0.88508,-0.61315761,0.7556133,0.170959035
1764505219.176622,-6.80596,2.10588,0.88508,-0.61315761,0.7556133,0.170959035
1764505219.176622,-6.80596,2.10588,0.88508,-0.61315761,0.7556133,0.170959035
1764505219.176622,-6.80596,2.10588,0.88508,-0.61315761,0.7556133,0.170959035
1764505219.176622,-6.80596,2.10588,0.88508,-0.61315761,0.7556133,0.170959035
1764505219.176622,-6.80596,2.10588,0.88508,-0.61315761,0.7556133,0.170959035
1764505219.176622,-6.80596,2.10588,0.88508,-0.61315761,0.7556133,0.170959035
1764505219.176622,-6.80596,2.10588,0.88508,-0.61315761,0.7556133,0.170959035
1764505219.176622,-6.80596,2.10588,0.88508,-0.61315761,0.7556133,0.170959035
1764505219.176622,-5.8751,0.62566,1.49548,-0.61327968,0.75207327,0.169738335
1764505219.176622,-5.8751,0.62566,1.49548,-0.61327968,0.75207327,0.169738335
1764505219.176622,-5.8751,0.62566,1.49548,-0.61327968,0.75207327,0.169738335
1764505219.176622,-5.8751,0.62566,1.49548,-0.61327968,0.75207327,0.169738335
1764505219.176622,-5.8751,0.62566,1.49548,-0.61327968,0.75207327,0.169738335
1764505219.176622,-5.8751,0.62566,1.49548,-0.61327968,0.75207327,0.169738335
1764505219.178229,-5.8751,0.62566,1.49548,-0.61327968,0.75207327,0.169738335
1764505219.178229,-5.8751,0.62566,1.49548,-0.61327968,0.75207327,0.169738335
1764505219.178229,-5.8751,0.62566,1.49548,-0.61327968,0.75207327,0.169738335
1764505219.178229,-5.8751,0.62566,1.49548,-0.61327968,0.75207327,0.169738335
1764505219.178229,-4.6543,0.73248,1.19028,-0.612486225,0.75060843,0.16918902
1764505219.178229,-4.6543,0.73248,1.19028,-0.612486225,0.75060843,0.16918902
1764505219.178229,-4.6543,0.73248,1.19028,-0.612486225,0.75060843,0.16918902
1764505219.178229,-4.6543,0.73248,1.19028,-0.612486225,0.75060843,0.16918902
1764505219.178229,-4.6543,0.73248,1.19028,-0.612486225,0.75060843,0.16918902
1764505219.178229,-4.6543,0.73248,1.19028,-0.612486225,0.75060843,0.16918902
1764505219.222504,-4.6543,0.73248,1.19028,-0.612486225,0.75060843,0.16918902
1764505219.222504,-4.6543,0.73248,1.19028,-0.612486225,0.75060843,0.16918902
1764505219.222504,-4.6543,0.73248,1.19028,-0.612486225,0.75060843,0.16918902
1764505219.222504,-4.6543,0.73248,1.19028,-0.612486225,0.75060843,0.16918902
1764505219.222504,-3.79974,1.93802,0.6409199999999999,-0.612120015,0.74914359,0.169982475
1764505219.222504,-3.79974,1.93802,0.6409199999999999,-0.612120015,0.74914359,0.169982475
1764505219.222504,-3.79974,1.93802,0.6409199999999999,-0.612120015,0.74914359,0.169982475
1764505219.222504,-3.79974,1.93802,0.6409199999999999,-0.612120015,0.74914359,0.169982475
1764505219.222504,-3.79974,1.93802,0.6409199999999999,-0.612120015,0.74914359,0.169982475
1764505219.222504,-3.79974,1.93802,0.6409199999999999,-0.612120015,0.74914359,0.169982475
1764505219.222504,-3.79974,1.93802,0.6409199999999999,-0.612120015,0.74914359,0.169982475
1764505219.222504,-3.79974,1.93802,0.6409199999999999,-0.612120015,0.74914359,0.169982475
1764505219.223533,-3.79974,1.93802,0.6409199999999999,-0.612120015,0.74914359,0.169982475
1764505219.223533,-3.79974,1.93802,0.6409199999999999,-0.612120015,0.74914359,0.169982475
1764505219.223533,-3.5098,2.09062,0.28994,-0.613462785,0.74902152,0.17004351
1764505219.223533,-3.5098,2.09062,0.28994,-0.613462785,0.74902152,0.17004351
1764505219.223533,-3.5098,2.09062,0.28994,-0.613462785,0.74902152,0.17004351
1764505219.223533,-3.5098,2.09062,0.28994,-0.613462785,0.74902152,0.17004351
1764505219.223533,-3.5098,2.09062,0.28994,-0.613462785,0.74902152,0.17004351
1764505219.223533,-3.5098,2.09062,0.28994,-0.613462785,0.74902152,0.17004351
1764505219.223533,-3.5098,2.09062,0.28994,-0.613462785,0.74902152,0.17004351
1764505219.223533,-3.5098,2.09062,0.28994,-0.613462785,0.74902152,0.17004351
1764505219.270898,-3.5098,2.09062,0.28994,-0.613462785,0.74902152,0.17004351
1764505219.270898,-3.5098,2.09062,0.28994,-0.613462785,0.74902152,0.17004351
1764505219.2719088,-3.052,1.12924,-0.48832,-0.61327968,0.7503032550000001,0.17077593
1764505219.2719088,-3.052,1.12924,-0.48832,-0.61327968,0.7503032550000001,0.17077593
1764505219.2719088,-3.052,1.12924,-0.48832,-0.61327968,0.7503032550000001,0.17077593
1764505219.2719088,-3.052,1.12924,-0.48832,-0.61327968,0.7503032550000001,0.17077593
1764505219.2719088,-3.052,1.12924,-0.48832,-0.61327968,0.7503032550000001,0.17077593
1764505219.2719088,-3.052,1.12924,-0.48832,-0.61327968,0.7503032550000001,0.17077593
1764505219.2719088,-3.052,1.12924,-0.48832,-0.61327968,0.7503032550000001,0.17077593
1764505219.2719088,-3.052,1.12924,-0.48832,-0.61327968,0.7503032550000001,0.17077593
1764505219.2719088,-3.052,1.12924,-0.48832,-0.61327968,0.7503032550000001,0.17077593
1764505219.2719088,-3.052,1.12924,-0.48832,-0.61327968,0.7503032550000001,0.17077593
1764505219.2719088,-4.0439,2.25848,-1.15976,-0.613706925,0.75207327,0.17309526
1764505219.2719088,-4.0439,2.25848,-1.15976,-0.613706925,0.75207327,0.17309526
1764505219.2719088,-4.0439,2.25848,-1.15976,-0.613706925,0.75207327,0.17309526
1764505219.2719088,-4.0439,2.25848,-1.15976,-0.613706925,0.75207327,0.17309526
1764505219.2719088,-4.0439,2.25848,-1.15976,-0.613706925,0.75207327,0.17309526
1764505219.2719088,-4.0439,2.25848,-1.15976,-0.613706925,0.75207327,0.17309526
1764505219.2719088,-4.0439,2.25848,-1.15976,-0.613706925,0.75207327,0.17309526
1764505219.2719088,-4.0439,2.25848,-1.15976,-0.613706925,0.75207327,0.17309526
1764505219.2719088,-4.0439,2.25848,-1.15976,-0.613706925,0.75207327,0.17309526
1764505219.2719088,-4.0439,2.25848,-1.15976,-0.613706925,0.75207327,0.17309526
1764505219.2719088,-5.60042,2.8994,-0.4578,-0.611997945,0.753477075,0.17407182
1764505219.2719088,-5.60042,2.8994,-0.4578,-0.611997945,0.753477075,0.17407182
1764505219.3194318,-5.60042,2.8994,-0.4578,-0.611997945,0.753477075,0.17407182
1764505219.3194318,-5.60042,2.8994,-0.4578,-0.611997945,0.753477075,0.17407182
1764505219.3194318,-5.60042,2.8994,-0.4578,-0.611997945,0.753477075,0.17407182
1764505219.3194318,-5.60042,2.8994,-0.4578,-0.611997945,0.753477075,0.17407182
1764505219.3194318,-5.60042,2.8994,-0.4578,-0.611997945,0.753477075,0.17407182
1764505219.3194318,-5.60042,2.8994,-0.4578,-0.611997945,0.753477075,0.17407182
1764505219.3194318,-5.60042,2.8994,-0.4578,-0.611997945,0.753477075,0.17407182
1764505219.3194318,-5.60042,2.8994,-0.4578,-0.611997945,0.753477075,0.17407182
1764505219.3194318,-7.172199999999999,2.289,-0.1525999999999999,-0.611753805,0.753721215,0.174743205
1764505219.3194318,-7.172199999999999,2.289,-0.1525999999999999,-0.611753805,0.753721215,0.174743205
1764505219.3194318,-7.172199999999999,2.289,-0.1525999999999999,-0.611753805,0.753721215,0.174743205
1764505219.3194318,-7.172199999999999,2.289,-0.1525999999999999,-0.611753805,0.753721215,0.174743205
1764505219.3194318,-7.172199999999999,2.289,-0.1525999999999999,-0.611753805,0.753721215,0.174743205
1764505219.3194318,-7.172199999999999,2.289,-0.1525999999999999,-0.611753805,0.753721215,0.174743205
1764505219.3194318,-7.172199999999999,2.289,-0.1525999999999999,-0.611753805,0.753721215,0.174743205
1764505219.319974,-7.172199999999999,2.289,-0.1525999999999999,-0.611753805,0.753721215,0.174743205
1764505219.319974,-7.172199999999999,2.289,-0.1525999999999999,-0.611753805,0.753721215,0.174743205
1764505219.319974,-7.172199999999999,2.289,-0.1525999999999999,-0.611753805,0.753721215,0.174743205
1764505219.319974,-7.38584,1.8006799999999998,-0.36624,-0.613096575,0.75353811,0.17565873
1764505219.319974,-7.38584,1.8006799999999998,-0.36624,-0.613096575,0.75353811,0.17565873
1764505219.319974,-7.38584,1.8006799999999998,-0.36624,-0.613096575,0.75353811,0.17565873
1764505219.319974,-7.38584,1.8006799999999998,-0.36624,-0.613096575,0.75353811,0.17565873
1764505219.319974,-7.38584,1.8006799999999998,-0.36624,-0.613096575,0.75353811,0.17565873
1764505219.319974,-7.38584,1.8006799999999998,-0.36624,-0.613096575,0.75353811,0.17565873
1764505219.3635807,-7.38584,1.8006799999999998,-0.36624,-0.613096575,0.75353811,0.17565873
1764505219.3635807,-7.38584,1.8006799999999998,-0.36624,-0.613096575,0.75353811,0.17565873
1764505219.3635807,-7.38584,1.8006799999999998,-0.36624,-0.613096575,0.75353811,0.17565873
1764505219.3635807,-7.38584,1.8006799999999998,-0.36624,-0.613096575,0.75353811,0.17565873
1764505219.3635807,-7.263759999999999,1.15976,0.09156,-0.61376796,0.75256155,0.174254925
1764505219.3635807,-7.263759999999999,1.15976,0.09156,-0.61376796,0.75256155,0.174254925
1764505219.3635807,-7.263759999999999,1.15976,0.09156,-0.61376796,0.75256155,0.174254925
1764505219.3635807,-7.263759999999999,1.15976,0.09156,-0.61376796,0.75256155,0.174254925
1764505219.3635807,-7.263759999999999,1.15976,0.09156,-0.61376796,0.75256155,0.174254925
1764505219.3635807,-7.263759999999999,1.15976,0.09156,-0.61376796,0.75256155,0.174254925
1764505219.3635807,-7.263759999999999,1.15976,0.09156,-0.61376796,0.75256155,0.174254925
1764505219.3635807,-7.263759999999999,1.15976,0.09156,-0.61376796,0.75256155,0.174254925
1764505219.3635807,-7.263759999999999,1.15976,0.09156,-0.61376796,0.75256155,0.174254925
1764505219.3635807,-7.263759999999999,1.15976,0.09156,-0.61376796,0.75256155,0.174254925
1764505219.3635807,-6.83648,2.50264,0.28994,-0.613218645,0.750913605,0.172668015
1764505219.3635807,-6.83648,2.50264,0.28994,-0.613218645,0.750913605,0.172668015
1764505219.3635807,-6.83648,2.50264,0.28994,-0.613218645,0.750913605,0.172668015
1764505219.3635807,-6.83648,2.50264,0.28994,-0.613218645,0.750913605,0.172668015
1764505219.3635807,-6.83648,2.50264,0.28994,-0.613218645,0.750913605,0.172668015
1764505219.3635807,-6.83648,2.50264,0.28994,-0.613218645,0.750913605,0.172668015
1764505219.3635807,-6.83648,2.50264,0.28994,-0.613218645,0.750913605,0.172668015
1764505219.3635807,-6.83648,2.50264,0.28994,-0.613218645,0.750913605,0.172668015
1764505219.412249,-6.83648,2.50264,0.28994,-0.613218645,0.750913605,0.172668015
1764505219.412249,-6.83648,2.50264,0.28994,-0.613218645,0.750913605,0.172668015
1764505219.412249,-5.60042,2.31952,0.09156,-0.61486659,0.74755668,0.17248491
1764505219.4133322,-5.60042,2.31952,0.09156,-0.61486659,0.74755668,0.17248491
1764505219.4133322,-5.60042,2.31952,0.09156,-0.61486659,0.74755668,0.17248491
1764505219.4133322,-5.60042,2.31952,0.09156,-0.61486659,0.74755668,0.17248491
1764505219.4133322,-5.60042,2.31952,0.09156,-0.61486659,0.74755668,0.17248491
1764505219.4133322,-5.60042,2.31952,0.09156,-0.61486659,0.74755668,0.17248491
1764505219.4143322,-5.60042,2.31952,0.09156,-0.61486659,0.74755668,0.17248491
1764505219.4143322,-5.60042,2.31952,0.09156,-0.61486659,0.74755668,0.17248491
1764505219.4143322,-5.60042,2.31952,0.09156,-0.61486659,0.74755668,0.17248491
1764505219.4143322,-5.60042,2.31952,0.09156,-0.61486659,0.74755668,0.17248491
1764505219.4143322,-4.2728,1.49548,-0.44254,-0.61596522,0.745664595,0.172057665
1764505219.4153316,-4.2728,1.49548,-0.44254,-0.61596522,0.745664595,0.172057665
1764505219.4153316,-4.2728,1.49548,-0.44254,-0.61596522,0.745664595,0.172057665
1764505219.4153316,-4.2728,1.49548,-0.44254,-0.61596522,0.745664595,0.172057665
1764505219.4153316,-4.2728,1.49548,-0.44254,-0.61596522,0.745664595,0.172057665
1764505219.4153316,-4.2728,1.49548,-0.44254,-0.61596522,0.745664595,0.172057665
1764505219.4153316,-4.2728,1.49548,-0.44254,-0.61596522,0.745664595,0.172057665
1764505219.4153316,-4.2728,1.49548,-0.44254,-0.61596522,0.745664595,0.172057665
1764505219.4153316,-4.2728,1.49548,-0.44254,-0.61596522,0.745664595,0.172057665
1764505219.4153316,-4.2728,1.49548,-0.44254,-0.61596522,0.745664595,0.172057665
1764505219.4153316,-2.27374,1.3734,-0.44254,-0.61535487,0.7450542450000001,0.17187456
1764505219.4153316,-2.27374,1.3734,-0.44254,-0.61535487,0.7450542450000001,0.17187456
1764505219.4557004,-2.27374,1.3734,-0.44254,-0.61535487,0.7450542450000001,0.17187456
1764505219.4557004,-2.27374,1.3734,-0.44254,-0.61535487,0.7450542450000001,0.17187456
1764505219.456389,-2.27374,1.3734,-0.44254,-0.61535487,0.7450542450000001,0.17187456
1764505219.456389,-2.27374,1.3734,-0.44254,-0.61535487,0.7450542450000001,0.17187456
1764505219.456389,-2.27374,1.3734,-0.44254,-0.61535487,0.7450542450000001,0.17187456
1764505219.456389,-2.27374,1.3734,-0.44254,-0.61535487,0.7450542450000001,0.17187456
1764505219.456389,-2.27374,1.3734,-0.44254,-0.61535487,0.7450542450000001,0.17187456
1764505219.456389,-2.27374,1.3734,-0.44254,-0.61535487,0.7450542450000001,0.17187456
1764505219.457421,-1.43444,1.55652,-0.4578,-0.615293835,0.74535942,0.17199663
1764505219.457421,-1.43444,1.55652,-0.4578,-0.615293835,0.74535942,0.17199663
1764505219.457421,-1.43444,1.55652,-0.4578,-0.615293835,0.74535942,0.17199663
1764505219.4584026,-1.43444,1.55652,-0.4578,-0.615293835,0.74535942,0.17199663
1764505219.4584026,-1.43444,1.55652,-0.4578,-0.615293835,0.74535942,0.17199663
1764505219.4584026,-1.43444,1.55652,-0.4578,-0.615293835,0.74535942,0.17199663
1764505219.4584026,-1.43444,1.55652,-0.4578,-0.615293835,0.74535942,0.17199663
1764505219.4584026,-1.43444,1.55652,-0.4578,-0.615293835,0.74535942,0.17199663
1764505219.4584026,-1.43444,1.55652,-0.4578,-0.615293835,0.74535942,0.17199663
1764505219.4584026,-1.43444,1.55652,-0.4578,-0.615293835,0.74535942,0.17199663
1764505219.4584026,-1.43444,1.17502,-0.4578,-0.61596522,0.747617715,0.1733394
1764505219.4584026,-1.43444,1.17502,-0.4578,-0.61596522,0.747617715,0.1733394
1764505219.4584026,-1.43444,1.17502,-0.4578,-0.61596522,0.747617715,0.1733394
1764505219.459568,-1.43444,1.17502,-0.4578,-0.61596522,0.747617715,0.1733394
1764505219.459568,-1.43444,1.17502,-0.4578,-0.61596522,0.747617715,0.1733394
1764505219.459568,-1.43444,1.17502,-0.4578,-0.61596522,0.747617715,0.1733394
1764505219.5035076,-1.43444,1.17502,-0.4578,-0.61596522,0.747617715,0.1733394
1764505219.5035076,-1.43444,1.17502,-0.4578,-0.61596522,0.747617715,0.1733394
1764505219.5035076,-1.43444,1.17502,-0.4578,-0.61596522,0.747617715,0.1733394
1764505219.5035076,-1.43444,1.17502,-0.4578,-0.61596522,0.747617715,0.1733394
1764505219.504871,-2.09062,0.79352,0.0,-0.615415905,0.75048636,0.175353555
1764505219.504871,-2.09062,0.79352,0.0,-0.615415905,0.75048636,0.175353555
1764505219.504871,-2.09062,0.79352,0.0,-0.615415905,0.75048636,0.175353555
1764505219.504871,-2.09062,0.79352,0.0,-0.615415905,0.75048636,0.175353555
1764505219.504871,-2.09062,0.79352,0.0,-0.615415905,0.75048636,0.175353555
1764505219.504871,-2.09062,0.79352,0.0,-0.615415905,0.75048636,0.175353555
1764505219.504871,-2.09062,0.79352,0.0,-0.615415905,0.75048636,0.175353555
1764505219.5058675,-2.09062,0.79352,0.0,-0.615415905,0.75048636,0.175353555
1764505219.5058675,-2.09062,0.79352,0.0,-0.615415905,0.75048636,0.175353555
1764505219.5058675,-2.09062,0.79352,0.0,-0.615415905,0.75048636,0.175353555
1764505219.5058675,-3.815,0.3357199999999999,0.28994,-0.616148325,0.751768095,0.175719765
1764505219.5058675,-3.815,0.3357199999999999,0.28994,-0.616148325,0.751768095,0.175719765
1764505219.5058675,-3.815,0.3357199999999999,0.28994,-0.616148325,0.751768095,0.175719765
1764505219.5058675,-3.815,0.3357199999999999,0.28994,-0.616148325,0.751768095,0.175719765
1764505219.5058675,-3.815,0.3357199999999999,0.28994,-0.616148325,0.751768095,0.175719765
1764505219.5058675,-3.815,0.3357199999999999,0.28994,-0.616148325,0.751768095,0.175719765
1764505219.5058675,-3.815,0.3357199999999999,0.28994,-0.616148325,0.751768095,0.175719765
1764505219.5058675,-3.815,0.3357199999999999,0.28994,-0.616148325,0.751768095,0.175719765
1764505219.5058675,-3.815,0.3357199999999999,0.28994,-0.616148325,0.751768095,0.175719765
1764505219.5058675,-3.815,0.3357199999999999,0.28994,-0.616148325,0.751768095,0.175719765
1764505219.5502553,-5.29522,1.69386,0.06104,-0.614927625,0.753599145,0.174621135
1764505219.5502553,-5.29522,1.69386,0.06104,-0.614927625,0.753599145,0.174621135
1764505219.5502553,-5.29522,1.69386,0.06104,-0.614927625,0.753599145,0.174621135
1764505219.5502553,-5.29522,1.69386,0.06104,-0.614927625,0.753599145,0.174621135
1764505219.5507824,-5.29522,1.69386,0.06104,-0.614927625,0.753599145,0.174621135
1764505219.5507824,-5.29522,1.69386,0.06104,-0.614927625,0.753599145,0.174621135
1764505219.5507824,-5.29522,1.69386,0.06104,-0.614927625,0.753599145,0.174621135
1764505219.5507824,-5.29522,1.69386,0.06104,-0.614927625,0.753599145,0.174621135
1764505219.5507824,-5.29522,1.69386,0.06104,-0.614927625,0.753599145,0.174621135
1764505219.5507824,-5.29522,1.69386,0.06104,-0.614927625,0.753599145,0.174621135
1764505219.5507824,-5.40204,1.63282,-0.39676,-0.61450038,0.753232935,0.175719765
1764505219.5507824,-5.40204,1.63282,-0.39676,-0.61450038,0.753232935,0.175719765
1764505219.5507824,-5.40204,1.63282,-0.39676,-0.61450038,0.753232935,0.175719765
1764505219.5507824,-5.40204,1.63282,-0.39676,-0.61450038,0.753232935,0.175719765
1764505219.5507824,-5.40204,1.63282,-0.39676,-0.61450038,0.753232935,0.175719765
1764505219.5507824,-5.40204,1.63282,-0.39676,-0.61450038,0.753232935,0.175719765
1764505219.5507824,-5.40204,1.63282,-0.39676,-0.61450038,0.753232935,0.175719765
1764505219.5507824,-5.40204,1.63282,-0.39676,-0.61450038,0.753232935,0.175719765
1764505219.5507824,-5.40204,1.63282,-0.39676,-0.61450038,0.753232935,0.175719765
1764505219.5507824,-5.40204,1.63282,-0.39676,-0.61450038,0.753232935,0.175719765
1764505219.551309,-6.4855,1.87698,0.1525999999999999,-0.615415905,0.75353811,0.174743205
1764505219.551309,-6.4855,1.87698,0.1525999999999999,-0.615415905,0.75353811,0.174743205
1764505219.5989568,-6.4855,1.87698,0.1525999999999999,-0.615415905,0.75353811,0.174743205
1764505219.5989568,-6.4855,1.87698,0.1525999999999999,-0.615415905,0.75353811,0.174743205
1764505219.5989568,-6.4855,1.87698,0.1525999999999999,-0.615415905,0.75353811,0.174743205
1764505219.5989568,-6.4855,1.87698,0.1525999999999999,-0.615415905,0.75353811,0.174743205
1764505219.5989568,-6.4855,1.87698,0.1525999999999999,-0.615415905,0.75353811,0.174743205
1764505219.5989568,-6.4855,1.87698,0.1525999999999999,-0.615415905,0.75353811,0.174743205
1764505219.5989568,-6.4855,1.87698,0.1525999999999999,-0.615415905,0.75353811,0.174743205
1764505219.5989568,-6.4855,1.87698,0.1525999999999999,-0.615415905,0.75353811,0.174743205
1764505219.5989568,-5.66146,0.79352,0.94612,-0.61620936,0.753355005,0.17443803
1764505219.5989568,-5.66146,0.79352,0.94612,-0.61620936,0.753355005,0.17443803
1764505219.5989568,-5.66146,0.79352,0.94612,-0.61620936,0.753355005,0.17443803
1764505219.5989568,-5.66146,0.79352,0.94612,-0.61620936,0.753355005,0.17443803
1764505219.5989568,-5.66146,0.79352,0.94612,-0.61620936,0.753355005,0.17443803
1764505219.5989568,-5.66146,0.79352,0.94612,-0.61620936,0.753355005,0.17443803
1764505219.5989568,-5.66146,0.79352,0.94612,-0.61620936,0.753355005,0.17443803
1764505219.5989568,-5.66146,0.79352,0.94612,-0.61620936,0.753355005,0.17443803
1764505219.5989568,-5.66146,0.79352,0.94612,-0.61620936,0.753355005,0.17443803
1764505219.5989568,-5.66146,0.79352,0.94612,-0.61620936,0.753355005,0.17443803
1764505219.5989568,-5.29522,0.6103999999999999,0.6867,-0.6155990100000001,0.750913605,0.174621135
1764505219.5989568,-5.29522,0.6103999999999999,0.6867,-0.6155990100000001,0.750913605,0.174621135
1764505219.5989568,-5.29522,0.6103999999999999,0.6867,-0.6155990100000001,0.750913605,0.174621135
1764505219.5989568,-5.29522,0.6103999999999999,0.6867,-0.6155990100000001,0.750913605,0.174621135
1764505219.5989568,-5.29522,0.6103999999999999,0.6867,-0.6155990100000001,0.750913605,0.174621135
1764505219.5989568,-5.29522,0.6103999999999999,0.6867,-0.6155990100000001,0.750913605,0.174621135
1764505219.6445732,-5.29522,0.6103999999999999,0.6867,-0.6155990100000001,0.750913605,0.174621135
1764505219.6445732,-5.29522,0.6103999999999999,0.6867,-0.6155990100000001,0.750913605,0.174621135
1764505219.6445732,-5.29522,0.6103999999999999,0.6867,-0.6155990100000001,0.750913605,0.174621135
1764505219.6445732,-5.29522,0.6103999999999999,0.6867,-0.6155990100000001,0.750913605,0.174621135
1764505219.6445732,-4.56274,1.54126,0.8698199999999999,-0.614927625,0.7495098,0.17272905
1764505219.6445732,-4.56274,1.54126,0.8698199999999999,-0.614927625,0.7495098,0.17272905
1764505219.6445732,-4.56274,1.54126,0.8698199999999999,-0.614927625,0.7495098,0.17272905
1764505219.6445732,-4.56274,1.54126,0.8698199999999999,-0.614927625,0.7495098,0.17272905
1764505219.6445732,-4.56274,1.54126,0.8698199999999999,-0.614927625,0.7495098,0.17272905
1764505219.6445732,-4.56274,1.54126,0.8698199999999999,-0.614927625,0.7495098,0.17272905
1764505219.6445732,-4.56274,1.54126,0.8698199999999999,-0.614927625,0.7495098,0.17272905
1764505219.6445732,-4.56274,1.54126,0.8698199999999999,-0.614927625,0.7495098,0.17272905
1764505219.6445732,-4.56274,1.54126,0.8698199999999999,-0.614927625,0.7495098,0.17272905
1764505219.6445732,-4.56274,1.54126,0.8698199999999999,-0.614927625,0.7495098,0.17272905
1764505219.6445732,-4.48644,0.94612,1.08346,-0.615537975,0.74963187,0.170898
1764505219.6445732,-4.48644,0.94612,1.08346,-0.615537975,0.74963187,0.170898
1764505219.6445732,-4.48644,0.94612,1.08346,-0.615537975,0.74963187,0.170898
1764505219.6445732,-4.48644,0.94612,1.08346,-0.615537975,0.74963187,0.170898
1764505219.6455598,-4.48644,0.94612,1.08346,-0.615537975,0.74963187,0.170898
1764505219.6455598,-4.48644,0.94612,1.08346,-0.615537975,0.74963187,0.170898
1764505219.6455598,-4.48644,0.94612,1.08346,-0.615537975,0.74963187,0.170898
1764505219.6466804,-4.48644,0.94612,1.08346,-0.615537975,0.74963187,0.170898
1764505219.6466804,-4.48644,0.94612,1.08346,-0.615537975,0.74963187,0.170898
1764505219.6470735,-4.48644,0.94612,1.08346,-0.615537975,0.74963187,0.170898
1764505219.6939309,-4.3491,0.25942,0.74774,-0.6164535,0.75036429,0.169738335
1764505219.6939309,-4.3491,0.25942,0.74774,-0.6164535,0.75036429,0.169738335
1764505219.6939309,-4.3491,0.25942,0.74774,-0.6164535,0.75036429,0.169738335
1764505219.6939309,-4.3491,0.25942,0.74774,-0.6164535,0.75036429,0.169738335
1764505219.6939309,-4.3491,0.25942,0.74774,-0.6164535,0.75036429,0.169738335
1764505219.6939309,-4.3491,0.25942,0.74774,-0.6164535,0.75036429,0.169738335
1764505219.6939309,-4.3491,0.25942,0.74774,-0.6164535,0.75036429,0.169738335
1764505219.6939309,-4.3491,0.25942,0.74774,-0.6164535,0.75036429,0.169738335
1764505219.6939309,-4.3491,0.25942,0.74774,-0.6164535,0.75036429,0.169738335
1764505219.6939309,-4.3491,0.25942,0.74774,-0.6164535,0.75036429,0.169738335
1764505219.6939309,-4.36436,0.24416,0.3204599999999999,-0.61584315,0.748838415,0.170226615
1764505219.6939309,-4.36436,0.24416,0.3204599999999999,-0.61584315,0.748838415,0.170226615
1764505219.6939309,-4.36436,0.24416,0.3204599999999999,-0.61584315,0.748838415,0.170226615
1764505219.6939309,-4.36436,0.24416,0.3204599999999999,-0.61584315,0.748838415,0.170226615
1764505219.6939309,-4.36436,0.24416,0.3204599999999999,-0.61584315,0.748838415,0.170226615
1764505219.6939309,-4.36436,0.24416,0.3204599999999999,-0.61584315,0.748838415,0.170226615
1764505219.6939309,-4.36436,0.24416,0.3204599999999999,-0.61584315,0.748838415,0.170226615
1764505219.6939309,-4.36436,0.24416,0.3204599999999999,-0.61584315,0.748838415,0.170226615
1764505219.6939309,-4.36436,0.24416,0.3204599999999999,-0.61584315,0.748838415,0.170226615
1764505219.6939309,-4.36436,0.24416,0.3204599999999999,-0.61584315,0.748838415,0.170226615
1764505219.6939309,-3.40298,1.11398,0.27468,-0.61486659,0.74694633,0.16906695
1764505219.6939309,-3.40298,1.11398,0.27468,-0.61486659,0.74694633,0.16906695
1764505219.7370293,-3.40298,1.11398,0.27468,-0.61486659,0.74694633,0.16906695
1764505219.7370293,-3.40298,1.11398,0.27468,-0.61486659,0.74694633,0.16906695
1764505219.7370293,-3.40298,1.11398,0.27468,-0.61486659,0.74694633,0.16906695
1764505219.7370293,-3.40298,1.11398,0.27468,-0.61486659,0.74694633,0.16906695
1764505219.7370293,-3.40298,1.11398,0.27468,-0.61486659,0.74694633,0.16906695
1764505219.7370293,-3.40298,1.11398,0.27468,-0.61486659,0.74694633,0.16906695
1764505219.7370293,-3.40298,1.11398,0.27468,-0.61486659,0.74694633,0.16906695
1764505219.7370293,-3.40298,1.11398,0.27468,-0.61486659,0.74694633,0.16906695
1764505219.738592,-1.9838,1.08346,0.6103999999999999,-0.613828995,0.74804496,0.169127985
1764505219.738592,-1.9838,1.08346,0.6103999999999999,-0.613828995,0.74804496,0.169127985
1764505219.7396045,-1.9838,1.08346,0.6103999999999999,-0.613828995,0.74804496,0.169127985
1764505219.7396045,-1.9838,1.08346,0.6103999999999999,-0.613828995,0.74804496,0.169127985
1764505219.7396045,-1.9838,1.08346,0.6103999999999999,-0.613828995,0.74804496,0.169127985
1764505219.7396045,-1.9838,1.08346,0.6103999999999999,-0.613828995,0.74804496,0.169127985
1764505219.7396045,-1.9838,1.08346,0.6103999999999999,-0.613828995,0.74804496,0.169127985
1764505219.7396045,-1.9838,1.08346,0.6103999999999999,-0.613828995,0.74804496,0.169127985
1764505219.7396045,-1.9838,1.08346,0.6103999999999999,-0.613828995,0.74804496,0.169127985
1764505219.7396045,-1.9838,1.08346,0.6103999999999999,-0.613828995,0.74804496,0.169127985
1764505219.7406332,-2.99096,0.97664,0.41202,-0.6124251900000001,0.749082555,0.17077593
1764505219.7406332,-2.99096,0.97664,0.41202,-0.6124251900000001,0.749082555,0.17077593
1764505219.7406332,-2.99096,0.97664,0.41202,-0.6124251900000001,0.749082555,0.17077593
1764505219.7406332,-2.99096,0.97664,0.41202,-0.6124251900000001,0.749082555,0.17077593
1764505219.7406332,-2.99096,0.97664,0.41202,-0.6124251900000001,0.749082555,0.17077593
1764505219.7406332,-2.99096,0.97664,0.41202,-0.6124251900000001,0.749082555,0.17077593
1764505219.7846928,-2.99096,0.97664,0.41202,-0.6124251900000001,0.749082555,0.17077593
1764505219.7846928,-2.99096,0.97664,0.41202,-0.6124251900000001,0.749082555,0.17077593
1764505219.7846928,-2.99096,0.97664,0.41202,-0.6124251900000001,0.749082555,0.17077593
1764505219.7846928,-2.99096,0.97664,0.41202,-0.6124251900000001,0.749082555,0.17077593
1764505219.7846928,-3.3572,0.36624,0.41202,-0.61230312,0.749692905,0.17102007
1764505219.7846928,-3.3572,0.36624,0.41202,-0.61230312,0.749692905,0.17102007
1764505219.7846928,-3.3572,0.36624,0.41202,-0.61230312,0.749692905,0.17102007
1764505219.7846928,-3.3572,0.36624,0.41202,-0.61230312,0.749692905,0.17102007
1764505219.7846928,-3.3572,0.36624,0.41202,-0.61230312,0.749692905,0.17102007
1764505219.7846928,-3.3572,0.36624,0.41202,-0.61230312,0.749692905,0.17102007
1764505219.7846928,-3.3572,0.36624,0.41202,-0.61230312,0.749692905,0.17102007
1764505219.7846928,-3.3572,0.36624,0.41202,-0.61230312,0.749692905,0.17102007
1764505219.7846928,-3.3572,0.36624,0.41202,-0.61230312,0.749692905,0.17102007
1764505219.7846928,-3.3572,0.36624,0.41202,-0.61230312,0.749692905,0.17102007
1764505219.7846928,-2.70102,0.0,0.88508,-0.614317275,0.7503032550000001,0.17150835
1764505219.7846928,-2.70102,0.0,0.88508,-0.614317275,0.7503032550000001,0.17150835
1764505219.7846928,-2.70102,0.0,0.88508,-0.614317275,0.7503032550000001,0.17150835
1764505219.7846928,-2.70102,0.0,0.88508,-0.614317275,0.7503032550000001,0.17150835
1764505219.7846928,-2.70102,0.0,0.88508,-0.614317275,0.7503032550000001,0.17150835
1764505219.7846928,-2.70102,0.0,0.88508,-0.614317275,0.7503032550000001,0.17150835
1764505219.7846928,-2.70102,0.0,0.88508,-0.614317275,0.7503032550000001,0.17150835
1764505219.7846928,-2.70102,0.0,0.88508,-0.614317275,0.7503032550000001,0.17150835
1764505219.7846928,-2.70102,0.0,0.88508,-0.614317275,0.7503032550000001,0.17150835
1764505219.7846928,-2.70102,0.0,0.88508,-0.614317275,0.7503032550000001,0.17150835
1764505219.831428,-2.22796,0.5341,0.65618,-0.61474452,0.75207327,0.172057665
1764505219.831428,-2.22796,0.5341,0.65618,-0.61474452,0.75207327,0.172057665
1764505219.831926,-2.22796,0.5341,0.65618,-0.61474452,0.75207327,0.172057665
1764505219.8321352,-2.22796,0.5341,0.65618,-0.61474452,0.75207327,0.172057665
1764505219.832358,-2.22796,0.5341,0.65618,-0.61474452,0.75207327,0.172057665
1764505219.832358,-2.22796,0.5341,0.65618,-0.61474452,0.75207327,0.172057665
1764505219.8326955,-2.22796,0.5341,0.65618,-0.61474452,0.75207327,0.172057665
1764505219.8326955,-2.22796,0.5341,0.65618,-0.61474452,0.75207327,0.172057665
1764505219.8326955,-2.22796,0.5341,0.65618,-0.61474452,0.75207327,0.172057665
1764505219.8326955,-2.22796,0.5341,0.65618,-0.61474452,0.75207327,0.172057665
1764505219.8326955,-3.49454,0.5341,-0.7019599999999999,-0.61462245,0.751401885,0.17309526
1764505219.8337042,-3.49454,0.5341,-0.7019599999999999,-0.61462245,0.751401885,0.17309526
1764505219.8337042,-3.49454,0.5341,-0.7019599999999999,-0.61462245,0.751401885,0.17309526
1764505219.8337042,-3.49454,0.5341,-0.7019599999999999,-0.61462245,0.751401885,0.17309526
1764505219.8337042,-3.49454,0.5341,-0.7019599999999999,-0.61462245,0.751401885,0.17309526
1764505219.8347127,-3.49454,0.5341,-0.7019599999999999,-0.61462245,0.751401885,0.17309526
1764505219.8347127,-3.49454,0.5341,-0.7019599999999999,-0.61462245,0.751401885,0.17309526
1764505219.8347127,-3.49454,0.5341,-0.7019599999999999,-0.61462245,0.751401885,0.17309526
1764505219.8347127,-3.49454,0.5341,-0.7019599999999999,-0.61462245,0.751401885,0.17309526
1764505219.8347127,-3.49454,0.5341,-0.7019599999999999,-0.61462245,0.751401885,0.17309526
1764505219.8793948,-6.07348,2.15166,-1.1445,-0.6152328,0.75146292,0.17321733
1764505219.8793948,-6.07348,2.15166,-1.1445,-0.6152328,0.75146292,0.17321733
1764505219.8793948,-6.07348,2.15166,-1.1445,-0.6152328,0.75146292,0.17321733
1764505219.8793948,-6.07348,2.15166,-1.1445,-0.6152328,0.75146292,0.17321733
1764505219.8793948,-6.07348,2.15166,-1.1445,-0.6152328,0.75146292,0.17321733
1764505219.8793948,-6.07348,2.15166,-1.1445,-0.6152328,0.75146292,0.17321733
1764505219.8793948,-6.07348,2.15166,-1.1445,-0.6152328,0.75146292,0.17321733
1764505219.8793948,-6.07348,2.15166,-1.1445,-0.6152328,0.75146292,0.17321733
1764505219.8793948,-6.07348,2.15166,-1.1445,-0.6152328,0.75146292,0.17321733
1764505219.8793948,-6.07348,2.15166,-1.1445,-0.6152328,0.75146292,0.17321733
1764505219.8793948,-6.546539999999999,1.92276,-0.2289,-0.61633143,0.752744655,0.173644575
1764505219.8793948,-6.546539999999999,1.92276,-0.2289,-0.61633143,0.752744655,0.173644575
1764505219.8793948,-6.546539999999999,1.92276,-0.2289,-0.61633143,0.752744655,0.173644575
1764505219.8793948,-6.546539999999999,1.92276,-0.2289,-0.61633143,0.752744655,0.173644575
1764505219.8793948,-6.546539999999999,1.92276,-0.2289,-0.61633143,0.752744655,0.173644575
1764505219.8793948,-6.546539999999999,1.92276,-0.2289,-0.61633143,0.752744655,0.173644575
1764505219.8793948,-6.546539999999999,1.92276,-0.2289,-0.61633143,0.752744655,0.173644575
1764505219.8793948,-6.546539999999999,1.92276,-0.2289,-0.61633143,0.752744655,0.173644575
1764505219.8793948,-6.546539999999999,1.92276,-0.2289,-0.61633143,0.752744655,0.173644575
1764505219.8793948,-6.546539999999999,1.92276,-0.2289,-0.61633143,0.752744655,0.173644575
1764505219.8793948,-6.60758,0.8087799999999999,0.1525999999999999,-0.615171765,0.751401885,0.17321733
1764505219.8793948,-6.60758,0.8087799999999999,0.1525999999999999,-0.615171765,0.751401885,0.17321733
1764505219.9238434,-6.60758,0.8087799999999999,0.1525999999999999,-0.615171765,0.751401885,0.17321733
1764505219.9238434,-6.60758,0.8087799999999999,0.1525999999999999,-0.615171765,0.751401885,0.17321733
1764505219.9238434,-6.60758,0.8087799999999999,0.1525999999999999,-0.615171765,0.751401885,0.17321733
1764505219.9238434,-6.60758,0.8087799999999999,0.1525999999999999,-0.615171765,0.751401885,0.17321733
1764505219.9238434,-6.60758,0.8087799999999999,0.1525999999999999,-0.615171765,0.751401885,0.17321733
1764505219.9238434,-6.60758,0.8087799999999999,0.1525999999999999,-0.615171765,0.751401885,0.17321733
1764505219.9238434,-6.60758,0.8087799999999999,0.1525999999999999,-0.615171765,0.751401885,0.17321733
1764505219.9238434,-6.60758,0.8087799999999999,0.1525999999999999,-0.615171765,0.751401885,0.17321733
1764505219.9238434,-5.82932,0.1525999999999999,0.39676,-0.61498866,0.750059115,0.17224077
1764505219.9238434,-5.82932,0.1525999999999999,0.39676,-0.61498866,0.750059115,0.17224077
1764505219.9238434,-5.82932,0.1525999999999999,0.39676,-0.61498866,0.750059115,0.17224077
1764505219.9238434,-5.82932,0.1525999999999999,0.39676,-0.61498866,0.750059115,0.17224077
1764505219.9238434,-5.82932,0.1525999999999999,0.39676,-0.61498866,0.750059115,0.17224077
1764505219.9248712,-5.82932,0.1525999999999999,0.39676,-0.61498866,0.750059115,0.17224077
1764505219.9248712,-5.82932,0.1525999999999999,0.39676,-0.61498866,0.750059115,0.17224077
1764505219.9248712,-5.82932,0.1525999999999999,0.39676,-0.61498866,0.750059115,0.17224077
1764505219.9248712,-5.82932,0.1525999999999999,0.39676,-0.61498866,0.750059115,0.17224077
1764505219.9248712,-5.82932,0.1525999999999999,0.39676,-0.61498866,0.750059115,0.17224077
1764505219.9248712,-6.69914,0.57988,-0.3815,-0.6152328,0.7495098,0.171813525
1764505219.9248712,-6.69914,0.57988,-0.3815,-0.6152328,0.7495098,0.171813525
1764505219.9248712,-6.69914,0.57988,-0.3815,-0.6152328,0.7495098,0.171813525
1764505219.9248712,-6.69914,0.57988,-0.3815,-0.6152328,0.7495098,0.171813525
1764505219.9248712,-6.69914,0.57988,-0.3815,-0.6152328,0.7495098,0.171813525
1764505219.9248712,-6.69914,0.57988,-0.3815,-0.6152328,0.7495098,0.171813525
1764505219.9248712,-6.69914,0.57988,-0.3815,-0.6152328,0.7495098,0.171813525
1764505219.9248712,-6.69914,0.57988,-0.3815,-0.6152328,0.7495098,0.171813525
1764505219.9750888,-6.69914,0.57988,-0.3815,-0.6152328,0.7495098,0.171813525
1764505219.9750888,-6.69914,0.57988,-0.3815,-0.6152328,0.7495098,0.171813525
1764505219.9750888,-5.76828,2.38056,-1.3734,-0.615171765,0.747617715,0.17163042
1764505219.9750888,-5.76828,2.38056,-1.3734,-0.615171765,0.747617715,0.17163042
1764505219.9760773,-5.76828,2.38056,-1.3734,-0.615171765,0.747617715,0.17163042
1764505219.9760773,-5.76828,2.38056,-1.3734,-0.615171765,0.747617715,0.17163042
1764505219.9760773,-5.76828,2.38056,-1.3734,-0.615171765,0.747617715,0.17163042
1764505219.9760773,-5.76828,2.38056,-1.3734,-0.615171765,0.747617715,0.17163042
1764505219.9760773,-5.76828,2.38056,-1.3734,-0.615171765,0.747617715,0.17163042
1764505219.9760773,-5.76828,2.38056,-1.3734,-0.615171765,0.747617715,0.17163042
1764505219.9760773,-5.76828,2.38056,-1.3734,-0.615171765,0.747617715,0.17163042
1764505219.9760773,-5.76828,2.38056,-1.3734,-0.615171765,0.747617715,0.17163042
1764505219.9760773,-4.56274,2.289,-1.64808,-0.61486659,0.74633598,0.17187456
1764505219.9760773,-4.56274,2.289,-1.64808,-0.61486659,0.74633598,0.17187456
1764505219.9760773,-4.56274,2.289,-1.64808,-0.61486659,0.74633598,0.17187456
1764505219.9760773,-4.56274,2.289,-1.64808,-0.61486659,0.74633598,0.17187456
1764505219.9760773,-4.56274,2.289,-1.64808,-0.61486659,0.74633598,0.17187456
1764505219.9760773,-4.56274,2.289,-1.64808,-0.61486659,0.74633598,0.17187456
1764505219.9760773,-4.56274,2.289,-1.64808,-0.61486659,0.74633598,0.17187456
1764505219.9760773,-4.56274,2.289,-1.64808,-0.61486659,0.74633598,0.17187456
1764505219.9760773,-4.56274,2.289,-1.64808,-0.61486659,0.74633598,0.17187456
1764505219.9760773,-4.56274,2.289,-1.64808,-0.61486659,0.74633598,0.17187456
1764505219.977079,-4.48644,1.99906,-1.58704,-0.6164535,0.74658012,0.17065386
1764505219.977079,-4.48644,1.99906,-1.58704,-0.6164535,0.74658012,0.17065386
1764505220.0196292,-4.48644,1.99906,-1.58704,-0.6164535,0.74658012,0.17065386
1764505220.0196292,-4.48644,1.99906,-1.58704,-0.6164535,0.74658012,0.17065386
1764505220.0196292,-4.48644,1.99906,-1.58704,-0.6164535,0.74658012,0.17065386
1764505220.0196292,-4.48644,1.99906,-1.58704,-0.6164535,0.74658012,0.17065386
1764505220.0196292,-4.48644,1.99906,-1.58704,-0.6164535,0.74658012,0.17065386
1764505220.0196292,-4.48644,1.99906,-1.58704,-0.6164535,0.74658012,0.17065386
1764505220.0196292,-4.48644,1.99906,-1.58704,-0.6164535,0.74658012,0.17065386
1764505220.0196292,-4.48644,1.99906,-1.58704,-0.6164535,0.74658012,0.17065386
1764505220.0196292,-5.17314,2.27374,-2.53316,-0.61572108,0.7460918400000001,0.17004351
1764505220.0196292,-5.17314,2.27374,-2.53316,-0.61572108,0.7460918400000001,0.17004351
1764505220.0196292,-5.17314,2.27374,-2.53316,-0.61572108,0.7460918400000001,0.17004351
1764505220.0196292,-5.17314,2.27374,-2.53316,-0.61572108,0.7460918400000001,0.17004351
1764505220.0196292,-5.17314,2.27374,-2.53316,-0.61572108,0.7460918400000001,0.17004351
1764505220.0196292,-5.17314,2.27374,-2.53316,-0.61572108,0.7460918400000001,0.17004351
1764505220.0196292,-5.17314,2.27374,-2.53316,-0.61572108,0.7460918400000001,0.17004351
1764505220.0196292,-5.17314,2.27374,-2.53316,-0.61572108,0.7460918400000001,0.17004351
1764505220.0196292,-5.17314,2.27374,-2.53316,-0.61572108,0.7460918400000001,0.17004351
1764505220.0196292,-5.17314,2.27374,-2.53316,-0.61572108,0.7460918400000001,0.17004351
1764505220.0196292,-5.21892,3.5098,-2.6705,-0.61340175,0.7470684,0.17016558
1764505220.0196292,-5.21892,3.5098,-2.6705,-0.61340175,0.7470684,0.17016558
1764505220.0196292,-5.21892,3.5098,-2.6705,-0.61340175,0.7470684,0.17016558
1764505220.0196292,-5.21892,3.5098,-2.6705,-0.61340175,0.7470684,0.17016558
1764505220.0206425,-5.21892,3.5098,-2.6705,-0.61340175,0.7470684,0.17016558
1764505220.0206425,-5.21892,3.5098,-2.6705,-0.61340175,0.7470684,0.17016558
1764505220.0684898,-5.21892,3.5098,-2.6705,-0.61340175,0.7470684,0.17016558
1764505220.0684898,-5.21892,3.5098,-2.6705,-0.61340175,0.7470684,0.17016558
1764505220.0684898,-5.21892,3.5098,-2.6705,-0.61340175,0.7470684,0.17016558
1764505220.0684898,-5.21892,3.5098,-2.6705,-0.61340175,0.7470684,0.17016558
1764505220.0684898,-4.2728,3.38772,-1.95328,-0.612852435,0.75012015,0.170836965
1764505220.0684898,-4.2728,3.38772,-1.95328,-0.612852435,0.75012015,0.170836965
1764505220.0684898,-4.2728,3.38772,-1.95328,-0.612852435,0.75012015,0.170836965
1764505220.0684898,-4.2728,3.38772,-1.95328,-0.612852435,0.75012015,0.170836965
1764505220.0684898,-4.2728,3.38772,-1.95328,-0.612852435,0.75012015,0.170836965
1764505220.0684898,-4.2728,3.38772,-1.95328,-0.612852435,0.75012015,0.170836965
1764505220.0684898,-4.2728,3.38772,-1.95328,-0.612852435,0.75012015,0.170836965
1764505220.0684898,-4.2728,3.38772,-1.95328,-0.612852435,0.75012015,0.170836965
1764505220.0684898,-4.2728,3.38772,-1.95328,-0.612852435,0.75012015,0.170836965
1764505220.0684898,-4.2728,3.38772,-1.95328,-0.612852435,0.75012015,0.170836965
1764505220.0684898,-2.8231,1.3734,0.44254,-0.615171765,0.751768095,0.172179735
1764505220.0684898,-2.8231,1.3734,0.44254,-0.615171765,0.751768095,0.172179735
1764505220.0691724,-2.8231,1.3734,0.44254,-0.615171765,0.751768095,0.172179735
1764505220.0691724,-2.8231,1.3734,0.44254,-0.615171765,0.751768095,0.172179735
1764505220.0691724,-2.8231,1.3734,0.44254,-0.615171765,0.751768095,0.172179735
1764505220.0691724,-2.8231,1.3734,0.44254,-0.615171765,0.751768095,0.172179735
1764505220.0691724,-2.8231,1.3734,0.44254,-0.615171765,0.751768095,0.172179735
1764505220.0691724,-2.8231,1.3734,0.44254,-0.615171765,0.751768095,0.172179735
1764505220.1103125,-2.8231,1.3734,0.44254,-0.615171765,0.751768095,0.172179735
1764505220.1103125,-2.8231,1.3734,0.44254,-0.615171765,0.751768095,0.172179735
1764505220.1103125,-3.5098,0.3051999999999999,2.31952,-0.6150496950000001,0.752256375,0.17309526
1764505220.1103125,-3.5098,0.3051999999999999,2.31952,-0.6150496950000001,0.752256375,0.17309526
1764505220.1103125,-3.5098,0.3051999999999999,2.31952,-0.6150496950000001,0.752256375,0.17309526
1764505220.1113536,-3.5098,0.3051999999999999,2.31952,-0.6150496950000001,0.752256375,0.17309526
1764505220.1113536,-3.5098,0.3051999999999999,2.31952,-0.6150496950000001,0.752256375,0.17309526
1764505220.1113536,-3.5098,0.3051999999999999,2.31952,-0.6150496950000001,0.752256375,0.17309526
1764505220.1113536,-3.5098,0.3051999999999999,2.31952,-0.6150496950000001,0.752256375,0.17309526
1764505220.1113536,-3.5098,0.3051999999999999,2.31952,-0.6150496950000001,0.752256375,0.17309526
1764505220.1113536,-3.5098,0.3051999999999999,2.31952,-0.6150496950000001,0.752256375,0.17309526
1764505220.1113536,-3.5098,0.3051999999999999,2.31952,-0.6150496950000001,0.752256375,0.17309526
1764505220.1113536,-4.01338,0.9919,2.27374,-0.6152328,0.75231741,0.17309526
1764505220.1113536,-4.01338,0.9919,2.27374,-0.6152328,0.75231741,0.17309526
1764505220.1113536,-4.01338,0.9919,2.27374,-0.6152328,0.75231741,0.17309526
1764505220.1113536,-4.01338,0.9919,2.27374,-0.6152328,0.75231741,0.17309526
1764505220.1113536,-4.01338,0.9919,2.27374,-0.6152328,0.75231741,0.17309526
1764505220.1113536,-4.01338,0.9919,2.27374,-0.6152328,0.75231741,0.17309526
1764505220.1113536,-4.01338,0.9919,2.27374,-0.6152328,0.75231741,0.17309526
1764505220.1113536,-4.01338,0.9919,2.27374,-0.6152328,0.75231741,0.17309526
1764505220.1113536,-4.01338,0.9919,2.27374,-0.6152328,0.75231741,0.17309526
1764505220.1113536,-4.01338,0.9919,2.27374,-0.6152328,0.75231741,0.17309526
1764505220.1113536,-5.234179999999999,1.6633399999999998,0.9003399999999999,-0.61791834,0.7519512,0.17382768
1764505220.1113536,-5.234179999999999,1.6633399999999998,0.9003399999999999,-0.61791834,0.7519512,0.17382768
1764505220.1113536,-5.234179999999999,1.6633399999999998,0.9003399999999999,-0.61791834,0.7519512,0.17382768
1764505220.1113536,-5.234179999999999,1.6633399999999998,0.9003399999999999,-0.61791834,0.7519512,0.17382768
1764505220.1611235,-5.234179999999999,1.6633399999999998,0.9003399999999999,-0.61791834,0.7519512,0.17382768
1764505220.1611235,-5.234179999999999,1.6633399999999998,0.9003399999999999,-0.61791834,0.7519512,0.17382768
1764505220.1611235,-5.234179999999999,1.6633399999999998,0.9003399999999999,-0.61791834,0.7519512,0.17382768
1764505220.1611235,-5.234179999999999,1.6633399999999998,0.9003399999999999,-0.61791834,0.7519512,0.17382768
1764505220.1611235,-5.234179999999999,1.6633399999999998,0.9003399999999999,-0.61791834,0.7519512,0.17382768
1764505220.1611235,-5.234179999999999,1.6633399999999998,0.9003399999999999,-0.61791834,0.7519512,0.17382768
1764505220.1611235,-4.8832,1.72438,0.19838,-0.6202987050000001,0.750913605,0.174010785
1764505220.1611235,-4.8832,1.72438,0.19838,-0.6202987050000001,0.750913605,0.174010785
1764505220.1611235,-4.8832,1.72438,0.19838,-0.6202987050000001,0.750913605,0.174010785
1764505220.1611235,-4.8832,1.72438,0.19838,-0.6202987050000001,0.750913605,0.174010785
1764505220.1611235,-4.8832,1.72438,0.19838,-0.6202987050000001,0.750913605,0.174010785
1764505220.1611235,-4.8832,1.72438,0.19838,-0.6202987050000001,0.750913605,0.174010785
1764505220.1611235,-4.8832,1.72438,0.19838,-0.6202987050000001,0.750913605,0.174010785
1764505220.1611235,-4.8832,1.72438,0.19838,-0.6202987050000001,0.750913605,0.174010785
1764505220.1611235,-4.8832,1.72438,0.19838,-0.6202987050000001,0.750913605,0.174010785
1764505220.1611235,-4.8832,1.72438,0.19838,-0.6202987050000001,0.750913605,0.174010785
1764505220.1611235,-4.47118,0.763,0.3509799999999999,-0.619932495,0.74987601,0.17370561
1764505220.1611235,-4.47118,0.763,0.3509799999999999,-0.619932495,0.74987601,0.17370561
1764505220.1611235,-4.47118,0.763,0.3509799999999999,-0.619932495,0.74987601,0.17370561
1764505220.1621425,-4.47118,0.763,0.3509799999999999,-0.619932495,0.74987601,0.17370561
1764505220.1621425,-4.47118,0.763,0.3509799999999999,-0.619932495,0.74987601,0.17370561
1764505220.1621425,-4.47118,0.763,0.3509799999999999,-0.619932495,0.74987601,0.17370561
1764505220.2070282,-4.47118,0.763,0.3509799999999999,-0.619932495,0.74987601,0.17370561
1764505220.2070282,-4.47118,0.763,0.3509799999999999,-0.619932495,0.74987601,0.17370561
1764505220.2070282,-4.47118,0.763,0.3509799999999999,-0.619932495,0.74987601,0.17370561
1764505220.2070282,-4.47118,0.763,0.3509799999999999,-0.619932495,0.74987601,0.17370561
1764505220.2080262,-4.4254,0.97664,0.25942,-0.61865076,0.749570835,0.173278365
1764505220.208541,-4.4254,0.97664,0.25942,-0.61865076,0.749570835,0.173278365
1764505220.208541,-4.4254,0.97664,0.25942,-0.61865076,0.749570835,0.173278365
1764505220.208541,-4.4254,0.97664,0.25942,-0.61865076,0.749570835,0.173278365
1764505220.208541,-4.4254,0.97664,0.25942,-0.61865076,0.749570835,0.173278365
1764505220.208541,-4.4254,0.97664,0.25942,-0.61865076,0.749570835,0.173278365
1764505220.208541,-4.4254,0.97664,0.25942,-0.61865076,0.749570835,0.173278365
1764505220.208541,-4.4254,0.97664,0.25942,-0.61865076,0.749570835,0.173278365
1764505220.208541,-4.4254,0.97664,0.25942,-0.61865076,0.749570835,0.173278365
1764505220.208541,-4.4254,0.97664,0.25942,-0.61865076,0.749570835,0.173278365
1764505220.208541,-4.68482,0.94612,0.5341,-0.617857305,0.747373575,0.174010785
1764505220.2095523,-4.68482,0.94612,0.5341,-0.617857305,0.747373575,0.174010785
1764505220.2095523,-4.68482,0.94612,0.5341,-0.617857305,0.747373575,0.174010785
1764505220.2095523,-4.68482,0.94612,0.5341,-0.617857305,0.747373575,0.174010785
1764505220.2095523,-4.68482,0.94612,0.5341,-0.617857305,0.747373575,0.174010785
1764505220.2095523,-4.68482,0.94612,0.5341,-0.617857305,0.747373575,0.174010785
1764505220.2095523,-4.68482,0.94612,0.5341,-0.617857305,0.747373575,0.174010785
1764505220.2105522,-4.68482,0.94612,0.5341,-0.617857305,0.747373575,0.174010785
1764505220.2535808,-4.68482,0.94612,0.5341,-0.617857305,0.747373575,0.174010785
1764505220.2535808,-4.68482,0.94612,0.5341,-0.617857305,0.747373575,0.174010785
1764505220.2535808,-5.08158,0.79352,0.57988,-0.617857305,0.74572563,0.173400435
1764505220.2535808,-5.08158,0.79352,0.57988,-0.617857305,0.74572563,0.173400435
1764505220.2535808,-5.08158,0.79352,0.57988,-0.617857305,0.74572563,0.173400435
1764505220.2535808,-5.08158,0.79352,0.57988,-0.617857305,0.74572563,0.173400435
1764505220.2535808,-5.08158,0.79352,0.57988,-0.617857305,0.74572563,0.173400435
1764505220.2535808,-5.08158,0.79352,0.57988,-0.617857305,0.74572563,0.173400435
1764505220.2535808,-5.08158,0.79352,0.57988,-0.617857305,0.74572563,0.173400435
1764505220.2535808,-5.08158,0.79352,0.57988,-0.617857305,0.74572563,0.173400435
1764505220.2535808,-5.08158,0.79352,0.57988,-0.617857305,0.74572563,0.173400435
1764505220.2535808,-5.08158,0.79352,0.57988,-0.617857305,0.74572563,0.173400435
1764505220.2545855,-3.8913,0.74774,0.3815,-0.618345585,0.74621391,0.17126421
1764505220.2545855,-3.8913,0.74774,0.3815,-0.618345585,0.74621391,0.17126421
1764505220.2545855,-3.8913,0.74774,0.3815,-0.618345585,0.74621391,0.17126421
1764505220.2545855,-3.8913,0.74774,0.3815,-0.618345585,0.74621391,0.17126421
1764505220.2545855,-3.8913,0.74774,0.3815,-0.618345585,0.74621391,0.17126421
1764505220.2545855,-3.8913,0.74774,0.3815,-0.618345585,0.74621391,0.17126421
1764505220.2545855,-3.8913,0.74774,0.3815,-0.618345585,0.74621391,0.17126421
1764505220.2545855,-3.8913,0.74774,0.3815,-0.618345585,0.74621391,0.17126421
1764505220.2545855,-3.8913,0.74774,0.3815,-0.618345585,0.74621391,0.17126421
1764505220.2545855,-3.8913,0.74774,0.3815,-0.618345585,0.74621391,0.17126421
1764505220.2545855,-3.29616,1.35814,0.27468,-0.61840662,0.748228065,0.170898
1764505220.2545855,-3.29616,1.35814,0.27468,-0.61840662,0.748228065,0.170898
1764505220.2982814,-3.29616,1.35814,0.27468,-0.61840662,0.748228065,0.170898
1764505220.2982814,-3.29616,1.35814,0.27468,-0.61840662,0.748228065,0.170898
1764505220.2982814,-3.29616,1.35814,0.27468,-0.61840662,0.748228065,0.170898
1764505220.2982814,-3.29616,1.35814,0.27468,-0.61840662,0.748228065,0.170898
1764505220.2982814,-3.29616,1.35814,0.27468,-0.61840662,0.748228065,0.170898
1764505220.2982814,-3.29616,1.35814,0.27468,-0.61840662,0.748228065,0.170898
1764505220.2982814,-3.29616,1.35814,0.27468,-0.61840662,0.748228065,0.170898
1764505220.2982814,-3.29616,1.35814,0.27468,-0.61840662,0.748228065,0.170898
1764505220.2982814,-3.93708,1.11398,0.18312,-0.61816248,0.7492656600000001,0.17138628
1764505220.2982814,-3.93708,1.11398,0.18312,-0.61816248,0.7492656600000001,0.17138628
1764505220.2982814,-3.93708,1.11398,0.18312,-0.61816248,0.7492656600000001,0.17138628
1764505220.2982814,-3.93708,1.11398,0.18312,-0.61816248,0.7492656600000001,0.17138628
1764505220.2982814,-3.93708,1.11398,0.18312,-0.61816248,0.7492656600000001,0.17138628
1764505220.2982814,-3.93708,1.11398,0.18312,-0.61816248,0.7492656600000001,0.17138628
1764505220.2982814,-3.93708,1.11398,0.18312,-0.61816248,0.7492656600000001,0.17138628
1764505220.2982814,-3.93708,1.11398,0.18312,-0.61816248,0.7492656600000001,0.17138628
1764505220.2988074,-3.93708,1.11398,0.18312,-0.61816248,0.7492656600000001,0.17138628
1764505220.2988074,-3.93708,1.11398,0.18312,-0.61816248,0.7492656600000001,0.17138628
1764505220.2988074,-4.08968,1.46496,0.5341,-0.617613165,0.750059115,0.17224077
1764505220.2988074,-4.08968,1.46496,0.5341,-0.617613165,0.750059115,0.17224077
1764505220.2988074,-4.08968,1.46496,0.5341,-0.617613165,0.750059115,0.17224077
1764505220.2988074,-4.08968,1.46496,0.5341,-0.617613165,0.750059115,0.17224077
1764505220.2988074,-4.08968,1.46496,0.5341,-0.617613165,0.750059115,0.17224077
1764505220.2988074,-4.08968,1.46496,0.5341,-0.617613165,0.750059115,0.17224077
1764505220.3454258,-4.08968,1.46496,0.5341,-0.617613165,0.750059115,0.17224077
1764505220.3454258,-4.08968,1.46496,0.5341,-0.617613165,0.750059115,0.17224077
1764505220.3454258,-4.08968,1.46496,0.5341,-0.617613165,0.750059115,0.17224077
1764505220.3454258,-4.08968,1.46496,0.5341,-0.617613165,0.750059115,0.17224077
1764505220.3454258,-3.98286,1.2208,0.82404,-0.617002815,0.75060843,0.172790085
1764505220.3454258,-3.98286,1.2208,0.82404,-0.617002815,0.75060843,0.172790085
1764505220.3454258,-3.98286,1.2208,0.82404,-0.617002815,0.75060843,0.172790085
1764505220.3454258,-3.98286,1.2208,0.82404,-0.617002815,0.75060843,0.172790085
1764505220.3454258,-3.98286,1.2208,0.82404,-0.617002815,0.75060843,0.172790085
1764505220.3454258,-3.98286,1.2208,0.82404,-0.617002815,0.75060843,0.172790085
1764505220.3454258,-3.98286,1.2208,0.82404,-0.617002815,0.75060843,0.172790085
1764505220.3454258,-3.98286,1.2208,0.82404,-0.617002815,0.75060843,0.172790085
1764505220.3454258,-3.98286,1.2208,0.82404,-0.617002815,0.75060843,0.172790085
1764505220.3454258,-3.98286,1.2208,0.82404,-0.617002815,0.75060843,0.172790085
1764505220.3454258,-4.25754,1.2208,1.00716,-0.617491095,0.751401885,0.17236284
1764505220.3454258,-4.25754,1.2208,1.00716,-0.617491095,0.751401885,0.17236284
1764505220.3454258,-4.25754,1.2208,1.00716,-0.617491095,0.751401885,0.17236284
1764505220.3454258,-4.25754,1.2208,1.00716,-0.617491095,0.751401885,0.17236284
1764505220.3454258,-4.25754,1.2208,1.00716,-0.617491095,0.751401885,0.17236284
1764505220.3454258,-4.25754,1.2208,1.00716,-0.617491095,0.751401885,0.17236284
1764505220.346437,-4.25754,1.2208,1.00716,-0.617491095,0.751401885,0.17236284
1764505220.346437,-4.25754,1.2208,1.00716,-0.617491095,0.751401885,0.17236284
1764505220.346437,-4.25754,1.2208,1.00716,-0.617491095,0.751401885,0.17236284
1764505220.346437,-4.25754,1.2208,1.00716,-0.617491095,0.751401885,0.17236284
1764505220.3931804,-3.69292,0.1678599999999999,0.59514,-0.61730799,0.75097464,0.173278365
1764505220.3931804,-3.69292,0.1678599999999999,0.59514,-0.61730799,0.75097464,0.173278365
1764505220.3931804,-3.69292,0.1678599999999999,0.59514,-0.61730799,0.75097464,0.173278365
1764505220.3931804,-3.69292,0.1678599999999999,0.59514,-0.61730799,0.75097464,0.173278365
1764505220.3941832,-3.69292,0.1678599999999999,0.59514,-0.61730799,0.75097464,0.173278365
1764505220.3941832,-3.69292,0.1678599999999999,0.59514,-0.61730799,0.75097464,0.173278365
1764505220.3941832,-3.69292,0.1678599999999999,0.59514,-0.61730799,0.75097464,0.173278365
1764505220.3941832,-3.69292,0.1678599999999999,0.59514,-0.61730799,0.75097464,0.173278365
1764505220.3941832,-3.69292,0.1678599999999999,0.59514,-0.61730799,0.75097464,0.173278365
1764505220.3941832,-3.69292,0.1678599999999999,0.59514,-0.61730799,0.75097464,0.173278365
1764505220.3941832,-4.15072,1.28184,-0.25942,-0.61608729,0.74914359,0.173034225
1764505220.3941832,-4.15072,1.28184,-0.25942,-0.61608729,0.74914359,0.173034225
1764505220.3941832,-4.15072,1.28184,-0.25942,-0.61608729,0.74914359,0.173034225
1764505220.3941832,-4.15072,1.28184,-0.25942,-0.61608729,0.74914359,0.173034225
1764505220.3941832,-4.15072,1.28184,-0.25942,-0.61608729,0.74914359,0.173034225
1764505220.3941832,-4.15072,1.28184,-0.25942,-0.61608729,0.74914359,0.173034225
1764505220.3941832,-4.15072,1.28184,-0.25942,-0.61608729,0.74914359,0.173034225
1764505220.3941832,-4.15072,1.28184,-0.25942,-0.61608729,0.74914359,0.173034225
1764505220.3941832,-4.15072,1.28184,-0.25942,-0.61608729,0.74914359,0.173034225
1764505220.3941832,-4.15072,1.28184,-0.25942,-0.61608729,0.74914359,0.173034225
1764505220.3941832,-4.18124,1.43444,0.5341,-0.615171765,0.74987601,0.172057665
1764505220.3941832,-4.18124,1.43444,0.5341,-0.615171765,0.74987601,0.172057665
1764505220.440199,-4.18124,1.43444,0.5341,-0.615171765,0.74987601,0.172057665
1764505220.440199,-4.18124,1.43444,0.5341,-0.615171765,0.74987601,0.172057665
1764505220.440199,-4.18124,1.43444,0.5341,-0.615171765,0.74987601,0.172057665
1764505220.440199,-4.18124,1.43444,0.5341,-0.615171765,0.74987601,0.172057665
1764505220.440199,-4.18124,1.43444,0.5341,-0.615171765,0.74987601,0.172057665
1764505220.440199,-4.18124,1.43444,0.5341,-0.615171765,0.74987601,0.172057665
1764505220.440199,-4.18124,1.43444,0.5341,-0.615171765,0.74987601,0.172057665
1764505220.440199,-4.18124,1.43444,0.5341,-0.615171765,0.74987601,0.172057665
1764505220.440199,-5.1884,1.15976,0.79352,-0.61498866,0.7497539400000001,0.171325245
1764505220.440199,-5.1884,1.15976,0.79352,-0.61498866,0.7497539400000001,0.171325245
1764505220.440199,-5.1884,1.15976,0.79352,-0.61498866,0.7497539400000001,0.171325245
1764505220.440199,-5.1884,1.15976,0.79352,-0.61498866,0.7497539400000001,0.171325245
1764505220.440199,-5.1884,1.15976,0.79352,-0.61498866,0.7497539400000001,0.171325245
1764505220.440199,-5.1884,1.15976,0.79352,-0.61498866,0.7497539400000001,0.171325245
1764505220.440199,-5.1884,1.15976,0.79352,-0.61498866,0.7497539400000001,0.171325245
1764505220.440199,-5.1884,1.15976,0.79352,-0.61498866,0.7497539400000001,0.171325245
1764505220.440199,-5.1884,1.15976,0.79352,-0.61498866,0.7497539400000001,0.171325245
1764505220.440199,-5.1884,1.15976,0.79352,-0.61498866,0.7497539400000001,0.171325245
1764505220.440199,-5.4173,1.25132,0.9156,-0.61462245,0.7503032550000001,0.170836965
1764505220.4427102,-5.4173,1.25132,0.9156,-0.61462245,0.7503032550000001,0.170836965
1764505220.4427102,-5.4173,1.25132,0.9156,-0.61462245,0.7503032550000001,0.170836965
1764505220.4427102,-5.4173,1.25132,0.9156,-0.61462245,0.7503032550000001,0.170836965
1764505220.4427102,-5.4173,1.25132,0.9156,-0.61462245,0.7503032550000001,0.170836965
1764505220.4427102,-5.4173,1.25132,0.9156,-0.61462245,0.7503032550000001,0.170836965
1764505220.4854934,-5.4173,1.25132,0.9156,-0.61462245,0.7503032550000001,0.170836965
1764505220.4854934,-5.4173,1.25132,0.9156,-0.61462245,0.7503032550000001,0.170836965
1764505220.4854934,-5.4173,1.25132,0.9156,-0.61462245,0.7503032550000001,0.170836965
1764505220.4854934,-5.4173,1.25132,0.9156,-0.61462245,0.7503032550000001,0.170836965
1764505220.4854934,-5.371519999999999,1.25132,0.6867,-0.61511073,0.74865531,0.170898
1764505220.4854934,-5.371519999999999,1.25132,0.6867,-0.61511073,0.74865531,0.170898
1764505220.4854934,-5.371519999999999,1.25132,0.6867,-0.61511073,0.74865531,0.170898
1764505220.4854934,-5.371519999999999,1.25132,0.6867,-0.61511073,0.74865531,0.170898
1764505220.4854934,-5.371519999999999,1.25132,0.6867,-0.61511073,0.74865531,0.170898
1764505220.4854934,-5.371519999999999,1.25132,0.6867,-0.61511073,0.74865531,0.170898
1764505220.4854934,-5.371519999999999,1.25132,0.6867,-0.61511073,0.74865531,0.170898
1764505220.486506,-5.371519999999999,1.25132,0.6867,-0.61511073,0.74865531,0.170898
1764505220.486506,-5.371519999999999,1.25132,0.6867,-0.61511073,0.74865531,0.170898
1764505220.486506,-5.371519999999999,1.25132,0.6867,-0.61511073,0.74865531,0.170898
1764505220.486506,-4.74586,1.58704,0.56462,-0.615660045,0.747739785,0.171691455
1764505220.486506,-4.74586,1.58704,0.56462,-0.615660045,0.747739785,0.171691455
1764505220.486506,-4.74586,1.58704,0.56462,-0.615660045,0.747739785,0.171691455
1764505220.486506,-4.74586,1.58704,0.56462,-0.615660045,0.747739785,0.171691455
1764505220.4896765,-4.74586,1.58704,0.56462,-0.615660045,0.747739785,0.171691455
1764505220.4896765,-4.74586,1.58704,0.56462,-0.615660045,0.747739785,0.171691455
1764505220.4896765,-4.74586,1.58704,0.56462,-0.615660045,0.747739785,0.171691455
1764505220.4896765,-4.74586,1.58704,0.56462,-0.615660045,0.747739785,0.171691455
1764505220.4896765,-4.74586,1.58704,0.56462,-0.615660045,0.747739785,0.171691455
1764505220.4896765,-4.74586,1.58704,0.56462,-0.615660045,0.747739785,0.171691455
1764505220.5337706,-4.13546,1.15976,0.19838,-0.616026255,0.746030805,0.171325245
1764505220.5337706,-4.13546,1.15976,0.19838,-0.616026255,0.746030805,0.171325245
1764505220.5337706,-4.13546,1.15976,0.19838,-0.616026255,0.746030805,0.171325245
1764505220.5345054,-4.13546,1.15976,0.19838,-0.616026255,0.746030805,0.171325245
1764505220.5345054,-4.13546,1.15976,0.19838,-0.616026255,0.746030805,0.171325245
1764505220.5345054,-4.13546,1.15976,0.19838,-0.616026255,0.746030805,0.171325245
1764505220.5345054,-4.13546,1.15976,0.19838,-0.616026255,0.746030805,0.171325245
1764505220.5345054,-4.13546,1.15976,0.19838,-0.616026255,0.746030805,0.171325245
1764505220.5345054,-4.13546,1.15976,0.19838,-0.616026255,0.746030805,0.171325245
1764505220.5345054,-4.13546,1.15976,0.19838,-0.616026255,0.746030805,0.171325245
1764505220.5345054,-4.13546,1.93802,0.12208,-0.61572108,0.744443895,0.173034225
1764505220.5345054,-4.13546,1.93802,0.12208,-0.61572108,0.744443895,0.173034225
1764505220.5345054,-4.13546,1.93802,0.12208,-0.61572108,0.744443895,0.173034225
1764505220.5345054,-4.13546,1.93802,0.12208,-0.61572108,0.744443895,0.173034225
1764505220.5345054,-4.13546,1.93802,0.12208,-0.61572108,0.744443895,0.173034225
1764505220.5345054,-4.13546,1.93802,0.12208,-0.61572108,0.744443895,0.173034225
1764505220.5345054,-4.13546,1.93802,0.12208,-0.61572108,0.744443895,0.173034225
1764505220.5345054,-4.13546,1.93802,0.12208,-0.61572108,0.744443895,0.173034225
1764505220.5345054,-4.13546,1.93802,0.12208,-0.61572108,0.744443895,0.173034225
1764505220.5345054,-4.13546,1.93802,0.12208,-0.61572108,0.744443895,0.173034225
1764505220.5345054,-5.90562,3.40298,-0.56462,-0.614317275,0.743589405,0.171813525
1764505220.5345054,-5.90562,3.40298,-0.56462,-0.614317275,0.743589405,0.171813525
1764505220.5791578,-5.90562,3.40298,-0.56462,-0.614317275,0.743589405,0.171813525
1764505220.5791578,-5.90562,3.40298,-0.56462,-0.614317275,0.743589405,0.171813525
1764505220.5811608,-5.90562,3.40298,-0.56462,-0.614317275,0.743589405,0.171813525
1764505220.5811608,-5.90562,3.40298,-0.56462,-0.614317275,0.743589405,0.171813525
1764505220.5811608,-5.90562,3.40298,-0.56462,-0.614317275,0.743589405,0.171813525
1764505220.5811608,-5.90562,3.40298,-0.56462,-0.614317275,0.743589405,0.171813525
1764505220.5811608,-5.90562,3.40298,-0.56462,-0.614317275,0.743589405,0.171813525
1764505220.5811608,-5.90562,3.40298,-0.56462,-0.614317275,0.743589405,0.171813525
1764505220.5811608,-6.683879999999999,5.84458,-2.16692,-0.61450038,0.74072076,0.17004351
1764505220.5811608,-6.683879999999999,5.84458,-2.16692,-0.61450038,0.74072076,0.17004351
1764505220.5811608,-6.683879999999999,5.84458,-2.16692,-0.61450038,0.74072076,0.17004351
1764505220.5811608,-6.683879999999999,5.84458,-2.16692,-0.61450038,0.74072076,0.17004351
1764505220.5811608,-6.683879999999999,5.84458,-2.16692,-0.61450038,0.74072076,0.17004351
1764505220.5811608,-6.683879999999999,5.84458,-2.16692,-0.61450038,0.74072076,0.17004351
1764505220.5811608,-6.683879999999999,5.84458,-2.16692,-0.61450038,0.74072076,0.17004351
1764505220.5811608,-6.683879999999999,5.84458,-2.16692,-0.61450038,0.74072076,0.17004351
1764505220.5811608,-6.683879999999999,5.84458,-2.16692,-0.61450038,0.74072076,0.17004351
1764505220.5811608,-6.683879999999999,5.84458,-2.16692,-0.61450038,0.74072076,0.17004351
1764505220.58314,-5.9514,6.027699999999999,-4.3491,-0.615660045,0.73888971,0.168517635
1764505220.58314,-5.9514,6.027699999999999,-4.3491,-0.615660045,0.73888971,0.168517635
1764505220.58314,-5.9514,6.027699999999999,-4.3491,-0.615660045,0.73888971,0.168517635
1764505220.58314,-5.9514,6.027699999999999,-4.3491,-0.615660045,0.73888971,0.168517635
1764505220.5841415,-5.9514,6.027699999999999,-4.3491,-0.615660045,0.73888971,0.168517635
1764505220.5841415,-5.9514,6.027699999999999,-4.3491,-0.615660045,0.73888971,0.168517635
1764505220.627787,-5.9514,6.027699999999999,-4.3491,-0.615660045,0.73888971,0.168517635
1764505220.6283195,-5.9514,6.027699999999999,-4.3491,-0.615660045,0.73888971,0.168517635
1764505220.6283195,-5.9514,6.027699999999999,-4.3491,-0.615660045,0.73888971,0.168517635
1764505220.6283195,-5.9514,6.027699999999999,-4.3491,-0.615660045,0.73888971,0.168517635
1764505220.6283195,-2.54842,6.74492,-2.7468,-0.615904185,0.73901178,0.168273495
1764505220.6283195,-2.54842,6.74492,-2.7468,-0.615904185,0.73901178,0.168273495
1764505220.6283195,-2.54842,6.74492,-2.7468,-0.615904185,0.73901178,0.168273495
1764505220.6283195,-2.54842,6.74492,-2.7468,-0.615904185,0.73901178,0.168273495
1764505220.6283195,-2.54842,6.74492,-2.7468,-0.615904185,0.73901178,0.168273495
1764505220.6283195,-2.54842,6.74492,-2.7468,-0.615904185,0.73901178,0.168273495
1764505220.6283195,-2.54842,6.74492,-2.7468,-0.615904185,0.73901178,0.168273495
1764505220.6283195,-2.54842,6.74492,-2.7468,-0.615904185,0.73901178,0.168273495
1764505220.6283195,-2.54842,6.74492,-2.7468,-0.615904185,0.73901178,0.168273495
1764505220.6283195,-2.54842,6.74492,-2.7468,-0.615904185,0.73901178,0.168273495
1764505220.6283195,-0.77826,5.00528,-2.65524,-0.618467655,0.74047662,0.169860405
1764505220.6283195,-0.77826,5.00528,-2.65524,-0.618467655,0.74047662,0.169860405
1764505220.6283195,-0.77826,5.00528,-2.65524,-0.618467655,0.74047662,0.169860405
1764505220.6283195,-0.77826,5.00528,-2.65524,-0.618467655,0.74047662,0.169860405
1764505220.6283195,-0.77826,5.00528,-2.65524,-0.618467655,0.74047662,0.169860405
1764505220.6283195,-0.77826,5.00528,-2.65524,-0.618467655,0.74047662,0.169860405
1764505220.6283195,-0.77826,5.00528,-2.65524,-0.618467655,0.74047662,0.169860405
1764505220.6283195,-0.77826,5.00528,-2.65524,-0.618467655,0.74047662,0.169860405
1764505220.6283195,-0.77826,5.00528,-2.65524,-0.618467655,0.74047662,0.169860405
1764505220.6283195,-0.77826,5.00528,-2.65524,-0.618467655,0.74047662,0.169860405
1764505220.6720576,0.9003399999999999,1.9075,-1.61756,-0.621641475,0.74438286,0.17321733
1764505220.672568,0.9003399999999999,1.9075,-1.61756,-0.621641475,0.74438286,0.17321733
1764505220.672568,0.9003399999999999,1.9075,-1.61756,-0.621641475,0.74438286,0.17321733
1764505220.672568,0.9003399999999999,1.9075,-1.61756,-0.621641475,0.74438286,0.17321733
1764505220.672568,0.9003399999999999,1.9075,-1.61756,-0.621641475,0.74438286,0.17321733
1764505220.672568,0.9003399999999999,1.9075,-1.61756,-0.621641475,0.74438286,0.17321733
1764505220.672568,0.9003399999999999,1.9075,-1.61756,-0.621641475,0.74438286,0.17321733
1764505220.672568,0.9003399999999999,1.9075,-1.61756,-0.621641475,0.74438286,0.17321733
1764505220.672568,0.9003399999999999,1.9075,-1.61756,-0.621641475,0.74438286,0.17321733
1764505220.672568,0.9003399999999999,1.9075,-1.61756,-0.621641475,0.74438286,0.17321733
1764505220.672568,0.28994,-0.6103999999999999,-0.47306,-0.623472525,0.7497539400000001,0.175231485
1764505220.672568,0.28994,-0.6103999999999999,-0.47306,-0.623472525,0.7497539400000001,0.175231485
1764505220.672568,0.28994,-0.6103999999999999,-0.47306,-0.623472525,0.7497539400000001,0.175231485
1764505220.672568,0.28994,-0.6103999999999999,-0.47306,-0.623472525,0.7497539400000001,0.175231485
1764505220.672568,0.28994,-0.6103999999999999,-0.47306,-0.623472525,0.7497539400000001,0.175231485
1764505220.672568,0.28994,-0.6103999999999999,-0.47306,-0.623472525,0.7497539400000001,0.175231485
1764505220.672568,0.28994,-0.6103999999999999,-0.47306,-0.623472525,0.7497539400000001,0.175231485
1764505220.672568,0.28994,-0.6103999999999999,-0.47306,-0.623472525,0.7497539400000001,0.175231485
1764505220.672568,0.28994,-0.6103999999999999,-0.47306,-0.623472525,0.7497539400000001,0.175231485
1764505220.672568,0.28994,-0.6103999999999999,-0.47306,-0.623472525,0.7497539400000001,0.175231485
1764505220.672568,-0.8698199999999999,-1.78542,0.9919,-0.62316735,0.75475881,0.178405305
1764505220.672568,-0.8698199999999999,-1.78542,0.9919,-0.62316735,0.75475881,0.178405305
1764505220.7207594,-0.8698199999999999,-1.78542,0.9919,-0.62316735,0.75475881,0.178405305
1764505220.7217467,-0.8698199999999999,-1.78542,0.9919,-0.62316735,0.75475881,0.178405305
1764505220.7217467,-0.8698199999999999,-1.78542,0.9919,-0.62316735,0.75475881,0.178405305
1764505220.7217467,-0.8698199999999999,-1.78542,0.9919,-0.62316735,0.75475881,0.178405305
1764505220.7217467,-0.8698199999999999,-1.78542,0.9919,-0.62316735,0.75475881,0.178405305
1764505220.7217467,-0.8698199999999999,-1.78542,0.9919,-0.62316735,0.75475881,0.178405305
1764505220.7217467,-0.8698199999999999,-1.78542,0.9919,-0.62316735,0.75475881,0.178405305
1764505220.7217467,-0.8698199999999999,-1.78542,0.9919,-0.62316735,0.75475881,0.178405305
1764505220.7217467,-2.9757,-0.9919,1.28184,-0.6229232100000001,0.75903126,0.179381865
1764505220.7217467,-2.9757,-0.9919,1.28184,-0.6229232100000001,0.75903126,0.179381865
1764505220.7217467,-2.9757,-0.9919,1.28184,-0.6229232100000001,0.75903126,0.179381865
1764505220.7217467,-2.9757,-0.9919,1.28184,-0.6229232100000001,0.75903126,0.179381865
1764505220.7217467,-2.9757,-0.9919,1.28184,-0.6229232100000001,0.75903126,0.179381865
1764505220.7217467,-2.9757,-0.9919,1.28184,-0.6229232100000001,0.75903126,0.179381865
1764505220.7217467,-2.9757,-0.9919,1.28184,-0.6229232100000001,0.75903126,0.179381865
1764505220.7217467,-2.9757,-0.9919,1.28184,-0.6229232100000001,0.75903126,0.179381865
1764505220.7217467,-2.9757,-0.9919,1.28184,-0.6229232100000001,0.75903126,0.179381865
1764505220.7217467,-2.9757,-0.9919,1.28184,-0.6229232100000001,0.75903126,0.179381865
1764505220.7217467,-5.70724,-0.47306,0.09156,-0.622618035,0.761167485,0.1794429
1764505220.7217467,-5.70724,-0.47306,0.09156,-0.622618035,0.761167485,0.1794429
1764505220.7217467,-5.70724,-0.47306,0.09156,-0.622618035,0.761167485,0.1794429
1764505220.7217467,-5.70724,-0.47306,0.09156,-0.622618035,0.761167485,0.1794429
1764505220.7217467,-5.70724,-0.47306,0.09156,-0.622618035,0.761167485,0.1794429
1764505220.7217467,-5.70724,-0.47306,0.09156,-0.622618035,0.761167485,0.1794429
1764505220.766389,-5.70724,-0.47306,0.09156,-0.622618035,0.761167485,0.1794429
1764505220.767383,-5.70724,-0.47306,0.09156,-0.622618035,0.761167485,0.1794429
1764505220.767383,-5.70724,-0.47306,0.09156,-0.622618035,0.761167485,0.1794429
1764505220.767383,-5.70724,-0.47306,0.09156,-0.622618035,0.761167485,0.1794429
1764505220.767383,-7.52318,-0.44254,-1.02242,-0.62219079,0.76061817,0.17785599
1764505220.767383,-7.52318,-0.44254,-1.02242,-0.62219079,0.76061817,0.17785599
1764505220.767383,-7.52318,-0.44254,-1.02242,-0.62219079,0.76061817,0.17785599
1764505220.767383,-7.52318,-0.44254,-1.02242,-0.62219079,0.76061817,0.17785599
1764505220.767383,-7.52318,-0.44254,-1.02242,-0.62219079,0.76061817,0.17785599
1764505220.7682643,-7.52318,-0.44254,-1.02242,-0.62219079,0.76061817,0.17785599
1764505220.7682643,-7.52318,-0.44254,-1.02242,-0.62219079,0.76061817,0.17785599
1764505220.7682643,-7.52318,-0.44254,-1.02242,-0.62219079,0.76061817,0.17785599
1764505220.7682643,-7.52318,-0.44254,-1.02242,-0.62219079,0.76061817,0.17785599
1764505220.7682643,-7.52318,-0.44254,-1.02242,-0.62219079,0.76061817,0.17785599
1764505220.7682643,-7.996239999999999,-0.77826,-0.12208,-0.61999353,0.7580547,0.173888715
1764505220.7691865,-7.996239999999999,-0.77826,-0.12208,-0.61999353,0.7580547,0.173888715
1764505220.7691865,-7.996239999999999,-0.77826,-0.12208,-0.61999353,0.7580547,0.173888715
1764505220.7691865,-7.996239999999999,-0.77826,-0.12208,-0.61999353,0.7580547,0.173888715
1764505220.7691865,-7.996239999999999,-0.77826,-0.12208,-0.61999353,0.7580547,0.173888715
1764505220.7691865,-7.996239999999999,-0.77826,-0.12208,-0.61999353,0.7580547,0.173888715
1764505220.7702048,-7.996239999999999,-0.77826,-0.12208,-0.61999353,0.7580547,0.173888715
1764505220.7702048,-7.996239999999999,-0.77826,-0.12208,-0.61999353,0.7580547,0.173888715
1764505220.8144612,-7.996239999999999,-0.77826,-0.12208,-0.61999353,0.7580547,0.173888715
1764505220.8144612,-7.996239999999999,-0.77826,-0.12208,-0.61999353,0.7580547,0.173888715
1764505220.8144612,-8.606639999999999,-0.3051999999999999,1.51074,-0.616880745,0.7543926,0.170104545
1764505220.8144612,-8.606639999999999,-0.3051999999999999,1.51074,-0.616880745,0.7543926,0.170104545
1764505220.8144612,-8.606639999999999,-0.3051999999999999,1.51074,-0.616880745,0.7543926,0.170104545
1764505220.8144612,-8.606639999999999,-0.3051999999999999,1.51074,-0.616880745,0.7543926,0.170104545
1764505220.8144612,-8.606639999999999,-0.3051999999999999,1.51074,-0.616880745,0.7543926,0.170104545
1764505220.8144612,-8.606639999999999,-0.3051999999999999,1.51074,-0.616880745,0.7543926,0.170104545
1764505220.8144612,-8.606639999999999,-0.3051999999999999,1.51074,-0.616880745,0.7543926,0.170104545
1764505220.8144612,-8.606639999999999,-0.3051999999999999,1.51074,-0.616880745,0.7543926,0.170104545
1764505220.8144612,-8.606639999999999,-0.3051999999999999,1.51074,-0.616880745,0.7543926,0.170104545
1764505220.8144612,-8.606639999999999,-0.3051999999999999,1.51074,-0.616880745,0.7543926,0.170104545
1764505220.8154762,-7.4011,-0.8087799999999999,2.85362,-0.61535487,0.7507915350000001,0.1684566
1764505220.8154762,-7.4011,-0.8087799999999999,2.85362,-0.61535487,0.7507915350000001,0.1684566
1764505220.8154762,-7.4011,-0.8087799999999999,2.85362,-0.61535487,0.7507915350000001,0.1684566
1764505220.8154762,-7.4011,-0.8087799999999999,2.85362,-0.61535487,0.7507915350000001,0.1684566
1764505220.8154762,-7.4011,-0.8087799999999999,2.85362,-0.61535487,0.7507915350000001,0.1684566
1764505220.8154762,-7.4011,-0.8087799999999999,2.85362,-0.61535487,0.7507915350000001,0.1684566
1764505220.8154762,-7.4011,-0.8087799999999999,2.85362,-0.61535487,0.7507915350000001,0.1684566
1764505220.8154762,-7.4011,-0.8087799999999999,2.85362,-0.61535487,0.7507915350000001,0.1684566
1764505220.8154762,-7.4011,-0.8087799999999999,2.85362,-0.61535487,0.7507915350000001,0.1684566
1764505220.8154762,-7.4011,-0.8087799999999999,2.85362,-0.61535487,0.7507915350000001,0.1684566
1764505220.8154762,-5.32574,-0.27468,2.35004,-0.6150496950000001,0.74535942,0.16735797
1764505220.8154762,-5.32574,-0.27468,2.35004,-0.6150496950000001,0.74535942,0.16735797
1764505220.8594985,-5.32574,-0.27468,2.35004,-0.6150496950000001,0.74535942,0.16735797
1764505220.8600357,-5.32574,-0.27468,2.35004,-0.6150496950000001,0.74535942,0.16735797
1764505220.8600357,-5.32574,-0.27468,2.35004,-0.6150496950000001,0.74535942,0.16735797
1764505220.8600357,-5.32574,-0.27468,2.35004,-0.6150496950000001,0.74535942,0.16735797
1764505220.8600357,-5.32574,-0.27468,2.35004,-0.6150496950000001,0.74535942,0.16735797
1764505220.8600357,-5.32574,-0.27468,2.35004,-0.6150496950000001,0.74535942,0.16735797
1764505220.8600357,-5.32574,-0.27468,2.35004,-0.6150496950000001,0.74535942,0.16735797
1764505220.8600357,-5.32574,-0.27468,2.35004,-0.6150496950000001,0.74535942,0.16735797
1764505220.8600357,-2.80784,0.36624,2.9757,-0.6150496950000001,0.742246635,0.166564515
1764505220.8600357,-2.80784,0.36624,2.9757,-0.6150496950000001,0.742246635,0.166564515
1764505220.8600357,-2.80784,0.36624,2.9757,-0.6150496950000001,0.742246635,0.166564515
1764505220.8600357,-2.80784,0.36624,2.9757,-0.6150496950000001,0.742246635,0.166564515
1764505220.8600357,-2.80784,0.36624,2.9757,-0.6150496950000001,0.742246635,0.166564515
1764505220.8600357,-2.80784,0.36624,2.9757,-0.6150496950000001,0.742246635,0.166564515
1764505220.8600357,-2.80784,0.36624,2.9757,-0.6150496950000001,0.742246635,0.166564515
1764505220.8600357,-2.80784,0.36624,2.9757,-0.6150496950000001,0.742246635,0.166564515
1764505220.8600357,-2.80784,0.36624,2.9757,-0.6150496950000001,0.742246635,0.166564515
1764505220.8610518,-2.80784,0.36624,2.9757,-0.6150496950000001,0.742246635,0.166564515
1764505220.8610518,-1.58704,0.25942,2.289,-0.61608729,0.743345265,0.16662555
1764505220.8610518,-1.58704,0.25942,2.289,-0.61608729,0.743345265,0.16662555
1764505220.8610518,-1.58704,0.25942,2.289,-0.61608729,0.743345265,0.16662555
1764505220.8610518,-1.58704,0.25942,2.289,-0.61608729,0.743345265,0.16662555
1764505220.8610518,-1.58704,0.25942,2.289,-0.61608729,0.743345265,0.16662555
1764505220.8610518,-1.58704,0.25942,2.289,-0.61608729,0.743345265,0.16662555
1764505220.9085965,-1.58704,0.25942,2.289,-0.61608729,0.743345265,0.16662555
1764505220.9085965,-1.58704,0.25942,2.289,-0.61608729,0.743345265,0.16662555
1764505220.9085965,-1.58704,0.25942,2.289,-0.61608729,0.743345265,0.16662555
1764505220.9085965,-1.58704,0.25942,2.289,-0.61608729,0.743345265,0.16662555
1764505220.9085965,-2.70102,0.82404,0.96138,-0.61743006,0.743101125,0.168395565
1764505220.9085965,-2.70102,0.82404,0.96138,-0.61743006,0.743101125,0.168395565
1764505220.9085965,-2.70102,0.82404,0.96138,-0.61743006,0.743101125,0.168395565
1764505220.9085965,-2.70102,0.82404,0.96138,-0.61743006,0.743101125,0.168395565
1764505220.9085965,-2.70102,0.82404,0.96138,-0.61743006,0.743101125,0.168395565
1764505220.9085965,-2.70102,0.82404,0.96138,-0.61743006,0.743101125,0.168395565
1764505220.9085965,-2.70102,0.82404,0.96138,-0.61743006,0.743101125,0.168395565
1764505220.9085965,-2.70102,0.82404,0.96138,-0.61743006,0.743101125,0.168395565
1764505220.9085965,-2.70102,0.82404,0.96138,-0.61743006,0.743101125,0.168395565
1764505220.9085965,-2.70102,0.82404,0.96138,-0.61743006,0.743101125,0.168395565
1764505220.9085965,-3.7387,1.6022999999999998,0.2289,-0.618101445,0.743833545,0.169982475
1764505220.9085965,-3.7387,1.6022999999999998,0.2289,-0.618101445,0.743833545,0.169982475
1764505220.9085965,-3.7387,1.6022999999999998,0.2289,-0.618101445,0.743833545,0.169982475
1764505220.9085965,-3.7387,1.6022999999999998,0.2289,-0.618101445,0.743833545,0.169982475
1764505220.9085965,-3.7387,1.6022999999999998,0.2289,-0.618101445,0.743833545,0.169982475
1764505220.9085965,-3.7387,1.6022999999999998,0.2289,-0.618101445,0.743833545,0.169982475
1764505220.9085965,-3.7387,1.6022999999999998,0.2289,-0.618101445,0.743833545,0.169982475
1764505220.9085965,-3.7387,1.6022999999999998,0.2289,-0.618101445,0.743833545,0.169982475
1764505220.9085965,-3.7387,1.6022999999999998,0.2289,-0.618101445,0.743833545,0.169982475
1764505220.9085965,-3.7387,1.6022999999999998,0.2289,-0.618101445,0.743833545,0.169982475
1764505220.9573543,-4.37962,1.4497,-0.19838,-0.6187117950000001,0.744199755,0.172057665
1764505220.9573543,-4.37962,1.4497,-0.19838,-0.6187117950000001,0.744199755,0.172057665
1764505220.9573543,-4.37962,1.4497,-0.19838,-0.6187117950000001,0.744199755,0.172057665
1764505220.9573543,-4.37962,1.4497,-0.19838,-0.6187117950000001,0.744199755,0.172057665
1764505220.9573543,-4.37962,1.4497,-0.19838,-0.6187117950000001,0.744199755,0.172057665
1764505220.9573543,-4.37962,1.4497,-0.19838,-0.6187117950000001,0.744199755,0.172057665
1764505220.9573543,-4.37962,1.4497,-0.19838,-0.6187117950000001,0.744199755,0.172057665
1764505220.958315,-4.37962,1.4497,-0.19838,-0.6187117950000001,0.744199755,0.172057665
1764505220.958315,-4.37962,1.4497,-0.19838,-0.6187117950000001,0.744199755,0.172057665
1764505220.958315,-4.37962,1.4497,-0.19838,-0.6187117950000001,0.744199755,0.172057665
1764505220.958315,-3.25038,1.63282,0.01526,-0.617857305,0.744443895,0.171813525
1764505220.958315,-3.25038,1.63282,0.01526,-0.617857305,0.744443895,0.171813525
1764505220.958315,-3.25038,1.63282,0.01526,-0.617857305,0.744443895,0.171813525
1764505220.9588246,-3.25038,1.63282,0.01526,-0.617857305,0.744443895,0.171813525
1764505220.9588246,-3.25038,1.63282,0.01526,-0.617857305,0.744443895,0.171813525
1764505220.9588246,-3.25038,1.63282,0.01526,-0.617857305,0.744443895,0.171813525
1764505220.9588246,-3.25038,1.63282,0.01526,-0.617857305,0.744443895,0.171813525
1764505220.9588246,-3.25038,1.63282,0.01526,-0.617857305,0.744443895,0.171813525
1764505220.9588246,-3.25038,1.63282,0.01526,-0.617857305,0.744443895,0.171813525
1764505220.9588246,-3.25038,1.63282,0.01526,-0.617857305,0.744443895,0.171813525
1764505220.9588246,-2.85362,0.51884,-0.47306,-0.61816248,0.74352837,0.173156295
1764505220.9588246,-2.85362,0.51884,-0.47306,-0.61816248,0.74352837,0.173156295
1764505220.9598403,-2.85362,0.51884,-0.47306,-0.61816248,0.74352837,0.173156295
1764505220.9598403,-2.85362,0.51884,-0.47306,-0.61816248,0.74352837,0.173156295
1764505221.0035217,-2.85362,0.51884,-0.47306,-0.61816248,0.74352837,0.173156295
1764505221.0035217,-2.85362,0.51884,-0.47306,-0.61816248,0.74352837,0.173156295
1764505221.0035217,-2.85362,0.51884,-0.47306,-0.61816248,0.74352837,0.173156295
1764505221.0035217,-2.85362,0.51884,-0.47306,-0.61816248,0.74352837,0.173156295
1764505221.0035217,-2.85362,0.51884,-0.47306,-0.61816248,0.74352837,0.173156295
1764505221.0035217,-2.85362,0.51884,-0.47306,-0.61816248,0.74352837,0.173156295
1764505221.0035217,-3.78448,0.04578,-0.82404,-0.618101445,0.744321825,0.171691455
1764505221.0035217,-3.78448,0.04578,-0.82404,-0.618101445,0.744321825,0.171691455
1764505221.0035217,-3.78448,0.04578,-0.82404,-0.618101445,0.744321825,0.171691455
1764505221.0035217,-3.78448,0.04578,-0.82404,-0.618101445,0.744321825,0.171691455
1764505221.0035217,-3.78448,0.04578,-0.82404,-0.618101445,0.744321825,0.171691455
1764505221.0035217,-3.78448,0.04578,-0.82404,-0.618101445,0.744321825,0.171691455
1764505221.0035217,-3.78448,0.04578,-0.82404,-0.618101445,0.744321825,0.171691455
1764505221.004545,-3.78448,0.04578,-0.82404,-0.618101445,0.744321825,0.171691455
1764505221.004545,-3.78448,0.04578,-0.82404,-0.618101445,0.744321825,0.171691455
1764505221.004545,-3.78448,0.04578,-0.82404,-0.618101445,0.744321825,0.171691455
1764505221.004545,-4.5017,0.42728,-0.6103999999999999,-0.61816248,0.74682426,0.17016558
1764505221.004545,-4.5017,0.42728,-0.6103999999999999,-0.61816248,0.74682426,0.17016558
1764505221.004545,-4.5017,0.42728,-0.6103999999999999,-0.61816248,0.74682426,0.17016558
1764505221.004545,-4.5017,0.42728,-0.6103999999999999,-0.61816248,0.74682426,0.17016558
1764505221.004545,-4.5017,0.42728,-0.6103999999999999,-0.61816248,0.74682426,0.17016558
1764505221.004545,-4.5017,0.42728,-0.6103999999999999,-0.61816248,0.74682426,0.17016558
1764505221.004545,-4.5017,0.42728,-0.6103999999999999,-0.61816248,0.74682426,0.17016558
1764505221.004545,-4.5017,0.42728,-0.6103999999999999,-0.61816248,0.74682426,0.17016558
1764505221.0506282,-4.5017,0.42728,-0.6103999999999999,-0.61816248,0.74682426,0.17016558
1764505221.0506282,-4.5017,0.42728,-0.6103999999999999,-0.61816248,0.74682426,0.17016558
1764505221.0506282,-4.1965,0.44254,-1.00716,-0.61694178,0.74902152,0.17016558
1764505221.0506282,-4.1965,0.44254,-1.00716,-0.61694178,0.74902152,0.17016558
1764505221.0506282,-4.1965,0.44254,-1.00716,-0.61694178,0.74902152,0.17016558
1764505221.0506282,-4.1965,0.44254,-1.00716,-0.61694178,0.74902152,0.17016558
1764505221.0506282,-4.1965,0.44254,-1.00716,-0.61694178,0.74902152,0.17016558
1764505221.0506282,-4.1965,0.44254,-1.00716,-0.61694178,0.74902152,0.17016558
1764505221.0506282,-4.1965,0.44254,-1.00716,-0.61694178,0.74902152,0.17016558
1764505221.0506282,-4.1965,0.44254,-1.00716,-0.61694178,0.74902152,0.17016558
1764505221.0506282,-4.1965,0.44254,-1.00716,-0.61694178,0.74902152,0.17016558
1764505221.0506282,-4.1965,0.44254,-1.00716,-0.61694178,0.74902152,0.17016558
1764505221.0506282,-3.32668,0.8087799999999999,-1.02242,-0.615782115,0.750059115,0.17187456
1764505221.0516276,-3.32668,0.8087799999999999,-1.02242,-0.615782115,0.750059115,0.17187456
1764505221.0516276,-3.32668,0.8087799999999999,-1.02242,-0.615782115,0.750059115,0.17187456
1764505221.0516276,-3.32668,0.8087799999999999,-1.02242,-0.615782115,0.750059115,0.17187456
1764505221.0516276,-3.32668,0.8087799999999999,-1.02242,-0.615782115,0.750059115,0.17187456
1764505221.0516276,-3.32668,0.8087799999999999,-1.02242,-0.615782115,0.750059115,0.17187456
1764505221.0516276,-3.32668,0.8087799999999999,-1.02242,-0.615782115,0.750059115,0.17187456
1764505221.0516276,-3.32668,0.8087799999999999,-1.02242,-0.615782115,0.750059115,0.17187456
1764505221.0516276,-3.32668,0.8087799999999999,-1.02242,-0.615782115,0.750059115,0.17187456
1764505221.0516276,-3.32668,0.8087799999999999,-1.02242,-0.615782115,0.750059115,0.17187456
1764505221.0516276,-4.99002,1.26658,-0.56462,-0.61584315,0.75036429,0.172545945
1764505221.0516276,-4.99002,1.26658,-0.56462,-0.61584315,0.75036429,0.172545945
1764505221.0973327,-4.99002,1.26658,-0.56462,-0.61584315,0.75036429,0.172545945
1764505221.0984757,-4.99002,1.26658,-0.56462,-0.61584315,0.75036429,0.172545945
1764505221.0984757,-4.99002,1.26658,-0.56462,-0.61584315,0.75036429,0.172545945
1764505221.0984757,-4.99002,1.26658,-0.56462,-0.61584315,0.75036429,0.172545945
1764505221.0984757,-4.99002,1.26658,-0.56462,-0.61584315,0.75036429,0.172545945
1764505221.0984757,-4.99002,1.26658,-0.56462,-0.61584315,0.75036429,0.172545945
1764505221.0984757,-4.99002,1.26658,-0.56462,-0.61584315,0.75036429,0.172545945
1764505221.0984757,-4.99002,1.26658,-0.56462,-0.61584315,0.75036429,0.172545945
1764505221.0994956,-5.753019999999999,1.2971,-0.93086,-0.61584315,0.74902152,0.17236284
1764505221.0994956,-5.753019999999999,1.2971,-0.93086,-0.61584315,0.74902152,0.17236284
1764505221.0994956,-5.753019999999999,1.2971,-0.93086,-0.61584315,0.74902152,0.17236284
1764505221.0994956,-5.753019999999999,1.2971,-0.93086,-0.61584315,0.74902152,0.17236284
1764505221.0994956,-5.753019999999999,1.2971,-0.93086,-0.61584315,0.74902152,0.17236284
1764505221.0994956,-5.753019999999999,1.2971,-0.93086,-0.61584315,0.74902152,0.17236284
1764505221.0994956,-5.753019999999999,1.2971,-0.93086,-0.61584315,0.74902152,0.17236284
1764505221.0994956,-5.753019999999999,1.2971,-0.93086,-0.61584315,0.74902152,0.17236284
1764505221.0994956,-5.753019999999999,1.2971,-0.93086,-0.61584315,0.74902152,0.17236284
1764505221.0994956,-5.753019999999999,1.2971,-0.93086,-0.61584315,0.74902152,0.17236284
1764505221.0994956,-5.90562,0.62566,-1.19028,-0.616026255,0.74853324,0.17321733
1764505221.0994956,-5.90562,0.62566,-1.19028,-0.616026255,0.74853324,0.17321733
1764505221.0994956,-5.90562,0.62566,-1.19028,-0.616026255,0.74853324,0.17321733
1764505221.0994956,-5.90562,0.62566,-1.19028,-0.616026255,0.74853324,0.17321733
1764505221.0994956,-5.90562,0.62566,-1.19028,-0.616026255,0.74853324,0.17321733
1764505221.0994956,-5.90562,0.62566,-1.19028,-0.616026255,0.74853324,0.17321733
1764505221.146026,-5.90562,0.62566,-1.19028,-0.616026255,0.74853324,0.17321733
1764505221.146026,-5.90562,0.62566,-1.19028,-0.616026255,0.74853324,0.17321733
1764505221.146026,-5.90562,0.62566,-1.19028,-0.616026255,0.74853324,0.17321733
1764505221.146026,-5.90562,0.62566,-1.19028,-0.616026255,0.74853324,0.17321733
1764505221.146026,-4.3491,0.77826,-1.57178,-0.61633143,0.748350135,0.17309526
1764505221.146026,-4.3491,0.77826,-1.57178,-0.61633143,0.748350135,0.17309526
1764505221.146026,-4.3491,0.77826,-1.57178,-0.61633143,0.748350135,0.17309526
1764505221.146026,-4.3491,0.77826,-1.57178,-0.61633143,0.748350135,0.17309526
1764505221.146026,-4.3491,0.77826,-1.57178,-0.61633143,0.748350135,0.17309526
1764505221.146026,-4.3491,0.77826,-1.57178,-0.61633143,0.748350135,0.17309526
1764505221.146026,-4.3491,0.77826,-1.57178,-0.61633143,0.748350135,0.17309526
1764505221.146026,-4.3491,0.77826,-1.57178,-0.61633143,0.748350135,0.17309526
1764505221.146026,-4.3491,0.77826,-1.57178,-0.61633143,0.748350135,0.17309526
1764505221.146026,-4.3491,0.77826,-1.57178,-0.61633143,0.748350135,0.17309526
1764505221.146026,-3.38772,-0.10682,-1.34288,-0.61791834,0.74731254,0.174254925
1764505221.146026,-3.38772,-0.10682,-1.34288,-0.61791834,0.74731254,0.174254925
1764505221.146026,-3.38772,-0.10682,-1.34288,-0.61791834,0.74731254,0.174254925
1764505221.146026,-3.38772,-0.10682,-1.34288,-0.61791834,0.74731254,0.174254925
1764505221.146026,-3.38772,-0.10682,-1.34288,-0.61791834,0.74731254,0.174254925
1764505221.146026,-3.38772,-0.10682,-1.34288,-0.61791834,0.74731254,0.174254925
1764505221.146026,-3.38772,-0.10682,-1.34288,-0.61791834,0.74731254,0.174254925
1764505221.1470275,-3.38772,-0.10682,-1.34288,-0.61791834,0.74731254,0.174254925
1764505221.192155,-3.38772,-0.10682,-1.34288,-0.61791834,0.74731254,0.174254925
1764505221.192155,-3.38772,-0.10682,-1.34288,-0.61791834,0.74731254,0.174254925
1764505221.192155,-4.02864,-0.6103999999999999,-1.2971,-0.620420775,0.747007365,0.17541459
1764505221.1931765,-4.02864,-0.6103999999999999,-1.2971,-0.620420775,0.747007365,0.17541459
1764505221.1931765,-4.02864,-0.6103999999999999,-1.2971,-0.620420775,0.747007365,0.17541459
1764505221.1931765,-4.02864,-0.6103999999999999,-1.2971,-0.620420775,0.747007365,0.17541459
1764505221.1931765,-4.02864,-0.6103999999999999,-1.2971,-0.620420775,0.747007365,0.17541459
1764505221.1931765,-4.02864,-0.6103999999999999,-1.2971,-0.620420775,0.747007365,0.17541459
1764505221.1941676,-4.02864,-0.6103999999999999,-1.2971,-0.620420775,0.747007365,0.17541459
1764505221.1941676,-4.02864,-0.6103999999999999,-1.2971,-0.620420775,0.747007365,0.17541459
1764505221.1941676,-4.02864,-0.6103999999999999,-1.2971,-0.620420775,0.747007365,0.17541459
1764505221.1941676,-4.02864,-0.6103999999999999,-1.2971,-0.620420775,0.747007365,0.17541459
1764505221.1941676,-6.9433,-0.97664,-1.19028,-0.62121423,0.74792289,0.17468217
1764505221.1941676,-6.9433,-0.97664,-1.19028,-0.62121423,0.74792289,0.17468217
1764505221.1951668,-6.9433,-0.97664,-1.19028,-0.62121423,0.74792289,0.17468217
1764505221.1951668,-6.9433,-0.97664,-1.19028,-0.62121423,0.74792289,0.17468217
1764505221.1951668,-6.9433,-0.97664,-1.19028,-0.62121423,0.74792289,0.17468217
1764505221.1951668,-6.9433,-0.97664,-1.19028,-0.62121423,0.74792289,0.17468217
1764505221.196175,-6.9433,-0.97664,-1.19028,-0.62121423,0.74792289,0.17468217
1764505221.196175,-6.9433,-0.97664,-1.19028,-0.62121423,0.74792289,0.17468217
1764505221.196175,-6.9433,-0.97664,-1.19028,-0.62121423,0.74792289,0.17468217
1764505221.196175,-6.9433,-0.97664,-1.19028,-0.62121423,0.74792289,0.17468217
1764505221.196175,-9.7664,2.07536,-0.3815,-0.61938318,0.749204625,0.17309526
1764505221.196175,-9.7664,2.07536,-0.3815,-0.61938318,0.749204625,0.17309526
1764505221.2396605,-9.7664,2.07536,-0.3815,-0.61938318,0.749204625,0.17309526
1764505221.2396605,-9.7664,2.07536,-0.3815,-0.61938318,0.749204625,0.17309526
1764505221.2396605,-9.7664,2.07536,-0.3815,-0.61938318,0.749204625,0.17309526
1764505221.2396605,-9.7664,2.07536,-0.3815,-0.61938318,0.749204625,0.17309526
1764505221.2396605,-9.7664,2.07536,-0.3815,-0.61938318,0.749204625,0.17309526
1764505221.2406738,-9.7664,2.07536,-0.3815,-0.61938318,0.749204625,0.17309526
1764505221.2406738,-9.7664,2.07536,-0.3815,-0.61938318,0.749204625,0.17309526
1764505221.2406738,-9.7664,2.07536,-0.3815,-0.61938318,0.749204625,0.17309526
1764505221.2406738,-9.6138,2.47212,-1.02242,-0.61865076,0.74743461,0.172668015
1764505221.2406738,-9.6138,2.47212,-1.02242,-0.61865076,0.74743461,0.172668015
1764505221.2406738,-9.6138,2.47212,-1.02242,-0.61865076,0.74743461,0.172668015
1764505221.2406738,-9.6138,2.47212,-1.02242,-0.61865076,0.74743461,0.172668015
1764505221.2406738,-9.6138,2.47212,-1.02242,-0.61865076,0.74743461,0.172668015
1764505221.2406738,-9.6138,2.47212,-1.02242,-0.61865076,0.74743461,0.172668015
1764505221.2406738,-9.6138,2.47212,-1.02242,-0.61865076,0.74743461,0.172668015
1764505221.2406738,-9.6138,2.47212,-1.02242,-0.61865076,0.74743461,0.172668015
1764505221.2406738,-9.6138,2.47212,-1.02242,-0.61865076,0.74743461,0.172668015
1764505221.2406738,-9.6138,2.47212,-1.02242,-0.61865076,0.74743461,0.172668015
1764505221.2406738,-8.606639999999999,3.49454,-0.85456,-0.61865076,0.743345265,0.17053179
1764505221.2406738,-8.606639999999999,3.49454,-0.85456,-0.61865076,0.743345265,0.17053179
1764505221.242181,-8.606639999999999,3.49454,-0.85456,-0.61865076,0.743345265,0.17053179
1764505221.242181,-8.606639999999999,3.49454,-0.85456,-0.61865076,0.743345265,0.17053179
1764505221.283944,-8.606639999999999,3.49454,-0.85456,-0.61865076,0.743345265,0.17053179
1764505221.2849734,-8.606639999999999,3.49454,-0.85456,-0.61865076,0.743345265,0.17053179
1764505221.2849734,-8.606639999999999,3.49454,-0.85456,-0.61865076,0.743345265,0.17053179
1764505221.2849734,-8.606639999999999,3.49454,-0.85456,-0.61865076,0.743345265,0.17053179
1764505221.2849734,-8.606639999999999,3.49454,-0.85456,-0.61865076,0.743345265,0.17053179
1764505221.2849734,-8.606639999999999,3.49454,-0.85456,-0.61865076,0.743345265,0.17053179
1764505221.285956,-5.5699,2.70102,-0.1678599999999999,-0.61938318,0.7403545500000001,0.16918902
1764505221.285956,-5.5699,2.70102,-0.1678599999999999,-0.61938318,0.7403545500000001,0.16918902
1764505221.2861893,-5.5699,2.70102,-0.1678599999999999,-0.61938318,0.7403545500000001,0.16918902
1764505221.2861893,-5.5699,2.70102,-0.1678599999999999,-0.61938318,0.7403545500000001,0.16918902
1764505221.2861893,-5.5699,2.70102,-0.1678599999999999,-0.61938318,0.7403545500000001,0.16918902
1764505221.2861893,-5.5699,2.70102,-0.1678599999999999,-0.61938318,0.7403545500000001,0.16918902
1764505221.2861893,-5.5699,2.70102,-0.1678599999999999,-0.61938318,0.7403545500000001,0.16918902
1764505221.2861893,-5.5699,2.70102,-0.1678599999999999,-0.61938318,0.7403545500000001,0.16918902
1764505221.2871969,-5.5699,2.70102,-0.1678599999999999,-0.61938318,0.7403545500000001,0.16918902
1764505221.2871969,-5.5699,2.70102,-0.1678599999999999,-0.61938318,0.7403545500000001,0.16918902
1764505221.2871969,-1.86172,1.00716,0.51884,-0.62121423,0.74059869,0.169616265
1764505221.2871969,-1.86172,1.00716,0.51884,-0.62121423,0.74059869,0.169616265
1764505221.2871969,-1.86172,1.00716,0.51884,-0.62121423,0.74059869,0.169616265
1764505221.2871969,-1.86172,1.00716,0.51884,-0.62121423,0.74059869,0.169616265
1764505221.2871969,-1.86172,1.00716,0.51884,-0.62121423,0.74059869,0.169616265
1764505221.2871969,-1.86172,1.00716,0.51884,-0.62121423,0.74059869,0.169616265
1764505221.2871969,-1.86172,1.00716,0.51884,-0.62121423,0.74059869,0.169616265
1764505221.2887108,-1.86172,1.00716,0.51884,-0.62121423,0.74059869,0.169616265
1764505221.3325207,-1.86172,1.00716,0.51884,-0.62121423,0.74059869,0.169616265
1764505221.3325207,-1.86172,1.00716,0.51884,-0.62121423,0.74059869,0.169616265
1764505221.3325207,-0.01526,0.59514,1.23606,-0.6201156,0.740781795,0.170959035
1764505221.3325207,-0.01526,0.59514,1.23606,-0.6201156,0.740781795,0.170959035
1764505221.3325207,-0.01526,0.59514,1.23606,-0.6201156,0.740781795,0.170959035
1764505221.3325207,-0.01526,0.59514,1.23606,-0.6201156,0.740781795,0.170959035
1764505221.3325207,-0.01526,0.59514,1.23606,-0.6201156,0.740781795,0.170959035
1764505221.3325207,-0.01526,0.59514,1.23606,-0.6201156,0.740781795,0.170959035
1764505221.3325207,-0.01526,0.59514,1.23606,-0.6201156,0.740781795,0.170959035
1764505221.3325207,-0.01526,0.59514,1.23606,-0.6201156,0.740781795,0.170959035
1764505221.3325207,-0.01526,0.59514,1.23606,-0.6201156,0.740781795,0.170959035
1764505221.3325207,-0.01526,0.59514,1.23606,-0.6201156,0.740781795,0.170959035
1764505221.3325207,0.25942,-0.3357199999999999,1.54126,-0.61950525,0.74157525,0.17370561
1764505221.3325207,0.25942,-0.3357199999999999,1.54126,-0.61950525,0.74157525,0.17370561
1764505221.3325207,0.25942,-0.3357199999999999,1.54126,-0.61950525,0.74157525,0.17370561
1764505221.3325207,0.25942,-0.3357199999999999,1.54126,-0.61950525,0.74157525,0.17370561
1764505221.3325207,0.25942,-0.3357199999999999,1.54126,-0.61950525,0.74157525,0.17370561
1764505221.3325207,0.25942,-0.3357199999999999,1.54126,-0.61950525,0.74157525,0.17370561
1764505221.3325207,0.25942,-0.3357199999999999,1.54126,-0.61950525,0.74157525,0.17370561
1764505221.3325207,0.25942,-0.3357199999999999,1.54126,-0.61950525,0.74157525,0.17370561
1764505221.3325207,0.25942,-0.3357199999999999,1.54126,-0.61950525,0.74157525,0.17370561
1764505221.3325207,0.25942,-0.3357199999999999,1.54126,-0.61950525,0.74157525,0.17370561
1764505221.3325207,-0.8698199999999999,-0.47306,1.8312,-0.62072595,0.74413872,0.174254925
1764505221.3325207,-0.8698199999999999,-0.47306,1.8312,-0.62072595,0.74413872,0.174254925
1764505221.3792248,-0.8698199999999999,-0.47306,1.8312,-0.62072595,0.74413872,0.174254925
1764505221.3792248,-0.8698199999999999,-0.47306,1.8312,-0.62072595,0.74413872,0.174254925
1764505221.3792248,-0.8698199999999999,-0.47306,1.8312,-0.62072595,0.74413872,0.174254925
1764505221.3792248,-0.8698199999999999,-0.47306,1.8312,-0.62072595,0.74413872,0.174254925
1764505221.3792248,-0.8698199999999999,-0.47306,1.8312,-0.62072595,0.74413872,0.174254925
1764505221.3792248,-0.8698199999999999,-0.47306,1.8312,-0.62072595,0.74413872,0.174254925
1764505221.3792248,-0.8698199999999999,-0.47306,1.8312,-0.62072595,0.74413872,0.174254925
1764505221.3792248,-0.8698199999999999,-0.47306,1.8312,-0.62072595,0.74413872,0.174254925
1764505221.3792248,-3.31142,0.5341,1.12924,-0.622129755,0.74596977,0.17468217
1764505221.3807504,-3.31142,0.5341,1.12924,-0.622129755,0.74596977,0.17468217
1764505221.3807504,-3.31142,0.5341,1.12924,-0.622129755,0.74596977,0.17468217
1764505221.3807504,-3.31142,0.5341,1.12924,-0.622129755,0.74596977,0.17468217
1764505221.3810754,-3.31142,0.5341,1.12924,-0.622129755,0.74596977,0.17468217
1764505221.3810754,-3.31142,0.5341,1.12924,-0.622129755,0.74596977,0.17468217
1764505221.3810754,-3.31142,0.5341,1.12924,-0.622129755,0.74596977,0.17468217
1764505221.3810754,-3.31142,0.5341,1.12924,-0.622129755,0.74596977,0.17468217
1764505221.3810754,-3.31142,0.5341,1.12924,-0.622129755,0.74596977,0.17468217
1764505221.3810754,-3.31142,0.5341,1.12924,-0.622129755,0.74596977,0.17468217
1764505221.3817587,-4.74586,0.8698199999999999,-0.47306,-0.620664915,0.745664595,0.175597695
1764505221.3817587,-4.74586,0.8698199999999999,-0.47306,-0.620664915,0.745664595,0.175597695
1764505221.3817587,-4.74586,0.8698199999999999,-0.47306,-0.620664915,0.745664595,0.175597695
1764505221.3817587,-4.74586,0.8698199999999999,-0.47306,-0.620664915,0.745664595,0.175597695
1764505221.3817587,-4.74586,0.8698199999999999,-0.47306,-0.620664915,0.745664595,0.175597695
1764505221.3817587,-4.74586,0.8698199999999999,-0.47306,-0.620664915,0.745664595,0.175597695
1764505221.42249,-4.74586,0.8698199999999999,-0.47306,-0.620664915,0.745664595,0.175597695
1764505221.42249,-4.74586,0.8698199999999999,-0.47306,-0.620664915,0.745664595,0.175597695
1764505221.42249,-4.74586,0.8698199999999999,-0.47306,-0.620664915,0.745664595,0.175597695
1764505221.42249,-4.74586,0.8698199999999999,-0.47306,-0.620664915,0.745664595,0.175597695
1764505221.4235003,-4.47118,3.03674,-0.82404,-0.61901697,0.74523735,0.174254925
1764505221.4235003,-4.47118,3.03674,-0.82404,-0.61901697,0.74523735,0.174254925
1764505221.4235003,-4.47118,3.03674,-0.82404,-0.61901697,0.74523735,0.174254925
1764505221.4235003,-4.47118,3.03674,-0.82404,-0.61901697,0.74523735,0.174254925
1764505221.4235003,-4.47118,3.03674,-0.82404,-0.61901697,0.74523735,0.174254925
1764505221.4235003,-4.47118,3.03674,-0.82404,-0.61901697,0.74523735,0.174254925
1764505221.4235003,-4.47118,3.03674,-0.82404,-0.61901697,0.74523735,0.174254925
1764505221.4235003,-4.47118,3.03674,-0.82404,-0.61901697,0.74523735,0.174254925
1764505221.4235003,-4.47118,3.03674,-0.82404,-0.61901697,0.74523735,0.174254925
1764505221.4235003,-4.47118,3.03674,-0.82404,-0.61901697,0.74523735,0.174254925
1764505221.4235003,-3.7387,2.22796,-0.13734,-0.617735235,0.745176315,0.17175249
1764505221.4235003,-3.7387,2.22796,-0.13734,-0.617735235,0.745176315,0.17175249
1764505221.4235003,-3.7387,2.22796,-0.13734,-0.617735235,0.745176315,0.17175249
1764505221.4235003,-3.7387,2.22796,-0.13734,-0.617735235,0.745176315,0.17175249
1764505221.4235003,-3.7387,2.22796,-0.13734,-0.617735235,0.745176315,0.17175249
1764505221.4235003,-3.7387,2.22796,-0.13734,-0.617735235,0.745176315,0.17175249
1764505221.4235003,-3.7387,2.22796,-0.13734,-0.617735235,0.745176315,0.17175249
1764505221.4235003,-3.7387,2.22796,-0.13734,-0.617735235,0.745176315,0.17175249
1764505221.471265,-3.7387,2.22796,-0.13734,-0.617735235,0.745176315,0.17175249
1764505221.471265,-3.7387,2.22796,-0.13734,-0.617735235,0.745176315,0.17175249
1764505221.471265,-3.34194,0.04578,0.7019599999999999,-0.61791834,0.745176315,0.170959035
1764505221.471265,-3.34194,0.04578,0.7019599999999999,-0.61791834,0.745176315,0.170959035
1764505221.471265,-3.34194,0.04578,0.7019599999999999,-0.61791834,0.745176315,0.170959035
1764505221.4722648,-3.34194,0.04578,0.7019599999999999,-0.61791834,0.745176315,0.170959035
1764505221.4722648,-3.34194,0.04578,0.7019599999999999,-0.61791834,0.745176315,0.170959035
1764505221.4722648,-3.34194,0.04578,0.7019599999999999,-0.61791834,0.745176315,0.170959035
1764505221.4722648,-3.34194,0.04578,0.7019599999999999,-0.61791834,0.745176315,0.170959035
1764505221.4722648,-3.34194,0.04578,0.7019599999999999,-0.61791834,0.745176315,0.170959035
1764505221.4722648,-3.34194,0.04578,0.7019599999999999,-0.61791834,0.745176315,0.170959035
1764505221.4732654,-3.34194,0.04578,0.7019599999999999,-0.61791834,0.745176315,0.170959035
1764505221.4736495,-2.50264,0.19838,1.6633399999999998,-0.61718592,0.74523735,0.17040972
1764505221.4736495,-2.50264,0.19838,1.6633399999999998,-0.61718592,0.74523735,0.17040972
1764505221.4746618,-2.50264,0.19838,1.6633399999999998,-0.61718592,0.74523735,0.17040972
1764505221.4746618,-2.50264,0.19838,1.6633399999999998,-0.61718592,0.74523735,0.17040972
1764505221.4746618,-2.50264,0.19838,1.6633399999999998,-0.61718592,0.74523735,0.17040972
1764505221.4746618,-2.50264,0.19838,1.6633399999999998,-0.61718592,0.74523735,0.17040972
1764505221.4746618,-2.50264,0.19838,1.6633399999999998,-0.61718592,0.74523735,0.17040972
1764505221.4746618,-2.50264,0.19838,1.6633399999999998,-0.61718592,0.74523735,0.17040972
1764505221.4756596,-2.50264,0.19838,1.6633399999999998,-0.61718592,0.74523735,0.17040972
1764505221.4756596,-2.50264,0.19838,1.6633399999999998,-0.61718592,0.74523735,0.17040972
1764505221.5205548,-3.4335,1.35814,1.38866,-0.616514535,0.747373575,0.17126421
1764505221.5205548,-3.4335,1.35814,1.38866,-0.616514535,0.747373575,0.17126421
1764505221.5205548,-3.4335,1.35814,1.38866,-0.616514535,0.747373575,0.17126421
1764505221.5205548,-3.4335,1.35814,1.38866,-0.616514535,0.747373575,0.17126421
1764505221.5205548,-3.4335,1.35814,1.38866,-0.616514535,0.747373575,0.17126421
1764505221.5205548,-3.4335,1.35814,1.38866,-0.616514535,0.747373575,0.17126421
1764505221.5205548,-3.4335,1.35814,1.38866,-0.616514535,0.747373575,0.17126421
1764505221.5205548,-3.4335,1.35814,1.38866,-0.616514535,0.747373575,0.17126421
1764505221.5205548,-3.4335,1.35814,1.38866,-0.616514535,0.747373575,0.17126421
1764505221.5205548,-3.4335,1.35814,1.38866,-0.616514535,0.747373575,0.17126421
1764505221.5205548,-4.28806,1.61756,0.73248,-0.618833865,0.7476787500000001,0.17114214
1764505221.5215492,-4.28806,1.61756,0.73248,-0.618833865,0.7476787500000001,0.17114214
1764505221.5215492,-4.28806,1.61756,0.73248,-0.618833865,0.7476787500000001,0.17114214
1764505221.5215492,-4.28806,1.61756,0.73248,-0.618833865,0.7476787500000001,0.17114214
1764505221.5215492,-4.28806,1.61756,0.73248,-0.618833865,0.7476787500000001,0.17114214
1764505221.5215492,-4.28806,1.61756,0.73248,-0.618833865,0.7476787500000001,0.17114214
1764505221.5215492,-4.28806,1.61756,0.73248,-0.618833865,0.7476787500000001,0.17114214
1764505221.5215492,-4.28806,1.61756,0.73248,-0.618833865,0.7476787500000001,0.17114214
1764505221.5215492,-4.28806,1.61756,0.73248,-0.618833865,0.7476787500000001,0.17114214
1764505221.5215492,-4.28806,1.61756,0.73248,-0.618833865,0.7476787500000001,0.17114214
1764505221.5215492,-5.17314,1.9075,-0.27468,-0.6192611100000001,0.7482891,0.17321733
1764505221.5215492,-5.17314,1.9075,-0.27468,-0.6192611100000001,0.7482891,0.17321733
1764505221.5215492,-5.17314,1.9075,-0.27468,-0.6192611100000001,0.7482891,0.17321733
1764505221.5215492,-5.17314,1.9075,-0.27468,-0.6192611100000001,0.7482891,0.17321733
1764505221.563734,-5.17314,1.9075,-0.27468,-0.6192611100000001,0.7482891,0.17321733
1764505221.563734,-5.17314,1.9075,-0.27468,-0.6192611100000001,0.7482891,0.17321733
1764505221.563734,-5.17314,1.9075,-0.27468,-0.6192611100000001,0.7482891,0.17321733
1764505221.563734,-5.17314,1.9075,-0.27468,-0.6192611100000001,0.7482891,0.17321733
1764505221.563734,-5.17314,1.9075,-0.27468,-0.6192611100000001,0.7482891,0.17321733
1764505221.563734,-5.17314,1.9075,-0.27468,-0.6192611100000001,0.7482891,0.17321733
1764505221.563734,-5.9514,1.93802,-0.25942,-0.619200075,0.7495098,0.17419389
1764505221.563734,-5.9514,1.93802,-0.25942,-0.619200075,0.7495098,0.17419389
1764505221.563734,-5.9514,1.93802,-0.25942,-0.619200075,0.7495098,0.17419389
1764505221.563734,-5.9514,1.93802,-0.25942,-0.619200075,0.7495098,0.17419389
1764505221.563734,-5.9514,1.93802,-0.25942,-0.619200075,0.7495098,0.17419389
1764505221.563734,-5.9514,1.93802,-0.25942,-0.619200075,0.7495098,0.17419389
1764505221.563734,-5.9514,1.93802,-0.25942,-0.619200075,0.7495098,0.17419389
1764505221.563734,-5.9514,1.93802,-0.25942,-0.619200075,0.7495098,0.17419389
1764505221.563734,-5.9514,1.93802,-0.25942,-0.619200075,0.7495098,0.17419389
1764505221.563734,-5.9514,1.93802,-0.25942,-0.619200075,0.7495098,0.17419389
1764505221.563734,-6.790699999999999,1.93802,-0.7019599999999999,-0.61840662,0.7487163450000001,0.17419389
1764505221.563734,-6.790699999999999,1.93802,-0.7019599999999999,-0.61840662,0.7487163450000001,0.17419389
1764505221.563734,-6.790699999999999,1.93802,-0.7019599999999999,-0.61840662,0.7487163450000001,0.17419389
1764505221.563734,-6.790699999999999,1.93802,-0.7019599999999999,-0.61840662,0.7487163450000001,0.17419389
1764505221.563734,-6.790699999999999,1.93802,-0.7019599999999999,-0.61840662,0.7487163450000001,0.17419389
1764505221.563734,-6.790699999999999,1.93802,-0.7019599999999999,-0.61840662,0.7487163450000001,0.17419389
1764505221.563734,-6.790699999999999,1.93802,-0.7019599999999999,-0.61840662,0.7487163450000001,0.17419389
1764505221.563734,-6.790699999999999,1.93802,-0.7019599999999999,-0.61840662,0.7487163450000001,0.17419389
1764505221.6133468,-6.790699999999999,1.93802,-0.7019599999999999,-0.61840662,0.7487163450000001,0.17419389
1764505221.6133468,-6.790699999999999,1.93802,-0.7019599999999999,-0.61840662,0.7487163450000001,0.17419389
1764505221.6133468,-6.6381,1.2208,0.0,-0.61755213,0.74804496,0.17370561
1764505221.6133468,-6.6381,1.2208,0.0,-0.61755213,0.74804496,0.17370561
1764505221.6133468,-6.6381,1.2208,0.0,-0.61755213,0.74804496,0.17370561
1764505221.6133468,-6.6381,1.2208,0.0,-0.61755213,0.74804496,0.17370561
1764505221.6133468,-6.6381,1.2208,0.0,-0.61755213,0.74804496,0.17370561
1764505221.6133468,-6.6381,1.2208,0.0,-0.61755213,0.74804496,0.17370561
1764505221.6133468,-6.6381,1.2208,0.0,-0.61755213,0.74804496,0.17370561
1764505221.6133468,-6.6381,1.2208,0.0,-0.61755213,0.74804496,0.17370561
1764505221.6133468,-6.6381,1.2208,0.0,-0.61755213,0.74804496,0.17370561
1764505221.6133468,-6.6381,1.2208,0.0,-0.61755213,0.74804496,0.17370561
1764505221.6133468,-5.7225,1.8006799999999998,0.56462,-0.61804041,0.747495645,0.17248491
1764505221.6133468,-5.7225,1.8006799999999998,0.56462,-0.61804041,0.747495645,0.17248491
1764505221.6133468,-5.7225,1.8006799999999998,0.56462,-0.61804041,0.747495645,0.17248491
1764505221.6133468,-5.7225,1.8006799999999998,0.56462,-0.61804041,0.747495645,0.17248491
1764505221.6133468,-5.7225,1.8006799999999998,0.56462,-0.61804041,0.747495645,0.17248491
1764505221.6133468,-5.7225,1.8006799999999998,0.56462,-0.61804041,0.747495645,0.17248491
1764505221.6133468,-5.7225,1.8006799999999998,0.56462,-0.61804041,0.747495645,0.17248491
1764505221.6133468,-5.7225,1.8006799999999998,0.56462,-0.61804041,0.747495645,0.17248491
1764505221.6133468,-5.7225,1.8006799999999998,0.56462,-0.61804041,0.747495645,0.17248491
1764505221.6133468,-5.7225,1.8006799999999998,0.56462,-0.61804041,0.747495645,0.17248491
1764505221.6133468,-5.17314,1.28184,0.88508,-0.61974939,0.746519085,0.170714895
1764505221.6133468,-5.17314,1.28184,0.88508,-0.61974939,0.746519085,0.170714895
1764505221.6584687,-5.17314,1.28184,0.88508,-0.61974939,0.746519085,0.170714895
1764505221.6584687,-5.17314,1.28184,0.88508,-0.61974939,0.746519085,0.170714895
1764505221.6584687,-5.17314,1.28184,0.88508,-0.61974939,0.746519085,0.170714895
1764505221.6594844,-5.17314,1.28184,0.88508,-0.61974939,0.746519085,0.170714895
1764505221.6594844,-5.17314,1.28184,0.88508,-0.61974939,0.746519085,0.170714895
1764505221.6594844,-5.17314,1.28184,0.88508,-0.61974939,0.746519085,0.170714895
1764505221.6594844,-5.17314,1.28184,0.88508,-0.61974939,0.746519085,0.170714895
1764505221.6594844,-5.17314,1.28184,0.88508,-0.61974939,0.746519085,0.170714895
1764505221.6594844,-5.0358,0.763,0.48832,-0.619444215,0.7460918400000001,0.17004351
1764505221.6604805,-5.0358,0.763,0.48832,-0.619444215,0.7460918400000001,0.17004351
1764505221.6604805,-5.0358,0.763,0.48832,-0.619444215,0.7460918400000001,0.17004351
1764505221.6604805,-5.0358,0.763,0.48832,-0.619444215,0.7460918400000001,0.17004351
1764505221.6604805,-5.0358,0.763,0.48832,-0.619444215,0.7460918400000001,0.17004351
1764505221.6614838,-5.0358,0.763,0.48832,-0.619444215,0.7460918400000001,0.17004351
1764505221.6614838,-5.0358,0.763,0.48832,-0.619444215,0.7460918400000001,0.17004351
1764505221.6614838,-5.0358,0.763,0.48832,-0.619444215,0.7460918400000001,0.17004351
1764505221.6614838,-5.0358,0.763,0.48832,-0.619444215,0.7460918400000001,0.17004351
1764505221.6614838,-5.0358,0.763,0.48832,-0.619444215,0.7460918400000001,0.17004351
1764505221.6624846,-3.83026,1.526,-0.27468,-0.61816248,0.744627,0.170836965
1764505221.6624846,-3.83026,1.526,-0.27468,-0.61816248,0.744627,0.170836965
1764505221.6624846,-3.83026,1.526,-0.27468,-0.61816248,0.744627,0.170836965
1764505221.6624846,-3.83026,1.526,-0.27468,-0.61816248,0.744627,0.170836965
1764505221.6624846,-3.83026,1.526,-0.27468,-0.61816248,0.744627,0.170836965
1764505221.6624846,-3.83026,1.526,-0.27468,-0.61816248,0.744627,0.170836965
1764505221.7042706,-3.83026,1.526,-0.27468,-0.61816248,0.744627,0.170836965
1764505221.7042706,-3.83026,1.526,-0.27468,-0.61816248,0.744627,0.170836965
1764505221.7042706,-3.83026,1.526,-0.27468,-0.61816248,0.744627,0.170836965
1764505221.7042706,-3.83026,1.526,-0.27468,-0.61816248,0.744627,0.170836965
1764505221.7042706,-3.92182,2.2127,-0.28994,-0.61804041,0.744077685,0.17224077
1764505221.7042706,-3.92182,2.2127,-0.28994,-0.61804041,0.744077685,0.17224077
1764505221.7042706,-3.92182,2.2127,-0.28994,-0.61804041,0.744077685,0.17224077
1764505221.7042706,-3.92182,2.2127,-0.28994,-0.61804041,0.744077685,0.17224077
1764505221.7042706,-3.92182,2.2127,-0.28994,-0.61804041,0.744077685,0.17224077
1764505221.7042706,-3.92182,2.2127,-0.28994,-0.61804041,0.744077685,0.17224077
1764505221.7042706,-3.92182,2.2127,-0.28994,-0.61804041,0.744077685,0.17224077
1764505221.7042706,-3.92182,2.2127,-0.28994,-0.61804041,0.744077685,0.17224077
1764505221.7052853,-3.92182,2.2127,-0.28994,-0.61804041,0.744077685,0.17224077
1764505221.7052853,-3.92182,2.2127,-0.28994,-0.61804041,0.744077685,0.17224077
1764505221.7062805,-3.55558,1.81594,-0.51884,-0.61865076,0.742734915,0.17309526
1764505221.7062805,-3.55558,1.81594,-0.51884,-0.61865076,0.742734915,0.17309526
1764505221.7062805,-3.55558,1.81594,-0.51884,-0.61865076,0.742734915,0.17309526
1764505221.7062805,-3.55558,1.81594,-0.51884,-0.61865076,0.742734915,0.17309526
1764505221.7062805,-3.55558,1.81594,-0.51884,-0.61865076,0.742734915,0.17309526
1764505221.7062805,-3.55558,1.81594,-0.51884,-0.61865076,0.742734915,0.17309526
1764505221.7072852,-3.55558,1.81594,-0.51884,-0.61865076,0.742734915,0.17309526
1764505221.7072852,-3.55558,1.81594,-0.51884,-0.61865076,0.742734915,0.17309526
1764505221.7535017,-3.55558,1.81594,-0.51884,-0.61865076,0.742734915,0.17309526
1764505221.7545154,-3.55558,1.81594,-0.51884,-0.61865076,0.742734915,0.17309526
1764505221.7545154,-3.60136,0.6409199999999999,-0.7019599999999999,-0.6192611100000001,0.7424297400000001,0.173644575
1764505221.7545154,-3.60136,0.6409199999999999,-0.7019599999999999,-0.6192611100000001,0.7424297400000001,0.173644575
1764505221.7555127,-3.60136,0.6409199999999999,-0.7019599999999999,-0.6192611100000001,0.7424297400000001,0.173644575
1764505221.7555127,-3.60136,0.6409199999999999,-0.7019599999999999,-0.6192611100000001,0.7424297400000001,0.173644575
1764505221.7555127,-3.60136,0.6409199999999999,-0.7019599999999999,-0.6192611100000001,0.7424297400000001,0.173644575
1764505221.7555127,-3.60136,0.6409199999999999,-0.7019599999999999,-0.6192611100000001,0.7424297400000001,0.173644575
1764505221.7555127,-3.60136,0.6409199999999999,-0.7019599999999999,-0.6192611100000001,0.7424297400000001,0.173644575
1764505221.7555127,-3.60136,0.6409199999999999,-0.7019599999999999,-0.6192611100000001,0.7424297400000001,0.173644575
1764505221.7570202,-3.60136,0.6409199999999999,-0.7019599999999999,-0.6192611100000001,0.7424297400000001,0.173644575
1764505221.7570202,-3.60136,0.6409199999999999,-0.7019599999999999,-0.6192611100000001,0.7424297400000001,0.173644575
1764505221.7570202,-4.4254,1.95328,-0.73248,-0.617735235,0.74365044,0.172668015
1764505221.7570202,-4.4254,1.95328,-0.73248,-0.617735235,0.74365044,0.172668015
1764505221.7570202,-4.4254,1.95328,-0.73248,-0.617735235,0.74365044,0.172668015
1764505221.7570202,-4.4254,1.95328,-0.73248,-0.617735235,0.74365044,0.172668015
1764505221.7585866,-4.4254,1.95328,-0.73248,-0.617735235,0.74365044,0.172668015
1764505221.7585866,-4.4254,1.95328,-0.73248,-0.617735235,0.74365044,0.172668015
1764505221.7585866,-4.4254,1.95328,-0.73248,-0.617735235,0.74365044,0.172668015
1764505221.7585866,-4.4254,1.95328,-0.73248,-0.617735235,0.74365044,0.172668015
1764505221.759598,-4.4254,1.95328,-0.73248,-0.617735235,0.74365044,0.172668015
1764505221.759598,-4.4254,1.95328,-0.73248,-0.617735235,0.74365044,0.172668015
1764505221.759598,-4.83742,1.84646,-0.6409199999999999,-0.619078005,0.7445049300000001,0.173278365
1764505221.759598,-4.83742,1.84646,-0.6409199999999999,-0.619078005,0.7445049300000001,0.173278365
1764505221.799526,-4.83742,1.84646,-0.6409199999999999,-0.619078005,0.7445049300000001,0.173278365
1764505221.799526,-4.83742,1.84646,-0.6409199999999999,-0.619078005,0.7445049300000001,0.173278365
1764505221.799526,-4.83742,1.84646,-0.6409199999999999,-0.619078005,0.7445049300000001,0.173278365
1764505221.799526,-4.83742,1.84646,-0.6409199999999999,-0.619078005,0.7445049300000001,0.173278365
1764505221.799526,-4.83742,1.84646,-0.6409199999999999,-0.619078005,0.7445049300000001,0.173278365
1764505221.799526,-4.83742,1.84646,-0.6409199999999999,-0.619078005,0.7445049300000001,0.173278365
1764505221.799526,-4.83742,1.84646,-0.6409199999999999,-0.619078005,0.7445049300000001,0.173278365
1764505221.799526,-4.83742,1.84646,-0.6409199999999999,-0.619078005,0.7445049300000001,0.173278365
1764505221.799526,-5.2647,1.9838,-0.18312,-0.619566285,0.745786665,0.171569385
1764505221.799526,-5.2647,1.9838,-0.18312,-0.619566285,0.745786665,0.171569385
1764505221.799526,-5.2647,1.9838,-0.18312,-0.619566285,0.745786665,0.171569385
1764505221.799526,-5.2647,1.9838,-0.18312,-0.619566285,0.745786665,0.171569385
1764505221.799526,-5.2647,1.9838,-0.18312,-0.619566285,0.745786665,0.171569385
1764505221.799526,-5.2647,1.9838,-0.18312,-0.619566285,0.745786665,0.171569385
1764505221.799526,-5.2647,1.9838,-0.18312,-0.619566285,0.745786665,0.171569385
1764505221.799526,-5.2647,1.9838,-0.18312,-0.619566285,0.745786665,0.171569385
1764505221.799526,-5.2647,1.9838,-0.18312,-0.619566285,0.745786665,0.171569385
1764505221.799526,-5.2647,1.9838,-0.18312,-0.619566285,0.745786665,0.171569385
1764505221.799526,-4.53222,1.63282,0.3509799999999999,-0.61865076,0.745908735,0.17077593
1764505221.799526,-4.53222,1.63282,0.3509799999999999,-0.61865076,0.745908735,0.17077593
1764505221.800527,-4.53222,1.63282,0.3509799999999999,-0.61865076,0.745908735,0.17077593
1764505221.800527,-4.53222,1.63282,0.3509799999999999,-0.61865076,0.745908735,0.17077593
1764505221.8475192,-4.53222,1.63282,0.3509799999999999,-0.61865076,0.745908735,0.17077593
1764505221.8475192,-4.53222,1.63282,0.3509799999999999,-0.61865076,0.745908735,0.17077593
1764505221.8475192,-4.53222,1.63282,0.3509799999999999,-0.61865076,0.745908735,0.17077593
1764505221.8475192,-4.53222,1.63282,0.3509799999999999,-0.61865076,0.745908735,0.17077593
1764505221.8475192,-4.53222,1.63282,0.3509799999999999,-0.61865076,0.745908735,0.17077593
1764505221.8475192,-4.53222,1.63282,0.3509799999999999,-0.61865076,0.745908735,0.17077593
1764505221.8475192,-3.15882,1.57178,1.12924,-0.619810425,0.7458477,0.171569385
1764505221.8475192,-3.15882,1.57178,1.12924,-0.619810425,0.7458477,0.171569385
1764505221.8475192,-3.15882,1.57178,1.12924,-0.619810425,0.7458477,0.171569385
1764505221.8475192,-3.15882,1.57178,1.12924,-0.619810425,0.7458477,0.171569385
1764505221.8475192,-3.15882,1.57178,1.12924,-0.619810425,0.7458477,0.171569385
1764505221.8475192,-3.15882,1.57178,1.12924,-0.619810425,0.7458477,0.171569385
1764505221.8475192,-3.15882,1.57178,1.12924,-0.619810425,0.7458477,0.171569385
1764505221.8475192,-3.15882,1.57178,1.12924,-0.619810425,0.7458477,0.171569385
1764505221.8475192,-3.15882,1.57178,1.12924,-0.619810425,0.7458477,0.171569385
1764505221.8475192,-3.15882,1.57178,1.12924,-0.619810425,0.7458477,0.171569385
1764505221.8475192,-3.46402,1.72438,0.763,-0.62206872,0.74633598,0.17248491
1764505221.8475192,-3.46402,1.72438,0.763,-0.62206872,0.74633598,0.17248491
1764505221.8475192,-3.46402,1.72438,0.763,-0.62206872,0.74633598,0.17248491
1764505221.8475192,-3.46402,1.72438,0.763,-0.62206872,0.74633598,0.17248491
1764505221.8475192,-3.46402,1.72438,0.763,-0.62206872,0.74633598,0.17248491
1764505221.8475192,-3.46402,1.72438,0.763,-0.62206872,0.74633598,0.17248491
1764505221.8475192,-3.46402,1.72438,0.763,-0.62206872,0.74633598,0.17248491
1764505221.8475192,-3.46402,1.72438,0.763,-0.62206872,0.74633598,0.17248491
1764505221.8915298,-3.46402,1.72438,0.763,-0.62206872,0.74633598,0.17248491
1764505221.8915298,-3.46402,1.72438,0.763,-0.62206872,0.74633598,0.17248491
1764505221.8915298,-3.815,2.12114,-0.3204599999999999,-0.622495965,0.7470684,0.17382768
1764505221.8915298,-3.815,2.12114,-0.3204599999999999,-0.622495965,0.7470684,0.17382768
1764505221.8915298,-3.815,2.12114,-0.3204599999999999,-0.622495965,0.7470684,0.17382768
1764505221.8915298,-3.815,2.12114,-0.3204599999999999,-0.622495965,0.7470684,0.17382768
1764505221.8915298,-3.815,2.12114,-0.3204599999999999,-0.622495965,0.7470684,0.17382768
1764505221.8915298,-3.815,2.12114,-0.3204599999999999,-0.622495965,0.7470684,0.17382768
1764505221.8915298,-3.815,2.12114,-0.3204599999999999,-0.622495965,0.7470684,0.17382768
1764505221.8915298,-3.815,2.12114,-0.3204599999999999,-0.622495965,0.7470684,0.17382768
1764505221.8915298,-3.815,2.12114,-0.3204599999999999,-0.622495965,0.7470684,0.17382768
1764505221.8915298,-3.815,2.12114,-0.3204599999999999,-0.622495965,0.7470684,0.17382768
1764505221.8915298,-5.1121,3.54032,-0.24416,-0.621397335,0.7458477,0.174743205
1764505221.8915298,-5.1121,3.54032,-0.24416,-0.621397335,0.7458477,0.174743205
1764505221.892071,-5.1121,3.54032,-0.24416,-0.621397335,0.7458477,0.174743205
1764505221.892071,-5.1121,3.54032,-0.24416,-0.621397335,0.7458477,0.174743205
1764505221.892071,-5.1121,3.54032,-0.24416,-0.621397335,0.7458477,0.174743205
1764505221.892071,-5.1121,3.54032,-0.24416,-0.621397335,0.7458477,0.174743205
1764505221.892071,-5.1121,3.54032,-0.24416,-0.621397335,0.7458477,0.174743205
1764505221.892071,-5.1121,3.54032,-0.24416,-0.621397335,0.7458477,0.174743205
1764505221.892071,-5.1121,3.54032,-0.24416,-0.621397335,0.7458477,0.174743205
1764505221.892071,-5.1121,3.54032,-0.24416,-0.621397335,0.7458477,0.174743205
1764505221.892071,-4.303319999999999,2.70102,0.59514,-0.620786985,0.7460918400000001,0.177306675
1764505221.892071,-4.303319999999999,2.70102,0.59514,-0.620786985,0.7460918400000001,0.177306675
1764505221.9378707,-4.303319999999999,2.70102,0.59514,-0.620786985,0.7460918400000001,0.177306675
1764505221.9388978,-4.303319999999999,2.70102,0.59514,-0.620786985,0.7460918400000001,0.177306675
1764505221.9388978,-4.303319999999999,2.70102,0.59514,-0.620786985,0.7460918400000001,0.177306675
1764505221.9388978,-4.303319999999999,2.70102,0.59514,-0.620786985,0.7460918400000001,0.177306675
1764505221.9388978,-4.303319999999999,2.70102,0.59514,-0.620786985,0.7460918400000001,0.177306675
1764505221.9394205,-4.303319999999999,2.70102,0.59514,-0.620786985,0.7460918400000001,0.177306675
1764505221.9394205,-4.303319999999999,2.70102,0.59514,-0.620786985,0.7460918400000001,0.177306675
1764505221.9394205,-4.303319999999999,2.70102,0.59514,-0.620786985,0.7460918400000001,0.177306675
1764505221.9394205,-4.18124,1.05294,0.9919,-0.621397335,0.74670219,0.177550815
1764505221.9394205,-4.18124,1.05294,0.9919,-0.621397335,0.74670219,0.177550815
1764505221.9404347,-4.18124,1.05294,0.9919,-0.621397335,0.74670219,0.177550815
1764505221.9404347,-4.18124,1.05294,0.9919,-0.621397335,0.74670219,0.177550815
1764505221.9404347,-4.18124,1.05294,0.9919,-0.621397335,0.74670219,0.177550815
1764505221.9404347,-4.18124,1.05294,0.9919,-0.621397335,0.74670219,0.177550815
1764505221.9404347,-4.18124,1.05294,0.9919,-0.621397335,0.74670219,0.177550815
1764505221.9404347,-4.18124,1.05294,0.9919,-0.621397335,0.74670219,0.177550815
1764505221.9404347,-4.18124,1.05294,0.9919,-0.621397335,0.74670219,0.177550815
1764505221.9412491,-4.18124,1.05294,0.9919,-0.621397335,0.74670219,0.177550815
1764505221.9412491,-4.18124,1.1445,1.8006799999999998,-0.62194665,0.74670219,0.177306675
1764505221.9412491,-4.18124,1.1445,1.8006799999999998,-0.62194665,0.74670219,0.177306675
1764505221.9412491,-4.18124,1.1445,1.8006799999999998,-0.62194665,0.74670219,0.177306675
1764505221.9412491,-4.18124,1.1445,1.8006799999999998,-0.62194665,0.74670219,0.177306675
1764505221.9412491,-4.18124,1.1445,1.8006799999999998,-0.62194665,0.74670219,0.177306675
1764505221.9412491,-4.18124,1.1445,1.8006799999999998,-0.62194665,0.74670219,0.177306675
1764505221.982893,-4.18124,1.1445,1.8006799999999998,-0.62194665,0.74670219,0.177306675
1764505221.982893,-4.18124,1.1445,1.8006799999999998,-0.62194665,0.74670219,0.177306675
1764505221.9844253,-4.18124,1.1445,1.8006799999999998,-0.62194665,0.74670219,0.177306675
1764505221.9844253,-4.18124,1.1445,1.8006799999999998,-0.62194665,0.74670219,0.177306675
1764505221.9844253,-4.13546,0.54936,0.96138,-0.622373895,0.745298385,0.17602494
1764505221.9844253,-4.13546,0.54936,0.96138,-0.622373895,0.745298385,0.17602494
1764505221.9844253,-4.13546,0.54936,0.96138,-0.622373895,0.745298385,0.17602494
1764505221.9844253,-4.13546,0.54936,0.96138,-0.622373895,0.745298385,0.17602494
1764505221.9844253,-4.13546,0.54936,0.96138,-0.622373895,0.745298385,0.17602494
1764505221.9844253,-4.13546,0.54936,0.96138,-0.622373895,0.745298385,0.17602494
1764505221.9844253,-4.13546,0.54936,0.96138,-0.622373895,0.745298385,0.17602494
1764505221.9844253,-4.13546,0.54936,0.96138,-0.622373895,0.745298385,0.17602494
1764505221.9844253,-4.13546,0.54936,0.96138,-0.622373895,0.745298385,0.17602494
1764505221.9844253,-4.13546,0.54936,0.96138,-0.622373895,0.745298385,0.17602494
1764505221.9844253,-2.39582,1.00716,0.77826,-0.622007685,0.7445049300000001,0.17541459
1764505221.9844253,-2.39582,1.00716,0.77826,-0.622007685,0.7445049300000001,0.17541459
1764505221.9854376,-2.39582,1.00716,0.77826,-0.622007685,0.7445049300000001,0.17541459
1764505221.9854376,-2.39582,1.00716,0.77826,-0.622007685,0.7445049300000001,0.17541459
1764505221.9854376,-2.39582,1.00716,0.77826,-0.622007685,0.7445049300000001,0.17541459
1764505221.9854376,-2.39582,1.00716,0.77826,-0.622007685,0.7445049300000001,0.17541459
1764505221.9854376,-2.39582,1.00716,0.77826,-0.622007685,0.7445049300000001,0.17541459
1764505221.9854376,-2.39582,1.00716,0.77826,-0.622007685,0.7445049300000001,0.17541459
1764505222.0328405,-2.39582,1.00716,0.77826,-0.622007685,0.7445049300000001,0.17541459
1764505222.0328405,-2.39582,1.00716,0.77826,-0.622007685,0.7445049300000001,0.17541459
1764505222.0328405,-2.289,0.9919,0.88508,-0.622557,0.74511528,0.174376995
1764505222.0328405,-2.289,0.9919,0.88508,-0.622557,0.74511528,0.174376995
1764505222.0328405,-2.289,0.9919,0.88508,-0.622557,0.74511528,0.174376995
1764505222.0328405,-2.289,0.9919,0.88508,-0.622557,0.74511528,0.174376995
1764505222.0328405,-2.289,0.9919,0.88508,-0.622557,0.74511528,0.174376995
1764505222.0328405,-2.289,0.9919,0.88508,-0.622557,0.74511528,0.174376995
1764505222.0328405,-2.289,0.9919,0.88508,-0.622557,0.74511528,0.174376995
1764505222.0328405,-2.289,0.9919,0.88508,-0.622557,0.74511528,0.174376995
1764505222.0328405,-2.289,0.9919,0.88508,-0.622557,0.74511528,0.174376995
1764505222.0328405,-2.289,0.9919,0.88508,-0.622557,0.74511528,0.174376995
1764505222.0328405,-2.86888,0.25942,0.47306,-0.622129755,0.74658012,0.172790085
1764505222.0328405,-2.86888,0.25942,0.47306,-0.622129755,0.74658012,0.172790085
1764505222.0333602,-2.86888,0.25942,0.47306,-0.622129755,0.74658012,0.172790085
1764505222.0333602,-2.86888,0.25942,0.47306,-0.622129755,0.74658012,0.172790085
1764505222.0333602,-2.86888,0.25942,0.47306,-0.622129755,0.74658012,0.172790085
1764505222.0333602,-2.86888,0.25942,0.47306,-0.622129755,0.74658012,0.172790085
1764505222.0333602,-2.86888,0.25942,0.47306,-0.622129755,0.74658012,0.172790085
1764505222.0333602,-2.86888,0.25942,0.47306,-0.622129755,0.74658012,0.172790085
1764505222.0333602,-2.86888,0.25942,0.47306,-0.622129755,0.74658012,0.172790085
1764505222.0333602,-2.86888,0.25942,0.47306,-0.622129755,0.74658012,0.172790085
1764505222.0797822,-2.8231,-0.1525999999999999,0.21364,-0.622557,0.74694633,0.17272905
1764505222.0797822,-2.8231,-0.1525999999999999,0.21364,-0.622557,0.74694633,0.17272905
1764505222.0797822,-2.8231,-0.1525999999999999,0.21364,-0.622557,0.74694633,0.17272905
1764505222.0797822,-2.8231,-0.1525999999999999,0.21364,-0.622557,0.74694633,0.17272905
1764505222.0797822,-2.8231,-0.1525999999999999,0.21364,-0.622557,0.74694633,0.17272905
1764505222.0797822,-2.8231,-0.1525999999999999,0.21364,-0.622557,0.74694633,0.17272905
1764505222.0797822,-2.8231,-0.1525999999999999,0.21364,-0.622557,0.74694633,0.17272905
1764505222.0797822,-2.8231,-0.1525999999999999,0.21364,-0.622557,0.74694633,0.17272905
1764505222.0797822,-2.8231,-0.1525999999999999,0.21364,-0.622557,0.74694633,0.17272905
1764505222.0797822,-2.8231,-0.1525999999999999,0.21364,-0.622557,0.74694633,0.17272905
1764505222.0797822,-2.85362,0.1678599999999999,0.13734,-0.61974939,0.747495645,0.17236284
1764505222.0797822,-2.85362,0.1678599999999999,0.13734,-0.61974939,0.747495645,0.17236284
1764505222.0797822,-2.85362,0.1678599999999999,0.13734,-0.61974939,0.747495645,0.17236284
1764505222.0797822,-2.85362,0.1678599999999999,0.13734,-0.61974939,0.747495645,0.17236284
1764505222.0797822,-2.85362,0.1678599999999999,0.13734,-0.61974939,0.747495645,0.17236284
1764505222.0797822,-2.85362,0.1678599999999999,0.13734,-0.61974939,0.747495645,0.17236284
1764505222.0797822,-2.85362,0.1678599999999999,0.13734,-0.61974939,0.747495645,0.17236284
1764505222.0797822,-2.85362,0.1678599999999999,0.13734,-0.61974939,0.747495645,0.17236284
1764505222.0797822,-2.85362,0.1678599999999999,0.13734,-0.61974939,0.747495645,0.17236284
1764505222.0797822,-2.85362,0.1678599999999999,0.13734,-0.61974939,0.747495645,0.17236284
1764505222.0807953,-3.75396,0.65618,-0.28994,-0.61755213,0.74694633,0.171691455
1764505222.0807953,-3.75396,0.65618,-0.28994,-0.61755213,0.74694633,0.171691455
1764505222.0807953,-3.75396,0.65618,-0.28994,-0.61755213,0.74694633,0.171691455
1764505222.0807953,-3.75396,0.65618,-0.28994,-0.61755213,0.74694633,0.171691455
1764505222.127437,-3.75396,0.65618,-0.28994,-0.61755213,0.74694633,0.171691455
1764505222.1284168,-3.75396,0.65618,-0.28994,-0.61755213,0.74694633,0.171691455
1764505222.1284168,-3.75396,0.65618,-0.28994,-0.61755213,0.74694633,0.171691455
1764505222.129259,-3.75396,0.65618,-0.28994,-0.61755213,0.74694633,0.171691455
1764505222.129259,-3.75396,0.65618,-0.28994,-0.61755213,0.74694633,0.171691455
1764505222.129259,-3.75396,0.65618,-0.28994,-0.61755213,0.74694633,0.171691455
1764505222.129259,-4.60852,-0.3509799999999999,-0.13734,-0.61730799,0.74633598,0.16931109
1764505222.129259,-4.60852,-0.3509799999999999,-0.13734,-0.61730799,0.74633598,0.16931109
1764505222.1299474,-4.60852,-0.3509799999999999,-0.13734,-0.61730799,0.74633598,0.16931109
1764505222.1299474,-4.60852,-0.3509799999999999,-0.13734,-0.61730799,0.74633598,0.16931109
1764505222.1299474,-4.60852,-0.3509799999999999,-0.13734,-0.61730799,0.74633598,0.16931109
1764505222.1299474,-4.60852,-0.3509799999999999,-0.13734,-0.61730799,0.74633598,0.16931109
1764505222.1299474,-4.60852,-0.3509799999999999,-0.13734,-0.61730799,0.74633598,0.16931109
1764505222.1299474,-4.60852,-0.3509799999999999,-0.13734,-0.61730799,0.74633598,0.16931109
1764505222.1299474,-4.60852,-0.3509799999999999,-0.13734,-0.61730799,0.74633598,0.16931109
1764505222.1309593,-4.60852,-0.3509799999999999,-0.13734,-0.61730799,0.74633598,0.16931109
1764505222.1309593,-5.1121,-0.47306,0.48832,-0.618467655,0.74682426,0.168029355
1764505222.1309593,-5.1121,-0.47306,0.48832,-0.618467655,0.74682426,0.168029355
1764505222.1309593,-5.1121,-0.47306,0.48832,-0.618467655,0.74682426,0.168029355
1764505222.1309593,-5.1121,-0.47306,0.48832,-0.618467655,0.74682426,0.168029355
1764505222.1319537,-5.1121,-0.47306,0.48832,-0.618467655,0.74682426,0.168029355
1764505222.1319537,-5.1121,-0.47306,0.48832,-0.618467655,0.74682426,0.168029355
1764505222.1319537,-5.1121,-0.47306,0.48832,-0.618467655,0.74682426,0.168029355
1764505222.1319537,-5.1121,-0.47306,0.48832,-0.618467655,0.74682426,0.168029355
1764505222.169762,-5.1121,-0.47306,0.48832,-0.618467655,0.74682426,0.168029355
1764505222.1707747,-5.1121,-0.47306,0.48832,-0.618467655,0.74682426,0.168029355
1764505222.1707747,-5.84458,-0.4578,-0.01526,-0.61828455,0.747495645,0.166076235
1764505222.1707747,-5.84458,-0.4578,-0.01526,-0.61828455,0.747495645,0.166076235
1764505222.1707747,-5.84458,-0.4578,-0.01526,-0.61828455,0.747495645,0.166076235
1764505222.1707747,-5.84458,-0.4578,-0.01526,-0.61828455,0.747495645,0.166076235
1764505222.1707747,-5.84458,-0.4578,-0.01526,-0.61828455,0.747495645,0.166076235
1764505222.1707747,-5.84458,-0.4578,-0.01526,-0.61828455,0.747495645,0.166076235
1764505222.1722918,-5.84458,-0.4578,-0.01526,-0.61828455,0.747495645,0.166076235
1764505222.1722918,-5.84458,-0.4578,-0.01526,-0.61828455,0.747495645,0.166076235
1764505222.1722918,-5.84458,-0.4578,-0.01526,-0.61828455,0.747495645,0.166076235
1764505222.172829,-5.84458,-0.4578,-0.01526,-0.61828455,0.747495645,0.166076235
1764505222.172829,-5.35626,2.85362,-0.9003399999999999,-0.616148325,0.74792289,0.16540485
1764505222.172829,-5.35626,2.85362,-0.9003399999999999,-0.616148325,0.74792289,0.16540485
1764505222.172829,-5.35626,2.85362,-0.9003399999999999,-0.616148325,0.74792289,0.16540485
1764505222.172829,-5.35626,2.85362,-0.9003399999999999,-0.616148325,0.74792289,0.16540485
1764505222.172829,-5.35626,2.85362,-0.9003399999999999,-0.616148325,0.74792289,0.16540485
1764505222.172829,-5.35626,2.85362,-0.9003399999999999,-0.616148325,0.74792289,0.16540485
1764505222.172829,-5.35626,2.85362,-0.9003399999999999,-0.616148325,0.74792289,0.16540485
1764505222.172829,-5.35626,2.85362,-0.9003399999999999,-0.616148325,0.74792289,0.16540485
1764505222.172829,-5.35626,2.85362,-0.9003399999999999,-0.616148325,0.74792289,0.16540485
1764505222.172829,-5.35626,2.85362,-0.9003399999999999,-0.616148325,0.74792289,0.16540485
1764505222.1738565,-5.096839999999999,3.11304,-1.26658,-0.61620936,0.748228065,0.16577106
1764505222.1738565,-5.096839999999999,3.11304,-1.26658,-0.61620936,0.748228065,0.16577106
1764505222.217312,-5.096839999999999,3.11304,-1.26658,-0.61620936,0.748228065,0.16577106
1764505222.217312,-5.096839999999999,3.11304,-1.26658,-0.61620936,0.748228065,0.16577106
1764505222.217312,-5.096839999999999,3.11304,-1.26658,-0.61620936,0.748228065,0.16577106
1764505222.217312,-5.096839999999999,3.11304,-1.26658,-0.61620936,0.748228065,0.16577106
1764505222.217312,-5.096839999999999,3.11304,-1.26658,-0.61620936,0.748228065,0.16577106
1764505222.217312,-5.096839999999999,3.11304,-1.26658,-0.61620936,0.748228065,0.16577106
1764505222.217312,-5.096839999999999,3.11304,-1.26658,-0.61620936,0.748228065,0.16577106
1764505222.217312,-5.096839999999999,3.11304,-1.26658,-0.61620936,0.748228065,0.16577106
1764505222.217312,-5.78354,4.13546,-0.47306,-0.61657557,0.74853324,0.16638141
1764505222.217312,-5.78354,4.13546,-0.47306,-0.61657557,0.74853324,0.16638141
1764505222.217312,-5.78354,4.13546,-0.47306,-0.61657557,0.74853324,0.16638141
1764505222.217312,-5.78354,4.13546,-0.47306,-0.61657557,0.74853324,0.16638141
1764505222.217312,-5.78354,4.13546,-0.47306,-0.61657557,0.74853324,0.16638141
1764505222.217312,-5.78354,4.13546,-0.47306,-0.61657557,0.74853324,0.16638141
1764505222.217312,-5.78354,4.13546,-0.47306,-0.61657557,0.74853324,0.16638141
1764505222.217312,-5.78354,4.13546,-0.47306,-0.61657557,0.74853324,0.16638141
1764505222.217312,-5.78354,4.13546,-0.47306,-0.61657557,0.74853324,0.16638141
1764505222.217312,-5.78354,4.13546,-0.47306,-0.61657557,0.74853324,0.16638141
1764505222.217312,-4.0439,2.73154,1.1445,-0.61572108,0.74670219,0.16857867
1764505222.217312,-4.0439,2.73154,1.1445,-0.61572108,0.74670219,0.16857867
1764505222.217312,-4.0439,2.73154,1.1445,-0.61572108,0.74670219,0.16857867
1764505222.217312,-4.0439,2.73154,1.1445,-0.61572108,0.74670219,0.16857867
1764505222.217312,-4.0439,2.73154,1.1445,-0.61572108,0.74670219,0.16857867
1764505222.217312,-4.0439,2.73154,1.1445,-0.61572108,0.74670219,0.16857867
1764505222.2672863,-4.0439,2.73154,1.1445,-0.61572108,0.74670219,0.16857867
1764505222.2672863,-4.0439,2.73154,1.1445,-0.61572108,0.74670219,0.16857867
1764505222.2672863,-4.0439,2.73154,1.1445,-0.61572108,0.74670219,0.16857867
1764505222.2672863,-4.0439,2.73154,1.1445,-0.61572108,0.74670219,0.16857867
1764505222.2672863,-3.78448,3.03674,2.35004,-0.61547694,0.7458477,0.17187456
1764505222.2672863,-3.78448,3.03674,2.35004,-0.61547694,0.7458477,0.17187456
1764505222.2672863,-3.78448,3.03674,2.35004,-0.61547694,0.7458477,0.17187456
1764505222.2672863,-3.78448,3.03674,2.35004,-0.61547694,0.7458477,0.17187456
1764505222.2672863,-3.78448,3.03674,2.35004,-0.61547694,0.7458477,0.17187456
1764505222.2672863,-3.78448,3.03674,2.35004,-0.61547694,0.7458477,0.17187456
1764505222.2672863,-3.78448,3.03674,2.35004,-0.61547694,0.7458477,0.17187456
1764505222.2672863,-3.78448,3.03674,2.35004,-0.61547694,0.7458477,0.17187456
1764505222.2672863,-3.78448,3.03674,2.35004,-0.61547694,0.7458477,0.17187456
1764505222.2672863,-3.78448,3.03674,2.35004,-0.61547694,0.7458477,0.17187456
1764505222.2672863,-3.98286,2.8231,2.41108,-0.61804041,0.74511528,0.17407182
1764505222.2672863,-3.98286,2.8231,2.41108,-0.61804041,0.74511528,0.17407182
1764505222.2672863,-3.98286,2.8231,2.41108,-0.61804041,0.74511528,0.17407182
1764505222.2672863,-3.98286,2.8231,2.41108,-0.61804041,0.74511528,0.17407182
1764505222.2672863,-3.98286,2.8231,2.41108,-0.61804041,0.74511528,0.17407182
1764505222.2672863,-3.98286,2.8231,2.41108,-0.61804041,0.74511528,0.17407182
1764505222.2672863,-3.98286,2.8231,2.41108,-0.61804041,0.74511528,0.17407182
1764505222.2672863,-3.98286,2.8231,2.41108,-0.61804041,0.74511528,0.17407182
1764505222.3107617,-3.98286,2.8231,2.41108,-0.61804041,0.74511528,0.17407182
1764505222.3107617,-3.98286,2.8231,2.41108,-0.61804041,0.74511528,0.17407182
1764505222.3107617,-4.577999999999999,1.89224,1.0682,-0.6218856150000001,0.746152875,0.175475625
1764505222.3107617,-4.577999999999999,1.89224,1.0682,-0.6218856150000001,0.746152875,0.175475625
1764505222.3107617,-4.577999999999999,1.89224,1.0682,-0.6218856150000001,0.746152875,0.175475625
1764505222.3107617,-4.577999999999999,1.89224,1.0682,-0.6218856150000001,0.746152875,0.175475625
1764505222.3107617,-4.577999999999999,1.89224,1.0682,-0.6218856150000001,0.746152875,0.175475625
1764505222.312287,-4.577999999999999,1.89224,1.0682,-0.6218856150000001,0.746152875,0.175475625
1764505222.312287,-4.577999999999999,1.89224,1.0682,-0.6218856150000001,0.746152875,0.175475625
1764505222.3133097,-4.577999999999999,1.89224,1.0682,-0.6218856150000001,0.746152875,0.175475625
1764505222.3133097,-4.577999999999999,1.89224,1.0682,-0.6218856150000001,0.746152875,0.175475625
1764505222.3133097,-4.577999999999999,1.89224,1.0682,-0.6218856150000001,0.746152875,0.175475625
1764505222.3133097,-4.54748,2.62472,0.0,-0.622862175,0.74633598,0.175597695
1764505222.3133097,-4.54748,2.62472,0.0,-0.622862175,0.74633598,0.175597695
1764505222.3133097,-4.54748,2.62472,0.0,-0.622862175,0.74633598,0.175597695
1764505222.3133097,-4.54748,2.62472,0.0,-0.622862175,0.74633598,0.175597695
1764505222.3133097,-4.54748,2.62472,0.0,-0.622862175,0.74633598,0.175597695
1764505222.3133097,-4.54748,2.62472,0.0,-0.622862175,0.74633598,0.175597695
1764505222.3133097,-4.54748,2.62472,0.0,-0.622862175,0.74633598,0.175597695
1764505222.3133097,-4.54748,2.62472,0.0,-0.622862175,0.74633598,0.175597695
1764505222.3133097,-4.54748,2.62472,0.0,-0.622862175,0.74633598,0.175597695
1764505222.3133097,-4.54748,2.62472,0.0,-0.622862175,0.74633598,0.175597695
1764505222.3595102,-4.53222,1.81594,0.09156,-0.62414391,0.74670219,0.17504838
1764505222.3595102,-4.53222,1.81594,0.09156,-0.62414391,0.74670219,0.17504838
1764505222.3595102,-4.53222,1.81594,0.09156,-0.62414391,0.74670219,0.17504838
1764505222.3595102,-4.53222,1.81594,0.09156,-0.62414391,0.74670219,0.17504838
1764505222.3595102,-4.53222,1.81594,0.09156,-0.62414391,0.74670219,0.17504838
1764505222.3595102,-4.53222,1.81594,0.09156,-0.62414391,0.74670219,0.17504838
1764505222.3595102,-4.53222,1.81594,0.09156,-0.62414391,0.74670219,0.17504838
1764505222.3599982,-4.53222,1.81594,0.09156,-0.62414391,0.74670219,0.17504838
1764505222.3599982,-4.53222,1.81594,0.09156,-0.62414391,0.74670219,0.17504838
1764505222.3599982,-4.53222,1.81594,0.09156,-0.62414391,0.74670219,0.17504838
1764505222.3599982,-4.56274,1.23606,-0.0762999999999999,-0.62365563,0.74719047,0.17468217
1764505222.3605113,-4.56274,1.23606,-0.0762999999999999,-0.62365563,0.74719047,0.17468217
1764505222.3605113,-4.56274,1.23606,-0.0762999999999999,-0.62365563,0.74719047,0.17468217
1764505222.3605113,-4.56274,1.23606,-0.0762999999999999,-0.62365563,0.74719047,0.17468217
1764505222.3605113,-4.56274,1.23606,-0.0762999999999999,-0.62365563,0.74719047,0.17468217
1764505222.3605113,-4.56274,1.23606,-0.0762999999999999,-0.62365563,0.74719047,0.17468217
1764505222.3605113,-4.56274,1.23606,-0.0762999999999999,-0.62365563,0.74719047,0.17468217
1764505222.3605113,-4.56274,1.23606,-0.0762999999999999,-0.62365563,0.74719047,0.17468217
1764505222.3605113,-4.56274,1.23606,-0.0762999999999999,-0.62365563,0.74719047,0.17468217
1764505222.3605113,-4.56274,1.23606,-0.0762999999999999,-0.62365563,0.74719047,0.17468217
1764505222.3605113,-5.12736,1.25132,-0.09156,-0.62158044,0.747373575,0.174987345
1764505222.362022,-5.12736,1.25132,-0.09156,-0.62158044,0.747373575,0.174987345
1764505222.362022,-5.12736,1.25132,-0.09156,-0.62158044,0.747373575,0.174987345
1764505222.362022,-5.12736,1.25132,-0.09156,-0.62158044,0.747373575,0.174987345
1764505222.4051332,-5.12736,1.25132,-0.09156,-0.62158044,0.747373575,0.174987345
1764505222.4051332,-5.12736,1.25132,-0.09156,-0.62158044,0.747373575,0.174987345
1764505222.4051332,-5.12736,1.25132,-0.09156,-0.62158044,0.747373575,0.174987345
1764505222.4051332,-5.12736,1.25132,-0.09156,-0.62158044,0.747373575,0.174987345
1764505222.4051332,-5.12736,1.25132,-0.09156,-0.62158044,0.747373575,0.174987345
1764505222.4051332,-5.12736,1.25132,-0.09156,-0.62158044,0.747373575,0.174987345
1764505222.4061432,-4.79164,1.25132,0.88508,-0.62121423,0.748228065,0.17419389
1764505222.4061432,-4.79164,1.25132,0.88508,-0.62121423,0.748228065,0.17419389
1764505222.4061432,-4.79164,1.25132,0.88508,-0.62121423,0.748228065,0.17419389
1764505222.4061432,-4.79164,1.25132,0.88508,-0.62121423,0.748228065,0.17419389
1764505222.4061432,-4.79164,1.25132,0.88508,-0.62121423,0.748228065,0.17419389
1764505222.4061432,-4.79164,1.25132,0.88508,-0.62121423,0.748228065,0.17419389
1764505222.4061432,-4.79164,1.25132,0.88508,-0.62121423,0.748228065,0.17419389
1764505222.4061432,-4.79164,1.25132,0.88508,-0.62121423,0.748228065,0.17419389
1764505222.4061432,-4.79164,1.25132,0.88508,-0.62121423,0.748228065,0.17419389
1764505222.4061432,-4.79164,1.25132,0.88508,-0.62121423,0.748228065,0.17419389
1764505222.4061432,-4.89846,0.1525999999999999,1.03768,-0.62145837,0.74841117,0.17285112
1764505222.4061432,-4.89846,0.1525999999999999,1.03768,-0.62145837,0.74841117,0.17285112
1764505222.4061432,-4.89846,0.1525999999999999,1.03768,-0.62145837,0.74841117,0.17285112
1764505222.4061432,-4.89846,0.1525999999999999,1.03768,-0.62145837,0.74841117,0.17285112
1764505222.4061432,-4.89846,0.1525999999999999,1.03768,-0.62145837,0.74841117,0.17285112
1764505222.4061432,-4.89846,0.1525999999999999,1.03768,-0.62145837,0.74841117,0.17285112
1764505222.4061432,-4.89846,0.1525999999999999,1.03768,-0.62145837,0.74841117,0.17285112
1764505222.4061432,-4.89846,0.1525999999999999,1.03768,-0.62145837,0.74841117,0.17285112
1764505222.452339,-4.89846,0.1525999999999999,1.03768,-0.62145837,0.74841117,0.17285112
1764505222.452339,-4.89846,0.1525999999999999,1.03768,-0.62145837,0.74841117,0.17285112
1764505222.452339,-5.234179999999999,0.6867,0.71722,-0.62097009,0.74719047,0.171203175
1764505222.452339,-5.234179999999999,0.6867,0.71722,-0.62097009,0.74719047,0.171203175
1764505222.452339,-5.234179999999999,0.6867,0.71722,-0.62097009,0.74719047,0.171203175
1764505222.452339,-5.234179999999999,0.6867,0.71722,-0.62097009,0.74719047,0.171203175
1764505222.452339,-5.234179999999999,0.6867,0.71722,-0.62097009,0.74719047,0.171203175
1764505222.452339,-5.234179999999999,0.6867,0.71722,-0.62097009,0.74719047,0.171203175
1764505222.45444,-5.234179999999999,0.6867,0.71722,-0.62097009,0.74719047,0.171203175
1764505222.45444,-5.234179999999999,0.6867,0.71722,-0.62097009,0.74719047,0.171203175
1764505222.45444,-5.234179999999999,0.6867,0.71722,-0.62097009,0.74719047,0.171203175
1764505222.45444,-5.234179999999999,0.6867,0.71722,-0.62097009,0.74719047,0.171203175
1764505222.45444,-6.409199999999999,0.5341,-0.09156,-0.619810425,0.746885295,0.170348685
1764505222.45444,-6.409199999999999,0.5341,-0.09156,-0.619810425,0.746885295,0.170348685
1764505222.45444,-6.409199999999999,0.5341,-0.09156,-0.619810425,0.746885295,0.170348685
1764505222.45444,-6.409199999999999,0.5341,-0.09156,-0.619810425,0.746885295,0.170348685
1764505222.45444,-6.409199999999999,0.5341,-0.09156,-0.619810425,0.746885295,0.170348685
1764505222.45444,-6.409199999999999,0.5341,-0.09156,-0.619810425,0.746885295,0.170348685
1764505222.45444,-6.409199999999999,0.5341,-0.09156,-0.619810425,0.746885295,0.170348685
1764505222.45444,-6.409199999999999,0.5341,-0.09156,-0.619810425,0.746885295,0.170348685
1764505222.45444,-6.409199999999999,0.5341,-0.09156,-0.619810425,0.746885295,0.170348685
1764505222.45444,-6.409199999999999,0.5341,-0.09156,-0.619810425,0.746885295,0.170348685
1764505222.45444,-6.302379999999999,2.35004,-0.3204599999999999,-0.61865076,0.74572563,0.169127985
1764505222.45444,-6.302379999999999,2.35004,-0.3204599999999999,-0.61865076,0.74572563,0.169127985
1764505222.4972389,-6.302379999999999,2.35004,-0.3204599999999999,-0.61865076,0.74572563,0.169127985
1764505222.4972389,-6.302379999999999,2.35004,-0.3204599999999999,-0.61865076,0.74572563,0.169127985
1764505222.4972389,-6.302379999999999,2.35004,-0.3204599999999999,-0.61865076,0.74572563,0.169127985
1764505222.4972389,-6.302379999999999,2.35004,-0.3204599999999999,-0.61865076,0.74572563,0.169127985
1764505222.4972389,-6.302379999999999,2.35004,-0.3204599999999999,-0.61865076,0.74572563,0.169127985
1764505222.4972389,-6.302379999999999,2.35004,-0.3204599999999999,-0.61865076,0.74572563,0.169127985
1764505222.4987783,-6.302379999999999,2.35004,-0.3204599999999999,-0.61865076,0.74572563,0.169127985
1764505222.4987783,-6.302379999999999,2.35004,-0.3204599999999999,-0.61865076,0.74572563,0.169127985
1764505222.4987783,-5.4936,3.67766,0.8392999999999999,-0.61718592,0.74474907,0.167174865
1764505222.4987783,-5.4936,3.67766,0.8392999999999999,-0.61718592,0.74474907,0.167174865
1764505222.4987783,-5.4936,3.67766,0.8392999999999999,-0.61718592,0.74474907,0.167174865
1764505222.4987783,-5.4936,3.67766,0.8392999999999999,-0.61718592,0.74474907,0.167174865
1764505222.4987783,-5.4936,3.67766,0.8392999999999999,-0.61718592,0.74474907,0.167174865
1764505222.4987783,-5.4936,3.67766,0.8392999999999999,-0.61718592,0.74474907,0.167174865
1764505222.4987783,-5.4936,3.67766,0.8392999999999999,-0.61718592,0.74474907,0.167174865
1764505222.4987783,-5.4936,3.67766,0.8392999999999999,-0.61718592,0.74474907,0.167174865
1764505222.499791,-5.4936,3.67766,0.8392999999999999,-0.61718592,0.74474907,0.167174865
1764505222.499791,-5.4936,3.67766,0.8392999999999999,-0.61718592,0.74474907,0.167174865
1764505222.499791,-5.17314,2.25848,1.55652,-0.6164535,0.7470684,0.166320375
1764505222.499791,-5.17314,2.25848,1.55652,-0.6164535,0.7470684,0.166320375
1764505222.499791,-5.17314,2.25848,1.55652,-0.6164535,0.7470684,0.166320375
1764505222.499791,-5.17314,2.25848,1.55652,-0.6164535,0.7470684,0.166320375
1764505222.499791,-5.17314,2.25848,1.55652,-0.6164535,0.7470684,0.166320375
1764505222.499791,-5.17314,2.25848,1.55652,-0.6164535,0.7470684,0.166320375
1764505222.545121,-5.17314,2.25848,1.55652,-0.6164535,0.7470684,0.166320375
1764505222.545121,-5.17314,2.25848,1.55652,-0.6164535,0.7470684,0.166320375
1764505222.545121,-5.17314,2.25848,1.55652,-0.6164535,0.7470684,0.166320375
1764505222.545121,-5.17314,2.25848,1.55652,-0.6164535,0.7470684,0.166320375
1764505222.547122,-5.06632,1.0682,2.41108,-0.61657557,0.747617715,0.168273495
1764505222.547122,-5.06632,1.0682,2.41108,-0.61657557,0.747617715,0.168273495
1764505222.547122,-5.06632,1.0682,2.41108,-0.61657557,0.747617715,0.168273495
1764505222.547122,-5.06632,1.0682,2.41108,-0.61657557,0.747617715,0.168273495
1764505222.547122,-5.06632,1.0682,2.41108,-0.61657557,0.747617715,0.168273495
1764505222.547122,-5.06632,1.0682,2.41108,-0.61657557,0.747617715,0.168273495
1764505222.547122,-5.06632,1.0682,2.41108,-0.61657557,0.747617715,0.168273495
1764505222.5486443,-5.06632,1.0682,2.41108,-0.61657557,0.747617715,0.168273495
1764505222.5486443,-5.06632,1.0682,2.41108,-0.61657557,0.747617715,0.168273495
1764505222.5486443,-5.06632,1.0682,2.41108,-0.61657557,0.747617715,0.168273495
1764505222.5486443,-3.6624,1.26658,2.86888,-0.616880745,0.74719047,0.169860405
1764505222.5486443,-3.6624,1.26658,2.86888,-0.616880745,0.74719047,0.169860405
1764505222.5486443,-3.6624,1.26658,2.86888,-0.616880745,0.74719047,0.169860405
1764505222.5496595,-3.6624,1.26658,2.86888,-0.616880745,0.74719047,0.169860405
1764505222.5496595,-3.6624,1.26658,2.86888,-0.616880745,0.74719047,0.169860405
1764505222.5496595,-3.6624,1.26658,2.86888,-0.616880745,0.74719047,0.169860405
1764505222.5496595,-3.6624,1.26658,2.86888,-0.616880745,0.74719047,0.169860405
1764505222.5496595,-3.6624,1.26658,2.86888,-0.616880745,0.74719047,0.169860405
1764505222.5496595,-3.6624,1.26658,2.86888,-0.616880745,0.74719047,0.169860405
1764505222.550665,-3.6624,1.26658,2.86888,-0.616880745,0.74719047,0.169860405
1764505222.5894058,-3.14356,1.41918,2.19744,-0.617369025,0.74535942,0.17163042
1764505222.5894058,-3.14356,1.41918,2.19744,-0.617369025,0.74535942,0.17163042
1764505222.5912051,-3.14356,1.41918,2.19744,-0.617369025,0.74535942,0.17163042
1764505222.5912051,-3.14356,1.41918,2.19744,-0.617369025,0.74535942,0.17163042
1764505222.5912051,-3.14356,1.41918,2.19744,-0.617369025,0.74535942,0.17163042
1764505222.5922165,-3.14356,1.41918,2.19744,-0.617369025,0.74535942,0.17163042
1764505222.593083,-3.14356,1.41918,2.19744,-0.617369025,0.74535942,0.17163042
1764505222.593083,-3.14356,1.41918,2.19744,-0.617369025,0.74535942,0.17163042
1764505222.593083,-3.14356,1.41918,2.19744,-0.617369025,0.74535942,0.17163042
1764505222.593083,-3.14356,1.41918,2.19744,-0.617369025,0.74535942,0.17163042
1764505222.593083,-3.5861,2.02958,0.88508,-0.6188949,0.74535942,0.172668015
1764505222.594092,-3.5861,2.02958,0.88508,-0.6188949,0.74535942,0.172668015
1764505222.594092,-3.5861,2.02958,0.88508,-0.6188949,0.74535942,0.172668015
1764505222.5949705,-3.5861,2.02958,0.88508,-0.6188949,0.74535942,0.172668015
1764505222.5949705,-3.5861,2.02958,0.88508,-0.6188949,0.74535942,0.172668015
1764505222.5949705,-3.5861,2.02958,0.88508,-0.6188949,0.74535942,0.172668015
1764505222.5949705,-3.5861,2.02958,0.88508,-0.6188949,0.74535942,0.172668015
1764505222.5949705,-3.5861,2.02958,0.88508,-0.6188949,0.74535942,0.172668015
1764505222.5949705,-3.5861,2.02958,0.88508,-0.6188949,0.74535942,0.172668015
1764505222.5949705,-3.5861,2.02958,0.88508,-0.6188949,0.74535942,0.172668015
1764505222.6409445,-5.02054,3.00622,0.77826,-0.61987146,0.74535942,0.174743205
1764505222.6409445,-5.02054,3.00622,0.77826,-0.61987146,0.74535942,0.174743205
1764505222.641455,-5.02054,3.00622,0.77826,-0.61987146,0.74535942,0.174743205
1764505222.641455,-5.02054,3.00622,0.77826,-0.61987146,0.74535942,0.174743205
1764505222.641455,-5.02054,3.00622,0.77826,-0.61987146,0.74535942,0.174743205
1764505222.641455,-5.02054,3.00622,0.77826,-0.61987146,0.74535942,0.174743205
1764505222.64196,-5.02054,3.00622,0.77826,-0.61987146,0.74535942,0.174743205
1764505222.64196,-5.02054,3.00622,0.77826,-0.61987146,0.74535942,0.174743205
1764505222.64196,-5.02054,3.00622,0.77826,-0.61987146,0.74535942,0.174743205
1764505222.64196,-5.02054,3.00622,0.77826,-0.61987146,0.74535942,0.174743205
1764505222.64196,-5.70724,3.38772,0.3204599999999999,-0.619688355,0.74596977,0.17639115
1764505222.642988,-5.70724,3.38772,0.3204599999999999,-0.619688355,0.74596977,0.17639115
1764505222.642988,-5.70724,3.38772,0.3204599999999999,-0.619688355,0.74596977,0.17639115
1764505222.642988,-5.70724,3.38772,0.3204599999999999,-0.619688355,0.74596977,0.17639115
1764505222.642988,-5.70724,3.38772,0.3204599999999999,-0.619688355,0.74596977,0.17639115
1764505222.6439686,-5.70724,3.38772,0.3204599999999999,-0.619688355,0.74596977,0.17639115
1764505222.6439686,-5.70724,3.38772,0.3204599999999999,-0.619688355,0.74596977,0.17639115
1764505222.6439686,-5.70724,3.38772,0.3204599999999999,-0.619688355,0.74596977,0.17639115
1764505222.6439686,-5.70724,3.38772,0.3204599999999999,-0.619688355,0.74596977,0.17639115
1764505222.6439686,-5.70724,3.38772,0.3204599999999999,-0.619688355,0.74596977,0.17639115
1764505222.6449747,-6.104,2.83836,0.6867,-0.620420775,0.74670219,0.17590287
1764505222.6449747,-6.104,2.83836,0.6867,-0.620420775,0.74670219,0.17590287
1764505222.6449747,-6.104,2.83836,0.6867,-0.620420775,0.74670219,0.17590287
1764505222.6449747,-6.104,2.83836,0.6867,-0.620420775,0.74670219,0.17590287
1764505222.6852224,-6.104,2.83836,0.6867,-0.620420775,0.74670219,0.17590287
1764505222.6862378,-6.104,2.83836,0.6867,-0.620420775,0.74670219,0.17590287
1764505222.6862378,-6.104,2.83836,0.6867,-0.620420775,0.74670219,0.17590287
1764505222.6862378,-6.104,2.83836,0.6867,-0.620420775,0.74670219,0.17590287
1764505222.6862378,-6.104,2.83836,0.6867,-0.620420775,0.74670219,0.17590287
1764505222.6862378,-6.104,2.83836,0.6867,-0.620420775,0.74670219,0.17590287
1764505222.6867456,-5.63094,1.86172,0.74774,-0.62158044,0.7470684,0.17517045
1764505222.6867456,-5.63094,1.86172,0.74774,-0.62158044,0.7470684,0.17517045
1764505222.6867456,-5.63094,1.86172,0.74774,-0.62158044,0.7470684,0.17517045
1764505222.6867456,-5.63094,1.86172,0.74774,-0.62158044,0.7470684,0.17517045
1764505222.6867456,-5.63094,1.86172,0.74774,-0.62158044,0.7470684,0.17517045
1764505222.6867456,-5.63094,1.86172,0.74774,-0.62158044,0.7470684,0.17517045
1764505222.6867456,-5.63094,1.86172,0.74774,-0.62158044,0.7470684,0.17517045
1764505222.6867456,-5.63094,1.86172,0.74774,-0.62158044,0.7470684,0.17517045
1764505222.690866,-5.63094,1.86172,0.74774,-0.62158044,0.7470684,0.17517045
1764505222.690866,-5.63094,1.86172,0.74774,-0.62158044,0.7470684,0.17517045
1764505222.690866,-5.7225,1.63282,0.79352,-0.622251825,0.74523735,0.174376995
1764505222.690866,-5.7225,1.63282,0.79352,-0.622251825,0.74523735,0.174376995
1764505222.690866,-5.7225,1.63282,0.79352,-0.622251825,0.74523735,0.174376995
1764505222.690866,-5.7225,1.63282,0.79352,-0.622251825,0.74523735,0.174376995
1764505222.690866,-5.7225,1.63282,0.79352,-0.622251825,0.74523735,0.174376995
1764505222.690866,-5.7225,1.63282,0.79352,-0.622251825,0.74523735,0.174376995
1764505222.690866,-5.7225,1.63282,0.79352,-0.622251825,0.74523735,0.174376995
1764505222.690866,-5.7225,1.63282,0.79352,-0.622251825,0.74523735,0.174376995
1764505222.690866,-5.7225,1.63282,0.79352,-0.622251825,0.74523735,0.174376995
1764505222.690866,-5.7225,1.63282,0.79352,-0.622251825,0.74523735,0.174376995
1764505222.7354076,-3.76922,0.8392999999999999,0.3509799999999999,-0.622251825,0.744077685,0.17321733
1764505222.7354076,-3.76922,0.8392999999999999,0.3509799999999999,-0.622251825,0.744077685,0.17321733
1764505222.7354076,-3.76922,0.8392999999999999,0.3509799999999999,-0.622251825,0.744077685,0.17321733
1764505222.7354076,-3.76922,0.8392999999999999,0.3509799999999999,-0.622251825,0.744077685,0.17321733
1764505222.7354076,-3.76922,0.8392999999999999,0.3509799999999999,-0.622251825,0.744077685,0.17321733
1764505222.73693,-3.76922,0.8392999999999999,0.3509799999999999,-0.622251825,0.744077685,0.17321733
1764505222.73693,-3.76922,0.8392999999999999,0.3509799999999999,-0.622251825,0.744077685,0.17321733
1764505222.73693,-3.76922,0.8392999999999999,0.3509799999999999,-0.622251825,0.744077685,0.17321733
1764505222.73693,-3.76922,0.8392999999999999,0.3509799999999999,-0.622251825,0.744077685,0.17321733
1764505222.73693,-3.76922,0.8392999999999999,0.3509799999999999,-0.622251825,0.744077685,0.17321733
1764505222.73693,-2.94518,0.44254,-0.0762999999999999,-0.62121423,0.74560356,0.17199663
1764505222.73693,-2.94518,0.44254,-0.0762999999999999,-0.62121423,0.74560356,0.17199663
1764505222.73693,-2.94518,0.44254,-0.0762999999999999,-0.62121423,0.74560356,0.17199663
1764505222.73693,-2.94518,0.44254,-0.0762999999999999,-0.62121423,0.74560356,0.17199663
1764505222.7379737,-2.94518,0.44254,-0.0762999999999999,-0.62121423,0.74560356,0.17199663
1764505222.7379737,-2.94518,0.44254,-0.0762999999999999,-0.62121423,0.74560356,0.17199663
1764505222.7379737,-2.94518,0.44254,-0.0762999999999999,-0.62121423,0.74560356,0.17199663
1764505222.7379737,-2.94518,0.44254,-0.0762999999999999,-0.62121423,0.74560356,0.17199663
1764505222.7379737,-2.94518,0.44254,-0.0762999999999999,-0.62121423,0.74560356,0.17199663
1764505222.7379737,-2.94518,0.44254,-0.0762999999999999,-0.62121423,0.74560356,0.17199663
1764505222.7379737,-3.3572,1.43444,-0.4578,-0.61938318,0.746274945,0.171813525
1764505222.7379737,-3.3572,1.43444,-0.4578,-0.61938318,0.746274945,0.171813525
1764505222.781711,-3.3572,1.43444,-0.4578,-0.61938318,0.746274945,0.171813525
1764505222.781711,-3.3572,1.43444,-0.4578,-0.61938318,0.746274945,0.171813525
1764505222.781711,-3.3572,1.43444,-0.4578,-0.61938318,0.746274945,0.171813525
1764505222.781711,-3.3572,1.43444,-0.4578,-0.61938318,0.746274945,0.171813525
1764505222.781711,-3.3572,1.43444,-0.4578,-0.61938318,0.746274945,0.171813525
1764505222.781711,-3.3572,1.43444,-0.4578,-0.61938318,0.746274945,0.171813525
1764505222.781711,-3.3572,1.43444,-0.4578,-0.61938318,0.746274945,0.171813525
1764505222.781711,-3.3572,1.43444,-0.4578,-0.61938318,0.746274945,0.171813525
1764505222.781711,-3.7387,1.69386,-0.62566,-0.619200075,0.746763225,0.17065386
1764505222.781711,-3.7387,1.69386,-0.62566,-0.619200075,0.746763225,0.17065386
1764505222.781711,-3.7387,1.69386,-0.62566,-0.619200075,0.746763225,0.17065386
1764505222.781711,-3.7387,1.69386,-0.62566,-0.619200075,0.746763225,0.17065386
1764505222.781711,-3.7387,1.69386,-0.62566,-0.619200075,0.746763225,0.17065386
1764505222.781711,-3.7387,1.69386,-0.62566,-0.619200075,0.746763225,0.17065386
1764505222.781711,-3.7387,1.69386,-0.62566,-0.619200075,0.746763225,0.17065386
1764505222.781711,-3.7387,1.69386,-0.62566,-0.619200075,0.746763225,0.17065386
1764505222.781711,-3.7387,1.69386,-0.62566,-0.619200075,0.746763225,0.17065386
1764505222.781711,-3.7387,1.69386,-0.62566,-0.619200075,0.746763225,0.17065386
1764505222.781711,-5.24944,2.02958,0.41202,-0.6166366050000001,0.74902152,0.1696773
1764505222.781711,-5.24944,2.02958,0.41202,-0.6166366050000001,0.74902152,0.1696773
1764505222.781711,-5.24944,2.02958,0.41202,-0.6166366050000001,0.74902152,0.1696773
1764505222.781711,-5.24944,2.02958,0.41202,-0.6166366050000001,0.74902152,0.1696773
1764505222.781711,-5.24944,2.02958,0.41202,-0.6166366050000001,0.74902152,0.1696773
1764505222.781711,-5.24944,2.02958,0.41202,-0.6166366050000001,0.74902152,0.1696773
1764505222.8279245,-5.24944,2.02958,0.41202,-0.6166366050000001,0.74902152,0.1696773
1764505222.8279245,-5.24944,2.02958,0.41202,-0.6166366050000001,0.74902152,0.1696773
1764505222.8279245,-5.24944,2.02958,0.41202,-0.6166366050000001,0.74902152,0.1696773
1764505222.8279245,-5.24944,2.02958,0.41202,-0.6166366050000001,0.74902152,0.1696773
1764505222.8279245,-5.753019999999999,1.25132,1.03768,-0.61547694,0.751279815,0.16906695
1764505222.828929,-5.753019999999999,1.25132,1.03768,-0.61547694,0.751279815,0.16906695
1764505222.8292992,-5.753019999999999,1.25132,1.03768,-0.61547694,0.751279815,0.16906695
1764505222.8295105,-5.753019999999999,1.25132,1.03768,-0.61547694,0.751279815,0.16906695
1764505222.8295105,-5.753019999999999,1.25132,1.03768,-0.61547694,0.751279815,0.16906695
1764505222.8295105,-5.753019999999999,1.25132,1.03768,-0.61547694,0.751279815,0.16906695
1764505222.8295105,-5.753019999999999,1.25132,1.03768,-0.61547694,0.751279815,0.16906695
1764505222.8295105,-5.753019999999999,1.25132,1.03768,-0.61547694,0.751279815,0.16906695
1764505222.8295105,-5.753019999999999,1.25132,1.03768,-0.61547694,0.751279815,0.16906695
1764505222.8305194,-5.753019999999999,1.25132,1.03768,-0.61547694,0.751279815,0.16906695
1764505222.8305194,-5.93614,1.77016,1.00716,-0.61620936,0.74877738,0.169250055
1764505222.8305194,-5.93614,1.77016,1.00716,-0.61620936,0.74877738,0.169250055
1764505222.8315158,-5.93614,1.77016,1.00716,-0.61620936,0.74877738,0.169250055
1764505222.8315158,-5.93614,1.77016,1.00716,-0.61620936,0.74877738,0.169250055
1764505222.8315158,-5.93614,1.77016,1.00716,-0.61620936,0.74877738,0.169250055
1764505222.8315158,-5.93614,1.77016,1.00716,-0.61620936,0.74877738,0.169250055
1764505222.8323772,-5.93614,1.77016,1.00716,-0.61620936,0.74877738,0.169250055
1764505222.8323772,-5.93614,1.77016,1.00716,-0.61620936,0.74877738,0.169250055
1764505222.8323772,-5.93614,1.77016,1.00716,-0.61620936,0.74877738,0.169250055
1764505222.8323772,-5.93614,1.77016,1.00716,-0.61620936,0.74877738,0.169250055
1764505222.876295,-4.56274,2.63998,1.03768,-0.61657557,0.74560356,0.168883845
1764505222.876295,-4.56274,2.63998,1.03768,-0.61657557,0.74560356,0.168883845
1764505222.876295,-4.56274,2.63998,1.03768,-0.61657557,0.74560356,0.168883845
1764505222.876295,-4.56274,2.63998,1.03768,-0.61657557,0.74560356,0.168883845
1764505222.876295,-4.56274,2.63998,1.03768,-0.61657557,0.74560356,0.168883845
1764505222.876295,-4.56274,2.63998,1.03768,-0.61657557,0.74560356,0.168883845
1764505222.876295,-4.56274,2.63998,1.03768,-0.61657557,0.74560356,0.168883845
1764505222.876295,-4.56274,2.63998,1.03768,-0.61657557,0.74560356,0.168883845
1764505222.876295,-4.56274,2.63998,1.03768,-0.61657557,0.74560356,0.168883845
1764505222.8768084,-4.56274,2.63998,1.03768,-0.61657557,0.74560356,0.168883845
1764505222.8768084,-2.85362,2.53316,0.36624,-0.615660045,0.744321825,0.170348685
1764505222.8768084,-2.85362,2.53316,0.36624,-0.615660045,0.744321825,0.170348685
1764505222.8768084,-2.85362,2.53316,0.36624,-0.615660045,0.744321825,0.170348685
1764505222.8768084,-2.85362,2.53316,0.36624,-0.615660045,0.744321825,0.170348685
1764505222.8768084,-2.85362,2.53316,0.36624,-0.615660045,0.744321825,0.170348685
1764505222.8768084,-2.85362,2.53316,0.36624,-0.615660045,0.744321825,0.170348685
1764505222.8768084,-2.85362,2.53316,0.36624,-0.615660045,0.744321825,0.170348685
1764505222.8768084,-2.85362,2.53316,0.36624,-0.615660045,0.744321825,0.170348685
1764505222.8768084,-2.85362,2.53316,0.36624,-0.615660045,0.744321825,0.170348685
1764505222.8768084,-2.85362,2.53316,0.36624,-0.615660045,0.744321825,0.170348685
1764505222.8768084,-2.4416,3.29616,0.36624,-0.61608729,0.743345265,0.172423875
1764505222.8768084,-2.4416,3.29616,0.36624,-0.61608729,0.743345265,0.172423875
1764505222.8768084,-2.4416,3.29616,0.36624,-0.61608729,0.743345265,0.172423875
1764505222.8768084,-2.4416,3.29616,0.36624,-0.61608729,0.743345265,0.172423875
1764505222.9243853,-2.4416,3.29616,0.36624,-0.61608729,0.743345265,0.172423875
1764505222.9243853,-2.4416,3.29616,0.36624,-0.61608729,0.743345265,0.172423875
1764505222.9243853,-2.4416,3.29616,0.36624,-0.61608729,0.743345265,0.172423875
1764505222.9243853,-2.4416,3.29616,0.36624,-0.61608729,0.743345265,0.172423875
1764505222.9243853,-2.4416,3.29616,0.36624,-0.61608729,0.743345265,0.172423875
1764505222.9243853,-2.4416,3.29616,0.36624,-0.61608729,0.743345265,0.172423875
1764505222.9243853,-2.70102,2.96044,1.31236,-0.61755213,0.743589405,0.1733394
1764505222.9243853,-2.70102,2.96044,1.31236,-0.61755213,0.743589405,0.1733394
1764505222.9243853,-2.70102,2.96044,1.31236,-0.61755213,0.743589405,0.1733394
1764505222.9243853,-2.70102,2.96044,1.31236,-0.61755213,0.743589405,0.1733394
1764505222.9243853,-2.70102,2.96044,1.31236,-0.61755213,0.743589405,0.1733394
1764505222.9243853,-2.70102,2.96044,1.31236,-0.61755213,0.743589405,0.1733394
1764505222.9243853,-2.70102,2.96044,1.31236,-0.61755213,0.743589405,0.1733394
1764505222.9243853,-2.70102,2.96044,1.31236,-0.61755213,0.743589405,0.1733394
1764505222.9243853,-2.70102,2.96044,1.31236,-0.61755213,0.743589405,0.1733394
1764505222.9243853,-2.70102,2.96044,1.31236,-0.61755213,0.743589405,0.1733394
1764505222.9243853,-2.73154,1.96854,1.92276,-0.62072595,0.74682426,0.172423875
1764505222.9243853,-2.73154,1.96854,1.92276,-0.62072595,0.74682426,0.172423875
1764505222.9243853,-2.73154,1.96854,1.92276,-0.62072595,0.74682426,0.172423875
1764505222.9243853,-2.73154,1.96854,1.92276,-0.62072595,0.74682426,0.172423875
1764505222.9243853,-2.73154,1.96854,1.92276,-0.62072595,0.74682426,0.172423875
1764505222.9243853,-2.73154,1.96854,1.92276,-0.62072595,0.74682426,0.172423875
1764505222.968981,-2.73154,1.96854,1.92276,-0.62072595,0.74682426,0.172423875
1764505222.968981,-2.73154,1.96854,1.92276,-0.62072595,0.74682426,0.172423875
1764505222.968981,-2.73154,1.96854,1.92276,-0.62072595,0.74682426,0.172423875
1764505222.968981,-2.73154,1.96854,1.92276,-0.62072595,0.74682426,0.172423875
1764505222.968981,-2.15166,1.2971,1.1445,-0.622129755,0.74963187,0.172545945
1764505222.968981,-2.15166,1.2971,1.1445,-0.622129755,0.74963187,0.172545945
1764505222.968981,-2.15166,1.2971,1.1445,-0.622129755,0.74963187,0.172545945
1764505222.968981,-2.15166,1.2971,1.1445,-0.622129755,0.74963187,0.172545945
1764505222.968981,-2.15166,1.2971,1.1445,-0.622129755,0.74963187,0.172545945
1764505222.968981,-2.15166,1.2971,1.1445,-0.622129755,0.74963187,0.172545945
1764505222.968981,-2.15166,1.2971,1.1445,-0.622129755,0.74963187,0.172545945
1764505222.968981,-2.15166,1.2971,1.1445,-0.622129755,0.74963187,0.172545945
1764505222.968981,-2.15166,1.2971,1.1445,-0.622129755,0.74963187,0.172545945
1764505222.968981,-2.15166,1.2971,1.1445,-0.622129755,0.74963187,0.172545945
1764505222.968981,-3.78448,2.57894,-0.6103999999999999,-0.622984245,0.75036429,0.17321733
1764505222.968981,-3.78448,2.57894,-0.6103999999999999,-0.622984245,0.75036429,0.17321733
1764505222.968981,-3.78448,2.57894,-0.6103999999999999,-0.622984245,0.75036429,0.17321733
1764505222.968981,-3.78448,2.57894,-0.6103999999999999,-0.622984245,0.75036429,0.17321733
1764505222.9700613,-3.78448,2.57894,-0.6103999999999999,-0.622984245,0.75036429,0.17321733
1764505222.9700613,-3.78448,2.57894,-0.6103999999999999,-0.622984245,0.75036429,0.17321733
1764505222.971066,-3.78448,2.57894,-0.6103999999999999,-0.622984245,0.75036429,0.17321733
1764505222.9720678,-3.78448,2.57894,-0.6103999999999999,-0.622984245,0.75036429,0.17321733
1764505223.0154452,-3.78448,2.57894,-0.6103999999999999,-0.622984245,0.75036429,0.17321733
1764505223.0154452,-3.78448,2.57894,-0.6103999999999999,-0.622984245,0.75036429,0.17321733
1764505223.0154452,-4.68482,3.02148,-1.28184,-0.62353356,0.749326695,0.173278365
1764505223.0154452,-4.68482,3.02148,-1.28184,-0.62353356,0.749326695,0.173278365
1764505223.016458,-4.68482,3.02148,-1.28184,-0.62353356,0.749326695,0.173278365
1764505223.016458,-4.68482,3.02148,-1.28184,-0.62353356,0.749326695,0.173278365
1764505223.016458,-4.68482,3.02148,-1.28184,-0.62353356,0.749326695,0.173278365
1764505223.016458,-4.68482,3.02148,-1.28184,-0.62353356,0.749326695,0.173278365
1764505223.016458,-4.68482,3.02148,-1.28184,-0.62353356,0.749326695,0.173278365
1764505223.016458,-4.68482,3.02148,-1.28184,-0.62353356,0.749326695,0.173278365
1764505223.016458,-4.68482,3.02148,-1.28184,-0.62353356,0.749326695,0.173278365
1764505223.016458,-4.68482,3.02148,-1.28184,-0.62353356,0.749326695,0.173278365
1764505223.016458,-4.45592,2.07536,-0.56462,-0.62316735,0.74938773,0.17248491
1764505223.016458,-4.45592,2.07536,-0.56462,-0.62316735,0.74938773,0.17248491
1764505223.016458,-4.45592,2.07536,-0.56462,-0.62316735,0.74938773,0.17248491
1764505223.016458,-4.45592,2.07536,-0.56462,-0.62316735,0.74938773,0.17248491
1764505223.016458,-4.45592,2.07536,-0.56462,-0.62316735,0.74938773,0.17248491
1764505223.016458,-4.45592,2.07536,-0.56462,-0.62316735,0.74938773,0.17248491
1764505223.016458,-4.45592,2.07536,-0.56462,-0.62316735,0.74938773,0.17248491
1764505223.016458,-4.45592,2.07536,-0.56462,-0.62316735,0.74938773,0.17248491
1764505223.016458,-4.45592,2.07536,-0.56462,-0.62316735,0.74938773,0.17248491
1764505223.0174575,-4.45592,2.07536,-0.56462,-0.62316735,0.74938773,0.17248491
1764505223.0174575,-4.74586,1.32762,1.34288,-0.62097009,0.751157745,0.17199663
1764505223.0174575,-4.74586,1.32762,1.34288,-0.62097009,0.751157745,0.17199663
1764505223.0644765,-4.74586,1.32762,1.34288,-0.62097009,0.751157745,0.17199663
1764505223.0644765,-4.74586,1.32762,1.34288,-0.62097009,0.751157745,0.17199663
1764505223.0644765,-4.74586,1.32762,1.34288,-0.62097009,0.751157745,0.17199663
1764505223.0644765,-4.74586,1.32762,1.34288,-0.62097009,0.751157745,0.17199663
1764505223.0644765,-4.74586,1.32762,1.34288,-0.62097009,0.751157745,0.17199663
1764505223.0644765,-4.74586,1.32762,1.34288,-0.62097009,0.751157745,0.17199663
1764505223.0644765,-4.74586,1.32762,1.34288,-0.62097009,0.751157745,0.17199663
1764505223.0644765,-4.74586,1.32762,1.34288,-0.62097009,0.751157745,0.17199663
1764505223.0644765,-5.21892,0.62566,1.72438,-0.620176635,0.752622585,0.17187456
1764505223.0644765,-5.21892,0.62566,1.72438,-0.620176635,0.752622585,0.17187456
1764505223.0644765,-5.21892,0.62566,1.72438,-0.620176635,0.752622585,0.17187456
1764505223.0644765,-5.21892,0.62566,1.72438,-0.620176635,0.752622585,0.17187456
1764505223.0644765,-5.21892,0.62566,1.72438,-0.620176635,0.752622585,0.17187456
1764505223.0644765,-5.21892,0.62566,1.72438,-0.620176635,0.752622585,0.17187456
1764505223.0644765,-5.21892,0.62566,1.72438,-0.620176635,0.752622585,0.17187456
1764505223.0644765,-5.21892,0.62566,1.72438,-0.620176635,0.752622585,0.17187456
1764505223.0644765,-5.21892,0.62566,1.72438,-0.620176635,0.752622585,0.17187456
1764505223.0644765,-5.21892,0.62566,1.72438,-0.620176635,0.752622585,0.17187456
1764505223.0644765,-6.867,1.89224,0.59514,-0.620054565,0.751768095,0.17102007
1764505223.0644765,-6.867,1.89224,0.59514,-0.620054565,0.751768095,0.17102007
1764505223.0644765,-6.867,1.89224,0.59514,-0.620054565,0.751768095,0.17102007
1764505223.0654738,-6.867,1.89224,0.59514,-0.620054565,0.751768095,0.17102007
1764505223.0654738,-6.867,1.89224,0.59514,-0.620054565,0.751768095,0.17102007
1764505223.0654738,-6.867,1.89224,0.59514,-0.620054565,0.751768095,0.17102007
1764505223.110813,-6.867,1.89224,0.59514,-0.620054565,0.751768095,0.17102007
1764505223.110813,-6.867,1.89224,0.59514,-0.620054565,0.751768095,0.17102007
1764505223.110813,-6.867,1.89224,0.59514,-0.620054565,0.751768095,0.17102007
1764505223.110813,-6.867,1.89224,0.59514,-0.620054565,0.751768095,0.17102007
1764505223.110813,-7.095899999999999,2.25848,0.7019599999999999,-0.61913904,0.75060843,0.169738335
1764505223.110813,-7.095899999999999,2.25848,0.7019599999999999,-0.61913904,0.75060843,0.169738335
1764505223.110813,-7.095899999999999,2.25848,0.7019599999999999,-0.61913904,0.75060843,0.169738335
1764505223.110813,-7.095899999999999,2.25848,0.7019599999999999,-0.61913904,0.75060843,0.169738335
1764505223.110813,-7.095899999999999,2.25848,0.7019599999999999,-0.61913904,0.75060843,0.169738335
1764505223.110813,-7.095899999999999,2.25848,0.7019599999999999,-0.61913904,0.75060843,0.169738335
1764505223.110813,-7.095899999999999,2.25848,0.7019599999999999,-0.61913904,0.75060843,0.169738335
1764505223.110813,-7.095899999999999,2.25848,0.7019599999999999,-0.61913904,0.75060843,0.169738335
1764505223.110813,-7.095899999999999,2.25848,0.7019599999999999,-0.61913904,0.75060843,0.169738335
1764505223.110813,-7.095899999999999,2.25848,0.7019599999999999,-0.61913904,0.75060843,0.169738335
1764505223.110813,-4.6543,1.05294,1.55652,-0.617246955,0.75012015,0.16809039
1764505223.110813,-4.6543,1.05294,1.55652,-0.617246955,0.75012015,0.16809039
1764505223.110813,-4.6543,1.05294,1.55652,-0.617246955,0.75012015,0.16809039
1764505223.110813,-4.6543,1.05294,1.55652,-0.617246955,0.75012015,0.16809039
1764505223.110813,-4.6543,1.05294,1.55652,-0.617246955,0.75012015,0.16809039
1764505223.110813,-4.6543,1.05294,1.55652,-0.617246955,0.75012015,0.16809039
1764505223.110813,-4.6543,1.05294,1.55652,-0.617246955,0.75012015,0.16809039
1764505223.110813,-4.6543,1.05294,1.55652,-0.617246955,0.75012015,0.16809039
1764505223.110813,-4.6543,1.05294,1.55652,-0.617246955,0.75012015,0.16809039
1764505223.110813,-4.6543,1.05294,1.55652,-0.617246955,0.75012015,0.16809039
1764505223.156946,-4.31858,0.19838,2.18218,-0.615904185,0.750669465,0.16857867
1764505223.156946,-4.31858,0.19838,2.18218,-0.615904185,0.750669465,0.16857867
1764505223.156946,-4.31858,0.19838,2.18218,-0.615904185,0.750669465,0.16857867
1764505223.156946,-4.31858,0.19838,2.18218,-0.615904185,0.750669465,0.16857867
1764505223.156946,-4.31858,0.19838,2.18218,-0.615904185,0.750669465,0.16857867
1764505223.156946,-4.31858,0.19838,2.18218,-0.615904185,0.750669465,0.16857867
1764505223.156946,-4.31858,0.19838,2.18218,-0.615904185,0.750669465,0.16857867
1764505223.156946,-4.31858,0.19838,2.18218,-0.615904185,0.750669465,0.16857867
1764505223.156946,-4.31858,0.19838,2.18218,-0.615904185,0.750669465,0.16857867
1764505223.156946,-4.31858,0.19838,2.18218,-0.615904185,0.750669465,0.16857867
1764505223.156946,-5.06632,0.13734,1.64808,-0.6155990100000001,0.748960485,0.16918902
1764505223.156946,-5.06632,0.13734,1.64808,-0.6155990100000001,0.748960485,0.16918902
1764505223.156946,-5.06632,0.13734,1.64808,-0.6155990100000001,0.748960485,0.16918902
1764505223.156946,-5.06632,0.13734,1.64808,-0.6155990100000001,0.748960485,0.16918902
1764505223.156946,-5.06632,0.13734,1.64808,-0.6155990100000001,0.748960485,0.16918902
1764505223.156946,-5.06632,0.13734,1.64808,-0.6155990100000001,0.748960485,0.16918902
1764505223.156946,-5.06632,0.13734,1.64808,-0.6155990100000001,0.748960485,0.16918902
1764505223.156946,-5.06632,0.13734,1.64808,-0.6155990100000001,0.748960485,0.16918902
1764505223.156946,-5.06632,0.13734,1.64808,-0.6155990100000001,0.748960485,0.16918902
1764505223.156946,-5.06632,0.13734,1.64808,-0.6155990100000001,0.748960485,0.16918902
1764505223.156946,-5.78354,1.0682,0.94612,-0.614927625,0.746519085,0.1696773
1764505223.156946,-5.78354,1.0682,0.94612,-0.614927625,0.746519085,0.1696773
1764505223.156946,-5.78354,1.0682,0.94612,-0.614927625,0.746519085,0.1696773
1764505223.156946,-5.78354,1.0682,0.94612,-0.614927625,0.746519085,0.1696773
1764505223.2046163,-5.78354,1.0682,0.94612,-0.614927625,0.746519085,0.1696773
1764505223.2046163,-5.78354,1.0682,0.94612,-0.614927625,0.746519085,0.1696773
1764505223.2046163,-5.78354,1.0682,0.94612,-0.614927625,0.746519085,0.1696773
1764505223.2046163,-5.78354,1.0682,0.94612,-0.614927625,0.746519085,0.1696773
1764505223.2046163,-5.78354,1.0682,0.94612,-0.614927625,0.746519085,0.1696773
1764505223.2046163,-5.78354,1.0682,0.94612,-0.614927625,0.746519085,0.1696773
1764505223.2046163,-6.027699999999999,2.60946,1.23606,-0.615904185,0.7458477,0.168273495
1764505223.2046163,-6.027699999999999,2.60946,1.23606,-0.615904185,0.7458477,0.168273495
1764505223.2046163,-6.027699999999999,2.60946,1.23606,-0.615904185,0.7458477,0.168273495
1764505223.2046163,-6.027699999999999,2.60946,1.23606,-0.615904185,0.7458477,0.168273495
1764505223.206172,-6.027699999999999,2.60946,1.23606,-0.615904185,0.7458477,0.168273495
1764505223.206172,-6.027699999999999,2.60946,1.23606,-0.615904185,0.7458477,0.168273495
1764505223.206172,-6.027699999999999,2.60946,1.23606,-0.615904185,0.7458477,0.168273495
1764505223.206172,-6.027699999999999,2.60946,1.23606,-0.615904185,0.7458477,0.168273495
1764505223.206172,-6.027699999999999,2.60946,1.23606,-0.615904185,0.7458477,0.168273495
1764505223.206172,-6.027699999999999,2.60946,1.23606,-0.615904185,0.7458477,0.168273495
1764505223.206172,-5.81406,1.69386,0.9003399999999999,-0.61694178,0.74572563,0.16699176
1764505223.206172,-5.81406,1.69386,0.9003399999999999,-0.61694178,0.74572563,0.16699176
1764505223.206172,-5.81406,1.69386,0.9003399999999999,-0.61694178,0.74572563,0.16699176
1764505223.206172,-5.81406,1.69386,0.9003399999999999,-0.61694178,0.74572563,0.16699176
1764505223.206172,-5.81406,1.69386,0.9003399999999999,-0.61694178,0.74572563,0.16699176
1764505223.206172,-5.81406,1.69386,0.9003399999999999,-0.61694178,0.74572563,0.16699176
1764505223.2498553,-5.81406,1.69386,0.9003399999999999,-0.61694178,0.74572563,0.16699176
1764505223.2498553,-5.81406,1.69386,0.9003399999999999,-0.61694178,0.74572563,0.16699176
1764505223.2498553,-5.81406,1.69386,0.9003399999999999,-0.61694178,0.74572563,0.16699176
1764505223.250368,-5.81406,1.69386,0.9003399999999999,-0.61694178,0.74572563,0.16699176
1764505223.250368,-4.24228,1.26658,0.1525999999999999,-0.6176742000000001,0.74438286,0.168883845
1764505223.250368,-4.24228,1.26658,0.1525999999999999,-0.6176742000000001,0.74438286,0.168883845
1764505223.250368,-4.24228,1.26658,0.1525999999999999,-0.6176742000000001,0.74438286,0.168883845
1764505223.250368,-4.24228,1.26658,0.1525999999999999,-0.6176742000000001,0.74438286,0.168883845
1764505223.250368,-4.24228,1.26658,0.1525999999999999,-0.6176742000000001,0.74438286,0.168883845
1764505223.250368,-4.24228,1.26658,0.1525999999999999,-0.6176742000000001,0.74438286,0.168883845
1764505223.250368,-4.24228,1.26658,0.1525999999999999,-0.6176742000000001,0.74438286,0.168883845
1764505223.250368,-4.24228,1.26658,0.1525999999999999,-0.6176742000000001,0.74438286,0.168883845
1764505223.250368,-4.24228,1.26658,0.1525999999999999,-0.6176742000000001,0.74438286,0.168883845
1764505223.250368,-4.24228,1.26658,0.1525999999999999,-0.6176742000000001,0.74438286,0.168883845
1764505223.250368,-2.94518,1.51074,0.27468,-0.61816248,0.743223195,0.169982475
1764505223.250368,-2.94518,1.51074,0.27468,-0.61816248,0.743223195,0.169982475
1764505223.250368,-2.94518,1.51074,0.27468,-0.61816248,0.743223195,0.169982475
1764505223.250368,-2.94518,1.51074,0.27468,-0.61816248,0.743223195,0.169982475
1764505223.250368,-2.94518,1.51074,0.27468,-0.61816248,0.743223195,0.169982475
1764505223.250368,-2.94518,1.51074,0.27468,-0.61816248,0.743223195,0.169982475
1764505223.250368,-2.94518,1.51074,0.27468,-0.61816248,0.743223195,0.169982475
1764505223.250368,-2.94518,1.51074,0.27468,-0.61816248,0.743223195,0.169982475
1764505223.296815,-2.94518,1.51074,0.27468,-0.61816248,0.743223195,0.169982475
1764505223.296815,-2.94518,1.51074,0.27468,-0.61816248,0.743223195,0.169982475
1764505223.296815,-2.4416,1.7549,0.77826,-0.61999353,0.74413872,0.170226615
1764505223.296815,-2.4416,1.7549,0.77826,-0.61999353,0.74413872,0.170226615
1764505223.296815,-2.4416,1.7549,0.77826,-0.61999353,0.74413872,0.170226615
1764505223.296815,-2.4416,1.7549,0.77826,-0.61999353,0.74413872,0.170226615
1764505223.296815,-2.4416,1.7549,0.77826,-0.61999353,0.74413872,0.170226615
1764505223.296815,-2.4416,1.7549,0.77826,-0.61999353,0.74413872,0.170226615
1764505223.2978692,-2.4416,1.7549,0.77826,-0.61999353,0.74413872,0.170226615
1764505223.2978692,-2.4416,1.7549,0.77826,-0.61999353,0.74413872,0.170226615
1764505223.2978692,-2.4416,1.7549,0.77826,-0.61999353,0.74413872,0.170226615
1764505223.2978692,-2.4416,1.7549,0.77826,-0.61999353,0.74413872,0.170226615
1764505223.2978692,-3.41824,0.3815,-0.06104,-0.62097009,0.74560356,0.172179735
1764505223.2978692,-3.41824,0.3815,-0.06104,-0.62097009,0.74560356,0.172179735
1764505223.2978692,-3.41824,0.3815,-0.06104,-0.62097009,0.74560356,0.172179735
1764505223.2978692,-3.41824,0.3815,-0.06104,-0.62097009,0.74560356,0.172179735
1764505223.2978692,-3.41824,0.3815,-0.06104,-0.62097009,0.74560356,0.172179735
1764505223.2978692,-3.41824,0.3815,-0.06104,-0.62097009,0.74560356,0.172179735
1764505223.2978692,-3.41824,0.3815,-0.06104,-0.62097009,0.74560356,0.172179735
1764505223.2978692,-3.41824,0.3815,-0.06104,-0.62097009,0.74560356,0.172179735
1764505223.2978692,-3.41824,0.3815,-0.06104,-0.62097009,0.74560356,0.172179735
1764505223.2978692,-3.41824,0.3815,-0.06104,-0.62097009,0.74560356,0.172179735
1764505223.2978692,-3.83026,0.79352,-0.3051999999999999,-0.619810425,0.746763225,0.173034225
1764505223.2978692,-3.83026,0.79352,-0.3051999999999999,-0.619810425,0.746763225,0.173034225
1764505223.3446963,-3.83026,0.79352,-0.3051999999999999,-0.619810425,0.746763225,0.173034225
1764505223.3446963,-3.83026,0.79352,-0.3051999999999999,-0.619810425,0.746763225,0.173034225
1764505223.3446963,-3.83026,0.79352,-0.3051999999999999,-0.619810425,0.746763225,0.173034225
1764505223.3446963,-3.83026,0.79352,-0.3051999999999999,-0.619810425,0.746763225,0.173034225
1764505223.3446963,-3.83026,0.79352,-0.3051999999999999,-0.619810425,0.746763225,0.173034225
1764505223.3446963,-3.83026,0.79352,-0.3051999999999999,-0.619810425,0.746763225,0.173034225
1764505223.3446963,-3.83026,0.79352,-0.3051999999999999,-0.619810425,0.746763225,0.173034225
1764505223.3446963,-3.83026,0.79352,-0.3051999999999999,-0.619810425,0.746763225,0.173034225
1764505223.3446963,-3.83026,0.65618,-0.3051999999999999,-0.619566285,0.747983925,0.17346147
1764505223.3446963,-3.83026,0.65618,-0.3051999999999999,-0.619566285,0.747983925,0.17346147
1764505223.3446963,-3.83026,0.65618,-0.3051999999999999,-0.619566285,0.747983925,0.17346147
1764505223.3446963,-3.83026,0.65618,-0.3051999999999999,-0.619566285,0.747983925,0.17346147
1764505223.3446963,-3.83026,0.65618,-0.3051999999999999,-0.619566285,0.747983925,0.17346147
1764505223.3446963,-3.83026,0.65618,-0.3051999999999999,-0.619566285,0.747983925,0.17346147
1764505223.3446963,-3.83026,0.65618,-0.3051999999999999,-0.619566285,0.747983925,0.17346147
1764505223.3446963,-3.83026,0.65618,-0.3051999999999999,-0.619566285,0.747983925,0.17346147
1764505223.3446963,-3.83026,0.65618,-0.3051999999999999,-0.619566285,0.747983925,0.17346147
1764505223.3446963,-3.83026,0.65618,-0.3051999999999999,-0.619566285,0.747983925,0.17346147
1764505223.3446963,-5.00528,1.05294,-0.12208,-0.61877283,0.7495098,0.173400435
1764505223.3446963,-5.00528,1.05294,-0.12208,-0.61877283,0.7495098,0.173400435
1764505223.3446963,-5.00528,1.05294,-0.12208,-0.61877283,0.7495098,0.173400435
1764505223.3446963,-5.00528,1.05294,-0.12208,-0.61877283,0.7495098,0.173400435
1764505223.3446963,-5.00528,1.05294,-0.12208,-0.61877283,0.7495098,0.173400435
1764505223.3446963,-5.00528,1.05294,-0.12208,-0.61877283,0.7495098,0.173400435
1764505223.393481,-5.00528,1.05294,-0.12208,-0.61877283,0.7495098,0.173400435
1764505223.393481,-5.00528,1.05294,-0.12208,-0.61877283,0.7495098,0.173400435
1764505223.393481,-5.00528,1.05294,-0.12208,-0.61877283,0.7495098,0.173400435
1764505223.393481,-5.00528,1.05294,-0.12208,-0.61877283,0.7495098,0.173400435
1764505223.393481,-5.60042,0.96138,0.13734,-0.61865076,0.749692905,0.17285112
1764505223.393481,-5.60042,0.96138,0.13734,-0.61865076,0.749692905,0.17285112
1764505223.3944628,-5.60042,0.96138,0.13734,-0.61865076,0.749692905,0.17285112
1764505223.3944628,-5.60042,0.96138,0.13734,-0.61865076,0.749692905,0.17285112
1764505223.3944628,-5.60042,0.96138,0.13734,-0.61865076,0.749692905,0.17285112
1764505223.3944628,-5.60042,0.96138,0.13734,-0.61865076,0.749692905,0.17285112
1764505223.3944628,-5.60042,0.96138,0.13734,-0.61865076,0.749692905,0.17285112
1764505223.3944628,-5.60042,0.96138,0.13734,-0.61865076,0.749692905,0.17285112
1764505223.3944628,-5.60042,0.96138,0.13734,-0.61865076,0.749692905,0.17285112
1764505223.3944628,-5.60042,0.96138,0.13734,-0.61865076,0.749692905,0.17285112
1764505223.3944628,-5.84458,0.7019599999999999,0.59514,-0.617613165,0.749204625,0.17199663
1764505223.3944628,-5.84458,0.7019599999999999,0.59514,-0.617613165,0.749204625,0.17199663
1764505223.3944628,-5.84458,0.7019599999999999,0.59514,-0.617613165,0.749204625,0.17199663
1764505223.3944628,-5.84458,0.7019599999999999,0.59514,-0.617613165,0.749204625,0.17199663
1764505223.3944628,-5.84458,0.7019599999999999,0.59514,-0.617613165,0.749204625,0.17199663
1764505223.3944628,-5.84458,0.7019599999999999,0.59514,-0.617613165,0.749204625,0.17199663
1764505223.3944628,-5.84458,0.7019599999999999,0.59514,-0.617613165,0.749204625,0.17199663
1764505223.3944628,-5.84458,0.7019599999999999,0.59514,-0.617613165,0.749204625,0.17199663
1764505223.3944628,-5.84458,0.7019599999999999,0.59514,-0.617613165,0.749204625,0.17199663
1764505223.3944628,-5.84458,0.7019599999999999,0.59514,-0.617613165,0.749204625,0.17199663
1764505223.4372897,-5.06632,1.31236,0.42728,-0.61743006,0.74877738,0.170592825
1764505223.4372897,-5.06632,1.31236,0.42728,-0.61743006,0.74877738,0.170592825
1764505223.4372897,-5.06632,1.31236,0.42728,-0.61743006,0.74877738,0.170592825
1764505223.4372897,-5.06632,1.31236,0.42728,-0.61743006,0.74877738,0.170592825
1764505223.4372897,-5.06632,1.31236,0.42728,-0.61743006,0.74877738,0.170592825
1764505223.4372897,-5.06632,1.31236,0.42728,-0.61743006,0.74877738,0.170592825
1764505223.4372897,-5.06632,1.31236,0.42728,-0.61743006,0.74877738,0.170592825
1764505223.4372897,-5.06632,1.31236,0.42728,-0.61743006,0.74877738,0.170592825
1764505223.4372897,-5.06632,1.31236,0.42728,-0.61743006,0.74877738,0.170592825
1764505223.4372897,-5.06632,1.31236,0.42728,-0.61743006,0.74877738,0.170592825
1764505223.4372897,-4.4254,0.9003399999999999,0.5341,-0.617857305,0.74865531,0.170592825
1764505223.4372897,-4.4254,0.9003399999999999,0.5341,-0.617857305,0.74865531,0.170592825
1764505223.4465957,-4.4254,0.9003399999999999,0.5341,-0.617857305,0.74865531,0.170592825
1764505223.4465957,-4.4254,0.9003399999999999,0.5341,-0.617857305,0.74865531,0.170592825
1764505223.4473448,-4.4254,0.9003399999999999,0.5341,-0.617857305,0.74865531,0.170592825
1764505223.4473448,-4.4254,0.9003399999999999,0.5341,-0.617857305,0.74865531,0.170592825
1764505223.4473448,-4.4254,0.9003399999999999,0.5341,-0.617857305,0.74865531,0.170592825
1764505223.4473448,-4.4254,0.9003399999999999,0.5341,-0.617857305,0.74865531,0.170592825
1764505223.4473448,-4.4254,0.9003399999999999,0.5341,-0.617857305,0.74865531,0.170592825
1764505223.4473448,-4.4254,0.9003399999999999,0.5341,-0.617857305,0.74865531,0.170592825
1764505223.4473448,-4.6543,0.54936,0.62566,-0.61877283,0.74877738,0.17040972
1764505223.4473448,-4.6543,0.54936,0.62566,-0.61877283,0.74877738,0.17040972
1764505223.4473448,-4.6543,0.54936,0.62566,-0.61877283,0.74877738,0.17040972
1764505223.4473448,-4.6543,0.54936,0.62566,-0.61877283,0.74877738,0.17040972
1764505223.4812984,-4.6543,0.54936,0.62566,-0.61877283,0.74877738,0.17040972
1764505223.4812984,-4.6543,0.54936,0.62566,-0.61877283,0.74877738,0.17040972
1764505223.4812984,-4.6543,0.54936,0.62566,-0.61877283,0.74877738,0.17040972
1764505223.4812984,-4.6543,0.54936,0.62566,-0.61877283,0.74877738,0.17040972
1764505223.4832864,-4.6543,0.54936,0.62566,-0.61877283,0.74877738,0.17040972
1764505223.4832864,-4.6543,0.54936,0.62566,-0.61877283,0.74877738,0.17040972
1764505223.48428,-5.1121,0.93086,1.05294,-0.618345585,0.7476787500000001,0.170104545
1764505223.48428,-5.1121,0.93086,1.05294,-0.618345585,0.7476787500000001,0.170104545
1764505223.48428,-5.1121,0.93086,1.05294,-0.618345585,0.7476787500000001,0.170104545
1764505223.48428,-5.1121,0.93086,1.05294,-0.618345585,0.7476787500000001,0.170104545
1764505223.48428,-5.1121,0.93086,1.05294,-0.618345585,0.7476787500000001,0.170104545
1764505223.48428,-5.1121,0.93086,1.05294,-0.618345585,0.7476787500000001,0.170104545
1764505223.48428,-5.1121,0.93086,1.05294,-0.618345585,0.7476787500000001,0.170104545
1764505223.48428,-5.1121,0.93086,1.05294,-0.618345585,0.7476787500000001,0.170104545
1764505223.48428,-5.1121,0.93086,1.05294,-0.618345585,0.7476787500000001,0.170104545
1764505223.4849973,-5.1121,0.93086,1.05294,-0.618345585,0.7476787500000001,0.170104545
1764505223.4849973,-4.01338,1.25132,0.7019599999999999,-0.616758675,0.74792289,0.169127985
1764505223.4849973,-4.01338,1.25132,0.7019599999999999,-0.616758675,0.74792289,0.169127985
1764505223.4849973,-4.01338,1.25132,0.7019599999999999,-0.616758675,0.74792289,0.169127985
1764505223.4849973,-4.01338,1.25132,0.7019599999999999,-0.616758675,0.74792289,0.169127985
1764505223.5315788,-4.01338,1.25132,0.7019599999999999,-0.616758675,0.74792289,0.169127985
1764505223.5315788,-4.01338,1.25132,0.7019599999999999,-0.616758675,0.74792289,0.169127985
1764505223.5315788,-4.01338,1.25132,0.7019599999999999,-0.616758675,0.74792289,0.169127985
1764505223.5315788,-4.01338,1.25132,0.7019599999999999,-0.616758675,0.74792289,0.169127985
1764505223.5330868,-4.01338,1.25132,0.7019599999999999,-0.616758675,0.74792289,0.169127985
1764505223.5330868,-4.01338,1.25132,0.7019599999999999,-0.616758675,0.74792289,0.169127985
1764505223.5330868,-3.95234,1.63282,0.9919,-0.61718592,0.748472205,0.1696773
1764505223.5330868,-3.95234,1.63282,0.9919,-0.61718592,0.748472205,0.1696773
1764505223.5330868,-3.95234,1.63282,0.9919,-0.61718592,0.748472205,0.1696773
1764505223.5330868,-3.95234,1.63282,0.9919,-0.61718592,0.748472205,0.1696773
1764505223.5330868,-3.95234,1.63282,0.9919,-0.61718592,0.748472205,0.1696773
1764505223.5330868,-3.95234,1.63282,0.9919,-0.61718592,0.748472205,0.1696773
1764505223.5340972,-3.95234,1.63282,0.9919,-0.61718592,0.748472205,0.1696773
1764505223.5340972,-3.95234,1.63282,0.9919,-0.61718592,0.748472205,0.1696773
1764505223.5340972,-3.95234,1.63282,0.9919,-0.61718592,0.748472205,0.1696773
1764505223.5340972,-3.95234,1.63282,0.9919,-0.61718592,0.748472205,0.1696773
1764505223.535098,-4.5017,1.2208,0.96138,-0.61743006,0.7476787500000001,0.170836965
1764505223.535098,-4.5017,1.2208,0.96138,-0.61743006,0.7476787500000001,0.170836965
1764505223.535098,-4.5017,1.2208,0.96138,-0.61743006,0.7476787500000001,0.170836965
1764505223.535098,-4.5017,1.2208,0.96138,-0.61743006,0.7476787500000001,0.170836965
1764505223.535098,-4.5017,1.2208,0.96138,-0.61743006,0.7476787500000001,0.170836965
1764505223.5360997,-4.5017,1.2208,0.96138,-0.61743006,0.7476787500000001,0.170836965
1764505223.5360997,-4.5017,1.2208,0.96138,-0.61743006,0.7476787500000001,0.170836965
1764505223.5360997,-4.5017,1.2208,0.96138,-0.61743006,0.7476787500000001,0.170836965
1764505223.572994,-4.5017,1.2208,0.96138,-0.61743006,0.7476787500000001,0.170836965
1764505223.572994,-4.5017,1.2208,0.96138,-0.61743006,0.7476787500000001,0.170836965
1764505223.572994,-5.0358,1.25132,1.23606,-0.617613165,0.74731254,0.171203175
1764505223.572994,-5.0358,1.25132,1.23606,-0.617613165,0.74731254,0.171203175
1764505223.572994,-5.0358,1.25132,1.23606,-0.617613165,0.74731254,0.171203175
1764505223.572994,-5.0358,1.25132,1.23606,-0.617613165,0.74731254,0.171203175
1764505223.574017,-5.0358,1.25132,1.23606,-0.617613165,0.74731254,0.171203175
1764505223.574017,-5.0358,1.25132,1.23606,-0.617613165,0.74731254,0.171203175
1764505223.574017,-5.0358,1.25132,1.23606,-0.617613165,0.74731254,0.171203175
1764505223.574017,-5.0358,1.25132,1.23606,-0.617613165,0.74731254,0.171203175
1764505223.574017,-5.0358,1.25132,1.23606,-0.617613165,0.74731254,0.171203175
1764505223.574017,-5.0358,1.25132,1.23606,-0.617613165,0.74731254,0.171203175
1764505223.574017,-4.959499999999999,1.02242,1.35814,-0.61730799,0.747983925,0.170836965
1764505223.574017,-4.959499999999999,1.02242,1.35814,-0.61730799,0.747983925,0.170836965
1764505223.574017,-4.959499999999999,1.02242,1.35814,-0.61730799,0.747983925,0.170836965
1764505223.574017,-4.959499999999999,1.02242,1.35814,-0.61730799,0.747983925,0.170836965
1764505223.574017,-4.959499999999999,1.02242,1.35814,-0.61730799,0.747983925,0.170836965
1764505223.574017,-4.959499999999999,1.02242,1.35814,-0.61730799,0.747983925,0.170836965
1764505223.574017,-4.959499999999999,1.02242,1.35814,-0.61730799,0.747983925,0.170836965
1764505223.574017,-4.959499999999999,1.02242,1.35814,-0.61730799,0.747983925,0.170836965
1764505223.574017,-4.959499999999999,1.02242,1.35814,-0.61730799,0.747983925,0.170836965
1764505223.574017,-4.959499999999999,1.02242,1.35814,-0.61730799,0.747983925,0.170836965
1764505223.6216547,-4.715339999999999,1.89224,1.25132,-0.617124885,0.748838415,0.170714895
1764505223.6216547,-4.715339999999999,1.89224,1.25132,-0.617124885,0.748838415,0.170714895
1764505223.623217,-4.715339999999999,1.89224,1.25132,-0.617124885,0.748838415,0.170714895
1764505223.623217,-4.715339999999999,1.89224,1.25132,-0.617124885,0.748838415,0.170714895
1764505223.623217,-4.715339999999999,1.89224,1.25132,-0.617124885,0.748838415,0.170714895
1764505223.623217,-4.715339999999999,1.89224,1.25132,-0.617124885,0.748838415,0.170714895
1764505223.623217,-4.715339999999999,1.89224,1.25132,-0.617124885,0.748838415,0.170714895
1764505223.623217,-4.715339999999999,1.89224,1.25132,-0.617124885,0.748838415,0.170714895
1764505223.623217,-4.715339999999999,1.89224,1.25132,-0.617124885,0.748838415,0.170714895
1764505223.623217,-4.715339999999999,1.89224,1.25132,-0.617124885,0.748838415,0.170714895
1764505223.623217,-6.516019999999999,2.94518,1.51074,-0.617613165,0.749326695,0.169005915
1764505223.623217,-6.516019999999999,2.94518,1.51074,-0.617613165,0.749326695,0.169005915
1764505223.623217,-6.516019999999999,2.94518,1.51074,-0.617613165,0.749326695,0.169005915
1764505223.623217,-6.516019999999999,2.94518,1.51074,-0.617613165,0.749326695,0.169005915
1764505223.623217,-6.516019999999999,2.94518,1.51074,-0.617613165,0.749326695,0.169005915
1764505223.623217,-6.516019999999999,2.94518,1.51074,-0.617613165,0.749326695,0.169005915
1764505223.623217,-6.516019999999999,2.94518,1.51074,-0.617613165,0.749326695,0.169005915
1764505223.623217,-6.516019999999999,2.94518,1.51074,-0.617613165,0.749326695,0.169005915
1764505223.623217,-6.516019999999999,2.94518,1.51074,-0.617613165,0.749326695,0.169005915
1764505223.623217,-6.516019999999999,2.94518,1.51074,-0.617613165,0.749326695,0.169005915
1764505223.623217,-7.233239999999999,1.84646,0.62566,-0.61852869,0.74853324,0.16943316
1764505223.623217,-7.233239999999999,1.84646,0.62566,-0.61852869,0.74853324,0.16943316
1764505223.623217,-7.233239999999999,1.84646,0.62566,-0.61852869,0.74853324,0.16943316
1764505223.623217,-7.233239999999999,1.84646,0.62566,-0.61852869,0.74853324,0.16943316
1764505223.623217,-7.233239999999999,1.84646,0.62566,-0.61852869,0.74853324,0.16943316
1764505223.623217,-7.233239999999999,1.84646,0.62566,-0.61852869,0.74853324,0.16943316
1764505223.6674333,-7.233239999999999,1.84646,0.62566,-0.61852869,0.74853324,0.16943316
1764505223.6674333,-7.233239999999999,1.84646,0.62566,-0.61852869,0.74853324,0.16943316
1764505223.6674333,-7.233239999999999,1.84646,0.62566,-0.61852869,0.74853324,0.16943316
1764505223.6674333,-7.233239999999999,1.84646,0.62566,-0.61852869,0.74853324,0.16943316
1764505223.6674333,-5.40204,2.19744,0.28994,-0.616392465,0.74804496,0.16943316
1764505223.6674333,-5.40204,2.19744,0.28994,-0.616392465,0.74804496,0.16943316
1764505223.6674333,-5.40204,2.19744,0.28994,-0.616392465,0.74804496,0.16943316
1764505223.6674333,-5.40204,2.19744,0.28994,-0.616392465,0.74804496,0.16943316
1764505223.6674333,-5.40204,2.19744,0.28994,-0.616392465,0.74804496,0.16943316
1764505223.6674333,-5.40204,2.19744,0.28994,-0.616392465,0.74804496,0.16943316
1764505223.6674333,-5.40204,2.19744,0.28994,-0.616392465,0.74804496,0.16943316
1764505223.6674333,-5.40204,2.19744,0.28994,-0.616392465,0.74804496,0.16943316
1764505223.6674333,-5.40204,2.19744,0.28994,-0.616392465,0.74804496,0.16943316
1764505223.6674333,-5.40204,2.19744,0.28994,-0.616392465,0.74804496,0.16943316
1764505223.6674333,-4.94424,1.87698,0.0,-0.614195205,0.7481670300000001,0.17187456
1764505223.6674333,-4.94424,1.87698,0.0,-0.614195205,0.7481670300000001,0.17187456
1764505223.6674333,-4.94424,1.87698,0.0,-0.614195205,0.7481670300000001,0.17187456
1764505223.6674333,-4.94424,1.87698,0.0,-0.614195205,0.7481670300000001,0.17187456
1764505223.6674333,-4.94424,1.87698,0.0,-0.614195205,0.7481670300000001,0.17187456
1764505223.6674333,-4.94424,1.87698,0.0,-0.614195205,0.7481670300000001,0.17187456
1764505223.6699858,-4.94424,1.87698,0.0,-0.614195205,0.7481670300000001,0.17187456
1764505223.6709902,-4.94424,1.87698,0.0,-0.614195205,0.7481670300000001,0.17187456
1764505223.717437,-4.94424,1.87698,0.0,-0.614195205,0.7481670300000001,0.17187456
1764505223.717437,-4.94424,1.87698,0.0,-0.614195205,0.7481670300000001,0.17187456
1764505223.717437,-5.58516,1.7549,-0.24416,-0.61352382,0.7460918400000001,0.17419389
1764505223.717437,-5.58516,1.7549,-0.24416,-0.61352382,0.7460918400000001,0.17419389
1764505223.717437,-5.58516,1.7549,-0.24416,-0.61352382,0.7460918400000001,0.17419389
1764505223.7189453,-5.58516,1.7549,-0.24416,-0.61352382,0.7460918400000001,0.17419389
1764505223.7189453,-5.58516,1.7549,-0.24416,-0.61352382,0.7460918400000001,0.17419389
1764505223.7189453,-5.58516,1.7549,-0.24416,-0.61352382,0.7460918400000001,0.17419389
1764505223.7189453,-5.58516,1.7549,-0.24416,-0.61352382,0.7460918400000001,0.17419389
1764505223.7189453,-5.58516,1.7549,-0.24416,-0.61352382,0.7460918400000001,0.17419389
1764505223.7189453,-5.58516,1.7549,-0.24416,-0.61352382,0.7460918400000001,0.17419389
1764505223.7199545,-5.58516,1.7549,-0.24416,-0.61352382,0.7460918400000001,0.17419389
1764505223.7199545,-5.15788,0.97664,0.54936,-0.613340715,0.744565965,0.17394975
1764505223.7199545,-5.15788,0.97664,0.54936,-0.613340715,0.744565965,0.17394975
1764505223.7199545,-5.15788,0.97664,0.54936,-0.613340715,0.744565965,0.17394975
1764505223.7199545,-5.15788,0.97664,0.54936,-0.613340715,0.744565965,0.17394975
1764505223.7199545,-5.15788,0.97664,0.54936,-0.613340715,0.744565965,0.17394975
1764505223.7199545,-5.15788,0.97664,0.54936,-0.613340715,0.744565965,0.17394975
1764505223.7209587,-5.15788,0.97664,0.54936,-0.613340715,0.744565965,0.17394975
1764505223.7209587,-5.15788,0.97664,0.54936,-0.613340715,0.744565965,0.17394975
1764505223.7209587,-5.15788,0.97664,0.54936,-0.613340715,0.744565965,0.17394975
1764505223.7209587,-5.15788,0.97664,0.54936,-0.613340715,0.744565965,0.17394975
1764505223.7209587,-4.77638,0.97664,1.6022999999999998,-0.6164535,0.74560356,0.17285112
1764505223.7209587,-4.77638,0.97664,1.6022999999999998,-0.6164535,0.74560356,0.17285112
1764505223.7209587,-4.77638,0.97664,1.6022999999999998,-0.6164535,0.74560356,0.17285112
1764505223.7209587,-4.77638,0.97664,1.6022999999999998,-0.6164535,0.74560356,0.17285112
1764505223.7605422,-4.77638,0.97664,1.6022999999999998,-0.6164535,0.74560356,0.17285112
1764505223.7605422,-4.77638,0.97664,1.6022999999999998,-0.6164535,0.74560356,0.17285112
1764505223.7605422,-4.77638,0.97664,1.6022999999999998,-0.6164535,0.74560356,0.17285112
1764505223.7605422,-4.77638,0.97664,1.6022999999999998,-0.6164535,0.74560356,0.17285112
1764505223.7605422,-4.77638,0.97664,1.6022999999999998,-0.6164535,0.74560356,0.17285112
1764505223.7605422,-4.77638,0.97664,1.6022999999999998,-0.6164535,0.74560356,0.17285112
1764505223.7605422,-4.1965,0.21364,0.48832,-0.61962732,0.746274945,0.17175249
1764505223.7615547,-4.1965,0.21364,0.48832,-0.61962732,0.746274945,0.17175249
1764505223.7615547,-4.1965,0.21364,0.48832,-0.61962732,0.746274945,0.17175249
1764505223.7615547,-4.1965,0.21364,0.48832,-0.61962732,0.746274945,0.17175249
1764505223.7615547,-4.1965,0.21364,0.48832,-0.61962732,0.746274945,0.17175249
1764505223.7615547,-4.1965,0.21364,0.48832,-0.61962732,0.746274945,0.17175249
1764505223.7615547,-4.1965,0.21364,0.48832,-0.61962732,0.746274945,0.17175249
1764505223.7615547,-4.1965,0.21364,0.48832,-0.61962732,0.746274945,0.17175249
1764505223.7615547,-4.1965,0.21364,0.48832,-0.61962732,0.746274945,0.17175249
1764505223.7615547,-4.1965,0.21364,0.48832,-0.61962732,0.746274945,0.17175249
1764505223.7615547,-3.11304,1.6022999999999998,-1.02242,-0.619810425,0.74474907,0.17150835
1764505223.7615547,-3.11304,1.6022999999999998,-1.02242,-0.619810425,0.74474907,0.17150835
1764505223.7615547,-3.11304,1.6022999999999998,-1.02242,-0.619810425,0.74474907,0.17150835
1764505223.7615547,-3.11304,1.6022999999999998,-1.02242,-0.619810425,0.74474907,0.17150835
1764505223.8101676,-3.11304,1.6022999999999998,-1.02242,-0.619810425,0.74474907,0.17150835
1764505223.8101676,-3.11304,1.6022999999999998,-1.02242,-0.619810425,0.74474907,0.17150835
1764505223.8101676,-3.11304,1.6022999999999998,-1.02242,-0.619810425,0.74474907,0.17150835
1764505223.8101676,-3.11304,1.6022999999999998,-1.02242,-0.619810425,0.74474907,0.17150835
1764505223.8101676,-3.11304,1.6022999999999998,-1.02242,-0.619810425,0.74474907,0.17150835
1764505223.8101676,-3.11304,1.6022999999999998,-1.02242,-0.619810425,0.74474907,0.17150835
1764505223.8101676,-2.01432,2.47212,-1.00716,-0.62023767,0.744321825,0.170592825
1764505223.8101676,-2.01432,2.47212,-1.00716,-0.62023767,0.744321825,0.170592825
1764505223.8101676,-2.01432,2.47212,-1.00716,-0.62023767,0.744321825,0.170592825
1764505223.8101676,-2.01432,2.47212,-1.00716,-0.62023767,0.744321825,0.170592825
1764505223.8101676,-2.01432,2.47212,-1.00716,-0.62023767,0.744321825,0.170592825
1764505223.8101676,-2.01432,2.47212,-1.00716,-0.62023767,0.744321825,0.170592825
1764505223.8101676,-2.01432,2.47212,-1.00716,-0.62023767,0.744321825,0.170592825
1764505223.8101676,-2.01432,2.47212,-1.00716,-0.62023767,0.744321825,0.170592825
1764505223.8101676,-2.01432,2.47212,-1.00716,-0.62023767,0.744321825,0.170592825
1764505223.8101676,-2.01432,2.47212,-1.00716,-0.62023767,0.744321825,0.170592825
1764505223.8101676,-2.24322,1.32762,0.41202,-0.6201156,0.745298385,0.170714895
1764505223.8101676,-2.24322,1.32762,0.41202,-0.6201156,0.745298385,0.170714895
1764505223.813022,-2.24322,1.32762,0.41202,-0.6201156,0.745298385,0.170714895
1764505223.813022,-2.24322,1.32762,0.41202,-0.6201156,0.745298385,0.170714895
1764505223.813022,-2.24322,1.32762,0.41202,-0.6201156,0.745298385,0.170714895
1764505223.813022,-2.24322,1.32762,0.41202,-0.6201156,0.745298385,0.170714895
1764505223.813022,-2.24322,1.32762,0.41202,-0.6201156,0.745298385,0.170714895
1764505223.813022,-2.24322,1.32762,0.41202,-0.6201156,0.745298385,0.170714895
1764505223.8580723,-2.24322,1.32762,0.41202,-0.6201156,0.745298385,0.170714895
1764505223.8580723,-2.24322,1.32762,0.41202,-0.6201156,0.745298385,0.170714895
1764505223.8580723,-2.09062,-0.01526,1.81594,-0.620420775,0.74596977,0.17114214
1764505223.8580723,-2.09062,-0.01526,1.81594,-0.620420775,0.74596977,0.17114214
1764505223.8580723,-2.09062,-0.01526,1.81594,-0.620420775,0.74596977,0.17114214
1764505223.8580723,-2.09062,-0.01526,1.81594,-0.620420775,0.74596977,0.17114214
1764505223.8580723,-2.09062,-0.01526,1.81594,-0.620420775,0.74596977,0.17114214
1764505223.8580723,-2.09062,-0.01526,1.81594,-0.620420775,0.74596977,0.17114214
1764505223.8580723,-2.09062,-0.01526,1.81594,-0.620420775,0.74596977,0.17114214
1764505223.8580723,-2.09062,-0.01526,1.81594,-0.620420775,0.74596977,0.17114214
1764505223.8580723,-2.09062,-0.01526,1.81594,-0.620420775,0.74596977,0.17114214
1764505223.8580723,-2.09062,-0.01526,1.81594,-0.620420775,0.74596977,0.17114214
1764505223.8580723,-3.92182,0.57988,1.2208,-0.61950525,0.7482891,0.172668015
1764505223.8580723,-3.92182,0.57988,1.2208,-0.61950525,0.7482891,0.172668015
1764505223.8580723,-3.92182,0.57988,1.2208,-0.61950525,0.7482891,0.172668015
1764505223.8580723,-3.92182,0.57988,1.2208,-0.61950525,0.7482891,0.172668015
1764505223.8580723,-3.92182,0.57988,1.2208,-0.61950525,0.7482891,0.172668015
1764505223.8580723,-3.92182,0.57988,1.2208,-0.61950525,0.7482891,0.172668015
1764505223.8580723,-3.92182,0.57988,1.2208,-0.61950525,0.7482891,0.172668015
1764505223.8580723,-3.92182,0.57988,1.2208,-0.61950525,0.7482891,0.172668015
1764505223.8580723,-3.92182,0.57988,1.2208,-0.61950525,0.7482891,0.172668015
1764505223.8580723,-3.92182,0.57988,1.2208,-0.61950525,0.7482891,0.172668015
1764505223.8580723,-6.36342,1.84646,-0.57988,-0.619078005,0.74963187,0.17175249
1764505223.8590868,-6.36342,1.84646,-0.57988,-0.619078005,0.74963187,0.17175249
1764505223.9054854,-6.36342,1.84646,-0.57988,-0.619078005,0.74963187,0.17175249
1764505223.9054854,-6.36342,1.84646,-0.57988,-0.619078005,0.74963187,0.17175249
1764505223.9054854,-6.36342,1.84646,-0.57988,-0.619078005,0.74963187,0.17175249
1764505223.9054854,-6.36342,1.84646,-0.57988,-0.619078005,0.74963187,0.17175249
1764505223.9054854,-6.36342,1.84646,-0.57988,-0.619078005,0.74963187,0.17175249
1764505223.9054854,-6.36342,1.84646,-0.57988,-0.619078005,0.74963187,0.17175249
1764505223.9054854,-6.36342,1.84646,-0.57988,-0.619078005,0.74963187,0.17175249
1764505223.9054854,-6.36342,1.84646,-0.57988,-0.619078005,0.74963187,0.17175249
1764505223.9054854,-6.6381,2.48738,-0.82404,-0.61791834,0.7495098,0.17163042
1764505223.9054854,-6.6381,2.48738,-0.82404,-0.61791834,0.7495098,0.17163042
1764505223.9054854,-6.6381,2.48738,-0.82404,-0.61791834,0.7495098,0.17163042
1764505223.9054854,-6.6381,2.48738,-0.82404,-0.61791834,0.7495098,0.17163042
1764505223.9054854,-6.6381,2.48738,-0.82404,-0.61791834,0.7495098,0.17163042
1764505223.9054854,-6.6381,2.48738,-0.82404,-0.61791834,0.7495098,0.17163042
1764505223.9054854,-6.6381,2.48738,-0.82404,-0.61791834,0.7495098,0.17163042
1764505223.9054854,-6.6381,2.48738,-0.82404,-0.61791834,0.7495098,0.17163042
1764505223.9054854,-6.6381,2.48738,-0.82404,-0.61791834,0.7495098,0.17163042
1764505223.9054854,-6.6381,2.48738,-0.82404,-0.61791834,0.7495098,0.17163042
1764505223.9054854,-6.21082,1.58704,-0.42728,-0.617124885,0.748350135,0.172179735
1764505223.9054854,-6.21082,1.58704,-0.42728,-0.617124885,0.748350135,0.172179735
1764505223.9054854,-6.21082,1.58704,-0.42728,-0.617124885,0.748350135,0.172179735
1764505223.9054854,-6.21082,1.58704,-0.42728,-0.617124885,0.748350135,0.172179735
1764505223.954144,-6.21082,1.58704,-0.42728,-0.617124885,0.748350135,0.172179735
1764505223.954144,-6.21082,1.58704,-0.42728,-0.617124885,0.748350135,0.172179735
1764505223.955144,-6.21082,1.58704,-0.42728,-0.617124885,0.748350135,0.172179735
1764505223.955144,-6.21082,1.58704,-0.42728,-0.617124885,0.748350135,0.172179735
1764505223.955144,-6.21082,1.58704,-0.42728,-0.617124885,0.748350135,0.172179735
1764505223.955144,-6.21082,1.58704,-0.42728,-0.617124885,0.748350135,0.172179735
1764505223.955144,-4.45592,0.94612,0.50358,-0.615782115,0.746274945,0.17150835
1764505223.955144,-4.45592,0.94612,0.50358,-0.615782115,0.746274945,0.17150835
1764505223.955144,-4.45592,0.94612,0.50358,-0.615782115,0.746274945,0.17150835
1764505223.955144,-4.45592,0.94612,0.50358,-0.615782115,0.746274945,0.17150835
1764505223.955144,-4.45592,0.94612,0.50358,-0.615782115,0.746274945,0.17150835
1764505223.955144,-4.45592,0.94612,0.50358,-0.615782115,0.746274945,0.17150835
1764505223.955144,-4.45592,0.94612,0.50358,-0.615782115,0.746274945,0.17150835
1764505223.955144,-4.45592,0.94612,0.50358,-0.615782115,0.746274945,0.17150835
1764505223.955144,-4.45592,0.94612,0.50358,-0.615782115,0.746274945,0.17150835
1764505223.955144,-4.45592,0.94612,0.50358,-0.615782115,0.746274945,0.17150835
1764505223.955144,-3.60136,0.18312,0.01526,-0.613584855,0.74560356,0.170898
1764505223.955144,-3.60136,0.18312,0.01526,-0.613584855,0.74560356,0.170898
1764505223.955144,-3.60136,0.18312,0.01526,-0.613584855,0.74560356,0.170898
1764505223.955144,-3.60136,0.18312,0.01526,-0.613584855,0.74560356,0.170898
1764505223.955144,-3.60136,0.18312,0.01526,-0.613584855,0.74560356,0.170898
1764505223.955144,-3.60136,0.18312,0.01526,-0.613584855,0.74560356,0.170898
1764505223.955144,-3.60136,0.18312,0.01526,-0.613584855,0.74560356,0.170898
1764505223.955144,-3.60136,0.18312,0.01526,-0.613584855,0.74560356,0.170898
1764505223.996421,-3.60136,0.18312,0.01526,-0.613584855,0.74560356,0.170898
1764505223.996421,-3.60136,0.18312,0.01526,-0.613584855,0.74560356,0.170898
1764505223.996421,-3.6624,1.38866,0.71722,-0.614073135,0.74548149,0.170348685
1764505223.996421,-3.6624,1.38866,0.71722,-0.614073135,0.74548149,0.170348685
1764505223.996421,-3.6624,1.38866,0.71722,-0.614073135,0.74548149,0.170348685
1764505223.996421,-3.6624,1.38866,0.71722,-0.614073135,0.74548149,0.170348685
1764505223.9974332,-3.6624,1.38866,0.71722,-0.614073135,0.74548149,0.170348685
1764505223.9974332,-3.6624,1.38866,0.71722,-0.614073135,0.74548149,0.170348685
1764505223.9974332,-3.6624,1.38866,0.71722,-0.614073135,0.74548149,0.170348685
1764505223.9974332,-3.6624,1.38866,0.71722,-0.614073135,0.74548149,0.170348685
1764505223.9974332,-3.6624,1.38866,0.71722,-0.614073135,0.74548149,0.170348685
1764505223.9974332,-3.6624,1.38866,0.71722,-0.614073135,0.74548149,0.170348685
1764505223.9974332,-4.07442,1.19028,0.51884,-0.61535487,0.7460918400000001,0.17016558
1764505223.9974332,-4.07442,1.19028,0.51884,-0.61535487,0.7460918400000001,0.17016558
1764505223.9974332,-4.07442,1.19028,0.51884,-0.61535487,0.7460918400000001,0.17016558
1764505223.9974332,-4.07442,1.19028,0.51884,-0.61535487,0.7460918400000001,0.17016558
1764505223.9974332,-4.07442,1.19028,0.51884,-0.61535487,0.7460918400000001,0.17016558
1764505223.9974332,-4.07442,1.19028,0.51884,-0.61535487,0.7460918400000001,0.17016558
1764505223.9974332,-4.07442,1.19028,0.51884,-0.61535487,0.7460918400000001,0.17016558
1764505223.9974332,-4.07442,1.19028,0.51884,-0.61535487,0.7460918400000001,0.17016558
1764505223.9974332,-4.07442,1.19028,0.51884,-0.61535487,0.7460918400000001,0.17016558
1764505223.9974332,-4.07442,1.19028,0.51884,-0.61535487,0.7460918400000001,0.17016558
1764505223.9974332,-4.37962,0.96138,-0.18312,-0.61718592,0.745664595,0.169738335
1764505223.9974332,-4.37962,0.96138,-0.18312,-0.61718592,0.745664595,0.169738335
1764505223.9974332,-4.37962,0.96138,-0.18312,-0.61718592,0.745664595,0.169738335
1764505223.9974332,-4.37962,0.96138,-0.18312,-0.61718592,0.745664595,0.169738335
1764505224.046841,-4.37962,0.96138,-0.18312,-0.61718592,0.745664595,0.169738335
1764505224.046841,-4.37962,0.96138,-0.18312,-0.61718592,0.745664595,0.169738335
1764505224.046841,-4.37962,0.96138,-0.18312,-0.61718592,0.745664595,0.169738335
1764505224.046841,-4.37962,0.96138,-0.18312,-0.61718592,0.745664595,0.169738335
1764505224.046841,-4.37962,0.96138,-0.18312,-0.61718592,0.745664595,0.169738335
1764505224.046841,-4.37962,0.96138,-0.18312,-0.61718592,0.745664595,0.169738335
1764505224.046841,-3.3572,1.95328,-0.8087799999999999,-0.61669764,0.746030805,0.17065386
1764505224.046841,-3.3572,1.95328,-0.8087799999999999,-0.61669764,0.746030805,0.17065386
1764505224.046841,-3.3572,1.95328,-0.8087799999999999,-0.61669764,0.746030805,0.17065386
1764505224.046841,-3.3572,1.95328,-0.8087799999999999,-0.61669764,0.746030805,0.17065386
1764505224.046841,-3.3572,1.95328,-0.8087799999999999,-0.61669764,0.746030805,0.17065386
1764505224.046841,-3.3572,1.95328,-0.8087799999999999,-0.61669764,0.746030805,0.17065386
1764505224.046841,-3.3572,1.95328,-0.8087799999999999,-0.61669764,0.746030805,0.17065386
1764505224.046841,-3.3572,1.95328,-0.8087799999999999,-0.61669764,0.746030805,0.17065386
1764505224.046841,-3.3572,1.95328,-0.8087799999999999,-0.61669764,0.746030805,0.17065386
1764505224.046841,-3.3572,1.95328,-0.8087799999999999,-0.61669764,0.746030805,0.17065386
1764505224.046841,-2.77732,2.77732,-0.6103999999999999,-0.6164535,0.744932175,0.17175249
1764505224.046841,-2.77732,2.77732,-0.6103999999999999,-0.6164535,0.744932175,0.17175249
1764505224.046841,-2.77732,2.77732,-0.6103999999999999,-0.6164535,0.744932175,0.17175249
1764505224.046841,-2.77732,2.77732,-0.6103999999999999,-0.6164535,0.744932175,0.17175249
1764505224.046841,-2.77732,2.77732,-0.6103999999999999,-0.6164535,0.744932175,0.17175249
1764505224.046841,-2.77732,2.77732,-0.6103999999999999,-0.6164535,0.744932175,0.17175249
1764505224.046841,-2.77732,2.77732,-0.6103999999999999,-0.6164535,0.744932175,0.17175249
1764505224.046841,-2.77732,2.77732,-0.6103999999999999,-0.6164535,0.744932175,0.17175249
1764505224.0956638,-2.77732,2.77732,-0.6103999999999999,-0.6164535,0.744932175,0.17175249
1764505224.0956638,-2.77732,2.77732,-0.6103999999999999,-0.6164535,0.744932175,0.17175249
1764505224.0956638,-2.62472,2.48738,-0.44254,-0.617735235,0.74535942,0.1721187
1764505224.0956638,-2.62472,2.48738,-0.44254,-0.617735235,0.74535942,0.1721187
1764505224.0956638,-2.62472,2.48738,-0.44254,-0.617735235,0.74535942,0.1721187
1764505224.0956638,-2.62472,2.48738,-0.44254,-0.617735235,0.74535942,0.1721187
1764505224.0956638,-2.62472,2.48738,-0.44254,-0.617735235,0.74535942,0.1721187
1764505224.0956638,-2.62472,2.48738,-0.44254,-0.617735235,0.74535942,0.1721187
1764505224.0956638,-2.62472,2.48738,-0.44254,-0.617735235,0.74535942,0.1721187
1764505224.0956638,-2.62472,2.48738,-0.44254,-0.617735235,0.74535942,0.1721187
1764505224.0956638,-2.62472,2.48738,-0.44254,-0.617735235,0.74535942,0.1721187
1764505224.0956638,-2.62472,2.48738,-0.44254,-0.617735235,0.74535942,0.1721187
1764505224.0956638,-3.7387,0.56462,0.01526,-0.61901697,0.74719047,0.17224077
1764505224.0956638,-3.7387,0.56462,0.01526,-0.61901697,0.74719047,0.17224077
1764505224.0956638,-3.7387,0.56462,0.01526,-0.61901697,0.74719047,0.17224077
1764505224.0956638,-3.7387,0.56462,0.01526,-0.61901697,0.74719047,0.17224077
1764505224.0956638,-3.7387,0.56462,0.01526,-0.61901697,0.74719047,0.17224077
1764505224.0956638,-3.7387,0.56462,0.01526,-0.61901697,0.74719047,0.17224077
1764505224.0956638,-3.7387,0.56462,0.01526,-0.61901697,0.74719047,0.17224077
1764505224.0956638,-3.7387,0.56462,0.01526,-0.61901697,0.74719047,0.17224077
1764505224.0956638,-3.7387,0.56462,0.01526,-0.61901697,0.74719047,0.17224077
1764505224.0956638,-3.7387,0.56462,0.01526,-0.61901697,0.74719047,0.17224077
1764505224.0956638,-4.08968,0.8087799999999999,-0.3357199999999999,-0.6182235150000001,0.74755668,0.171813525
1764505224.0956638,-4.08968,0.8087799999999999,-0.3357199999999999,-0.6182235150000001,0.74755668,0.171813525
1764505224.1391947,-4.08968,0.8087799999999999,-0.3357199999999999,-0.6182235150000001,0.74755668,0.171813525
1764505224.1391947,-4.08968,0.8087799999999999,-0.3357199999999999,-0.6182235150000001,0.74755668,0.171813525
1764505224.1391947,-4.08968,0.8087799999999999,-0.3357199999999999,-0.6182235150000001,0.74755668,0.171813525
1764505224.1391947,-4.08968,0.8087799999999999,-0.3357199999999999,-0.6182235150000001,0.74755668,0.171813525
1764505224.1391947,-4.08968,0.8087799999999999,-0.3357199999999999,-0.6182235150000001,0.74755668,0.171813525
1764505224.1391947,-4.08968,0.8087799999999999,-0.3357199999999999,-0.6182235150000001,0.74755668,0.171813525
1764505224.1391947,-4.08968,0.8087799999999999,-0.3357199999999999,-0.6182235150000001,0.74755668,0.171813525
1764505224.1391947,-4.08968,0.8087799999999999,-0.3357199999999999,-0.6182235150000001,0.74755668,0.171813525
1764505224.14072,-5.05106,1.0682,-1.61756,-0.6182235150000001,0.746519085,0.17126421
1764505224.14072,-5.05106,1.0682,-1.61756,-0.6182235150000001,0.746519085,0.17126421
1764505224.14072,-5.05106,1.0682,-1.61756,-0.6182235150000001,0.746519085,0.17126421
1764505224.14072,-5.05106,1.0682,-1.61756,-0.6182235150000001,0.746519085,0.17126421
1764505224.14072,-5.05106,1.0682,-1.61756,-0.6182235150000001,0.746519085,0.17126421
1764505224.14072,-5.05106,1.0682,-1.61756,-0.6182235150000001,0.746519085,0.17126421
1764505224.1417298,-5.05106,1.0682,-1.61756,-0.6182235150000001,0.746519085,0.17126421
1764505224.1417298,-5.05106,1.0682,-1.61756,-0.6182235150000001,0.746519085,0.17126421
1764505224.1417298,-5.05106,1.0682,-1.61756,-0.6182235150000001,0.746519085,0.17126421
1764505224.1417298,-5.05106,1.0682,-1.61756,-0.6182235150000001,0.746519085,0.17126421
1764505224.1427276,-2.94518,1.35814,-1.6786,-0.61901697,0.74572563,0.170470755
1764505224.1427276,-2.94518,1.35814,-1.6786,-0.61901697,0.74572563,0.170470755
1764505224.1427276,-2.94518,1.35814,-1.6786,-0.61901697,0.74572563,0.170470755
1764505224.1427276,-2.94518,1.35814,-1.6786,-0.61901697,0.74572563,0.170470755
1764505224.18629,-2.94518,1.35814,-1.6786,-0.61901697,0.74572563,0.170470755
1764505224.18629,-2.94518,1.35814,-1.6786,-0.61901697,0.74572563,0.170470755
1764505224.18629,-2.94518,1.35814,-1.6786,-0.61901697,0.74572563,0.170470755
1764505224.18629,-2.94518,1.35814,-1.6786,-0.61901697,0.74572563,0.170470755
1764505224.18629,-2.94518,1.35814,-1.6786,-0.61901697,0.74572563,0.170470755
1764505224.18629,-2.94518,1.35814,-1.6786,-0.61901697,0.74572563,0.170470755
1764505224.18629,-2.57894,1.34288,-1.81594,-0.618955935,0.74413872,0.170959035
1764505224.18629,-2.57894,1.34288,-1.81594,-0.618955935,0.74413872,0.170959035
1764505224.18629,-2.57894,1.34288,-1.81594,-0.618955935,0.74413872,0.170959035
1764505224.18629,-2.57894,1.34288,-1.81594,-0.618955935,0.74413872,0.170959035
1764505224.18629,-2.57894,1.34288,-1.81594,-0.618955935,0.74413872,0.170959035
1764505224.18629,-2.57894,1.34288,-1.81594,-0.618955935,0.74413872,0.170959035
1764505224.18629,-2.57894,1.34288,-1.81594,-0.618955935,0.74413872,0.170959035
1764505224.18629,-2.57894,1.34288,-1.81594,-0.618955935,0.74413872,0.170959035
1764505224.18629,-2.57894,1.34288,-1.81594,-0.618955935,0.74413872,0.170959035
1764505224.18629,-2.57894,1.34288,-1.81594,-0.618955935,0.74413872,0.170959035
1764505224.18629,-2.92992,2.92992,-2.0601,-0.6182235150000001,0.74438286,0.1696773
1764505224.18629,-2.92992,2.92992,-2.0601,-0.6182235150000001,0.74438286,0.1696773
1764505224.18629,-2.92992,2.92992,-2.0601,-0.6182235150000001,0.74438286,0.1696773
1764505224.18629,-2.92992,2.92992,-2.0601,-0.6182235150000001,0.74438286,0.1696773
1764505224.18629,-2.92992,2.92992,-2.0601,-0.6182235150000001,0.74438286,0.1696773
1764505224.18629,-2.92992,2.92992,-2.0601,-0.6182235150000001,0.74438286,0.1696773
1764505224.2314696,-2.92992,2.92992,-2.0601,-0.6182235150000001,0.74438286,0.1696773
1764505224.2314696,-2.92992,2.92992,-2.0601,-0.6182235150000001,0.74438286,0.1696773
1764505224.2314696,-2.92992,2.92992,-2.0601,-0.6182235150000001,0.74438286,0.1696773
1764505224.2324853,-2.92992,2.92992,-2.0601,-0.6182235150000001,0.74438286,0.1696773
1764505224.2335005,-4.48644,2.50264,-2.10588,-0.61840662,0.747251505,0.169494195
1764505224.2335005,-4.48644,2.50264,-2.10588,-0.61840662,0.747251505,0.169494195
1764505224.2335005,-4.48644,2.50264,-2.10588,-0.61840662,0.747251505,0.169494195
1764505224.2335005,-4.48644,2.50264,-2.10588,-0.61840662,0.747251505,0.169494195
1764505224.2335005,-4.48644,2.50264,-2.10588,-0.61840662,0.747251505,0.169494195
1764505224.2335005,-4.48644,2.50264,-2.10588,-0.61840662,0.747251505,0.169494195
1764505224.2335005,-4.48644,2.50264,-2.10588,-0.61840662,0.747251505,0.169494195
1764505224.2335005,-4.48644,2.50264,-2.10588,-0.61840662,0.747251505,0.169494195
1764505224.2335005,-4.48644,2.50264,-2.10588,-0.61840662,0.747251505,0.169494195
1764505224.2335005,-4.48644,2.50264,-2.10588,-0.61840662,0.747251505,0.169494195
1764505224.2335005,-4.059159999999999,2.18218,-1.17502,-0.61816248,0.7476787500000001,0.169860405
1764505224.2335005,-4.059159999999999,2.18218,-1.17502,-0.61816248,0.7476787500000001,0.169860405
1764505224.2335005,-4.059159999999999,2.18218,-1.17502,-0.61816248,0.7476787500000001,0.169860405
1764505224.2344997,-4.059159999999999,2.18218,-1.17502,-0.61816248,0.7476787500000001,0.169860405
1764505224.2344997,-4.059159999999999,2.18218,-1.17502,-0.61816248,0.7476787500000001,0.169860405
1764505224.2344997,-4.059159999999999,2.18218,-1.17502,-0.61816248,0.7476787500000001,0.169860405
1764505224.2344997,-4.059159999999999,2.18218,-1.17502,-0.61816248,0.7476787500000001,0.169860405
1764505224.2344997,-4.059159999999999,2.18218,-1.17502,-0.61816248,0.7476787500000001,0.169860405
1764505224.2354994,-4.059159999999999,2.18218,-1.17502,-0.61816248,0.7476787500000001,0.169860405
1764505224.2354994,-4.059159999999999,2.18218,-1.17502,-0.61816248,0.7476787500000001,0.169860405
1764505224.2810528,-2.19744,0.96138,-0.5341,-0.619078005,0.747983925,0.17114214
1764505224.2810528,-2.19744,0.96138,-0.5341,-0.619078005,0.747983925,0.17114214
1764505224.2810528,-2.19744,0.96138,-0.5341,-0.619078005,0.747983925,0.17114214
1764505224.2810528,-2.19744,0.96138,-0.5341,-0.619078005,0.747983925,0.17114214
1764505224.2810528,-2.19744,0.96138,-0.5341,-0.619078005,0.747983925,0.17114214
1764505224.2810528,-2.19744,0.96138,-0.5341,-0.619078005,0.747983925,0.17114214
1764505224.2810528,-2.19744,0.96138,-0.5341,-0.619078005,0.747983925,0.17114214
1764505224.2810528,-2.19744,0.96138,-0.5341,-0.619078005,0.747983925,0.17114214
1764505224.2810528,-2.19744,0.96138,-0.5341,-0.619078005,0.747983925,0.17114214
1764505224.2810528,-2.19744,0.96138,-0.5341,-0.619078005,0.747983925,0.17114214
1764505224.2810528,-2.50264,1.02242,-0.0762999999999999,-0.620542845,0.748960485,0.171203175
1764505224.2810528,-2.50264,1.02242,-0.0762999999999999,-0.620542845,0.748960485,0.171203175
1764505224.2810528,-2.50264,1.02242,-0.0762999999999999,-0.620542845,0.748960485,0.171203175
1764505224.2810528,-2.50264,1.02242,-0.0762999999999999,-0.620542845,0.748960485,0.171203175
1764505224.2810528,-2.50264,1.02242,-0.0762999999999999,-0.620542845,0.748960485,0.171203175
1764505224.2810528,-2.50264,1.02242,-0.0762999999999999,-0.620542845,0.748960485,0.171203175
1764505224.2810528,-2.50264,1.02242,-0.0762999999999999,-0.620542845,0.748960485,0.171203175
1764505224.2810528,-2.50264,1.02242,-0.0762999999999999,-0.620542845,0.748960485,0.171203175
1764505224.2810528,-2.50264,1.02242,-0.0762999999999999,-0.620542845,0.748960485,0.171203175
1764505224.2810528,-2.50264,1.02242,-0.0762999999999999,-0.620542845,0.748960485,0.171203175
1764505224.2810528,-4.16598,1.2055399999999998,-0.24416,-0.62109216,0.75060843,0.17114214
1764505224.2810528,-4.16598,1.2055399999999998,-0.24416,-0.62109216,0.75060843,0.17114214
1764505224.3236864,-4.16598,1.2055399999999998,-0.24416,-0.62109216,0.75060843,0.17114214
1764505224.3236864,-4.16598,1.2055399999999998,-0.24416,-0.62109216,0.75060843,0.17114214
1764505224.3236864,-4.16598,1.2055399999999998,-0.24416,-0.62109216,0.75060843,0.17114214
1764505224.3236864,-4.16598,1.2055399999999998,-0.24416,-0.62109216,0.75060843,0.17114214
1764505224.3236864,-4.16598,1.2055399999999998,-0.24416,-0.62109216,0.75060843,0.17114214
1764505224.3246968,-4.16598,1.2055399999999998,-0.24416,-0.62109216,0.75060843,0.17114214
1764505224.3246968,-4.16598,1.2055399999999998,-0.24416,-0.62109216,0.75060843,0.17114214
1764505224.3246968,-4.16598,1.2055399999999998,-0.24416,-0.62109216,0.75060843,0.17114214
1764505224.3246968,-4.66956,1.34288,-0.42728,-0.620664915,0.75158499,0.172057665
1764505224.3246968,-4.66956,1.34288,-0.42728,-0.620664915,0.75158499,0.172057665
1764505224.3256984,-4.66956,1.34288,-0.42728,-0.620664915,0.75158499,0.172057665
1764505224.3256984,-4.66956,1.34288,-0.42728,-0.620664915,0.75158499,0.172057665
1764505224.3256984,-4.66956,1.34288,-0.42728,-0.620664915,0.75158499,0.172057665
1764505224.3256984,-4.66956,1.34288,-0.42728,-0.620664915,0.75158499,0.172057665
1764505224.3256984,-4.66956,1.34288,-0.42728,-0.620664915,0.75158499,0.172057665
1764505224.3256984,-4.66956,1.34288,-0.42728,-0.620664915,0.75158499,0.172057665
1764505224.3256984,-4.66956,1.34288,-0.42728,-0.620664915,0.75158499,0.172057665
1764505224.3256984,-4.66956,1.34288,-0.42728,-0.620664915,0.75158499,0.172057665
1764505224.3256984,-5.78354,1.41918,-0.04578,-0.620176635,0.751401885,0.17236284
1764505224.3256984,-5.78354,1.41918,-0.04578,-0.620176635,0.751401885,0.17236284
1764505224.3256984,-5.78354,1.41918,-0.04578,-0.620176635,0.751401885,0.17236284
1764505224.3256984,-5.78354,1.41918,-0.04578,-0.620176635,0.751401885,0.17236284
1764505224.3256984,-5.78354,1.41918,-0.04578,-0.620176635,0.751401885,0.17236284
1764505224.3256984,-5.78354,1.41918,-0.04578,-0.620176635,0.751401885,0.17236284
1764505224.3256984,-5.78354,1.41918,-0.04578,-0.620176635,0.751401885,0.17236284
1764505224.3256984,-5.78354,1.41918,-0.04578,-0.620176635,0.751401885,0.17236284
1764505224.373417,-5.78354,1.41918,-0.04578,-0.620176635,0.751401885,0.17236284
1764505224.373417,-5.78354,1.41918,-0.04578,-0.620176635,0.751401885,0.17236284
1764505224.373417,-6.01244,1.57178,0.763,-0.62109216,0.750547395,0.1721187
1764505224.373417,-6.01244,1.57178,0.763,-0.62109216,0.750547395,0.1721187
1764505224.3743165,-6.01244,1.57178,0.763,-0.62109216,0.750547395,0.1721187
1764505224.3743165,-6.01244,1.57178,0.763,-0.62109216,0.750547395,0.1721187
1764505224.3746006,-6.01244,1.57178,0.763,-0.62109216,0.750547395,0.1721187
1764505224.374677,-6.01244,1.57178,0.763,-0.62109216,0.750547395,0.1721187
1764505224.374677,-6.01244,1.57178,0.763,-0.62109216,0.750547395,0.1721187
1764505224.374677,-6.01244,1.57178,0.763,-0.62109216,0.750547395,0.1721187
1764505224.374677,-6.01244,1.57178,0.763,-0.62109216,0.750547395,0.1721187
1764505224.374677,-6.01244,1.57178,0.763,-0.62109216,0.750547395,0.1721187
1764505224.374677,-6.74492,1.81594,0.47306,-0.62121423,0.74841117,0.17187456
1764505224.374677,-6.74492,1.81594,0.47306,-0.62121423,0.74841117,0.17187456
1764505224.375691,-6.74492,1.81594,0.47306,-0.62121423,0.74841117,0.17187456
1764505224.375691,-6.74492,1.81594,0.47306,-0.62121423,0.74841117,0.17187456
1764505224.375691,-6.74492,1.81594,0.47306,-0.62121423,0.74841117,0.17187456
1764505224.375691,-6.74492,1.81594,0.47306,-0.62121423,0.74841117,0.17187456
1764505224.375691,-6.74492,1.81594,0.47306,-0.62121423,0.74841117,0.17187456
1764505224.375691,-6.74492,1.81594,0.47306,-0.62121423,0.74841117,0.17187456
1764505224.375691,-6.74492,1.81594,0.47306,-0.62121423,0.74841117,0.17187456
1764505224.375691,-6.74492,1.81594,0.47306,-0.62121423,0.74841117,0.17187456
1764505224.4190493,-5.31048,0.8392999999999999,0.21364,-0.62121423,0.74535942,0.171203175
1764505224.4190493,-5.31048,0.8392999999999999,0.21364,-0.62121423,0.74535942,0.171203175
1764505224.4190493,-5.31048,0.8392999999999999,0.21364,-0.62121423,0.74535942,0.171203175
1764505224.4190493,-5.31048,0.8392999999999999,0.21364,-0.62121423,0.74535942,0.171203175
1764505224.4190493,-5.31048,0.8392999999999999,0.21364,-0.62121423,0.74535942,0.171203175
1764505224.4190493,-5.31048,0.8392999999999999,0.21364,-0.62121423,0.74535942,0.171203175
1764505224.4200647,-5.31048,0.8392999999999999,0.21364,-0.62121423,0.74535942,0.171203175
1764505224.4200647,-5.31048,0.8392999999999999,0.21364,-0.62121423,0.74535942,0.171203175
1764505224.4200647,-5.31048,0.8392999999999999,0.21364,-0.62121423,0.74535942,0.171203175
1764505224.4200647,-5.31048,0.8392999999999999,0.21364,-0.62121423,0.74535942,0.171203175
1764505224.4200647,-4.059159999999999,0.25942,0.44254,-0.621641475,0.74487114,0.169982475
1764505224.4200647,-4.059159999999999,0.25942,0.44254,-0.621641475,0.74487114,0.169982475
1764505224.42058,-4.059159999999999,0.25942,0.44254,-0.621641475,0.74487114,0.169982475
1764505224.42058,-4.059159999999999,0.25942,0.44254,-0.621641475,0.74487114,0.169982475
1764505224.42058,-4.059159999999999,0.25942,0.44254,-0.621641475,0.74487114,0.169982475
1764505224.42058,-4.059159999999999,0.25942,0.44254,-0.621641475,0.74487114,0.169982475
1764505224.42058,-4.059159999999999,0.25942,0.44254,-0.621641475,0.74487114,0.169982475
1764505224.42058,-4.059159999999999,0.25942,0.44254,-0.621641475,0.74487114,0.169982475
1764505224.42058,-4.059159999999999,0.25942,0.44254,-0.621641475,0.74487114,0.169982475
1764505224.42058,-4.059159999999999,0.25942,0.44254,-0.621641475,0.74487114,0.169982475
1764505224.42058,-3.31142,0.39676,0.48832,-0.620786985,0.743589405,0.170226615
1764505224.42058,-3.31142,0.39676,0.48832,-0.620786985,0.743589405,0.170226615
1764505224.422593,-3.31142,0.39676,0.48832,-0.620786985,0.743589405,0.170226615
1764505224.422593,-3.31142,0.39676,0.48832,-0.620786985,0.743589405,0.170226615
1764505224.422593,-3.31142,0.39676,0.48832,-0.620786985,0.743589405,0.170226615
1764505224.423595,-3.31142,0.39676,0.48832,-0.620786985,0.743589405,0.170226615
1764505224.4649696,-3.31142,0.39676,0.48832,-0.620786985,0.743589405,0.170226615
1764505224.4649696,-3.31142,0.39676,0.48832,-0.620786985,0.743589405,0.170226615
1764505224.4659853,-3.31142,0.39676,0.48832,-0.620786985,0.743589405,0.170226615
1764505224.4659853,-3.31142,0.39676,0.48832,-0.620786985,0.743589405,0.170226615
1764505224.4659853,-2.62472,0.94612,0.42728,-0.620054565,0.741636285,0.17138628
1764505224.4669776,-2.62472,0.94612,0.42728,-0.620054565,0.741636285,0.17138628
1764505224.4669776,-2.62472,0.94612,0.42728,-0.620054565,0.741636285,0.17138628
1764505224.4669776,-2.62472,0.94612,0.42728,-0.620054565,0.741636285,0.17138628
1764505224.4669776,-2.62472,0.94612,0.42728,-0.620054565,0.741636285,0.17138628
1764505224.4669776,-2.62472,0.94612,0.42728,-0.620054565,0.741636285,0.17138628
1764505224.4669776,-2.62472,0.94612,0.42728,-0.620054565,0.741636285,0.17138628
1764505224.4669776,-2.62472,0.94612,0.42728,-0.620054565,0.741636285,0.17138628
1764505224.4669776,-2.62472,0.94612,0.42728,-0.620054565,0.741636285,0.17138628
1764505224.467976,-2.62472,0.94612,0.42728,-0.620054565,0.741636285,0.17138628
1764505224.467976,-1.93802,0.6714399999999999,0.5341,-0.621031125,0.742124565,0.16979937
1764505224.467976,-1.93802,0.6714399999999999,0.5341,-0.621031125,0.742124565,0.16979937
1764505224.467976,-1.93802,0.6714399999999999,0.5341,-0.621031125,0.742124565,0.16979937
1764505224.467976,-1.93802,0.6714399999999999,0.5341,-0.621031125,0.742124565,0.16979937
1764505224.467976,-1.93802,0.6714399999999999,0.5341,-0.621031125,0.742124565,0.16979937
1764505224.467976,-1.93802,0.6714399999999999,0.5341,-0.621031125,0.742124565,0.16979937
1764505224.512799,-1.93802,0.6714399999999999,0.5341,-0.621031125,0.742124565,0.16979937
1764505224.512799,-1.93802,0.6714399999999999,0.5341,-0.621031125,0.742124565,0.16979937
1764505224.512799,-1.93802,0.6714399999999999,0.5341,-0.621031125,0.742124565,0.16979937
1764505224.512799,-1.93802,0.6714399999999999,0.5341,-0.621031125,0.742124565,0.16979937
1764505224.512799,-2.5179,-0.42728,1.31236,-0.623716665,0.744199755,0.169005915
1764505224.512799,-2.5179,-0.42728,1.31236,-0.623716665,0.744199755,0.169005915
1764505224.512799,-2.5179,-0.42728,1.31236,-0.623716665,0.744199755,0.169005915
1764505224.512799,-2.5179,-0.42728,1.31236,-0.623716665,0.744199755,0.169005915
1764505224.512799,-2.5179,-0.42728,1.31236,-0.623716665,0.744199755,0.169005915
1764505224.512799,-2.5179,-0.42728,1.31236,-0.623716665,0.744199755,0.169005915
1764505224.512799,-2.5179,-0.42728,1.31236,-0.623716665,0.744199755,0.169005915
1764505224.512799,-2.5179,-0.42728,1.31236,-0.623716665,0.744199755,0.169005915
1764505224.512799,-2.5179,-0.42728,1.31236,-0.623716665,0.744199755,0.169005915
1764505224.512799,-2.5179,-0.42728,1.31236,-0.623716665,0.744199755,0.169005915
1764505224.512799,-3.64714,-0.25942,0.1525999999999999,-0.623838735,0.746885295,0.16821246
1764505224.512799,-3.64714,-0.25942,0.1525999999999999,-0.623838735,0.746885295,0.16821246
1764505224.512799,-3.64714,-0.25942,0.1525999999999999,-0.623838735,0.746885295,0.16821246
1764505224.5137987,-3.64714,-0.25942,0.1525999999999999,-0.623838735,0.746885295,0.16821246
1764505224.5137987,-3.64714,-0.25942,0.1525999999999999,-0.623838735,0.746885295,0.16821246
1764505224.5137987,-3.64714,-0.25942,0.1525999999999999,-0.623838735,0.746885295,0.16821246
1764505224.5147958,-3.64714,-0.25942,0.1525999999999999,-0.623838735,0.746885295,0.16821246
1764505224.5147958,-3.64714,-0.25942,0.1525999999999999,-0.623838735,0.746885295,0.16821246
1764505224.5147958,-3.64714,-0.25942,0.1525999999999999,-0.623838735,0.746885295,0.16821246
1764505224.5147958,-3.64714,-0.25942,0.1525999999999999,-0.623838735,0.746885295,0.16821246
1764505224.5613897,-3.61662,1.28184,-0.94612,-0.62158044,0.749204625,0.168883845
1764505224.5613897,-3.61662,1.28184,-0.94612,-0.62158044,0.749204625,0.168883845
1764505224.5613897,-3.61662,1.28184,-0.94612,-0.62158044,0.749204625,0.168883845
1764505224.5613897,-3.61662,1.28184,-0.94612,-0.62158044,0.749204625,0.168883845
1764505224.5613897,-3.61662,1.28184,-0.94612,-0.62158044,0.749204625,0.168883845
1764505224.5613897,-3.61662,1.28184,-0.94612,-0.62158044,0.749204625,0.168883845
1764505224.5613897,-3.61662,1.28184,-0.94612,-0.62158044,0.749204625,0.168883845
1764505224.5613897,-3.61662,1.28184,-0.94612,-0.62158044,0.749204625,0.168883845
1764505224.5613897,-3.61662,1.28184,-0.94612,-0.62158044,0.749204625,0.168883845
1764505224.5624075,-3.61662,1.28184,-0.94612,-0.62158044,0.749204625,0.168883845
1764505224.5624075,-4.39488,2.53316,-0.73248,-0.62097009,0.748472205,0.169494195
1764505224.5624075,-4.39488,2.53316,-0.73248,-0.62097009,0.748472205,0.169494195
1764505224.5624075,-4.39488,2.53316,-0.73248,-0.62097009,0.748472205,0.169494195
1764505224.5624075,-4.39488,2.53316,-0.73248,-0.62097009,0.748472205,0.169494195
1764505224.5624075,-4.39488,2.53316,-0.73248,-0.62097009,0.748472205,0.169494195
1764505224.5624075,-4.39488,2.53316,-0.73248,-0.62097009,0.748472205,0.169494195
1764505224.5624075,-4.39488,2.53316,-0.73248,-0.62097009,0.748472205,0.169494195
1764505224.5624075,-4.39488,2.53316,-0.73248,-0.62097009,0.748472205,0.169494195
1764505224.5624075,-4.39488,2.53316,-0.73248,-0.62097009,0.748472205,0.169494195
1764505224.5624075,-4.39488,2.53316,-0.73248,-0.62097009,0.748472205,0.169494195
1764505224.5624075,-5.20366,1.2971,0.18312,-0.6201156,0.7476787500000001,0.16992144
1764505224.5624075,-5.20366,1.2971,0.18312,-0.6201156,0.7476787500000001,0.16992144
1764505224.5624075,-5.20366,1.2971,0.18312,-0.6201156,0.7476787500000001,0.16992144
1764505224.5624075,-5.20366,1.2971,0.18312,-0.6201156,0.7476787500000001,0.16992144
1764505224.6076086,-5.20366,1.2971,0.18312,-0.6201156,0.7476787500000001,0.16992144
1764505224.6076086,-5.20366,1.2971,0.18312,-0.6201156,0.7476787500000001,0.16992144
1764505224.6076086,-5.20366,1.2971,0.18312,-0.6201156,0.7476787500000001,0.16992144
1764505224.6076086,-5.20366,1.2971,0.18312,-0.6201156,0.7476787500000001,0.16992144
1764505224.6076086,-5.20366,1.2971,0.18312,-0.6201156,0.7476787500000001,0.16992144
1764505224.6076086,-5.20366,1.2971,0.18312,-0.6201156,0.7476787500000001,0.16992144
1764505224.6076086,-4.37962,-0.3509799999999999,1.0682,-0.6201156,0.74694633,0.170470755
1764505224.6076086,-4.37962,-0.3509799999999999,1.0682,-0.6201156,0.74694633,0.170470755
1764505224.6076086,-4.37962,-0.3509799999999999,1.0682,-0.6201156,0.74694633,0.170470755
1764505224.6076086,-4.37962,-0.3509799999999999,1.0682,-0.6201156,0.74694633,0.170470755
1764505224.6076086,-4.37962,-0.3509799999999999,1.0682,-0.6201156,0.74694633,0.170470755
1764505224.6076086,-4.37962,-0.3509799999999999,1.0682,-0.6201156,0.74694633,0.170470755
1764505224.6076086,-4.37962,-0.3509799999999999,1.0682,-0.6201156,0.74694633,0.170470755
1764505224.6076086,-4.37962,-0.3509799999999999,1.0682,-0.6201156,0.74694633,0.170470755
1764505224.6076086,-4.37962,-0.3509799999999999,1.0682,-0.6201156,0.74694633,0.170470755
1764505224.6076086,-4.37962,-0.3509799999999999,1.0682,-0.6201156,0.74694633,0.170470755
1764505224.6076086,-4.15072,0.3204599999999999,0.763,-0.6202987050000001,0.74731254,0.171325245
1764505224.6093352,-4.15072,0.3204599999999999,0.763,-0.6202987050000001,0.74731254,0.171325245
1764505224.6093352,-4.15072,0.3204599999999999,0.763,-0.6202987050000001,0.74731254,0.171325245
1764505224.6093352,-4.15072,0.3204599999999999,0.763,-0.6202987050000001,0.74731254,0.171325245
1764505224.6093352,-4.15072,0.3204599999999999,0.763,-0.6202987050000001,0.74731254,0.171325245
1764505224.6093352,-4.15072,0.3204599999999999,0.763,-0.6202987050000001,0.74731254,0.171325245
1764505224.657068,-4.15072,0.3204599999999999,0.763,-0.6202987050000001,0.74731254,0.171325245
1764505224.657068,-4.15072,0.3204599999999999,0.763,-0.6202987050000001,0.74731254,0.171325245
1764505224.657068,-4.15072,0.3204599999999999,0.763,-0.6202987050000001,0.74731254,0.171325245
1764505224.6580794,-4.15072,0.3204599999999999,0.763,-0.6202987050000001,0.74731254,0.171325245
1764505224.6580794,-5.38678,2.04484,-0.18312,-0.62035974,0.746519085,0.171081105
1764505224.6580794,-5.38678,2.04484,-0.18312,-0.62035974,0.746519085,0.171081105
1764505224.6580794,-5.38678,2.04484,-0.18312,-0.62035974,0.746519085,0.171081105
1764505224.6580794,-5.38678,2.04484,-0.18312,-0.62035974,0.746519085,0.171081105
1764505224.6580794,-5.38678,2.04484,-0.18312,-0.62035974,0.746519085,0.171081105
1764505224.6590762,-5.38678,2.04484,-0.18312,-0.62035974,0.746519085,0.171081105
1764505224.6590762,-5.38678,2.04484,-0.18312,-0.62035974,0.746519085,0.171081105
1764505224.6590762,-5.38678,2.04484,-0.18312,-0.62035974,0.746519085,0.171081105
1764505224.6590762,-5.38678,2.04484,-0.18312,-0.62035974,0.746519085,0.171081105
1764505224.6590762,-5.38678,2.04484,-0.18312,-0.62035974,0.746519085,0.171081105
1764505224.6590762,-4.715339999999999,1.02242,-1.1445,-0.620420775,0.74658012,0.17053179
1764505224.6590762,-4.715339999999999,1.02242,-1.1445,-0.620420775,0.74658012,0.17053179
1764505224.6590762,-4.715339999999999,1.02242,-1.1445,-0.620420775,0.74658012,0.17053179
1764505224.6590762,-4.715339999999999,1.02242,-1.1445,-0.620420775,0.74658012,0.17053179
1764505224.6590762,-4.715339999999999,1.02242,-1.1445,-0.620420775,0.74658012,0.17053179
1764505224.660478,-4.715339999999999,1.02242,-1.1445,-0.620420775,0.74658012,0.17053179
1764505224.660478,-4.715339999999999,1.02242,-1.1445,-0.620420775,0.74658012,0.17053179
1764505224.660478,-4.715339999999999,1.02242,-1.1445,-0.620420775,0.74658012,0.17053179
1764505224.660478,-4.715339999999999,1.02242,-1.1445,-0.620420775,0.74658012,0.17053179
1764505224.660478,-4.715339999999999,1.02242,-1.1445,-0.620420775,0.74658012,0.17053179
1764505224.6609895,-3.46402,1.00716,-0.3204599999999999,-0.619078005,0.74755668,0.16955523
1764505224.6609895,-3.46402,1.00716,-0.3204599999999999,-0.619078005,0.74755668,0.16955523
1764505224.7009673,-3.46402,1.00716,-0.3204599999999999,-0.619078005,0.74755668,0.16955523
1764505224.7009673,-3.46402,1.00716,-0.3204599999999999,-0.619078005,0.74755668,0.16955523
1764505224.7009673,-3.46402,1.00716,-0.3204599999999999,-0.619078005,0.74755668,0.16955523
1764505224.7009673,-3.46402,1.00716,-0.3204599999999999,-0.619078005,0.74755668,0.16955523
1764505224.7009673,-3.46402,1.00716,-0.3204599999999999,-0.619078005,0.74755668,0.16955523
1764505224.7009673,-3.46402,1.00716,-0.3204599999999999,-0.619078005,0.74755668,0.16955523
1764505224.7029774,-3.46402,1.00716,-0.3204599999999999,-0.619078005,0.74755668,0.16955523
1764505224.7029774,-3.46402,1.00716,-0.3204599999999999,-0.619078005,0.74755668,0.16955523
1764505224.7029774,-3.5861,0.3509799999999999,0.6867,-0.61901697,0.74877738,0.169372125
1764505224.7029774,-3.5861,0.3509799999999999,0.6867,-0.61901697,0.74877738,0.169372125
1764505224.7029774,-3.5861,0.3509799999999999,0.6867,-0.61901697,0.74877738,0.169372125
1764505224.7040582,-3.5861,0.3509799999999999,0.6867,-0.61901697,0.74877738,0.169372125
1764505224.7040582,-3.5861,0.3509799999999999,0.6867,-0.61901697,0.74877738,0.169372125
1764505224.7043917,-3.5861,0.3509799999999999,0.6867,-0.61901697,0.74877738,0.169372125
1764505224.7043917,-3.5861,0.3509799999999999,0.6867,-0.61901697,0.74877738,0.169372125
1764505224.704596,-3.5861,0.3509799999999999,0.6867,-0.61901697,0.74877738,0.169372125
1764505224.704596,-3.5861,0.3509799999999999,0.6867,-0.61901697,0.74877738,0.169372125
1764505224.704596,-3.5861,0.3509799999999999,0.6867,-0.61901697,0.74877738,0.169372125
1764505224.705045,-4.59326,1.34288,0.1678599999999999,-0.618101445,0.749448765,0.17028765
1764505224.705045,-4.59326,1.34288,0.1678599999999999,-0.618101445,0.749448765,0.17028765
1764505224.705045,-4.59326,1.34288,0.1678599999999999,-0.618101445,0.749448765,0.17028765
1764505224.705045,-4.59326,1.34288,0.1678599999999999,-0.618101445,0.749448765,0.17028765
1764505224.7060566,-4.59326,1.34288,0.1678599999999999,-0.618101445,0.749448765,0.17028765
1764505224.7060566,-4.59326,1.34288,0.1678599999999999,-0.618101445,0.749448765,0.17028765
1764505224.7481794,-4.59326,1.34288,0.1678599999999999,-0.618101445,0.749448765,0.17028765
1764505224.7481794,-4.59326,1.34288,0.1678599999999999,-0.618101445,0.749448765,0.17028765
1764505224.7481794,-4.59326,1.34288,0.1678599999999999,-0.618101445,0.749448765,0.17028765
1764505224.749401,-4.59326,1.34288,0.1678599999999999,-0.618101445,0.749448765,0.17028765
1764505224.749401,-6.39394,2.289,0.36624,-0.61718592,0.748228065,0.170348685
1764505224.749401,-6.39394,2.289,0.36624,-0.61718592,0.748228065,0.170348685
1764505224.749401,-6.39394,2.289,0.36624,-0.61718592,0.748228065,0.170348685
1764505224.749401,-6.39394,2.289,0.36624,-0.61718592,0.748228065,0.170348685
1764505224.7503738,-6.39394,2.289,0.36624,-0.61718592,0.748228065,0.170348685
1764505224.7503738,-6.39394,2.289,0.36624,-0.61718592,0.748228065,0.170348685
1764505224.7503738,-6.39394,2.289,0.36624,-0.61718592,0.748228065,0.170348685
1764505224.7503738,-6.39394,2.289,0.36624,-0.61718592,0.748228065,0.170348685
1764505224.7503738,-6.39394,2.289,0.36624,-0.61718592,0.748228065,0.170348685
1764505224.7513845,-6.39394,2.289,0.36624,-0.61718592,0.748228065,0.170348685
1764505224.7513845,-6.19556,0.85456,0.39676,-0.619688355,0.74780082,0.16943316
1764505224.7513845,-6.19556,0.85456,0.39676,-0.619688355,0.74780082,0.16943316
1764505224.7513845,-6.19556,0.85456,0.39676,-0.619688355,0.74780082,0.16943316
1764505224.7513845,-6.19556,0.85456,0.39676,-0.619688355,0.74780082,0.16943316
1764505224.75238,-6.19556,0.85456,0.39676,-0.619688355,0.74780082,0.16943316
1764505224.75238,-6.19556,0.85456,0.39676,-0.619688355,0.74780082,0.16943316
1764505224.75238,-6.19556,0.85456,0.39676,-0.619688355,0.74780082,0.16943316
1764505224.75238,-6.19556,0.85456,0.39676,-0.619688355,0.74780082,0.16943316
1764505224.75238,-6.19556,0.85456,0.39676,-0.619688355,0.74780082,0.16943316
1764505224.7531393,-6.19556,0.85456,0.39676,-0.619688355,0.74780082,0.16943316
1764505224.7933683,-5.78354,0.4578,0.18312,-0.620176635,0.746030805,0.16918902
1764505224.7933683,-5.78354,0.4578,0.18312,-0.620176635,0.746030805,0.16918902
1764505224.796118,-5.78354,0.4578,0.18312,-0.620176635,0.746030805,0.16918902
1764505224.796118,-5.78354,0.4578,0.18312,-0.620176635,0.746030805,0.16918902
1764505224.796118,-5.78354,0.4578,0.18312,-0.620176635,0.746030805,0.16918902
1764505224.796118,-5.78354,0.4578,0.18312,-0.620176635,0.746030805,0.16918902
1764505224.796118,-5.78354,0.4578,0.18312,-0.620176635,0.746030805,0.16918902
1764505224.796118,-5.78354,0.4578,0.18312,-0.620176635,0.746030805,0.16918902
1764505224.796118,-5.78354,0.4578,0.18312,-0.620176635,0.746030805,0.16918902
1764505224.796118,-5.78354,0.4578,0.18312,-0.620176635,0.746030805,0.16918902
1764505224.796118,-5.15788,1.84646,-0.56462,-0.61974939,0.744443895,0.169250055
1764505224.796118,-5.15788,1.84646,-0.56462,-0.61974939,0.744443895,0.169250055
1764505224.796118,-5.15788,1.84646,-0.56462,-0.61974939,0.744443895,0.169250055
1764505224.796118,-5.15788,1.84646,-0.56462,-0.61974939,0.744443895,0.169250055
1764505224.796118,-5.15788,1.84646,-0.56462,-0.61974939,0.744443895,0.169250055
1764505224.796118,-5.15788,1.84646,-0.56462,-0.61974939,0.744443895,0.169250055
1764505224.7970994,-5.15788,1.84646,-0.56462,-0.61974939,0.744443895,0.169250055
1764505224.7970994,-5.15788,1.84646,-0.56462,-0.61974939,0.744443895,0.169250055
1764505224.7981007,-5.15788,1.84646,-0.56462,-0.61974939,0.744443895,0.169250055
1764505224.7981007,-5.15788,1.84646,-0.56462,-0.61974939,0.744443895,0.169250055
1764505224.840897,-4.63904,2.38056,-1.11398,-0.62048181,0.7418804250000001,0.169616265
1764505224.840897,-4.63904,2.38056,-1.11398,-0.62048181,0.7418804250000001,0.169616265
1764505224.840897,-4.63904,2.38056,-1.11398,-0.62048181,0.7418804250000001,0.169616265
1764505224.840897,-4.63904,2.38056,-1.11398,-0.62048181,0.7418804250000001,0.169616265
1764505224.840897,-4.63904,2.38056,-1.11398,-0.62048181,0.7418804250000001,0.169616265
1764505224.840897,-4.63904,2.38056,-1.11398,-0.62048181,0.7418804250000001,0.169616265
1764505224.840897,-4.63904,2.38056,-1.11398,-0.62048181,0.7418804250000001,0.169616265
1764505224.840897,-4.63904,2.38056,-1.11398,-0.62048181,0.7418804250000001,0.169616265
1764505224.840897,-4.63904,2.38056,-1.11398,-0.62048181,0.7418804250000001,0.169616265
1764505224.840897,-4.63904,2.38056,-1.11398,-0.62048181,0.7418804250000001,0.169616265
1764505224.840897,-4.10494,2.38056,-0.59514,-0.622129755,0.741514215,0.169127985
1764505224.840897,-4.10494,2.38056,-0.59514,-0.622129755,0.741514215,0.169127985
1764505224.840897,-4.10494,2.38056,-0.59514,-0.622129755,0.741514215,0.169127985
1764505224.840897,-4.10494,2.38056,-0.59514,-0.622129755,0.741514215,0.169127985
1764505224.840897,-4.10494,2.38056,-0.59514,-0.622129755,0.741514215,0.169127985
1764505224.840897,-4.10494,2.38056,-0.59514,-0.622129755,0.741514215,0.169127985
1764505224.840897,-4.10494,2.38056,-0.59514,-0.622129755,0.741514215,0.169127985
1764505224.840897,-4.10494,2.38056,-0.59514,-0.622129755,0.741514215,0.169127985
1764505224.842961,-4.10494,2.38056,-0.59514,-0.622129755,0.741514215,0.169127985
1764505224.842961,-4.10494,2.38056,-0.59514,-0.622129755,0.741514215,0.169127985
1764505224.842961,-3.1283,0.50358,-0.3051999999999999,-0.62194665,0.742124565,0.169127985
1764505224.842961,-3.1283,0.50358,-0.3051999999999999,-0.62194665,0.742124565,0.169127985
1764505224.842961,-3.1283,0.50358,-0.3051999999999999,-0.62194665,0.742124565,0.169127985
1764505224.842961,-3.1283,0.50358,-0.3051999999999999,-0.62194665,0.742124565,0.169127985
1764505224.887421,-3.1283,0.50358,-0.3051999999999999,-0.62194665,0.742124565,0.169127985
1764505224.887421,-3.1283,0.50358,-0.3051999999999999,-0.62194665,0.742124565,0.169127985
1764505224.8890767,-3.1283,0.50358,-0.3051999999999999,-0.62194665,0.742124565,0.169127985
1764505224.8890767,-3.1283,0.50358,-0.3051999999999999,-0.62194665,0.742124565,0.169127985
1764505224.8890767,-3.1283,0.50358,-0.3051999999999999,-0.62194665,0.742124565,0.169127985
1764505224.8890767,-3.1283,0.50358,-0.3051999999999999,-0.62194665,0.742124565,0.169127985
1764505224.8890767,-2.19744,0.41202,-0.36624,-0.621275265,0.743345265,0.16906695
1764505224.8890767,-2.19744,0.41202,-0.36624,-0.621275265,0.743345265,0.16906695
1764505224.8890767,-2.19744,0.41202,-0.36624,-0.621275265,0.743345265,0.16906695
1764505224.8890767,-2.19744,0.41202,-0.36624,-0.621275265,0.743345265,0.16906695
1764505224.8890767,-2.19744,0.41202,-0.36624,-0.621275265,0.743345265,0.16906695
1764505224.8890767,-2.19744,0.41202,-0.36624,-0.621275265,0.743345265,0.16906695
1764505224.8890767,-2.19744,0.41202,-0.36624,-0.621275265,0.743345265,0.16906695
1764505224.8890767,-2.19744,0.41202,-0.36624,-0.621275265,0.743345265,0.16906695
1764505224.8890767,-2.19744,0.41202,-0.36624,-0.621275265,0.743345265,0.16906695
1764505224.8890767,-2.19744,0.41202,-0.36624,-0.621275265,0.743345265,0.16906695
1764505224.8890767,-3.09778,1.41918,-1.00716,-0.621397335,0.74389458,0.17016558
1764505224.8890767,-3.09778,1.41918,-1.00716,-0.621397335,0.74389458,0.17016558
1764505224.8890767,-3.09778,1.41918,-1.00716,-0.621397335,0.74389458,0.17016558
1764505224.8890767,-3.09778,1.41918,-1.00716,-0.621397335,0.74389458,0.17016558
1764505224.8890767,-3.09778,1.41918,-1.00716,-0.621397335,0.74389458,0.17016558
1764505224.8890767,-3.09778,1.41918,-1.00716,-0.621397335,0.74389458,0.17016558
1764505224.890604,-3.09778,1.41918,-1.00716,-0.621397335,0.74389458,0.17016558
1764505224.890604,-3.09778,1.41918,-1.00716,-0.621397335,0.74389458,0.17016558
1764505224.9385347,-3.09778,1.41918,-1.00716,-0.621397335,0.74389458,0.17016558
1764505224.9385347,-3.09778,1.41918,-1.00716,-0.621397335,0.74389458,0.17016558
1764505224.9385347,-3.86078,1.9838,-0.6409199999999999,-0.621763545,0.744688035,0.170714895
1764505224.9385347,-3.86078,1.9838,-0.6409199999999999,-0.621763545,0.744688035,0.170714895
1764505224.9385347,-3.86078,1.9838,-0.6409199999999999,-0.621763545,0.744688035,0.170714895
1764505224.9385347,-3.86078,1.9838,-0.6409199999999999,-0.621763545,0.744688035,0.170714895
1764505224.9385347,-3.86078,1.9838,-0.6409199999999999,-0.621763545,0.744688035,0.170714895
1764505224.9385347,-3.86078,1.9838,-0.6409199999999999,-0.621763545,0.744688035,0.170714895
1764505224.9390428,-3.86078,1.9838,-0.6409199999999999,-0.621763545,0.744688035,0.170714895
1764505224.9390428,-3.86078,1.9838,-0.6409199999999999,-0.621763545,0.744688035,0.170714895
1764505224.9390428,-3.86078,1.9838,-0.6409199999999999,-0.621763545,0.744688035,0.170714895
1764505224.9390428,-3.86078,1.9838,-0.6409199999999999,-0.621763545,0.744688035,0.170714895
1764505224.9390428,-4.63904,1.77016,-0.79352,-0.621519405,0.74511528,0.169738335
1764505224.9390428,-4.63904,1.77016,-0.79352,-0.621519405,0.74511528,0.169738335
1764505224.9390428,-4.63904,1.77016,-0.79352,-0.621519405,0.74511528,0.169738335
1764505224.9390428,-4.63904,1.77016,-0.79352,-0.621519405,0.74511528,0.169738335
1764505224.9390428,-4.63904,1.77016,-0.79352,-0.621519405,0.74511528,0.169738335
1764505224.9390428,-4.63904,1.77016,-0.79352,-0.621519405,0.74511528,0.169738335
1764505224.9390428,-4.63904,1.77016,-0.79352,-0.621519405,0.74511528,0.169738335
1764505224.9390428,-4.63904,1.77016,-0.79352,-0.621519405,0.74511528,0.169738335
1764505224.9390428,-4.63904,1.77016,-0.79352,-0.621519405,0.74511528,0.169738335
1764505224.9390428,-4.63904,1.77016,-0.79352,-0.621519405,0.74511528,0.169738335
1764505224.9390428,-5.27996,2.30426,-0.2289,-0.62206872,0.7476787500000001,0.16833453
1764505224.9390428,-5.27996,2.30426,-0.2289,-0.62206872,0.7476787500000001,0.16833453
1764505224.9839785,-5.27996,2.30426,-0.2289,-0.62206872,0.7476787500000001,0.16833453
1764505224.9839785,-5.27996,2.30426,-0.2289,-0.62206872,0.7476787500000001,0.16833453
1764505224.9839785,-5.27996,2.30426,-0.2289,-0.62206872,0.7476787500000001,0.16833453
1764505224.9839785,-5.27996,2.30426,-0.2289,-0.62206872,0.7476787500000001,0.16833453
1764505224.9839785,-5.27996,2.30426,-0.2289,-0.62206872,0.7476787500000001,0.16833453
1764505224.9839785,-5.27996,2.30426,-0.2289,-0.62206872,0.7476787500000001,0.16833453
1764505224.9849737,-5.27996,2.30426,-0.2289,-0.62206872,0.7476787500000001,0.16833453
1764505224.9849737,-5.27996,2.30426,-0.2289,-0.62206872,0.7476787500000001,0.16833453
1764505224.9849737,-4.92898,2.15166,-0.9156,-0.621519405,0.747983925,0.16870074
1764505224.9849737,-4.92898,2.15166,-0.9156,-0.621519405,0.747983925,0.16870074
1764505224.9849737,-4.92898,2.15166,-0.9156,-0.621519405,0.747983925,0.16870074
1764505224.9849737,-4.92898,2.15166,-0.9156,-0.621519405,0.747983925,0.16870074
1764505224.9849737,-4.92898,2.15166,-0.9156,-0.621519405,0.747983925,0.16870074
1764505224.9849737,-4.92898,2.15166,-0.9156,-0.621519405,0.747983925,0.16870074
1764505224.9849737,-4.92898,2.15166,-0.9156,-0.621519405,0.747983925,0.16870074
1764505224.9849737,-4.92898,2.15166,-0.9156,-0.621519405,0.747983925,0.16870074
1764505224.9864807,-4.92898,2.15166,-0.9156,-0.621519405,0.747983925,0.16870074
1764505224.9864807,-4.92898,2.15166,-0.9156,-0.621519405,0.747983925,0.16870074
1764505224.9864807,-4.08968,1.51074,-0.44254,-0.622251825,0.747251505,0.169616265
1764505224.9864807,-4.08968,1.51074,-0.44254,-0.622251825,0.747251505,0.169616265
1764505224.9864807,-4.08968,1.51074,-0.44254,-0.622251825,0.747251505,0.169616265
1764505224.9864807,-4.08968,1.51074,-0.44254,-0.622251825,0.747251505,0.169616265
1764505224.9874873,-4.08968,1.51074,-0.44254,-0.622251825,0.747251505,0.169616265
1764505224.9874873,-4.08968,1.51074,-0.44254,-0.622251825,0.747251505,0.169616265
1764505225.031113,-4.08968,1.51074,-0.44254,-0.622251825,0.747251505,0.169616265
1764505225.031113,-4.08968,1.51074,-0.44254,-0.622251825,0.747251505,0.169616265
1764505225.031113,-4.08968,1.51074,-0.44254,-0.622251825,0.747251505,0.169616265
1764505225.031113,-4.08968,1.51074,-0.44254,-0.622251825,0.747251505,0.169616265
1764505225.031113,-4.91372,0.65618,-0.41202,-0.62194665,0.74645805,0.170592825
1764505225.031113,-4.91372,0.65618,-0.41202,-0.62194665,0.74645805,0.170592825
1764505225.031113,-4.91372,0.65618,-0.41202,-0.62194665,0.74645805,0.170592825
1764505225.031113,-4.91372,0.65618,-0.41202,-0.62194665,0.74645805,0.170592825
1764505225.031113,-4.91372,0.65618,-0.41202,-0.62194665,0.74645805,0.170592825
1764505225.031113,-4.91372,0.65618,-0.41202,-0.62194665,0.74645805,0.170592825
1764505225.031113,-4.91372,0.65618,-0.41202,-0.62194665,0.74645805,0.170592825
1764505225.031113,-4.91372,0.65618,-0.41202,-0.62194665,0.74645805,0.170592825
1764505225.031113,-4.91372,0.65618,-0.41202,-0.62194665,0.74645805,0.170592825
1764505225.031113,-4.91372,0.65618,-0.41202,-0.62194665,0.74645805,0.170592825
1764505225.031113,-4.1202,0.18312,-0.01526,-0.621397335,0.744932175,0.172057665
1764505225.031113,-4.1202,0.18312,-0.01526,-0.621397335,0.744932175,0.172057665
1764505225.031113,-4.1202,0.18312,-0.01526,-0.621397335,0.744932175,0.172057665
1764505225.031113,-4.1202,0.18312,-0.01526,-0.621397335,0.744932175,0.172057665
1764505225.031113,-4.1202,0.18312,-0.01526,-0.621397335,0.744932175,0.172057665
1764505225.031113,-4.1202,0.18312,-0.01526,-0.621397335,0.744932175,0.172057665
1764505225.031113,-4.1202,0.18312,-0.01526,-0.621397335,0.744932175,0.172057665
1764505225.031113,-4.1202,0.18312,-0.01526,-0.621397335,0.744932175,0.172057665
1764505225.031113,-4.1202,0.18312,-0.01526,-0.621397335,0.744932175,0.172057665
1764505225.031113,-4.1202,0.18312,-0.01526,-0.621397335,0.744932175,0.172057665
1764505225.0757964,-3.57084,1.72438,-0.09156,-0.62035974,0.74389458,0.172301805
1764505225.0757964,-3.57084,1.72438,-0.09156,-0.62035974,0.74389458,0.172301805
1764505225.0757964,-3.57084,1.72438,-0.09156,-0.62035974,0.74389458,0.172301805
1764505225.0757964,-3.57084,1.72438,-0.09156,-0.62035974,0.74389458,0.172301805
1764505225.0757964,-3.57084,1.72438,-0.09156,-0.62035974,0.74389458,0.172301805
1764505225.0757964,-3.57084,1.72438,-0.09156,-0.62035974,0.74389458,0.172301805
1764505225.0757964,-3.57084,1.72438,-0.09156,-0.62035974,0.74389458,0.172301805
1764505225.076795,-3.57084,1.72438,-0.09156,-0.62035974,0.74389458,0.172301805
1764505225.076795,-3.57084,1.72438,-0.09156,-0.62035974,0.74389458,0.172301805
1764505225.076795,-3.57084,1.72438,-0.09156,-0.62035974,0.74389458,0.172301805
1764505225.076795,-6.165039999999999,1.8006799999999998,-0.24416,-0.620420775,0.744443895,0.17126421
1764505225.076795,-6.165039999999999,1.8006799999999998,-0.24416,-0.620420775,0.744443895,0.17126421
1764505225.0778017,-6.165039999999999,1.8006799999999998,-0.24416,-0.620420775,0.744443895,0.17126421
1764505225.0778017,-6.165039999999999,1.8006799999999998,-0.24416,-0.620420775,0.744443895,0.17126421
1764505225.0778017,-6.165039999999999,1.8006799999999998,-0.24416,-0.620420775,0.744443895,0.17126421
1764505225.0778017,-6.165039999999999,1.8006799999999998,-0.24416,-0.620420775,0.744443895,0.17126421
1764505225.0778017,-6.165039999999999,1.8006799999999998,-0.24416,-0.620420775,0.744443895,0.17126421
1764505225.0778017,-6.165039999999999,1.8006799999999998,-0.24416,-0.620420775,0.744443895,0.17126421
1764505225.0778017,-6.165039999999999,1.8006799999999998,-0.24416,-0.620420775,0.744443895,0.17126421
1764505225.0778017,-6.165039999999999,1.8006799999999998,-0.24416,-0.620420775,0.744443895,0.17126421
1764505225.1236832,-5.52412,1.51074,0.10682,-0.62243493,0.743955615,0.17077593
1764505225.1236832,-5.52412,1.51074,0.10682,-0.62243493,0.743955615,0.17077593
1764505225.1236832,-5.52412,1.51074,0.10682,-0.62243493,0.743955615,0.17077593
1764505225.1236832,-5.52412,1.51074,0.10682,-0.62243493,0.743955615,0.17077593
1764505225.1236832,-5.52412,1.51074,0.10682,-0.62243493,0.743955615,0.17077593
1764505225.1236832,-5.52412,1.51074,0.10682,-0.62243493,0.743955615,0.17077593
1764505225.1236832,-5.52412,1.51074,0.10682,-0.62243493,0.743955615,0.17077593
1764505225.1236832,-5.52412,1.51074,0.10682,-0.62243493,0.743955615,0.17077593
1764505225.1236832,-5.52412,1.51074,0.10682,-0.62243493,0.743955615,0.17077593
1764505225.1236832,-5.52412,1.51074,0.10682,-0.62243493,0.743955615,0.17077593
1764505225.1236832,-3.63188,0.1678599999999999,1.03768,-0.62145837,0.74560356,0.170959035
1764505225.1236832,-3.63188,0.1678599999999999,1.03768,-0.62145837,0.74560356,0.170959035
1764505225.1236832,-3.63188,0.1678599999999999,1.03768,-0.62145837,0.74560356,0.170959035
1764505225.1236832,-3.63188,0.1678599999999999,1.03768,-0.62145837,0.74560356,0.170959035
1764505225.1236832,-3.63188,0.1678599999999999,1.03768,-0.62145837,0.74560356,0.170959035
1764505225.1236832,-3.63188,0.1678599999999999,1.03768,-0.62145837,0.74560356,0.170959035
1764505225.1236832,-3.63188,0.1678599999999999,1.03768,-0.62145837,0.74560356,0.170959035
1764505225.1236832,-3.63188,0.1678599999999999,1.03768,-0.62145837,0.74560356,0.170959035
1764505225.1236832,-3.63188,0.1678599999999999,1.03768,-0.62145837,0.74560356,0.170959035
1764505225.1236832,-3.63188,0.1678599999999999,1.03768,-0.62145837,0.74560356,0.170959035
1764505225.1236832,-3.72344,2.18218,-0.1525999999999999,-0.619688355,0.74413872,0.171081105
1764505225.1236832,-3.72344,2.18218,-0.1525999999999999,-0.619688355,0.74413872,0.171081105
1764505225.1236832,-3.72344,2.18218,-0.1525999999999999,-0.619688355,0.74413872,0.171081105
1764505225.1236832,-3.72344,2.18218,-0.1525999999999999,-0.619688355,0.74413872,0.171081105
1764505225.1709533,-3.72344,2.18218,-0.1525999999999999,-0.619688355,0.74413872,0.171081105
1764505225.1717532,-3.72344,2.18218,-0.1525999999999999,-0.619688355,0.74413872,0.171081105
1764505225.1717532,-3.72344,2.18218,-0.1525999999999999,-0.619688355,0.74413872,0.171081105
1764505225.1717532,-3.72344,2.18218,-0.1525999999999999,-0.619688355,0.74413872,0.171081105
1764505225.1717532,-3.72344,2.18218,-0.1525999999999999,-0.619688355,0.74413872,0.171081105
1764505225.1717532,-3.72344,2.18218,-0.1525999999999999,-0.619688355,0.74413872,0.171081105
1764505225.1717532,-4.56274,2.70102,-0.42728,-0.622007685,0.73901178,0.17187456
1764505225.1717532,-4.56274,2.70102,-0.42728,-0.622007685,0.73901178,0.17187456
1764505225.1727834,-4.56274,2.70102,-0.42728,-0.622007685,0.73901178,0.17187456
1764505225.1727834,-4.56274,2.70102,-0.42728,-0.622007685,0.73901178,0.17187456
1764505225.1727834,-4.56274,2.70102,-0.42728,-0.622007685,0.73901178,0.17187456
1764505225.1727834,-4.56274,2.70102,-0.42728,-0.622007685,0.73901178,0.17187456
1764505225.1727834,-4.56274,2.70102,-0.42728,-0.622007685,0.73901178,0.17187456
1764505225.1727834,-4.56274,2.70102,-0.42728,-0.622007685,0.73901178,0.17187456
1764505225.1727834,-4.56274,2.70102,-0.42728,-0.622007685,0.73901178,0.17187456
1764505225.1727834,-4.56274,2.70102,-0.42728,-0.622007685,0.73901178,0.17187456
1764505225.1727834,-9.17126,3.5861,-0.39676,-0.623472525,0.736021065,0.16796832
1764505225.1727834,-9.17126,3.5861,-0.39676,-0.623472525,0.736021065,0.16796832
1764505225.1727834,-9.17126,3.5861,-0.39676,-0.623472525,0.736021065,0.16796832
1764505225.1727834,-9.17126,3.5861,-0.39676,-0.623472525,0.736021065,0.16796832
1764505225.1727834,-9.17126,3.5861,-0.39676,-0.623472525,0.736021065,0.16796832
1764505225.1727834,-9.17126,3.5861,-0.39676,-0.623472525,0.736021065,0.16796832
1764505225.1727834,-9.17126,3.5861,-0.39676,-0.623472525,0.736021065,0.16796832
1764505225.1727834,-9.17126,3.5861,-0.39676,-0.623472525,0.736021065,0.16796832
1764505225.215357,-9.17126,3.5861,-0.39676,-0.623472525,0.736021065,0.16796832
1764505225.215357,-9.17126,3.5861,-0.39676,-0.623472525,0.736021065,0.16796832
1764505225.215357,-9.2323,-1.57178,-2.289,-0.625181505,0.74328423,0.16320759
1764505225.215357,-9.2323,-1.57178,-2.289,-0.625181505,0.74328423,0.16320759
1764505225.215357,-9.2323,-1.57178,-2.289,-0.625181505,0.74328423,0.16320759
1764505225.215357,-9.2323,-1.57178,-2.289,-0.625181505,0.74328423,0.16320759
1764505225.215357,-9.2323,-1.57178,-2.289,-0.625181505,0.74328423,0.16320759
1764505225.215357,-9.2323,-1.57178,-2.289,-0.625181505,0.74328423,0.16320759
1764505225.215357,-9.2323,-1.57178,-2.289,-0.625181505,0.74328423,0.16320759
1764505225.215357,-9.2323,-1.57178,-2.289,-0.625181505,0.74328423,0.16320759
1764505225.215357,-9.2323,-1.57178,-2.289,-0.625181505,0.74328423,0.16320759
1764505225.215357,-9.2323,-1.57178,-2.289,-0.625181505,0.74328423,0.16320759
1764505225.215357,-12.45216,-3.37246,-4.21176,-0.622740105,0.75646779,0.162047925
1764505225.215357,-12.45216,-3.37246,-4.21176,-0.622740105,0.75646779,0.162047925
1764505225.215357,-12.45216,-3.37246,-4.21176,-0.622740105,0.75646779,0.162047925
1764505225.215357,-12.45216,-3.37246,-4.21176,-0.622740105,0.75646779,0.162047925
1764505225.215357,-12.45216,-3.37246,-4.21176,-0.622740105,0.75646779,0.162047925
1764505225.215357,-12.45216,-3.37246,-4.21176,-0.622740105,0.75646779,0.162047925
1764505225.2163572,-12.45216,-3.37246,-4.21176,-0.622740105,0.75646779,0.162047925
1764505225.2163572,-12.45216,-3.37246,-4.21176,-0.622740105,0.75646779,0.162047925
1764505225.2163572,-12.45216,-3.37246,-4.21176,-0.622740105,0.75646779,0.162047925
1764505225.2163572,-12.45216,-3.37246,-4.21176,-0.622740105,0.75646779,0.162047925
1764505225.2163572,-14.7259,1.8006799999999998,-7.782599999999999,-0.614683485,0.759336435,0.16796832
1764505225.2163572,-14.7259,1.8006799999999998,-7.782599999999999,-0.614683485,0.759336435,0.16796832
1764505225.261019,-14.7259,1.8006799999999998,-7.782599999999999,-0.614683485,0.759336435,0.16796832
1764505225.261019,-14.7259,1.8006799999999998,-7.782599999999999,-0.614683485,0.759336435,0.16796832
1764505225.261019,-14.7259,1.8006799999999998,-7.782599999999999,-0.614683485,0.759336435,0.16796832
1764505225.261019,-14.7259,1.8006799999999998,-7.782599999999999,-0.614683485,0.759336435,0.16796832
1764505225.261019,-14.7259,1.8006799999999998,-7.782599999999999,-0.614683485,0.759336435,0.16796832
1764505225.261019,-14.7259,1.8006799999999998,-7.782599999999999,-0.614683485,0.759336435,0.16796832
1764505225.261019,-14.7259,1.8006799999999998,-7.782599999999999,-0.614683485,0.759336435,0.16796832
1764505225.261019,-14.7259,1.8006799999999998,-7.782599999999999,-0.614683485,0.759336435,0.16796832
1764505225.261019,-13.52036,8.83554,-13.2762,-0.60851895,0.75012015,0.17163042
1764505225.261019,-13.52036,8.83554,-13.2762,-0.60851895,0.75012015,0.17163042
1764505225.261019,-13.52036,8.83554,-13.2762,-0.60851895,0.75012015,0.17163042
1764505225.262031,-13.52036,8.83554,-13.2762,-0.60851895,0.75012015,0.17163042
1764505225.262031,-13.52036,8.83554,-13.2762,-0.60851895,0.75012015,0.17163042
1764505225.262031,-13.52036,8.83554,-13.2762,-0.60851895,0.75012015,0.17163042
1764505225.262031,-13.52036,8.83554,-13.2762,-0.60851895,0.75012015,0.17163042
1764505225.262031,-13.52036,8.83554,-13.2762,-0.60851895,0.75012015,0.17163042
1764505225.262031,-13.52036,8.83554,-13.2762,-0.60851895,0.75012015,0.17163042
1764505225.262031,-13.52036,8.83554,-13.2762,-0.60851895,0.75012015,0.17163042
1764505225.262031,-13.6577,14.4207,-14.207059999999998,-0.60595548,0.740293515,0.16796832
1764505225.262031,-13.6577,14.4207,-14.207059999999998,-0.60595548,0.740293515,0.16796832
1764505225.3072052,-13.6577,14.4207,-14.207059999999998,-0.60595548,0.740293515,0.16796832
1764505225.3072052,-13.6577,14.4207,-14.207059999999998,-0.60595548,0.740293515,0.16796832
1764505225.3072052,-13.6577,14.4207,-14.207059999999998,-0.60595548,0.740293515,0.16796832
1764505225.3072052,-13.6577,14.4207,-14.207059999999998,-0.60595548,0.740293515,0.16796832
1764505225.3072052,-13.6577,14.4207,-14.207059999999998,-0.60595548,0.740293515,0.16796832
1764505225.3072052,-13.6577,14.4207,-14.207059999999998,-0.60595548,0.740293515,0.16796832
1764505225.3072052,-13.6577,14.4207,-14.207059999999998,-0.60595548,0.740293515,0.16796832
1764505225.3072052,-13.6577,14.4207,-14.207059999999998,-0.60595548,0.740293515,0.16796832
1764505225.3072052,-10.80408,17.060679999999998,-14.8022,-0.607847565,0.732725175,0.16406208
1764505225.3072052,-10.80408,17.060679999999998,-14.8022,-0.607847565,0.732725175,0.16406208
1764505225.3072052,-10.80408,17.060679999999998,-14.8022,-0.607847565,0.732725175,0.16406208
1764505225.3072052,-10.80408,17.060679999999998,-14.8022,-0.607847565,0.732725175,0.16406208
1764505225.3072052,-10.80408,17.060679999999998,-14.8022,-0.607847565,0.732725175,0.16406208
1764505225.3072052,-10.80408,17.060679999999998,-14.8022,-0.607847565,0.732725175,0.16406208
1764505225.3072052,-10.80408,17.060679999999998,-14.8022,-0.607847565,0.732725175,0.16406208
1764505225.3072052,-10.80408,17.060679999999998,-14.8022,-0.607847565,0.732725175,0.16406208
1764505225.3072052,-10.80408,17.060679999999998,-14.8022,-0.607847565,0.732725175,0.16406208
1764505225.308221,-10.80408,17.060679999999998,-14.8022,-0.607847565,0.732725175,0.16406208
1764505225.308221,-8.19462,15.15318,-14.0392,-0.614683485,0.735288645,0.1599117
1764505225.308221,-8.19462,15.15318,-14.0392,-0.614683485,0.735288645,0.1599117
1764505225.308221,-8.19462,15.15318,-14.0392,-0.614683485,0.735288645,0.1599117
1764505225.308221,-8.19462,15.15318,-14.0392,-0.614683485,0.735288645,0.1599117
1764505225.308221,-8.19462,15.15318,-14.0392,-0.614683485,0.735288645,0.1599117
1764505225.308221,-8.19462,15.15318,-14.0392,-0.614683485,0.735288645,0.1599117
1764505225.357313,-8.19462,15.15318,-14.0392,-0.614683485,0.735288645,0.1599117
1764505225.357313,-8.19462,15.15318,-14.0392,-0.614683485,0.735288645,0.1599117
1764505225.357313,-8.19462,15.15318,-14.0392,-0.614683485,0.735288645,0.1599117
1764505225.357313,-8.19462,15.15318,-14.0392,-0.614683485,0.735288645,0.1599117
1764505225.357313,-4.53222,10.66674,-12.3606,-0.622862175,0.738462465,0.157287195
1764505225.357313,-4.53222,10.66674,-12.3606,-0.622862175,0.738462465,0.157287195
1764505225.357313,-4.53222,10.66674,-12.3606,-0.622862175,0.738462465,0.157287195
1764505225.357313,-4.53222,10.66674,-12.3606,-0.622862175,0.738462465,0.157287195
1764505225.357313,-4.53222,10.66674,-12.3606,-0.622862175,0.738462465,0.157287195
1764505225.357313,-4.53222,10.66674,-12.3606,-0.622862175,0.738462465,0.157287195
1764505225.357313,-4.53222,10.66674,-12.3606,-0.622862175,0.738462465,0.157287195
1764505225.357313,-4.53222,10.66674,-12.3606,-0.622862175,0.738462465,0.157287195
1764505225.357313,-4.53222,10.66674,-12.3606,-0.622862175,0.738462465,0.157287195
1764505225.357313,-4.53222,10.66674,-12.3606,-0.622862175,0.738462465,0.157287195
1764505225.357313,1.55652,7.202719999999999,-5.58516,-0.63220053,0.74267388,0.15551718
1764505225.357313,1.55652,7.202719999999999,-5.58516,-0.63220053,0.74267388,0.15551718
1764505225.357313,1.55652,7.202719999999999,-5.58516,-0.63220053,0.74267388,0.15551718
1764505225.357313,1.55652,7.202719999999999,-5.58516,-0.63220053,0.74267388,0.15551718
1764505225.357313,1.55652,7.202719999999999,-5.58516,-0.63220053,0.74267388,0.15551718
1764505225.357313,1.55652,7.202719999999999,-5.58516,-0.63220053,0.74267388,0.15551718
1764505225.357313,1.55652,7.202719999999999,-5.58516,-0.63220053,0.74267388,0.15551718
1764505225.358919,1.55652,7.202719999999999,-5.58516,-0.63220053,0.74267388,0.15551718
1764505225.358919,1.55652,7.202719999999999,-5.58516,-0.63220053,0.74267388,0.15551718
1764505225.358919,1.55652,7.202719999999999,-5.58516,-0.63220053,0.74267388,0.15551718
1764505225.401345,8.743979999999999,1.92276,-3.14356,-0.63793782,0.747983925,0.160827225
1764505225.401345,8.743979999999999,1.92276,-3.14356,-0.63793782,0.747983925,0.160827225
1764505225.401345,8.743979999999999,1.92276,-3.14356,-0.63793782,0.747983925,0.160827225
1764505225.401345,8.743979999999999,1.92276,-3.14356,-0.63793782,0.747983925,0.160827225
1764505225.401345,8.743979999999999,1.92276,-3.14356,-0.63793782,0.747983925,0.160827225
1764505225.401345,8.743979999999999,1.92276,-3.14356,-0.63793782,0.747983925,0.160827225
1764505225.401345,8.743979999999999,1.92276,-3.14356,-0.63793782,0.747983925,0.160827225
1764505225.401345,8.743979999999999,1.92276,-3.14356,-0.63793782,0.747983925,0.160827225
1764505225.401345,8.743979999999999,1.92276,-3.14356,-0.63793782,0.747983925,0.160827225
1764505225.401345,8.743979999999999,1.92276,-3.14356,-0.63793782,0.747983925,0.160827225
1764505225.401345,2.2127,1.61756,-8.86606,-0.636289875,0.742002495,0.16955523
1764505225.401345,2.2127,1.61756,-8.86606,-0.636289875,0.742002495,0.16955523
1764505225.401345,2.2127,1.61756,-8.86606,-0.636289875,0.742002495,0.16955523
1764505225.401345,2.2127,1.61756,-8.86606,-0.636289875,0.742002495,0.16955523
1764505225.4020038,2.2127,1.61756,-8.86606,-0.636289875,0.742002495,0.16955523
1764505225.4020038,2.2127,1.61756,-8.86606,-0.636289875,0.742002495,0.16955523
1764505225.4020038,2.2127,1.61756,-8.86606,-0.636289875,0.742002495,0.16955523
1764505225.4020038,2.2127,1.61756,-8.86606,-0.636289875,0.742002495,0.16955523
1764505225.4020038,2.2127,1.61756,-8.86606,-0.636289875,0.742002495,0.16955523
1764505225.4020038,2.2127,1.61756,-8.86606,-0.636289875,0.742002495,0.16955523
1764505225.4020038,-9.04918,8.05728,-16.160339999999998,-0.631285005,0.73473933,0.16931109
1764505225.4020038,-9.04918,8.05728,-16.160339999999998,-0.631285005,0.73473933,0.16931109
1764505225.4020038,-9.04918,8.05728,-16.160339999999998,-0.631285005,0.73473933,0.16931109
1764505225.4020038,-9.04918,8.05728,-16.160339999999998,-0.631285005,0.73473933,0.16931109
1764505225.4495804,-9.04918,8.05728,-16.160339999999998,-0.631285005,0.73473933,0.16931109
1764505225.4495804,-9.04918,8.05728,-16.160339999999998,-0.631285005,0.73473933,0.16931109
1764505225.4495804,-9.04918,8.05728,-16.160339999999998,-0.631285005,0.73473933,0.16931109
1764505225.4495804,-9.04918,8.05728,-16.160339999999998,-0.631285005,0.73473933,0.16931109
1764505225.4495804,-9.04918,8.05728,-16.160339999999998,-0.631285005,0.73473933,0.16931109
1764505225.4495804,-9.04918,8.05728,-16.160339999999998,-0.631285005,0.73473933,0.16931109
1764505225.4495804,-10.94142,13.21516,-20.5247,-0.63171225,0.730527915,0.171935595
1764505225.4495804,-10.94142,13.21516,-20.5247,-0.63171225,0.730527915,0.171935595
1764505225.4500315,-10.94142,13.21516,-20.5247,-0.63171225,0.730527915,0.171935595
1764505225.4500315,-10.94142,13.21516,-20.5247,-0.63171225,0.730527915,0.171935595
1764505225.4505894,-10.94142,13.21516,-20.5247,-0.63171225,0.730527915,0.171935595
1764505225.4505894,-10.94142,13.21516,-20.5247,-0.63171225,0.730527915,0.171935595
1764505225.4505894,-10.94142,13.21516,-20.5247,-0.63171225,0.730527915,0.171935595
1764505225.4505894,-10.94142,13.21516,-20.5247,-0.63171225,0.730527915,0.171935595
1764505225.4505894,-10.94142,13.21516,-20.5247,-0.63171225,0.730527915,0.171935595
1764505225.4505894,-10.94142,13.21516,-20.5247,-0.63171225,0.730527915,0.171935595
1764505225.4505894,-9.75114,15.656759999999998,-16.87756,-0.638487135,0.730527915,0.17687943
1764505225.4505894,-9.75114,15.656759999999998,-16.87756,-0.638487135,0.730527915,0.17687943
1764505225.4505894,-9.75114,15.656759999999998,-16.87756,-0.638487135,0.730527915,0.17687943
1764505225.4515884,-9.75114,15.656759999999998,-16.87756,-0.638487135,0.730527915,0.17687943
1764505225.4515884,-9.75114,15.656759999999998,-16.87756,-0.638487135,0.730527915,0.17687943
1764505225.4515884,-9.75114,15.656759999999998,-16.87756,-0.638487135,0.730527915,0.17687943
1764505225.4515884,-9.75114,15.656759999999998,-16.87756,-0.638487135,0.730527915,0.17687943
1764505225.4515884,-9.75114,15.656759999999998,-16.87756,-0.638487135,0.730527915,0.17687943
1764505225.4923322,-9.75114,15.656759999999998,-16.87756,-0.638487135,0.730527915,0.17687943
1764505225.4923322,-9.75114,15.656759999999998,-16.87756,-0.638487135,0.730527915,0.17687943
1764505225.4923322,-10.4531,12.23852,-12.49794,-0.64709307,0.733091385,0.175353555
1764505225.4923322,-10.4531,12.23852,-12.49794,-0.64709307,0.733091385,0.175353555
1764505225.4923322,-10.4531,12.23852,-12.49794,-0.64709307,0.733091385,0.175353555
1764505225.4923322,-10.4531,12.23852,-12.49794,-0.64709307,0.733091385,0.175353555
1764505225.4923322,-10.4531,12.23852,-12.49794,-0.64709307,0.733091385,0.175353555
1764505225.4923322,-10.4531,12.23852,-12.49794,-0.64709307,0.733091385,0.175353555
1764505225.4923322,-10.4531,12.23852,-12.49794,-0.64709307,0.733091385,0.175353555
1764505225.4923322,-10.4531,12.23852,-12.49794,-0.64709307,0.733091385,0.175353555
1764505225.4923322,-10.4531,12.23852,-12.49794,-0.64709307,0.733091385,0.175353555
1764505225.4923322,-10.4531,12.23852,-12.49794,-0.64709307,0.733091385,0.175353555
1764505225.4923322,1.00716,-0.85456,-13.09308,-0.652769325,0.728330655,0.178283235
1764505225.4923322,1.00716,-0.85456,-13.09308,-0.652769325,0.728330655,0.178283235
1764505225.4923322,1.00716,-0.85456,-13.09308,-0.652769325,0.728330655,0.178283235
1764505225.4923322,1.00716,-0.85456,-13.09308,-0.652769325,0.728330655,0.178283235
1764505225.4923322,1.00716,-0.85456,-13.09308,-0.652769325,0.728330655,0.178283235
1764505225.4923322,1.00716,-0.85456,-13.09308,-0.652769325,0.728330655,0.178283235
1764505225.4923322,1.00716,-0.85456,-13.09308,-0.652769325,0.728330655,0.178283235
1764505225.4923322,1.00716,-0.85456,-13.09308,-0.652769325,0.728330655,0.178283235
1764505225.4923322,1.00716,-0.85456,-13.09308,-0.652769325,0.728330655,0.178283235
1764505225.4933574,1.00716,-0.85456,-13.09308,-0.652769325,0.728330655,0.178283235
1764505225.541552,6.4855,-6.36342,-13.23042,-0.653745885,0.72216612,0.17871048
1764505225.5425496,6.4855,-6.36342,-13.23042,-0.653745885,0.72216612,0.17871048
1764505225.5425496,6.4855,-6.36342,-13.23042,-0.653745885,0.72216612,0.17871048
1764505225.5429063,6.4855,-6.36342,-13.23042,-0.653745885,0.72216612,0.17871048
1764505225.5431178,6.4855,-6.36342,-13.23042,-0.653745885,0.72216612,0.17871048
1764505225.5433266,6.4855,-6.36342,-13.23042,-0.653745885,0.72216612,0.17871048
1764505225.5433266,6.4855,-6.36342,-13.23042,-0.653745885,0.72216612,0.17871048
1764505225.5433266,6.4855,-6.36342,-13.23042,-0.653745885,0.72216612,0.17871048
1764505225.544104,6.4855,-6.36342,-13.23042,-0.653745885,0.72216612,0.17871048
1764505225.544104,6.4855,-6.36342,-13.23042,-0.653745885,0.72216612,0.17871048
1764505225.544104,6.5618,-4.60852,-13.5051,-0.6543562350000001,0.71874816,0.174621135
1764505225.544104,6.5618,-4.60852,-13.5051,-0.6543562350000001,0.71874816,0.174621135
1764505225.544104,6.5618,-4.60852,-13.5051,-0.6543562350000001,0.71874816,0.174621135
1764505225.545113,6.5618,-4.60852,-13.5051,-0.6543562350000001,0.71874816,0.174621135
1764505225.545113,6.5618,-4.60852,-13.5051,-0.6543562350000001,0.71874816,0.174621135
1764505225.545113,6.5618,-4.60852,-13.5051,-0.6543562350000001,0.71874816,0.174621135
1764505225.545113,6.5618,-4.60852,-13.5051,-0.6543562350000001,0.71874816,0.174621135
1764505225.545113,6.5618,-4.60852,-13.5051,-0.6543562350000001,0.71874816,0.174621135
1764505225.545113,6.5618,-4.60852,-13.5051,-0.6543562350000001,0.71874816,0.174621135
1764505225.545113,6.5618,-4.60852,-13.5051,-0.6543562350000001,0.71874816,0.174621135
1764505225.545113,9.29334,-5.32574,-11.17032,-0.65966628,0.716978145,0.172423875
1764505225.5461156,9.29334,-5.32574,-11.17032,-0.65966628,0.716978145,0.172423875
1764505225.5461156,9.29334,-5.32574,-11.17032,-0.65966628,0.716978145,0.172423875
1764505225.5461156,9.29334,-5.32574,-11.17032,-0.65966628,0.716978145,0.172423875
1764505225.589507,9.29334,-5.32574,-11.17032,-0.65966628,0.716978145,0.172423875
1764505225.590544,9.29334,-5.32574,-11.17032,-0.65966628,0.716978145,0.172423875
1764505225.590544,9.29334,-5.32574,-11.17032,-0.65966628,0.716978145,0.172423875
1764505225.590544,9.29334,-5.32574,-11.17032,-0.65966628,0.716978145,0.172423875
1764505225.5915244,9.29334,-5.32574,-11.17032,-0.65966628,0.716978145,0.172423875
1764505225.5915244,9.29334,-5.32574,-11.17032,-0.65966628,0.716978145,0.172423875
1764505225.5915244,5.46308,-7.202719999999999,-10.2242,-0.659116965,0.7275372,0.172179735
1764505225.5915244,5.46308,-7.202719999999999,-10.2242,-0.659116965,0.7275372,0.172179735
1764505225.5915244,5.46308,-7.202719999999999,-10.2242,-0.659116965,0.7275372,0.172179735
1764505225.59252,5.46308,-7.202719999999999,-10.2242,-0.659116965,0.7275372,0.172179735
1764505225.59252,5.46308,-7.202719999999999,-10.2242,-0.659116965,0.7275372,0.172179735
1764505225.59252,5.46308,-7.202719999999999,-10.2242,-0.659116965,0.7275372,0.172179735
1764505225.5933716,5.46308,-7.202719999999999,-10.2242,-0.659116965,0.7275372,0.172179735
1764505225.5933716,5.46308,-7.202719999999999,-10.2242,-0.659116965,0.7275372,0.172179735
1764505225.5933716,5.46308,-7.202719999999999,-10.2242,-0.659116965,0.7275372,0.172179735
1764505225.5933716,5.46308,-7.202719999999999,-10.2242,-0.659116965,0.7275372,0.172179735
1764505225.5933716,1.03768,-13.00152,-13.09308,-0.650083785,0.743589405,0.17297319
1764505225.5933716,1.03768,-13.00152,-13.09308,-0.650083785,0.743589405,0.17297319
1764505225.5933716,1.03768,-13.00152,-13.09308,-0.650083785,0.743589405,0.17297319
1764505225.5933716,1.03768,-13.00152,-13.09308,-0.650083785,0.743589405,0.17297319
1764505225.5933716,1.03768,-13.00152,-13.09308,-0.650083785,0.743589405,0.17297319
1764505225.5933716,1.03768,-13.00152,-13.09308,-0.650083785,0.743589405,0.17297319
1764505225.5933716,1.03768,-13.00152,-13.09308,-0.650083785,0.743589405,0.17297319
1764505225.5933716,1.03768,-13.00152,-13.09308,-0.650083785,0.743589405,0.17297319
1764505225.634189,1.03768,-13.00152,-13.09308,-0.650083785,0.743589405,0.17297319
1764505225.634189,1.03768,-13.00152,-13.09308,-0.650083785,0.743589405,0.17297319
1764505225.634189,0.59514,-11.96384,-11.88754,-0.639219555,0.75414846,0.179503935
1764505225.634189,0.59514,-11.96384,-11.88754,-0.639219555,0.75414846,0.179503935
1764505225.634189,0.59514,-11.96384,-11.88754,-0.639219555,0.75414846,0.179503935
1764505225.634189,0.59514,-11.96384,-11.88754,-0.639219555,0.75414846,0.179503935
1764505225.634189,0.59514,-11.96384,-11.88754,-0.639219555,0.75414846,0.179503935
1764505225.635214,0.59514,-11.96384,-11.88754,-0.639219555,0.75414846,0.179503935
1764505225.635214,0.59514,-11.96384,-11.88754,-0.639219555,0.75414846,0.179503935
1764505225.635214,0.59514,-11.96384,-11.88754,-0.639219555,0.75414846,0.179503935
1764505225.635214,0.59514,-11.96384,-11.88754,-0.639219555,0.75414846,0.179503935
1764505225.635214,0.59514,-11.96384,-11.88754,-0.639219555,0.75414846,0.179503935
1764505225.635214,-12.6658,-1.51074,-10.36154,-0.628599465,0.75878712,0.17663529
1764505225.635214,-12.6658,-1.51074,-10.36154,-0.628599465,0.75878712,0.17663529
1764505225.635214,-12.6658,-1.51074,-10.36154,-0.628599465,0.75878712,0.17663529
1764505225.635214,-12.6658,-1.51074,-10.36154,-0.628599465,0.75878712,0.17663529
1764505225.635214,-12.6658,-1.51074,-10.36154,-0.628599465,0.75878712,0.17663529
1764505225.635214,-12.6658,-1.51074,-10.36154,-0.628599465,0.75878712,0.17663529
1764505225.6365602,-12.6658,-1.51074,-10.36154,-0.628599465,0.75878712,0.17663529
1764505225.6365602,-12.6658,-1.51074,-10.36154,-0.628599465,0.75878712,0.17663529
1764505225.6365602,-12.6658,-1.51074,-10.36154,-0.628599465,0.75878712,0.17663529
1764505225.6365602,-12.6658,-1.51074,-10.36154,-0.628599465,0.75878712,0.17663529
1764505225.6835687,-24.15658,10.95668,-9.6138,-0.622129755,0.75353811,0.163512765
1764505225.6835687,-24.15658,10.95668,-9.6138,-0.622129755,0.75353811,0.163512765
1764505225.6835687,-24.15658,10.95668,-9.6138,-0.622129755,0.75353811,0.163512765
1764505225.6835687,-24.15658,10.95668,-9.6138,-0.622129755,0.75353811,0.163512765
1764505225.6835687,-24.15658,10.95668,-9.6138,-0.622129755,0.75353811,0.163512765
1764505225.6841094,-24.15658,10.95668,-9.6138,-0.622129755,0.75353811,0.163512765
1764505225.6841094,-24.15658,10.95668,-9.6138,-0.622129755,0.75353811,0.163512765
1764505225.6841094,-24.15658,10.95668,-9.6138,-0.622129755,0.75353811,0.163512765
1764505225.6841094,-24.15658,10.95668,-9.6138,-0.622129755,0.75353811,0.163512765
1764505225.6841094,-24.15658,10.95668,-9.6138,-0.622129755,0.75353811,0.163512765
1764505225.6841094,-26.30824,10.92616,-9.0034,-0.624204945,0.73754694,0.15734823
1764505225.6841094,-26.30824,10.92616,-9.0034,-0.624204945,0.73754694,0.15734823
1764505225.6841094,-26.30824,10.92616,-9.0034,-0.624204945,0.73754694,0.15734823
1764505225.6841094,-26.30824,10.92616,-9.0034,-0.624204945,0.73754694,0.15734823
1764505225.6841094,-26.30824,10.92616,-9.0034,-0.624204945,0.73754694,0.15734823
1764505225.6841094,-26.30824,10.92616,-9.0034,-0.624204945,0.73754694,0.15734823
1764505225.6841094,-26.30824,10.92616,-9.0034,-0.624204945,0.73754694,0.15734823
1764505225.6841094,-26.30824,10.92616,-9.0034,-0.624204945,0.73754694,0.15734823
1764505225.6841094,-26.30824,10.92616,-9.0034,-0.624204945,0.73754694,0.15734823
1764505225.6841094,-26.30824,10.92616,-9.0034,-0.624204945,0.73754694,0.15734823
1764505225.6841094,-22.26434,9.59854,-9.43068,-0.634764,0.723081645,0.15722616
1764505225.6841094,-22.26434,9.59854,-9.43068,-0.634764,0.723081645,0.15722616
1764505225.6841094,-22.26434,9.59854,-9.43068,-0.634764,0.723081645,0.15722616
1764505225.6841094,-22.26434,9.59854,-9.43068,-0.634764,0.723081645,0.15722616
1764505225.7295046,-22.26434,9.59854,-9.43068,-0.634764,0.723081645,0.15722616
1764505225.7295046,-22.26434,9.59854,-9.43068,-0.634764,0.723081645,0.15722616
1764505225.7295046,-22.26434,9.59854,-9.43068,-0.634764,0.723081645,0.15722616
1764505225.7315395,-22.26434,9.59854,-9.43068,-0.634764,0.723081645,0.15722616
1764505225.7315395,-22.26434,9.59854,-9.43068,-0.634764,0.723081645,0.15722616
1764505225.7315395,-22.26434,9.59854,-9.43068,-0.634764,0.723081645,0.15722616
1764505225.7315395,-16.11456,9.24756,-6.80596,-0.646421685,0.715391235,0.15478476
1764505225.7315395,-16.11456,9.24756,-6.80596,-0.646421685,0.715391235,0.15478476
1764505225.7315395,-16.11456,9.24756,-6.80596,-0.646421685,0.715391235,0.15478476
1764505225.7315395,-16.11456,9.24756,-6.80596,-0.646421685,0.715391235,0.15478476
1764505225.7315395,-16.11456,9.24756,-6.80596,-0.646421685,0.715391235,0.15478476
1764505225.7315395,-16.11456,9.24756,-6.80596,-0.646421685,0.715391235,0.15478476
1764505225.7315395,-16.11456,9.24756,-6.80596,-0.646421685,0.715391235,0.15478476
1764505225.7315395,-16.11456,9.24756,-6.80596,-0.646421685,0.715391235,0.15478476
1764505225.7315395,-16.11456,9.24756,-6.80596,-0.646421685,0.715391235,0.15478476
1764505225.7315395,-16.11456,9.24756,-6.80596,-0.646421685,0.715391235,0.15478476
1764505225.7315395,-13.84082,4.54748,-3.4335,-0.65978835,0.7141095000000001,0.149108505
1764505225.7315395,-13.84082,4.54748,-3.4335,-0.65978835,0.7141095000000001,0.149108505
1764505225.7325346,-13.84082,4.54748,-3.4335,-0.65978835,0.7141095000000001,0.149108505
1764505225.7325346,-13.84082,4.54748,-3.4335,-0.65978835,0.7141095000000001,0.149108505
1764505225.7325346,-13.84082,4.54748,-3.4335,-0.65978835,0.7141095000000001,0.149108505
1764505225.7325346,-13.84082,4.54748,-3.4335,-0.65978835,0.7141095000000001,0.149108505
1764505225.7330532,-13.84082,4.54748,-3.4335,-0.65978835,0.7141095000000001,0.149108505
1764505225.7330532,-13.84082,4.54748,-3.4335,-0.65978835,0.7141095000000001,0.149108505
1764505225.781556,-13.84082,4.54748,-3.4335,-0.65978835,0.7141095000000001,0.149108505
1764505225.781556,-13.84082,4.54748,-3.4335,-0.65978835,0.7141095000000001,0.149108505
1764505225.781556,-1.43444,-1.57178,3.44876,-0.671446035,0.70629702,0.15405234
1764505225.781556,-1.43444,-1.57178,3.44876,-0.671446035,0.70629702,0.15405234
1764505225.781556,-1.43444,-1.57178,3.44876,-0.671446035,0.70629702,0.15405234
1764505225.781556,-1.43444,-1.57178,3.44876,-0.671446035,0.70629702,0.15405234
1764505225.781556,-1.43444,-1.57178,3.44876,-0.671446035,0.70629702,0.15405234
1764505225.781556,-1.43444,-1.57178,3.44876,-0.671446035,0.70629702,0.15405234
1764505225.781556,-1.43444,-1.57178,3.44876,-0.671446035,0.70629702,0.15405234
1764505225.781556,-1.43444,-1.57178,3.44876,-0.671446035,0.70629702,0.15405234
1764505225.781556,-1.43444,-1.57178,3.44876,-0.671446035,0.70629702,0.15405234
1764505225.781556,-1.43444,-1.57178,3.44876,-0.671446035,0.70629702,0.15405234
1764505225.781556,4.959499999999999,-2.31952,4.70008,-0.67565745,0.699522135,0.160216875
1764505225.781556,4.959499999999999,-2.31952,4.70008,-0.67565745,0.699522135,0.160216875
1764505225.781556,4.959499999999999,-2.31952,4.70008,-0.67565745,0.699522135,0.160216875
1764505225.781556,4.959499999999999,-2.31952,4.70008,-0.67565745,0.699522135,0.160216875
1764505225.781556,4.959499999999999,-2.31952,4.70008,-0.67565745,0.699522135,0.160216875
1764505225.781556,4.959499999999999,-2.31952,4.70008,-0.67565745,0.699522135,0.160216875
1764505225.781556,4.959499999999999,-2.31952,4.70008,-0.67565745,0.699522135,0.160216875
1764505225.781556,4.959499999999999,-2.31952,4.70008,-0.67565745,0.699522135,0.160216875
1764505225.781556,4.959499999999999,-2.31952,4.70008,-0.67565745,0.699522135,0.160216875
1764505225.781556,4.959499999999999,-2.31952,4.70008,-0.67565745,0.699522135,0.160216875
1764505225.781556,8.27092,0.85456,3.64714,-0.675108135,0.698545575,0.160583085
1764505225.781556,8.27092,0.85456,3.64714,-0.675108135,0.698545575,0.160583085
1764505225.8233733,8.27092,0.85456,3.64714,-0.675108135,0.698545575,0.160583085
1764505225.8233733,8.27092,0.85456,3.64714,-0.675108135,0.698545575,0.160583085
1764505225.8233733,8.27092,0.85456,3.64714,-0.675108135,0.698545575,0.160583085
1764505225.8233733,8.27092,0.85456,3.64714,-0.675108135,0.698545575,0.160583085
1764505225.824586,8.27092,0.85456,3.64714,-0.675108135,0.698545575,0.160583085
1764505225.824586,8.27092,0.85456,3.64714,-0.675108135,0.698545575,0.160583085
1764505225.824586,8.27092,0.85456,3.64714,-0.675108135,0.698545575,0.160583085
1764505225.825586,8.27092,0.85456,3.64714,-0.675108135,0.698545575,0.160583085
1764505225.825586,-0.6103999999999999,7.14168,3.26564,-0.675718485,0.70947084,0.153747165
1764505225.8265867,-0.6103999999999999,7.14168,3.26564,-0.675718485,0.70947084,0.153747165
1764505225.8265867,-0.6103999999999999,7.14168,3.26564,-0.675718485,0.70947084,0.153747165
1764505225.8265867,-0.6103999999999999,7.14168,3.26564,-0.675718485,0.70947084,0.153747165
1764505225.8265867,-0.6103999999999999,7.14168,3.26564,-0.675718485,0.70947084,0.153747165
1764505225.8265867,-0.6103999999999999,7.14168,3.26564,-0.675718485,0.70947084,0.153747165
1764505225.8265867,-0.6103999999999999,7.14168,3.26564,-0.675718485,0.70947084,0.153747165
1764505225.8265867,-0.6103999999999999,7.14168,3.26564,-0.675718485,0.70947084,0.153747165
1764505225.8265867,-0.6103999999999999,7.14168,3.26564,-0.675718485,0.70947084,0.153747165
1764505225.8265867,-0.6103999999999999,7.14168,3.26564,-0.675718485,0.70947084,0.153747165
1764505225.8265867,-0.59514,3.08252,-1.73964,-0.6737653650000001,0.7219830150000001,0.151061625
1764505225.8265867,-0.59514,3.08252,-1.73964,-0.6737653650000001,0.7219830150000001,0.151061625
1764505225.8265867,-0.59514,3.08252,-1.73964,-0.6737653650000001,0.7219830150000001,0.151061625
1764505225.8265867,-0.59514,3.08252,-1.73964,-0.6737653650000001,0.7219830150000001,0.151061625
1764505225.8265867,-0.59514,3.08252,-1.73964,-0.6737653650000001,0.7219830150000001,0.151061625
1764505225.8265867,-0.59514,3.08252,-1.73964,-0.6737653650000001,0.7219830150000001,0.151061625
1764505225.8728251,-0.59514,3.08252,-1.73964,-0.6737653650000001,0.7219830150000001,0.151061625
1764505225.8728251,-0.59514,3.08252,-1.73964,-0.6737653650000001,0.7219830150000001,0.151061625
1764505225.8728251,-0.59514,3.08252,-1.73964,-0.6737653650000001,0.7219830150000001,0.151061625
1764505225.8728251,-0.59514,3.08252,-1.73964,-0.6737653650000001,0.7219830150000001,0.151061625
1764505225.8728251,0.24416,-1.03768,-11.2924,-0.662534925,0.73229793,0.15832479
1764505225.8728251,0.24416,-1.03768,-11.2924,-0.662534925,0.73229793,0.15832479
1764505225.8728251,0.24416,-1.03768,-11.2924,-0.662534925,0.73229793,0.15832479
1764505225.8728251,0.24416,-1.03768,-11.2924,-0.662534925,0.73229793,0.15832479
1764505225.8728251,0.24416,-1.03768,-11.2924,-0.662534925,0.73229793,0.15832479
1764505225.8728251,0.24416,-1.03768,-11.2924,-0.662534925,0.73229793,0.15832479
1764505225.8728251,0.24416,-1.03768,-11.2924,-0.662534925,0.73229793,0.15832479
1764505225.8728251,0.24416,-1.03768,-11.2924,-0.662534925,0.73229793,0.15832479
1764505225.87335,0.24416,-1.03768,-11.2924,-0.662534925,0.73229793,0.15832479
1764505225.87335,0.24416,-1.03768,-11.2924,-0.662534925,0.73229793,0.15832479
1764505225.87335,2.38056,0.0,-18.89188,-0.65160966,0.72949032,0.167419005
1764505225.87335,2.38056,0.0,-18.89188,-0.65160966,0.72949032,0.167419005
1764505225.87335,2.38056,0.0,-18.89188,-0.65160966,0.72949032,0.167419005
1764505225.87335,2.38056,0.0,-18.89188,-0.65160966,0.72949032,0.167419005
1764505225.87335,2.38056,0.0,-18.89188,-0.65160966,0.72949032,0.167419005
1764505225.87335,2.38056,0.0,-18.89188,-0.65160966,0.72949032,0.167419005
1764505225.87335,2.38056,0.0,-18.89188,-0.65160966,0.72949032,0.167419005
1764505225.87335,2.38056,0.0,-18.89188,-0.65160966,0.72949032,0.167419005
1764505225.87335,2.38056,0.0,-18.89188,-0.65160966,0.72949032,0.167419005
1764505225.87335,2.38056,0.0,-18.89188,-0.65160966,0.72949032,0.167419005
1764505225.9175098,-2.19744,6.027699999999999,-16.67918,-0.647886525,0.7203961050000001,0.171935595
1764505225.9175098,-2.19744,6.027699999999999,-16.67918,-0.647886525,0.7203961050000001,0.171935595
1764505225.9175098,-2.19744,6.027699999999999,-16.67918,-0.647886525,0.7203961050000001,0.171935595
1764505225.9175098,-2.19744,6.027699999999999,-16.67918,-0.647886525,0.7203961050000001,0.171935595
1764505225.9175098,-2.19744,6.027699999999999,-16.67918,-0.647886525,0.7203961050000001,0.171935595
1764505225.9175098,-2.19744,6.027699999999999,-16.67918,-0.647886525,0.7203961050000001,0.171935595
1764505225.9185293,-2.19744,6.027699999999999,-16.67918,-0.647886525,0.7203961050000001,0.171935595
1764505225.9185293,-2.19744,6.027699999999999,-16.67918,-0.647886525,0.7203961050000001,0.171935595
1764505225.9185293,-2.19744,6.027699999999999,-16.67918,-0.647886525,0.7203961050000001,0.171935595
1764505225.9185293,-2.19744,6.027699999999999,-16.67918,-0.647886525,0.7203961050000001,0.171935595
1764505225.9185293,0.1525999999999999,11.7502,-4.47118,-0.653013465,0.708677385,0.169616265
1764505225.9185293,0.1525999999999999,11.7502,-4.47118,-0.653013465,0.708677385,0.169616265
1764505225.9185293,0.1525999999999999,11.7502,-4.47118,-0.653013465,0.708677385,0.169616265
1764505225.9185293,0.1525999999999999,11.7502,-4.47118,-0.653013465,0.708677385,0.169616265
1764505225.9185293,0.1525999999999999,11.7502,-4.47118,-0.653013465,0.708677385,0.169616265
1764505225.9185293,0.1525999999999999,11.7502,-4.47118,-0.653013465,0.708677385,0.169616265
1764505225.9185293,0.1525999999999999,11.7502,-4.47118,-0.653013465,0.708677385,0.169616265
1764505225.9185293,0.1525999999999999,11.7502,-4.47118,-0.653013465,0.708677385,0.169616265
1764505225.9200628,0.1525999999999999,11.7502,-4.47118,-0.653013465,0.708677385,0.169616265
1764505225.9200628,0.1525999999999999,11.7502,-4.47118,-0.653013465,0.708677385,0.169616265
1764505225.9200628,7.84364,10.94142,7.370579999999999,-0.66088698,0.69775212,0.16540485
1764505225.9200628,7.84364,10.94142,7.370579999999999,-0.66088698,0.69775212,0.16540485
1764505225.9200628,7.84364,10.94142,7.370579999999999,-0.66088698,0.69775212,0.16540485
1764505225.9200628,7.84364,10.94142,7.370579999999999,-0.66088698,0.69775212,0.16540485
1764505225.9660273,7.84364,10.94142,7.370579999999999,-0.66088698,0.69775212,0.16540485
1764505225.9660273,7.84364,10.94142,7.370579999999999,-0.66088698,0.69775212,0.16540485
1764505225.9660273,7.84364,10.94142,7.370579999999999,-0.66088698,0.69775212,0.16540485
1764505225.9660273,7.84364,10.94142,7.370579999999999,-0.66088698,0.69775212,0.16540485
1764505225.9660273,7.84364,10.94142,7.370579999999999,-0.66088698,0.69775212,0.16540485
1764505225.9660273,7.84364,10.94142,7.370579999999999,-0.66088698,0.69775212,0.16540485
1764505225.9660273,4.33384,11.85702,12.17748,-0.67150707,0.68700996,0.158752035
1764505225.9660273,4.33384,11.85702,12.17748,-0.67150707,0.68700996,0.158752035
1764505225.9660273,4.33384,11.85702,12.17748,-0.67150707,0.68700996,0.158752035
1764505225.9660273,4.33384,11.85702,12.17748,-0.67150707,0.68700996,0.158752035
1764505225.9660273,4.33384,11.85702,12.17748,-0.67150707,0.68700996,0.158752035
1764505225.9660273,4.33384,11.85702,12.17748,-0.67150707,0.68700996,0.158752035
1764505225.9670534,4.33384,11.85702,12.17748,-0.67150707,0.68700996,0.158752035
1764505225.9670534,4.33384,11.85702,12.17748,-0.67150707,0.68700996,0.158752035
1764505225.9670534,4.33384,11.85702,12.17748,-0.67150707,0.68700996,0.158752035
1764505225.9670534,4.33384,11.85702,12.17748,-0.67150707,0.68700996,0.158752035
1764505225.9670534,-2.07536,9.96478,9.82744,-0.68871894,0.68090646,0.153380955
1764505225.9670534,-2.07536,9.96478,9.82744,-0.68871894,0.68090646,0.153380955
1764505225.9670534,-2.07536,9.96478,9.82744,-0.68871894,0.68090646,0.153380955
1764505225.9670534,-2.07536,9.96478,9.82744,-0.68871894,0.68090646,0.153380955
1764505226.0127623,-2.07536,9.96478,9.82744,-0.68871894,0.68090646,0.153380955
1764505226.0127623,-2.07536,9.96478,9.82744,-0.68871894,0.68090646,0.153380955
1764505226.0127623,-2.07536,9.96478,9.82744,-0.68871894,0.68090646,0.153380955
1764505226.0127623,-2.07536,9.96478,9.82744,-0.68871894,0.68090646,0.153380955
1764505226.0127623,-2.07536,9.96478,9.82744,-0.68871894,0.68090646,0.153380955
1764505226.0127623,-2.07536,9.96478,9.82744,-0.68871894,0.68090646,0.153380955
1764505226.0127623,0.48832,-0.96138,5.73776,-0.701841465,0.676695045,0.155822355
1764505226.0127623,0.48832,-0.96138,5.73776,-0.701841465,0.676695045,0.155822355
1764505226.0127623,0.48832,-0.96138,5.73776,-0.701841465,0.676695045,0.155822355
1764505226.0127623,0.48832,-0.96138,5.73776,-0.701841465,0.676695045,0.155822355
1764505226.0127623,0.48832,-0.96138,5.73776,-0.701841465,0.676695045,0.155822355
1764505226.0127623,0.48832,-0.96138,5.73776,-0.701841465,0.676695045,0.155822355
1764505226.0127623,0.48832,-0.96138,5.73776,-0.701841465,0.676695045,0.155822355
1764505226.0127623,0.48832,-0.96138,5.73776,-0.701841465,0.676695045,0.155822355
1764505226.0127623,0.48832,-0.96138,5.73776,-0.701841465,0.676695045,0.155822355
1764505226.0127623,0.48832,-0.96138,5.73776,-0.701841465,0.676695045,0.155822355
1764505226.0127623,6.66862,-3.86078,0.36624,-0.699033855,0.666807375,0.159240315
1764505226.0137744,6.66862,-3.86078,0.36624,-0.699033855,0.666807375,0.159240315
1764505226.0137744,6.66862,-3.86078,0.36624,-0.699033855,0.666807375,0.159240315
1764505226.0137744,6.66862,-3.86078,0.36624,-0.699033855,0.666807375,0.159240315
1764505226.0137744,6.66862,-3.86078,0.36624,-0.699033855,0.666807375,0.159240315
1764505226.0137744,6.66862,-3.86078,0.36624,-0.699033855,0.666807375,0.159240315
1764505226.0137744,6.66862,-3.86078,0.36624,-0.699033855,0.666807375,0.159240315
1764505226.0137744,6.66862,-3.86078,0.36624,-0.699033855,0.666807375,0.159240315
1764505226.0620234,6.66862,-3.86078,0.36624,-0.699033855,0.666807375,0.159240315
1764505226.0620234,6.66862,-3.86078,0.36624,-0.699033855,0.666807375,0.159240315
1764505226.0620234,17.91524,0.88508,-1.57178,-0.691465515,0.65380692,0.16137654
1764505226.0620234,17.91524,0.88508,-1.57178,-0.691465515,0.65380692,0.16137654
1764505226.0620234,17.91524,0.88508,-1.57178,-0.691465515,0.65380692,0.16137654
1764505226.0620234,17.91524,0.88508,-1.57178,-0.691465515,0.65380692,0.16137654
1764505226.0620234,17.91524,0.88508,-1.57178,-0.691465515,0.65380692,0.16137654
1764505226.0620234,17.91524,0.88508,-1.57178,-0.691465515,0.65380692,0.16137654
1764505226.0620234,17.91524,0.88508,-1.57178,-0.691465515,0.65380692,0.16137654
1764505226.0620234,17.91524,0.88508,-1.57178,-0.691465515,0.65380692,0.16137654
1764505226.0620234,17.91524,0.88508,-1.57178,-0.691465515,0.65380692,0.16137654
1764505226.0620234,17.91524,0.88508,-1.57178,-0.691465515,0.65380692,0.16137654
1764505226.0620234,22.31012,5.371519999999999,3.69292,-0.690611025,0.647886525,0.15808065
1764505226.0620234,22.31012,5.371519999999999,3.69292,-0.690611025,0.647886525,0.15808065
1764505226.0620234,22.31012,5.371519999999999,3.69292,-0.690611025,0.647886525,0.15808065
1764505226.0620234,22.31012,5.371519999999999,3.69292,-0.690611025,0.647886525,0.15808065
1764505226.0620234,22.31012,5.371519999999999,3.69292,-0.690611025,0.647886525,0.15808065
1764505226.0620234,22.31012,5.371519999999999,3.69292,-0.690611025,0.647886525,0.15808065
1764505226.0620234,22.31012,5.371519999999999,3.69292,-0.690611025,0.647886525,0.15808065
1764505226.0620234,22.31012,5.371519999999999,3.69292,-0.690611025,0.647886525,0.15808065
1764505226.0620234,22.31012,5.371519999999999,3.69292,-0.690611025,0.647886525,0.15808065
1764505226.0620234,22.31012,5.371519999999999,3.69292,-0.690611025,0.647886525,0.15808065
1764505226.0620234,26.44558,3.47928,8.65242,-0.69506658,0.65734695,0.15881307
1764505226.0620234,26.44558,3.47928,8.65242,-0.69506658,0.65734695,0.15881307
1764505226.107951,26.44558,3.47928,8.65242,-0.69506658,0.65734695,0.15881307
1764505226.107951,26.44558,3.47928,8.65242,-0.69506658,0.65734695,0.15881307
1764505226.107951,26.44558,3.47928,8.65242,-0.69506658,0.65734695,0.15881307
1764505226.107951,26.44558,3.47928,8.65242,-0.69506658,0.65734695,0.15881307
1764505226.107951,26.44558,3.47928,8.65242,-0.69506658,0.65734695,0.15881307
1764505226.107951,26.44558,3.47928,8.65242,-0.69506658,0.65734695,0.15881307
1764505226.107951,26.44558,3.47928,8.65242,-0.69506658,0.65734695,0.15881307
1764505226.107951,26.44558,3.47928,8.65242,-0.69506658,0.65734695,0.15881307
1764505226.107951,17.38114,1.2208,5.67672,-0.693418635,0.67663401,0.160705155
1764505226.107951,17.38114,1.2208,5.67672,-0.693418635,0.67663401,0.160705155
1764505226.107951,17.38114,1.2208,5.67672,-0.693418635,0.67663401,0.160705155
1764505226.107951,17.38114,1.2208,5.67672,-0.693418635,0.67663401,0.160705155
1764505226.107951,17.38114,1.2208,5.67672,-0.693418635,0.67663401,0.160705155
1764505226.107951,17.38114,1.2208,5.67672,-0.693418635,0.67663401,0.160705155
1764505226.107951,17.38114,1.2208,5.67672,-0.693418635,0.67663401,0.160705155
1764505226.107951,17.38114,1.2208,5.67672,-0.693418635,0.67663401,0.160705155
1764505226.107951,17.38114,1.2208,5.67672,-0.693418635,0.67663401,0.160705155
1764505226.107951,17.38114,1.2208,5.67672,-0.693418635,0.67663401,0.160705155
1764505226.107951,-3.2046,4.54748,-1.00716,-0.68395821,0.69970524,0.158385825
1764505226.107951,-3.2046,4.54748,-1.00716,-0.68395821,0.69970524,0.158385825
1764505226.1094692,-3.2046,4.54748,-1.00716,-0.68395821,0.69970524,0.158385825
1764505226.1094692,-3.2046,4.54748,-1.00716,-0.68395821,0.69970524,0.158385825
1764505226.1094692,-3.2046,4.54748,-1.00716,-0.68395821,0.69970524,0.158385825
1764505226.1094692,-3.2046,4.54748,-1.00716,-0.68395821,0.69970524,0.158385825
1764505226.1509447,-3.2046,4.54748,-1.00716,-0.68395821,0.69970524,0.158385825
1764505226.1509447,-3.2046,4.54748,-1.00716,-0.68395821,0.69970524,0.158385825
1764505226.1509447,-3.2046,4.54748,-1.00716,-0.68395821,0.69970524,0.158385825
1764505226.1509447,-3.2046,4.54748,-1.00716,-0.68395821,0.69970524,0.158385825
1764505226.1509447,-24.9501,11.70442,-4.68482,-0.6738264,0.71423157,0.148742295
1764505226.1509447,-24.9501,11.70442,-4.68482,-0.6738264,0.71423157,0.148742295
1764505226.1509447,-24.9501,11.70442,-4.68482,-0.6738264,0.71423157,0.148742295
1764505226.1509447,-24.9501,11.70442,-4.68482,-0.6738264,0.71423157,0.148742295
1764505226.1509447,-24.9501,11.70442,-4.68482,-0.6738264,0.71423157,0.148742295
1764505226.1509447,-24.9501,11.70442,-4.68482,-0.6738264,0.71423157,0.148742295
1764505226.1524856,-24.9501,11.70442,-4.68482,-0.6738264,0.71423157,0.148742295
1764505226.1524856,-24.9501,11.70442,-4.68482,-0.6738264,0.71423157,0.148742295
1764505226.1524856,-24.9501,11.70442,-4.68482,-0.6738264,0.71423157,0.148742295
1764505226.1524856,-24.9501,11.70442,-4.68482,-0.6738264,0.71423157,0.148742295
1764505226.1524856,-30.73364,13.39828,-5.81406,-0.66808911,0.71813781,0.14428674
1764505226.1524856,-30.73364,13.39828,-5.81406,-0.66808911,0.71813781,0.14428674
1764505226.1524856,-30.73364,13.39828,-5.81406,-0.66808911,0.71813781,0.14428674
1764505226.1524856,-30.73364,13.39828,-5.81406,-0.66808911,0.71813781,0.14428674
1764505226.1524856,-30.73364,13.39828,-5.81406,-0.66808911,0.71813781,0.14428674
1764505226.1524856,-30.73364,13.39828,-5.81406,-0.66808911,0.71813781,0.14428674
1764505226.1524856,-30.73364,13.39828,-5.81406,-0.66808911,0.71813781,0.14428674
1764505226.1524856,-30.73364,13.39828,-5.81406,-0.66808911,0.71813781,0.14428674
1764505226.1524856,-30.73364,13.39828,-5.81406,-0.66808911,0.71813781,0.14428674
1764505226.1524856,-30.73364,13.39828,-5.81406,-0.66808911,0.71813781,0.14428674
1764505226.1976185,-15.3363,6.45498,-4.15072,-0.6674787600000001,0.709531875,0.14941368
1764505226.1976185,-15.3363,6.45498,-4.15072,-0.6674787600000001,0.709531875,0.14941368
1764505226.1976185,-15.3363,6.45498,-4.15072,-0.6674787600000001,0.709531875,0.14941368
1764505226.1976185,-15.3363,6.45498,-4.15072,-0.6674787600000001,0.709531875,0.14941368
1764505226.1976185,-15.3363,6.45498,-4.15072,-0.6674787600000001,0.709531875,0.14941368
1764505226.1976185,-15.3363,6.45498,-4.15072,-0.6674787600000001,0.709531875,0.14941368
1764505226.1976185,-15.3363,6.45498,-4.15072,-0.6674787600000001,0.709531875,0.14941368
1764505226.1976185,-15.3363,6.45498,-4.15072,-0.6674787600000001,0.709531875,0.14941368
1764505226.1976185,-15.3363,6.45498,-4.15072,-0.6674787600000001,0.709531875,0.14941368
1764505226.1976185,-15.3363,6.45498,-4.15072,-0.6674787600000001,0.709531875,0.14941368
1764505226.1991296,-5.1884,8.95762,-3.25038,-0.66515943,0.69543279,0.15124473
1764505226.1991296,-5.1884,8.95762,-3.25038,-0.66515943,0.69543279,0.15124473
1764505226.1991296,-5.1884,8.95762,-3.25038,-0.66515943,0.69543279,0.15124473
1764505226.1991296,-5.1884,8.95762,-3.25038,-0.66515943,0.69543279,0.15124473
1764505226.200678,-5.1884,8.95762,-3.25038,-0.66515943,0.69543279,0.15124473
1764505226.200678,-5.1884,8.95762,-3.25038,-0.66515943,0.69543279,0.15124473
1764505226.200678,-5.1884,8.95762,-3.25038,-0.66515943,0.69543279,0.15124473
1764505226.200678,-5.1884,8.95762,-3.25038,-0.66515943,0.69543279,0.15124473
1764505226.200678,-5.1884,8.95762,-3.25038,-0.66515943,0.69543279,0.15124473
1764505226.200678,-5.1884,8.95762,-3.25038,-0.66515943,0.69543279,0.15124473
1764505226.200678,-6.5618,15.67202,-5.234179999999999,-0.66393873,0.6900006750000001,0.145080195
1764505226.200678,-6.5618,15.67202,-5.234179999999999,-0.66393873,0.6900006750000001,0.145080195
1764505226.200678,-6.5618,15.67202,-5.234179999999999,-0.66393873,0.6900006750000001,0.145080195
1764505226.200678,-6.5618,15.67202,-5.234179999999999,-0.66393873,0.6900006750000001,0.145080195
1764505226.2437208,-6.5618,15.67202,-5.234179999999999,-0.66393873,0.6900006750000001,0.145080195
1764505226.2437208,-6.5618,15.67202,-5.234179999999999,-0.66393873,0.6900006750000001,0.145080195
1764505226.2437208,-6.5618,15.67202,-5.234179999999999,-0.66393873,0.6900006750000001,0.145080195
1764505226.2437208,-6.5618,15.67202,-5.234179999999999,-0.66393873,0.6900006750000001,0.145080195
1764505226.2437208,-6.5618,15.67202,-5.234179999999999,-0.66393873,0.6900006750000001,0.145080195
1764505226.2437208,-6.5618,15.67202,-5.234179999999999,-0.66393873,0.6900006750000001,0.145080195
1764505226.2437208,-7.0196,20.601,-1.7549,-0.662046645,0.69360174,0.140075325
1764505226.2437208,-7.0196,20.601,-1.7549,-0.662046645,0.69360174,0.140075325
1764505226.2437208,-7.0196,20.601,-1.7549,-0.662046645,0.69360174,0.140075325
1764505226.2437208,-7.0196,20.601,-1.7549,-0.662046645,0.69360174,0.140075325
1764505226.2437208,-7.0196,20.601,-1.7549,-0.662046645,0.69360174,0.140075325
1764505226.2437208,-7.0196,20.601,-1.7549,-0.662046645,0.69360174,0.140075325
1764505226.2437208,-7.0196,20.601,-1.7549,-0.662046645,0.69360174,0.140075325
1764505226.2437208,-7.0196,20.601,-1.7549,-0.662046645,0.69360174,0.140075325
1764505226.2437208,-7.0196,20.601,-1.7549,-0.662046645,0.69360174,0.140075325
1764505226.2437208,-7.0196,20.601,-1.7549,-0.662046645,0.69360174,0.140075325
1764505226.2437208,7.7063,12.7421,17.83894,-0.683897175,0.719419545,0.14318811
1764505226.2437208,7.7063,12.7421,17.83894,-0.683897175,0.719419545,0.14318811
1764505226.2437208,7.7063,12.7421,17.83894,-0.683897175,0.719419545,0.14318811
1764505226.2437208,7.7063,12.7421,17.83894,-0.683897175,0.719419545,0.14318811
1764505226.2932508,7.7063,12.7421,17.83894,-0.683897175,0.719419545,0.14318811
1764505226.2932508,7.7063,12.7421,17.83894,-0.683897175,0.719419545,0.14318811
1764505226.2932508,7.7063,12.7421,17.83894,-0.683897175,0.719419545,0.14318811
1764505226.2942612,7.7063,12.7421,17.83894,-0.683897175,0.719419545,0.14318811
1764505226.2942612,7.7063,12.7421,17.83894,-0.683897175,0.719419545,0.14318811
1764505226.2942612,7.7063,12.7421,17.83894,-0.683897175,0.719419545,0.14318811
1764505226.2942612,14.39018,-0.47306,17.2438,-0.690855165,0.72949032,0.148376085
1764505226.2952735,14.39018,-0.47306,17.2438,-0.690855165,0.72949032,0.148376085
1764505226.2952735,14.39018,-0.47306,17.2438,-0.690855165,0.72949032,0.148376085
1764505226.2952735,14.39018,-0.47306,17.2438,-0.690855165,0.72949032,0.148376085
1764505226.2952735,14.39018,-0.47306,17.2438,-0.690855165,0.72949032,0.148376085
1764505226.2952735,14.39018,-0.47306,17.2438,-0.690855165,0.72949032,0.148376085
1764505226.2952735,14.39018,-0.47306,17.2438,-0.690855165,0.72949032,0.148376085
1764505226.2952735,14.39018,-0.47306,17.2438,-0.690855165,0.72949032,0.148376085
1764505226.2952735,14.39018,-0.47306,17.2438,-0.690855165,0.72949032,0.148376085
1764505226.2952735,14.39018,-0.47306,17.2438,-0.690855165,0.72949032,0.148376085
1764505226.2952735,10.16316,3.78448,12.95574,-0.681211635,0.7351055400000001,0.14489709
1764505226.2952735,10.16316,3.78448,12.95574,-0.681211635,0.7351055400000001,0.14489709
1764505226.2952735,10.16316,3.78448,12.95574,-0.681211635,0.7351055400000001,0.14489709
1764505226.2952735,10.16316,3.78448,12.95574,-0.681211635,0.7351055400000001,0.14489709
1764505226.2952735,10.16316,3.78448,12.95574,-0.681211635,0.7351055400000001,0.14489709
1764505226.2952735,10.16316,3.78448,12.95574,-0.681211635,0.7351055400000001,0.14489709
1764505226.2962663,10.16316,3.78448,12.95574,-0.681211635,0.7351055400000001,0.14489709
1764505226.2962663,10.16316,3.78448,12.95574,-0.681211635,0.7351055400000001,0.14489709
1764505226.3399646,10.16316,3.78448,12.95574,-0.681211635,0.7351055400000001,0.14489709
1764505226.3399646,10.16316,3.78448,12.95574,-0.681211635,0.7351055400000001,0.14489709
1764505226.3399646,-0.88508,9.65958,7.7063,-0.672422595,0.74169732,0.144469845
1764505226.3399646,-0.88508,9.65958,7.7063,-0.672422595,0.74169732,0.144469845
1764505226.3399646,-0.88508,9.65958,7.7063,-0.672422595,0.74169732,0.144469845
1764505226.3399646,-0.88508,9.65958,7.7063,-0.672422595,0.74169732,0.144469845
1764505226.3399646,-0.88508,9.65958,7.7063,-0.672422595,0.74169732,0.144469845
1764505226.3399646,-0.88508,9.65958,7.7063,-0.672422595,0.74169732,0.144469845
1764505226.3399646,-0.88508,9.65958,7.7063,-0.672422595,0.74169732,0.144469845
1764505226.3399646,-0.88508,9.65958,7.7063,-0.672422595,0.74169732,0.144469845
1764505226.3399646,-0.88508,9.65958,7.7063,-0.672422595,0.74169732,0.144469845
1764505226.3399646,-0.88508,9.65958,7.7063,-0.672422595,0.74169732,0.144469845
1764505226.3399646,-5.43256,8.34722,5.35626,-0.66833325,0.737607975,0.14453088
1764505226.34098,-5.43256,8.34722,5.35626,-0.66833325,0.737607975,0.14453088
1764505226.34098,-5.43256,8.34722,5.35626,-0.66833325,0.737607975,0.14453088
1764505226.34098,-5.43256,8.34722,5.35626,-0.66833325,0.737607975,0.14453088
1764505226.34098,-5.43256,8.34722,5.35626,-0.66833325,0.737607975,0.14453088
1764505226.34098,-5.43256,8.34722,5.35626,-0.66833325,0.737607975,0.14453088
1764505226.34098,-5.43256,8.34722,5.35626,-0.66833325,0.737607975,0.14453088
1764505226.34098,-5.43256,8.34722,5.35626,-0.66833325,0.737607975,0.14453088
1764505226.34098,-5.43256,8.34722,5.35626,-0.66833325,0.737607975,0.14453088
1764505226.34098,-5.43256,8.34722,5.35626,-0.66833325,0.737607975,0.14453088
1764505226.34098,-9.9953,10.66674,5.08158,-0.6648542550000001,0.726011325,0.140441535
1764505226.34098,-9.9953,10.66674,5.08158,-0.6648542550000001,0.726011325,0.140441535
1764505226.3895905,-9.9953,10.66674,5.08158,-0.6648542550000001,0.726011325,0.140441535
1764505226.3895905,-9.9953,10.66674,5.08158,-0.6648542550000001,0.726011325,0.140441535
1764505226.3895905,-9.9953,10.66674,5.08158,-0.6648542550000001,0.726011325,0.140441535
1764505226.3895905,-9.9953,10.66674,5.08158,-0.6648542550000001,0.726011325,0.140441535
1764505226.3904884,-9.9953,10.66674,5.08158,-0.6648542550000001,0.726011325,0.140441535
1764505226.3904884,-9.9953,10.66674,5.08158,-0.6648542550000001,0.726011325,0.140441535
1764505226.3904884,-9.9953,10.66674,5.08158,-0.6648542550000001,0.726011325,0.140441535
1764505226.3904884,-9.9953,10.66674,5.08158,-0.6648542550000001,0.726011325,0.140441535
1764505226.3904884,-21.24192,10.9872,4.68482,-0.66467115,0.716245725,0.136291155
1764505226.3914828,-21.24192,10.9872,4.68482,-0.66467115,0.716245725,0.136291155
1764505226.3914828,-21.24192,10.9872,4.68482,-0.66467115,0.716245725,0.136291155
1764505226.3914828,-21.24192,10.9872,4.68482,-0.66467115,0.716245725,0.136291155
1764505226.3914828,-21.24192,10.9872,4.68482,-0.66467115,0.716245725,0.136291155
1764505226.3914828,-21.24192,10.9872,4.68482,-0.66467115,0.716245725,0.136291155
1764505226.3914828,-21.24192,10.9872,4.68482,-0.66467115,0.716245725,0.136291155
1764505226.3914828,-21.24192,10.9872,4.68482,-0.66467115,0.716245725,0.136291155
1764505226.3914828,-21.24192,10.9872,4.68482,-0.66467115,0.716245725,0.136291155
1764505226.3914828,-21.24192,10.9872,4.68482,-0.66467115,0.716245725,0.136291155
1764505226.3914828,-27.68164,8.91184,4.25754,-0.667295655,0.7116681,0.134093895
1764505226.3914828,-27.68164,8.91184,4.25754,-0.667295655,0.7116681,0.134093895
1764505226.3914828,-27.68164,8.91184,4.25754,-0.667295655,0.7116681,0.134093895
1764505226.3914828,-27.68164,8.91184,4.25754,-0.667295655,0.7116681,0.134093895
1764505226.3914828,-27.68164,8.91184,4.25754,-0.667295655,0.7116681,0.134093895
1764505226.3914828,-27.68164,8.91184,4.25754,-0.667295655,0.7116681,0.134093895
1764505226.433762,-27.68164,8.91184,4.25754,-0.667295655,0.7116681,0.134093895
1764505226.433762,-27.68164,8.91184,4.25754,-0.667295655,0.7116681,0.134093895
1764505226.433762,-27.68164,8.91184,4.25754,-0.667295655,0.7116681,0.134093895
1764505226.433762,-27.68164,8.91184,4.25754,-0.667295655,0.7116681,0.134093895
1764505226.433762,-20.96724,4.92898,4.4254,-0.66784497,0.707212545,0.13525356
1764505226.433762,-20.96724,4.92898,4.4254,-0.66784497,0.707212545,0.13525356
1764505226.433762,-20.96724,4.92898,4.4254,-0.66784497,0.707212545,0.13525356
1764505226.433762,-20.96724,4.92898,4.4254,-0.66784497,0.707212545,0.13525356
1764505226.433762,-20.96724,4.92898,4.4254,-0.66784497,0.707212545,0.13525356
1764505226.433762,-20.96724,4.92898,4.4254,-0.66784497,0.707212545,0.13525356
1764505226.433762,-20.96724,4.92898,4.4254,-0.66784497,0.707212545,0.13525356
1764505226.433762,-20.96724,4.92898,4.4254,-0.66784497,0.707212545,0.13525356
1764505226.433762,-20.96724,4.92898,4.4254,-0.66784497,0.707212545,0.13525356
1764505226.433762,-20.96724,4.92898,4.4254,-0.66784497,0.707212545,0.13525356
1764505226.433762,-10.8346,5.38678,3.11304,-0.66576978,0.69872868,0.13293423
1764505226.433762,-10.8346,5.38678,3.11304,-0.66576978,0.69872868,0.13293423
1764505226.433762,-10.8346,5.38678,3.11304,-0.66576978,0.69872868,0.13293423
1764505226.433762,-10.8346,5.38678,3.11304,-0.66576978,0.69872868,0.13293423
1764505226.433762,-10.8346,5.38678,3.11304,-0.66576978,0.69872868,0.13293423
1764505226.433762,-10.8346,5.38678,3.11304,-0.66576978,0.69872868,0.13293423
1764505226.433762,-10.8346,5.38678,3.11304,-0.66576978,0.69872868,0.13293423
1764505226.433762,-10.8346,5.38678,3.11304,-0.66576978,0.69872868,0.13293423
1764505226.433762,-10.8346,5.38678,3.11304,-0.66576978,0.69872868,0.13293423
1764505226.433762,-10.8346,5.38678,3.11304,-0.66576978,0.69872868,0.13293423
1764505226.480728,-2.80784,6.546539999999999,2.85362,-0.664976325,0.69201483,0.126159345
1764505226.480728,-2.80784,6.546539999999999,2.85362,-0.664976325,0.69201483,0.126159345
1764505226.480728,-2.80784,6.546539999999999,2.85362,-0.664976325,0.69201483,0.126159345
1764505226.480728,-2.80784,6.546539999999999,2.85362,-0.664976325,0.69201483,0.126159345
1764505226.480728,-2.80784,6.546539999999999,2.85362,-0.664976325,0.69201483,0.126159345
1764505226.480728,-2.80784,6.546539999999999,2.85362,-0.664976325,0.69201483,0.126159345
1764505226.480728,-2.80784,6.546539999999999,2.85362,-0.664976325,0.69201483,0.126159345
1764505226.480728,-2.80784,6.546539999999999,2.85362,-0.664976325,0.69201483,0.126159345
1764505226.480728,-2.80784,6.546539999999999,2.85362,-0.664976325,0.69201483,0.126159345
1764505226.480728,-2.80784,6.546539999999999,2.85362,-0.664976325,0.69201483,0.126159345
1764505226.481762,2.12114,5.05106,5.40204,-0.665098395,0.69433416,0.122131035
1764505226.481762,2.12114,5.05106,5.40204,-0.665098395,0.69433416,0.122131035
1764505226.481762,2.12114,5.05106,5.40204,-0.665098395,0.69433416,0.122131035
1764505226.481762,2.12114,5.05106,5.40204,-0.665098395,0.69433416,0.122131035
1764505226.481762,2.12114,5.05106,5.40204,-0.665098395,0.69433416,0.122131035
1764505226.481762,2.12114,5.05106,5.40204,-0.665098395,0.69433416,0.122131035
1764505226.481762,2.12114,5.05106,5.40204,-0.665098395,0.69433416,0.122131035
1764505226.481762,2.12114,5.05106,5.40204,-0.665098395,0.69433416,0.122131035
1764505226.481762,2.12114,5.05106,5.40204,-0.665098395,0.69433416,0.122131035
1764505226.481762,2.12114,5.05106,5.40204,-0.665098395,0.69433416,0.122131035
1764505226.481762,3.15882,5.7225,8.118319999999999,-0.663511485,0.702818025,0.11852997
1764505226.481762,3.15882,5.7225,8.118319999999999,-0.663511485,0.702818025,0.11852997
1764505226.481762,3.15882,5.7225,8.118319999999999,-0.663511485,0.702818025,0.11852997
1764505226.481762,3.15882,5.7225,8.118319999999999,-0.663511485,0.702818025,0.11852997
1764505226.526098,3.15882,5.7225,8.118319999999999,-0.663511485,0.702818025,0.11852997
1764505226.5266306,3.15882,5.7225,8.118319999999999,-0.663511485,0.702818025,0.11852997
1764505226.5266306,3.15882,5.7225,8.118319999999999,-0.663511485,0.702818025,0.11852997
1764505226.5266306,3.15882,5.7225,8.118319999999999,-0.663511485,0.702818025,0.11852997
1764505226.5266306,3.15882,5.7225,8.118319999999999,-0.663511485,0.702818025,0.11852997
1764505226.5266306,3.15882,5.7225,8.118319999999999,-0.663511485,0.702818025,0.11852997
1764505226.5266306,7.507919999999999,4.70008,7.73682,-0.659361105,0.71142396,0.11914032
1764505226.5266306,7.507919999999999,4.70008,7.73682,-0.659361105,0.71142396,0.11914032
1764505226.5266306,7.507919999999999,4.70008,7.73682,-0.659361105,0.71142396,0.11914032
1764505226.5266306,7.507919999999999,4.70008,7.73682,-0.659361105,0.71142396,0.11914032
1764505226.5266306,7.507919999999999,4.70008,7.73682,-0.659361105,0.71142396,0.11914032
1764505226.5266306,7.507919999999999,4.70008,7.73682,-0.659361105,0.71142396,0.11914032
1764505226.5266306,7.507919999999999,4.70008,7.73682,-0.659361105,0.71142396,0.11914032
1764505226.5266306,7.507919999999999,4.70008,7.73682,-0.659361105,0.71142396,0.11914032
1764505226.5266306,7.507919999999999,4.70008,7.73682,-0.659361105,0.71142396,0.11914032
1764505226.5266306,7.507919999999999,4.70008,7.73682,-0.659361105,0.71142396,0.11914032
1764505226.5266306,11.27714,4.79164,7.11116,-0.658628685,0.717832635,0.128966955
1764505226.5266306,11.27714,4.79164,7.11116,-0.658628685,0.717832635,0.128966955
1764505226.5266306,11.27714,4.79164,7.11116,-0.658628685,0.717832635,0.128966955
1764505226.5266306,11.27714,4.79164,7.11116,-0.658628685,0.717832635,0.128966955
1764505226.5266306,11.27714,4.79164,7.11116,-0.658628685,0.717832635,0.128966955
1764505226.5266306,11.27714,4.79164,7.11116,-0.658628685,0.717832635,0.128966955
1764505226.5773458,11.27714,4.79164,7.11116,-0.658628685,0.717832635,0.128966955
1764505226.5773458,11.27714,4.79164,7.11116,-0.658628685,0.717832635,0.128966955
1764505226.5773458,11.27714,4.79164,7.11116,-0.658628685,0.717832635,0.128966955
1764505226.5773458,11.27714,4.79164,7.11116,-0.658628685,0.717832635,0.128966955
1764505226.5773458,6.928039999999999,6.104,6.53128,-0.65832351,0.72533994,0.136047015
1764505226.5773458,6.928039999999999,6.104,6.53128,-0.65832351,0.72533994,0.136047015
1764505226.5773458,6.928039999999999,6.104,6.53128,-0.65832351,0.72533994,0.136047015
1764505226.5773458,6.928039999999999,6.104,6.53128,-0.65832351,0.72533994,0.136047015
1764505226.5773458,6.928039999999999,6.104,6.53128,-0.65832351,0.72533994,0.136047015
1764505226.5773458,6.928039999999999,6.104,6.53128,-0.65832351,0.72533994,0.136047015
1764505226.5773458,6.928039999999999,6.104,6.53128,-0.65832351,0.72533994,0.136047015
1764505226.5773458,6.928039999999999,6.104,6.53128,-0.65832351,0.72533994,0.136047015
1764505226.5773458,6.928039999999999,6.104,6.53128,-0.65832351,0.72533994,0.136047015
1764505226.5773458,6.928039999999999,6.104,6.53128,-0.65832351,0.72533994,0.136047015
1764505226.5773458,-2.12114,9.96478,5.98192,-0.65685867,0.730649985,0.135070455
1764505226.5773458,-2.12114,9.96478,5.98192,-0.65685867,0.730649985,0.135070455
1764505226.5773458,-2.12114,9.96478,5.98192,-0.65685867,0.730649985,0.135070455
1764505226.5773458,-2.12114,9.96478,5.98192,-0.65685867,0.730649985,0.135070455
1764505226.5773458,-2.12114,9.96478,5.98192,-0.65685867,0.730649985,0.135070455
1764505226.5773458,-2.12114,9.96478,5.98192,-0.65685867,0.730649985,0.135070455
1764505226.5773458,-2.12114,9.96478,5.98192,-0.65685867,0.730649985,0.135070455
1764505226.5773458,-2.12114,9.96478,5.98192,-0.65685867,0.730649985,0.135070455
1764505226.5773458,-2.12114,9.96478,5.98192,-0.65685867,0.730649985,0.135070455
1764505226.5773458,-2.12114,9.96478,5.98192,-0.65685867,0.730649985,0.135070455
1764505226.622112,-11.50604,10.40732,4.77638,-0.65453934,0.73534968,0.13098111
1764505226.623104,-11.50604,10.40732,4.77638,-0.65453934,0.73534968,0.13098111
1764505226.623104,-11.50604,10.40732,4.77638,-0.65453934,0.73534968,0.13098111
1764505226.623104,-11.50604,10.40732,4.77638,-0.65453934,0.73534968,0.13098111
1764505226.623104,-11.50604,10.40732,4.77638,-0.65453934,0.73534968,0.13098111
1764505226.623104,-11.50604,10.40732,4.77638,-0.65453934,0.73534968,0.13098111
1764505226.6240969,-11.50604,10.40732,4.77638,-0.65453934,0.73534968,0.13098111
1764505226.6240969,-11.50604,10.40732,4.77638,-0.65453934,0.73534968,0.13098111
1764505226.6240969,-11.50604,10.40732,4.77638,-0.65453934,0.73534968,0.13098111
1764505226.6240969,-11.50604,10.40732,4.77638,-0.65453934,0.73534968,0.13098111
1764505226.6250942,-16.99964,9.67484,4.577999999999999,-0.653135535,0.736387275,0.1281735
1764505226.6250942,-16.99964,9.67484,4.577999999999999,-0.653135535,0.736387275,0.1281735
1764505226.6250942,-16.99964,9.67484,4.577999999999999,-0.653135535,0.736387275,0.1281735
1764505226.6250942,-16.99964,9.67484,4.577999999999999,-0.653135535,0.736387275,0.1281735
1764505226.6250942,-16.99964,9.67484,4.577999999999999,-0.653135535,0.736387275,0.1281735
1764505226.6260989,-16.99964,9.67484,4.577999999999999,-0.653135535,0.736387275,0.1281735
1764505226.6260989,-16.99964,9.67484,4.577999999999999,-0.653135535,0.736387275,0.1281735
1764505226.6270945,-16.99964,9.67484,4.577999999999999,-0.653135535,0.736387275,0.1281735
1764505226.6270945,-16.99964,9.67484,4.577999999999999,-0.653135535,0.736387275,0.1281735
1764505226.6270945,-16.99964,9.67484,4.577999999999999,-0.653135535,0.736387275,0.1281735
1764505226.6280894,-14.92428,7.645259999999999,3.29616,-0.65356278,0.73327449,0.129699375
1764505226.6280894,-14.92428,7.645259999999999,3.29616,-0.65356278,0.73327449,0.129699375
1764505226.6280894,-14.92428,7.645259999999999,3.29616,-0.65356278,0.73327449,0.129699375
1764505226.6280894,-14.92428,7.645259999999999,3.29616,-0.65356278,0.73327449,0.129699375
1764505226.6691666,-14.92428,7.645259999999999,3.29616,-0.65356278,0.73327449,0.129699375
1764505226.6691666,-14.92428,7.645259999999999,3.29616,-0.65356278,0.73327449,0.129699375
1764505226.6691666,-14.92428,7.645259999999999,3.29616,-0.65356278,0.73327449,0.129699375
1764505226.6691666,-14.92428,7.645259999999999,3.29616,-0.65356278,0.73327449,0.129699375
1764505226.669678,-14.92428,7.645259999999999,3.29616,-0.65356278,0.73327449,0.129699375
1764505226.669678,-14.92428,7.645259999999999,3.29616,-0.65356278,0.73327449,0.129699375
1764505226.669678,-8.82028,8.6982,2.45686,-0.65502762,0.726255465,0.13073697
1764505226.669678,-8.82028,8.6982,2.45686,-0.65502762,0.726255465,0.13073697
1764505226.669678,-8.82028,8.6982,2.45686,-0.65502762,0.726255465,0.13073697
1764505226.669678,-8.82028,8.6982,2.45686,-0.65502762,0.726255465,0.13073697
1764505226.669678,-8.82028,8.6982,2.45686,-0.65502762,0.726255465,0.13073697
1764505226.669678,-8.82028,8.6982,2.45686,-0.65502762,0.726255465,0.13073697
1764505226.669678,-8.82028,8.6982,2.45686,-0.65502762,0.726255465,0.13073697
1764505226.669678,-8.82028,8.6982,2.45686,-0.65502762,0.726255465,0.13073697
1764505226.669678,-8.82028,8.6982,2.45686,-0.65502762,0.726255465,0.13073697
1764505226.669678,-8.82028,8.6982,2.45686,-0.65502762,0.726255465,0.13073697
1764505226.669678,-5.02054,12.10118,3.3572,-0.653257605,0.72289854,0.129333165
1764505226.669678,-5.02054,12.10118,3.3572,-0.653257605,0.72289854,0.129333165
1764505226.669678,-5.02054,12.10118,3.3572,-0.653257605,0.72289854,0.129333165
1764505226.669678,-5.02054,12.10118,3.3572,-0.653257605,0.72289854,0.129333165
1764505226.669678,-5.02054,12.10118,3.3572,-0.653257605,0.72289854,0.129333165
1764505226.669678,-5.02054,12.10118,3.3572,-0.653257605,0.72289854,0.129333165
1764505226.7162294,-5.02054,12.10118,3.3572,-0.653257605,0.72289854,0.129333165
1764505226.7172432,-5.02054,12.10118,3.3572,-0.653257605,0.72289854,0.129333165
1764505226.7172432,-5.02054,12.10118,3.3572,-0.653257605,0.72289854,0.129333165
1764505226.7172432,-5.02054,12.10118,3.3572,-0.653257605,0.72289854,0.129333165
1764505226.7172432,-4.15072,13.84082,5.17314,-0.653623815,0.722471295,0.124572435
1764505226.7172432,-4.15072,13.84082,5.17314,-0.653623815,0.722471295,0.124572435
1764505226.7172432,-4.15072,13.84082,5.17314,-0.653623815,0.722471295,0.124572435
1764505226.7172432,-4.15072,13.84082,5.17314,-0.653623815,0.722471295,0.124572435
1764505226.7172432,-4.15072,13.84082,5.17314,-0.653623815,0.722471295,0.124572435
1764505226.7172432,-4.15072,13.84082,5.17314,-0.653623815,0.722471295,0.124572435
1764505226.7172432,-4.15072,13.84082,5.17314,-0.653623815,0.722471295,0.124572435
1764505226.7172432,-4.15072,13.84082,5.17314,-0.653623815,0.722471295,0.124572435
1764505226.7185187,-4.15072,13.84082,5.17314,-0.653623815,0.722471295,0.124572435
1764505226.7185187,-4.15072,13.84082,5.17314,-0.653623815,0.722471295,0.124572435
1764505226.7185187,-5.371519999999999,11.1398,4.70008,-0.6542952,0.72314268,0.12036102
1764505226.7185187,-5.371519999999999,11.1398,4.70008,-0.6542952,0.72314268,0.12036102
1764505226.7185187,-5.371519999999999,11.1398,4.70008,-0.6542952,0.72314268,0.12036102
1764505226.7185187,-5.371519999999999,11.1398,4.70008,-0.6542952,0.72314268,0.12036102
1764505226.7185187,-5.371519999999999,11.1398,4.70008,-0.6542952,0.72314268,0.12036102
1764505226.7185187,-5.371519999999999,11.1398,4.70008,-0.6542952,0.72314268,0.12036102
1764505226.7185187,-5.371519999999999,11.1398,4.70008,-0.6542952,0.72314268,0.12036102
1764505226.7185187,-5.371519999999999,11.1398,4.70008,-0.6542952,0.72314268,0.12036102
1764505226.7185187,-5.371519999999999,11.1398,4.70008,-0.6542952,0.72314268,0.12036102
1764505226.7185187,-5.371519999999999,11.1398,4.70008,-0.6542952,0.72314268,0.12036102
1764505226.7595284,-5.96666,10.89564,4.53222,-0.65502762,0.72521787,0.118835145
1764505226.7595284,-5.96666,10.89564,4.53222,-0.65502762,0.72521787,0.118835145
1764505226.7595284,-5.96666,10.89564,4.53222,-0.65502762,0.72521787,0.118835145
1764505226.7595284,-5.96666,10.89564,4.53222,-0.65502762,0.72521787,0.118835145
1764505226.7595284,-5.96666,10.89564,4.53222,-0.65502762,0.72521787,0.118835145
1764505226.7595284,-5.96666,10.89564,4.53222,-0.65502762,0.72521787,0.118835145
1764505226.7595284,-5.96666,10.89564,4.53222,-0.65502762,0.72521787,0.118835145
1764505226.7595284,-5.96666,10.89564,4.53222,-0.65502762,0.72521787,0.118835145
1764505226.760815,-5.96666,10.89564,4.53222,-0.65502762,0.72521787,0.118835145
1764505226.760815,-5.96666,10.89564,4.53222,-0.65502762,0.72521787,0.118835145
1764505226.760815,-5.096839999999999,13.09308,4.56274,-0.655699005,0.7238751,0.11852997
1764505226.760815,-5.096839999999999,13.09308,4.56274,-0.655699005,0.7238751,0.11852997
1764505226.760815,-5.096839999999999,13.09308,4.56274,-0.655699005,0.7238751,0.11852997
1764505226.760815,-5.096839999999999,13.09308,4.56274,-0.655699005,0.7238751,0.11852997
1764505226.760815,-5.096839999999999,13.09308,4.56274,-0.655699005,0.7238751,0.11852997
1764505226.760815,-5.096839999999999,13.09308,4.56274,-0.655699005,0.7238751,0.11852997
1764505226.760815,-5.096839999999999,13.09308,4.56274,-0.655699005,0.7238751,0.11852997
1764505226.760815,-5.096839999999999,13.09308,4.56274,-0.655699005,0.7238751,0.11852997
1764505226.760815,-5.096839999999999,13.09308,4.56274,-0.655699005,0.7238751,0.11852997
1764505226.760815,-5.096839999999999,13.09308,4.56274,-0.655699005,0.7238751,0.11852997
1764505226.760815,-2.07536,16.038259999999998,5.06632,-0.65588211,0.72424131,0.117980655
1764505226.760815,-2.07536,16.038259999999998,5.06632,-0.65588211,0.72424131,0.117980655
1764505226.809441,-2.07536,16.038259999999998,5.06632,-0.65588211,0.72424131,0.117980655
1764505226.809441,-2.07536,16.038259999999998,5.06632,-0.65588211,0.72424131,0.117980655
1764505226.809441,-2.07536,16.038259999999998,5.06632,-0.65588211,0.72424131,0.117980655
1764505226.809441,-2.07536,16.038259999999998,5.06632,-0.65588211,0.72424131,0.117980655
1764505226.809441,-2.07536,16.038259999999998,5.06632,-0.65588211,0.72424131,0.117980655
1764505226.809441,-2.07536,16.038259999999998,5.06632,-0.65588211,0.72424131,0.117980655
1764505226.809441,-2.07536,16.038259999999998,5.06632,-0.65588211,0.72424131,0.117980655
1764505226.809441,-2.07536,16.038259999999998,5.06632,-0.65588211,0.72424131,0.117980655
1764505226.809441,-4.59326,13.67296,5.096839999999999,-0.657285915,0.726255465,0.11816376
1764505226.809441,-4.59326,13.67296,5.096839999999999,-0.657285915,0.726255465,0.11816376
1764505226.809441,-4.59326,13.67296,5.096839999999999,-0.657285915,0.726255465,0.11816376
1764505226.809441,-4.59326,13.67296,5.096839999999999,-0.657285915,0.726255465,0.11816376
1764505226.809441,-4.59326,13.67296,5.096839999999999,-0.657285915,0.726255465,0.11816376
1764505226.809441,-4.59326,13.67296,5.096839999999999,-0.657285915,0.726255465,0.11816376
1764505226.809441,-4.59326,13.67296,5.096839999999999,-0.657285915,0.726255465,0.11816376
1764505226.8104515,-4.59326,13.67296,5.096839999999999,-0.657285915,0.726255465,0.11816376
1764505226.8104515,-4.59326,13.67296,5.096839999999999,-0.657285915,0.726255465,0.11816376
1764505226.8104515,-4.59326,13.67296,5.096839999999999,-0.657285915,0.726255465,0.11816376
1764505226.8104515,-4.89846,11.20084,3.44876,-0.6601545600000001,0.726987885,0.12023895
1764505226.8104515,-4.89846,11.20084,3.44876,-0.6601545600000001,0.726987885,0.12023895
1764505226.8104515,-4.89846,11.20084,3.44876,-0.6601545600000001,0.726987885,0.12023895
1764505226.8104515,-4.89846,11.20084,3.44876,-0.6601545600000001,0.726987885,0.12023895
1764505226.8104515,-4.89846,11.20084,3.44876,-0.6601545600000001,0.726987885,0.12023895
1764505226.8104515,-4.89846,11.20084,3.44876,-0.6601545600000001,0.726987885,0.12023895
1764505226.8533232,-4.89846,11.20084,3.44876,-0.6601545600000001,0.726987885,0.12023895
1764505226.8533232,-4.89846,11.20084,3.44876,-0.6601545600000001,0.726987885,0.12023895
1764505226.8533232,-4.89846,11.20084,3.44876,-0.6601545600000001,0.726987885,0.12023895
1764505226.8533232,-4.89846,11.20084,3.44876,-0.6601545600000001,0.726987885,0.12023895
1764505226.8533232,-5.31048,10.05634,2.33478,-0.661070085,0.72924618,0.12243621
1764505226.8533232,-5.31048,10.05634,2.33478,-0.661070085,0.72924618,0.12243621
1764505226.8533232,-5.31048,10.05634,2.33478,-0.661070085,0.72924618,0.12243621
1764505226.8533232,-5.31048,10.05634,2.33478,-0.661070085,0.72924618,0.12243621
1764505226.8533232,-5.31048,10.05634,2.33478,-0.661070085,0.72924618,0.12243621
1764505226.8533232,-5.31048,10.05634,2.33478,-0.661070085,0.72924618,0.12243621
1764505226.8533232,-5.31048,10.05634,2.33478,-0.661070085,0.72924618,0.12243621
1764505226.8533232,-5.31048,10.05634,2.33478,-0.661070085,0.72924618,0.12243621
1764505226.8533232,-5.31048,10.05634,2.33478,-0.661070085,0.72924618,0.12243621
1764505226.8553307,-5.31048,10.05634,2.33478,-0.661070085,0.72924618,0.12243621
1764505226.8553307,-10.28524,11.38396,3.78448,-0.66149733,0.73107723,0.121886895
1764505226.8553307,-10.28524,11.38396,3.78448,-0.66149733,0.73107723,0.121886895
1764505226.8553307,-10.28524,11.38396,3.78448,-0.66149733,0.73107723,0.121886895
1764505226.8553307,-10.28524,11.38396,3.78448,-0.66149733,0.73107723,0.121886895
1764505226.8553307,-10.28524,11.38396,3.78448,-0.66149733,0.73107723,0.121886895
1764505226.8553307,-10.28524,11.38396,3.78448,-0.66149733,0.73107723,0.121886895
1764505226.8563318,-10.28524,11.38396,3.78448,-0.66149733,0.73107723,0.121886895
1764505226.8563318,-10.28524,11.38396,3.78448,-0.66149733,0.73107723,0.121886895
1764505226.8563318,-10.28524,11.38396,3.78448,-0.66149733,0.73107723,0.121886895
1764505226.8563318,-10.28524,11.38396,3.78448,-0.66149733,0.73107723,0.121886895
1764505226.9005642,-13.06256,6.104,2.6705,-0.663877695,0.7288189350000001,0.122253105
1764505226.9005642,-13.06256,6.104,2.6705,-0.663877695,0.7288189350000001,0.122253105
1764505226.9005642,-13.06256,6.104,2.6705,-0.663877695,0.7288189350000001,0.122253105
1764505226.9005642,-13.06256,6.104,2.6705,-0.663877695,0.7288189350000001,0.122253105
1764505226.9005642,-13.06256,6.104,2.6705,-0.663877695,0.7288189350000001,0.122253105
1764505226.9005642,-13.06256,6.104,2.6705,-0.663877695,0.7288189350000001,0.122253105
1764505226.9016905,-13.06256,6.104,2.6705,-0.663877695,0.7288189350000001,0.122253105
1764505226.9016905,-13.06256,6.104,2.6705,-0.663877695,0.7288189350000001,0.122253105
1764505226.9016905,-13.06256,6.104,2.6705,-0.663877695,0.7288189350000001,0.122253105
1764505226.9016905,-13.06256,6.104,2.6705,-0.663877695,0.7288189350000001,0.122253105
1764505226.9016905,-14.13076,6.2566,3.44876,-0.66357252,0.72717099,0.119811705
1764505226.9016905,-14.13076,6.2566,3.44876,-0.66357252,0.72717099,0.119811705
1764505226.9016905,-14.13076,6.2566,3.44876,-0.66357252,0.72717099,0.119811705
1764505226.9016905,-14.13076,6.2566,3.44876,-0.66357252,0.72717099,0.119811705
1764505226.9016905,-14.13076,6.2566,3.44876,-0.66357252,0.72717099,0.119811705
1764505226.9026823,-14.13076,6.2566,3.44876,-0.66357252,0.72717099,0.119811705
1764505226.9026823,-14.13076,6.2566,3.44876,-0.66357252,0.72717099,0.119811705
1764505226.9031906,-14.13076,6.2566,3.44876,-0.66357252,0.72717099,0.119811705
1764505226.9031906,-14.13076,6.2566,3.44876,-0.66357252,0.72717099,0.119811705
1764505226.9031906,-14.13076,6.2566,3.44876,-0.66357252,0.72717099,0.119811705
1764505226.9031906,-10.65148,5.35626,2.12114,-0.663633555,0.723814065,0.118591005
1764505226.904191,-10.65148,5.35626,2.12114,-0.663633555,0.723814065,0.118591005
1764505226.9485192,-10.65148,5.35626,2.12114,-0.663633555,0.723814065,0.118591005
1764505226.9485192,-10.65148,5.35626,2.12114,-0.663633555,0.723814065,0.118591005
1764505226.9485192,-10.65148,5.35626,2.12114,-0.663633555,0.723814065,0.118591005
1764505226.9495144,-10.65148,5.35626,2.12114,-0.663633555,0.723814065,0.118591005
1764505226.9495144,-10.65148,5.35626,2.12114,-0.663633555,0.723814065,0.118591005
1764505226.9495144,-10.65148,5.35626,2.12114,-0.663633555,0.723814065,0.118591005
1764505226.9495144,-10.65148,5.35626,2.12114,-0.663633555,0.723814065,0.118591005
1764505226.9495144,-10.65148,5.35626,2.12114,-0.663633555,0.723814065,0.118591005
1764505226.9495144,-8.83554,5.05106,2.41108,-0.66088698,0.71948058,0.11767548
1764505226.9495144,-8.83554,5.05106,2.41108,-0.66088698,0.71948058,0.11767548
1764505226.9495144,-8.83554,5.05106,2.41108,-0.66088698,0.71948058,0.11767548
1764505226.9507122,-8.83554,5.05106,2.41108,-0.66088698,0.71948058,0.11767548
1764505226.9507122,-8.83554,5.05106,2.41108,-0.66088698,0.71948058,0.11767548
1764505226.9507122,-8.83554,5.05106,2.41108,-0.66088698,0.71948058,0.11767548
1764505226.9507122,-8.83554,5.05106,2.41108,-0.66088698,0.71948058,0.11767548
1764505226.9507122,-8.83554,5.05106,2.41108,-0.66088698,0.71948058,0.11767548
1764505226.9507122,-8.83554,5.05106,2.41108,-0.66088698,0.71948058,0.11767548
1764505226.9507122,-8.83554,5.05106,2.41108,-0.66088698,0.71948058,0.11767548
1764505226.9507122,-3.8913,2.86888,1.02242,-0.661802505,0.7141095000000001,0.119811705
1764505226.951712,-3.8913,2.86888,1.02242,-0.661802505,0.7141095000000001,0.119811705
1764505226.951712,-3.8913,2.86888,1.02242,-0.661802505,0.7141095000000001,0.119811705
1764505226.951712,-3.8913,2.86888,1.02242,-0.661802505,0.7141095000000001,0.119811705
1764505226.951712,-3.8913,2.86888,1.02242,-0.661802505,0.7141095000000001,0.119811705
1764505226.951712,-3.8913,2.86888,1.02242,-0.661802505,0.7141095000000001,0.119811705
1764505226.9975698,-3.8913,2.86888,1.02242,-0.661802505,0.7141095000000001,0.119811705
1764505226.9975698,-3.8913,2.86888,1.02242,-0.661802505,0.7141095000000001,0.119811705
1764505226.998097,-3.8913,2.86888,1.02242,-0.661802505,0.7141095000000001,0.119811705
1764505226.998097,-3.8913,2.86888,1.02242,-0.661802505,0.7141095000000001,0.119811705
1764505226.998097,2.16692,1.19028,-1.00716,-0.663877695,0.71508606,0.120299985
1764505226.998097,2.16692,1.19028,-1.00716,-0.663877695,0.71508606,0.120299985
1764505226.998097,2.16692,1.19028,-1.00716,-0.663877695,0.71508606,0.120299985
1764505226.998097,2.16692,1.19028,-1.00716,-0.663877695,0.71508606,0.120299985
1764505226.998097,2.16692,1.19028,-1.00716,-0.663877695,0.71508606,0.120299985
1764505226.998097,2.16692,1.19028,-1.00716,-0.663877695,0.71508606,0.120299985
1764505226.998097,2.16692,1.19028,-1.00716,-0.663877695,0.71508606,0.120299985
1764505226.998097,2.16692,1.19028,-1.00716,-0.663877695,0.71508606,0.120299985
1764505226.998097,2.16692,1.19028,-1.00716,-0.663877695,0.71508606,0.120299985
1764505226.998097,2.16692,1.19028,-1.00716,-0.663877695,0.71508606,0.120299985
1764505226.998097,3.47928,-1.7549,-1.93802,-0.664488045,0.72436338,0.12072723
1764505226.998097,3.47928,-1.7549,-1.93802,-0.664488045,0.72436338,0.12072723
1764505226.998097,3.47928,-1.7549,-1.93802,-0.664488045,0.72436338,0.12072723
1764505226.998097,3.47928,-1.7549,-1.93802,-0.664488045,0.72436338,0.12072723
1764505226.998097,3.47928,-1.7549,-1.93802,-0.664488045,0.72436338,0.12072723
1764505226.998097,3.47928,-1.7549,-1.93802,-0.664488045,0.72436338,0.12072723
1764505226.998097,3.47928,-1.7549,-1.93802,-0.664488045,0.72436338,0.12072723
1764505226.998097,3.47928,-1.7549,-1.93802,-0.664488045,0.72436338,0.12072723
1764505226.998097,3.47928,-1.7549,-1.93802,-0.664488045,0.72436338,0.12072723
1764505226.998097,3.47928,-1.7549,-1.93802,-0.664488045,0.72436338,0.12072723
1764505227.0426817,-0.763,-3.55558,-2.94518,-0.66076491,0.7311993,0.12194793
1764505227.0437112,-0.763,-3.55558,-2.94518,-0.66076491,0.7311993,0.12194793
1764505227.0437112,-0.763,-3.55558,-2.94518,-0.66076491,0.7311993,0.12194793
1764505227.0437112,-0.763,-3.55558,-2.94518,-0.66076491,0.7311993,0.12194793
1764505227.0437112,-0.763,-3.55558,-2.94518,-0.66076491,0.7311993,0.12194793
1764505227.0437112,-0.763,-3.55558,-2.94518,-0.66076491,0.7311993,0.12194793
1764505227.0437112,-0.763,-3.55558,-2.94518,-0.66076491,0.7311993,0.12194793
1764505227.0437112,-0.763,-3.55558,-2.94518,-0.66076491,0.7311993,0.12194793
1764505227.0437112,-0.763,-3.55558,-2.94518,-0.66076491,0.7311993,0.12194793
1764505227.0437112,-0.763,-3.55558,-2.94518,-0.66076491,0.7311993,0.12194793
1764505227.0437112,-4.70008,-0.74774,-1.49548,-0.655210725,0.733701735,0.120177915
1764505227.0437112,-4.70008,-0.74774,-1.49548,-0.655210725,0.733701735,0.120177915
1764505227.0437112,-4.70008,-0.74774,-1.49548,-0.655210725,0.733701735,0.120177915
1764505227.0437112,-4.70008,-0.74774,-1.49548,-0.655210725,0.733701735,0.120177915
1764505227.0437112,-4.70008,-0.74774,-1.49548,-0.655210725,0.733701735,0.120177915
1764505227.0437112,-4.70008,-0.74774,-1.49548,-0.655210725,0.733701735,0.120177915
1764505227.0437112,-4.70008,-0.74774,-1.49548,-0.655210725,0.733701735,0.120177915
1764505227.0437112,-4.70008,-0.74774,-1.49548,-0.655210725,0.733701735,0.120177915
1764505227.0437112,-4.70008,-0.74774,-1.49548,-0.655210725,0.733701735,0.120177915
1764505227.0437112,-4.70008,-0.74774,-1.49548,-0.655210725,0.733701735,0.120177915
1764505227.0437112,-6.76018,2.45686,0.09156,-0.653135535,0.73657038,0.117492375
1764505227.0437112,-6.76018,2.45686,0.09156,-0.653135535,0.73657038,0.117492375
1764505227.0437112,-6.76018,2.45686,0.09156,-0.653135535,0.73657038,0.117492375
1764505227.0437112,-6.76018,2.45686,0.09156,-0.653135535,0.73657038,0.117492375
1764505227.0864873,-6.76018,2.45686,0.09156,-0.653135535,0.73657038,0.117492375
1764505227.0864873,-6.76018,2.45686,0.09156,-0.653135535,0.73657038,0.117492375
1764505227.088489,-6.76018,2.45686,0.09156,-0.653135535,0.73657038,0.117492375
1764505227.088489,-6.76018,2.45686,0.09156,-0.653135535,0.73657038,0.117492375
1764505227.088489,-6.76018,2.45686,0.09156,-0.653135535,0.73657038,0.117492375
1764505227.088489,-6.76018,2.45686,0.09156,-0.653135535,0.73657038,0.117492375
1764505227.088489,-6.958559999999999,3.38772,0.3815,-0.6517317300000001,0.739194885,0.114928905
1764505227.088489,-6.958559999999999,3.38772,0.3815,-0.6517317300000001,0.739194885,0.114928905
1764505227.088489,-6.958559999999999,3.38772,0.3815,-0.6517317300000001,0.739194885,0.114928905
1764505227.088489,-6.958559999999999,3.38772,0.3815,-0.6517317300000001,0.739194885,0.114928905
1764505227.088489,-6.958559999999999,3.38772,0.3815,-0.6517317300000001,0.739194885,0.114928905
1764505227.088489,-6.958559999999999,3.38772,0.3815,-0.6517317300000001,0.739194885,0.114928905
1764505227.088489,-6.958559999999999,3.38772,0.3815,-0.6517317300000001,0.739194885,0.114928905
1764505227.088489,-6.958559999999999,3.38772,0.3815,-0.6517317300000001,0.739194885,0.114928905
1764505227.088489,-6.958559999999999,3.38772,0.3815,-0.6517317300000001,0.739194885,0.114928905
1764505227.0894828,-6.958559999999999,3.38772,0.3815,-0.6517317300000001,0.739194885,0.114928905
1764505227.0894828,-9.35438,3.95234,-0.3051999999999999,-0.649351365,0.736997625,0.11303682
1764505227.0894828,-9.35438,3.95234,-0.3051999999999999,-0.649351365,0.736997625,0.11303682
1764505227.0894828,-9.35438,3.95234,-0.3051999999999999,-0.649351365,0.736997625,0.11303682
1764505227.0894828,-9.35438,3.95234,-0.3051999999999999,-0.649351365,0.736997625,0.11303682
1764505227.0894828,-9.35438,3.95234,-0.3051999999999999,-0.649351365,0.736997625,0.11303682
1764505227.0894828,-9.35438,3.95234,-0.3051999999999999,-0.649351365,0.736997625,0.11303682
1764505227.1347945,-9.35438,3.95234,-0.3051999999999999,-0.649351365,0.736997625,0.11303682
1764505227.1347945,-9.35438,3.95234,-0.3051999999999999,-0.649351365,0.736997625,0.11303682
1764505227.1347945,-9.35438,3.95234,-0.3051999999999999,-0.649351365,0.736997625,0.11303682
1764505227.1347945,-9.35438,3.95234,-0.3051999999999999,-0.649351365,0.736997625,0.11303682
1764505227.1347945,-11.12454,7.14168,0.65618,-0.649229295,0.7298565300000001,0.110778525
1764505227.1347945,-11.12454,7.14168,0.65618,-0.649229295,0.7298565300000001,0.110778525
1764505227.1347945,-11.12454,7.14168,0.65618,-0.649229295,0.7298565300000001,0.110778525
1764505227.1347945,-11.12454,7.14168,0.65618,-0.649229295,0.7298565300000001,0.110778525
1764505227.1347945,-11.12454,7.14168,0.65618,-0.649229295,0.7298565300000001,0.110778525
1764505227.1347945,-11.12454,7.14168,0.65618,-0.649229295,0.7298565300000001,0.110778525
1764505227.1347945,-11.12454,7.14168,0.65618,-0.649229295,0.7298565300000001,0.110778525
1764505227.1347945,-11.12454,7.14168,0.65618,-0.649229295,0.7298565300000001,0.110778525
1764505227.1347945,-11.12454,7.14168,0.65618,-0.649229295,0.7298565300000001,0.110778525
1764505227.1358109,-11.12454,7.14168,0.65618,-0.649229295,0.7298565300000001,0.110778525
1764505227.1358109,-12.83366,7.21798,1.526,-0.651670695,0.7235699250000001,0.108825405
1764505227.1358109,-12.83366,7.21798,1.526,-0.651670695,0.7235699250000001,0.108825405
1764505227.1358109,-12.83366,7.21798,1.526,-0.651670695,0.7235699250000001,0.108825405
1764505227.1358109,-12.83366,7.21798,1.526,-0.651670695,0.7235699250000001,0.108825405
1764505227.1358109,-12.83366,7.21798,1.526,-0.651670695,0.7235699250000001,0.108825405
1764505227.1358109,-12.83366,7.21798,1.526,-0.651670695,0.7235699250000001,0.108825405
1764505227.1358109,-12.83366,7.21798,1.526,-0.651670695,0.7235699250000001,0.108825405
1764505227.1358109,-12.83366,7.21798,1.526,-0.651670695,0.7235699250000001,0.108825405
1764505227.1358109,-12.83366,7.21798,1.526,-0.651670695,0.7235699250000001,0.108825405
1764505227.1358109,-12.83366,7.21798,1.526,-0.651670695,0.7235699250000001,0.108825405
1764505227.1806056,-10.66674,4.86794,2.47212,-0.654234165,0.71972472,0.11035128
1764505227.1806056,-10.66674,4.86794,2.47212,-0.654234165,0.71972472,0.11035128
1764505227.1806056,-10.66674,4.86794,2.47212,-0.654234165,0.71972472,0.11035128
1764505227.1806056,-10.66674,4.86794,2.47212,-0.654234165,0.71972472,0.11035128
1764505227.1806056,-10.66674,4.86794,2.47212,-0.654234165,0.71972472,0.11035128
1764505227.1806056,-10.66674,4.86794,2.47212,-0.654234165,0.71972472,0.11035128
1764505227.1806056,-10.66674,4.86794,2.47212,-0.654234165,0.71972472,0.11035128
1764505227.1806056,-10.66674,4.86794,2.47212,-0.654234165,0.71972472,0.11035128
1764505227.1806056,-10.66674,4.86794,2.47212,-0.654234165,0.71972472,0.11035128
1764505227.1806056,-10.66674,4.86794,2.47212,-0.654234165,0.71972472,0.11035128
1764505227.1806056,-6.47024,3.84552,3.83026,-0.654966585,0.71594055,0.1147458
1764505227.1806056,-6.47024,3.84552,3.83026,-0.654966585,0.71594055,0.1147458
1764505227.1806056,-6.47024,3.84552,3.83026,-0.654966585,0.71594055,0.1147458
1764505227.1806056,-6.47024,3.84552,3.83026,-0.654966585,0.71594055,0.1147458
1764505227.1806056,-6.47024,3.84552,3.83026,-0.654966585,0.71594055,0.1147458
1764505227.1806056,-6.47024,3.84552,3.83026,-0.654966585,0.71594055,0.1147458
1764505227.1806056,-6.47024,3.84552,3.83026,-0.654966585,0.71594055,0.1147458
1764505227.1806056,-6.47024,3.84552,3.83026,-0.654966585,0.71594055,0.1147458
1764505227.1806056,-6.47024,3.84552,3.83026,-0.654966585,0.71594055,0.1147458
1764505227.1806056,-6.47024,3.84552,3.83026,-0.654966585,0.71594055,0.1147458
1764505227.1806056,-2.39582,1.34288,2.10588,-0.657041775,0.710752575,0.12072723
1764505227.1815982,-2.39582,1.34288,2.10588,-0.657041775,0.710752575,0.12072723
1764505227.228032,-2.39582,1.34288,2.10588,-0.657041775,0.710752575,0.12072723
1764505227.228032,-2.39582,1.34288,2.10588,-0.657041775,0.710752575,0.12072723
1764505227.228032,-2.39582,1.34288,2.10588,-0.657041775,0.710752575,0.12072723
1764505227.228032,-2.39582,1.34288,2.10588,-0.657041775,0.710752575,0.12072723
1764505227.2295818,-2.39582,1.34288,2.10588,-0.657041775,0.710752575,0.12072723
1764505227.2295818,-2.39582,1.34288,2.10588,-0.657041775,0.710752575,0.12072723
1764505227.2295818,-2.39582,1.34288,2.10588,-0.657041775,0.710752575,0.12072723
1764505227.2295818,-2.39582,1.34288,2.10588,-0.657041775,0.710752575,0.12072723
1764505227.2295818,2.33478,1.23606,0.65618,-0.659178,0.7094098050000001,0.124938645
1764505227.2295818,2.33478,1.23606,0.65618,-0.659178,0.7094098050000001,0.124938645
1764505227.2295818,2.33478,1.23606,0.65618,-0.659178,0.7094098050000001,0.124938645
1764505227.2295818,2.33478,1.23606,0.65618,-0.659178,0.7094098050000001,0.124938645
1764505227.2295818,2.33478,1.23606,0.65618,-0.659178,0.7094098050000001,0.124938645
1764505227.2295818,2.33478,1.23606,0.65618,-0.659178,0.7094098050000001,0.124938645
1764505227.2295818,2.33478,1.23606,0.65618,-0.659178,0.7094098050000001,0.124938645
1764505227.2295818,2.33478,1.23606,0.65618,-0.659178,0.7094098050000001,0.124938645
1764505227.2295818,2.33478,1.23606,0.65618,-0.659178,0.7094098050000001,0.124938645
1764505227.2295818,2.33478,1.23606,0.65618,-0.659178,0.7094098050000001,0.124938645
1764505227.2295818,3.37246,1.43444,0.73248,-0.661070085,0.71508606,0.124450365
1764505227.2295818,3.37246,1.43444,0.73248,-0.661070085,0.71508606,0.124450365
1764505227.2295818,3.37246,1.43444,0.73248,-0.661070085,0.71508606,0.124450365
1764505227.2295818,3.37246,1.43444,0.73248,-0.661070085,0.71508606,0.124450365
1764505227.2295818,3.37246,1.43444,0.73248,-0.661070085,0.71508606,0.124450365
1764505227.2295818,3.37246,1.43444,0.73248,-0.661070085,0.71508606,0.124450365
1764505227.2763484,3.37246,1.43444,0.73248,-0.661070085,0.71508606,0.124450365
1764505227.2763484,3.37246,1.43444,0.73248,-0.661070085,0.71508606,0.124450365
1764505227.2763484,3.37246,1.43444,0.73248,-0.661070085,0.71508606,0.124450365
1764505227.2763484,3.37246,1.43444,0.73248,-0.661070085,0.71508606,0.124450365
1764505227.2763484,-0.06104,1.63282,0.06104,-0.6606428400000001,0.725034765,0.120544125
1764505227.2763484,-0.06104,1.63282,0.06104,-0.6606428400000001,0.725034765,0.120544125
1764505227.2763484,-0.06104,1.63282,0.06104,-0.6606428400000001,0.725034765,0.120544125
1764505227.2763484,-0.06104,1.63282,0.06104,-0.6606428400000001,0.725034765,0.120544125
1764505227.2763484,-0.06104,1.63282,0.06104,-0.6606428400000001,0.725034765,0.120544125
1764505227.2763484,-0.06104,1.63282,0.06104,-0.6606428400000001,0.725034765,0.120544125
1764505227.2763484,-0.06104,1.63282,0.06104,-0.6606428400000001,0.725034765,0.120544125
1764505227.2763484,-0.06104,1.63282,0.06104,-0.6606428400000001,0.725034765,0.120544125
1764505227.2763484,-0.06104,1.63282,0.06104,-0.6606428400000001,0.725034765,0.120544125
1764505227.2763484,-0.06104,1.63282,0.06104,-0.6606428400000001,0.725034765,0.120544125
1764505227.2763484,-3.2046,1.49548,-0.62566,-0.6579573,0.7329693150000001,0.118102725
1764505227.2763484,-3.2046,1.49548,-0.62566,-0.6579573,0.7329693150000001,0.118102725
1764505227.2763484,-3.2046,1.49548,-0.62566,-0.6579573,0.7329693150000001,0.118102725
1764505227.2763484,-3.2046,1.49548,-0.62566,-0.6579573,0.7329693150000001,0.118102725
1764505227.2763484,-3.2046,1.49548,-0.62566,-0.6579573,0.7329693150000001,0.118102725
1764505227.2763484,-3.2046,1.49548,-0.62566,-0.6579573,0.7329693150000001,0.118102725
1764505227.2763484,-3.2046,1.49548,-0.62566,-0.6579573,0.7329693150000001,0.118102725
1764505227.2763484,-3.2046,1.49548,-0.62566,-0.6579573,0.7329693150000001,0.118102725
1764505227.2763484,-3.2046,1.49548,-0.62566,-0.6579573,0.7329693150000001,0.118102725
1764505227.2763484,-3.2046,1.49548,-0.62566,-0.6579573,0.7329693150000001,0.118102725
1764505227.325405,-5.1884,0.93086,0.51884,-0.65649246,0.736021065,0.118346865
1764505227.3257468,-5.1884,0.93086,0.51884,-0.65649246,0.736021065,0.118346865
1764505227.3257468,-5.1884,0.93086,0.51884,-0.65649246,0.736021065,0.118346865
1764505227.3257468,-5.1884,0.93086,0.51884,-0.65649246,0.736021065,0.118346865
1764505227.3257468,-5.1884,0.93086,0.51884,-0.65649246,0.736021065,0.118346865
1764505227.3257468,-5.1884,0.93086,0.51884,-0.65649246,0.736021065,0.118346865
1764505227.3257468,-5.1884,0.93086,0.51884,-0.65649246,0.736021065,0.118346865
1764505227.3264046,-5.1884,0.93086,0.51884,-0.65649246,0.736021065,0.118346865
1764505227.3264046,-5.1884,0.93086,0.51884,-0.65649246,0.736021065,0.118346865
1764505227.3264046,-5.1884,0.93086,0.51884,-0.65649246,0.736021065,0.118346865
1764505227.3264046,-6.165039999999999,1.1445,1.00716,-0.656431425,0.73473933,0.11779755
1764505227.3264046,-6.165039999999999,1.1445,1.00716,-0.656431425,0.73473933,0.11779755
1764505227.3264046,-6.165039999999999,1.1445,1.00716,-0.656431425,0.73473933,0.11779755
1764505227.3264046,-6.165039999999999,1.1445,1.00716,-0.656431425,0.73473933,0.11779755
1764505227.3264046,-6.165039999999999,1.1445,1.00716,-0.656431425,0.73473933,0.11779755
1764505227.3264046,-6.165039999999999,1.1445,1.00716,-0.656431425,0.73473933,0.11779755
1764505227.3264046,-6.165039999999999,1.1445,1.00716,-0.656431425,0.73473933,0.11779755
1764505227.3264046,-6.165039999999999,1.1445,1.00716,-0.656431425,0.73473933,0.11779755
1764505227.3264046,-6.165039999999999,1.1445,1.00716,-0.656431425,0.73473933,0.11779755
1764505227.3264046,-6.165039999999999,1.1445,1.00716,-0.656431425,0.73473933,0.11779755
1764505227.3264046,-8.27092,1.31236,1.31236,-0.656187285,0.731748615,0.115783395
1764505227.3264046,-8.27092,1.31236,1.31236,-0.656187285,0.731748615,0.115783395
1764505227.3264046,-8.27092,1.31236,1.31236,-0.656187285,0.731748615,0.115783395
1764505227.3264046,-8.27092,1.31236,1.31236,-0.656187285,0.731748615,0.115783395
1764505227.371886,-8.27092,1.31236,1.31236,-0.656187285,0.731748615,0.115783395
1764505227.371886,-8.27092,1.31236,1.31236,-0.656187285,0.731748615,0.115783395
1764505227.371886,-8.27092,1.31236,1.31236,-0.656187285,0.731748615,0.115783395
1764505227.371886,-8.27092,1.31236,1.31236,-0.656187285,0.731748615,0.115783395
1764505227.371886,-8.27092,1.31236,1.31236,-0.656187285,0.731748615,0.115783395
1764505227.371886,-8.27092,1.31236,1.31236,-0.656187285,0.731748615,0.115783395
1764505227.371886,-7.87416,1.57178,0.4578,-0.655454865,0.729917565,0.114074415
1764505227.371886,-7.87416,1.57178,0.4578,-0.655454865,0.729917565,0.114074415
1764505227.371886,-7.87416,1.57178,0.4578,-0.655454865,0.729917565,0.114074415
1764505227.371886,-7.87416,1.57178,0.4578,-0.655454865,0.729917565,0.114074415
1764505227.371886,-7.87416,1.57178,0.4578,-0.655454865,0.729917565,0.114074415
1764505227.371886,-7.87416,1.57178,0.4578,-0.655454865,0.729917565,0.114074415
1764505227.371886,-7.87416,1.57178,0.4578,-0.655454865,0.729917565,0.114074415
1764505227.371886,-7.87416,1.57178,0.4578,-0.655454865,0.729917565,0.114074415
1764505227.371886,-7.87416,1.57178,0.4578,-0.655454865,0.729917565,0.114074415
1764505227.371886,-7.87416,1.57178,0.4578,-0.655454865,0.729917565,0.114074415
1764505227.371886,-6.83648,1.34288,0.28994,-0.6543562350000001,0.72900204,0.11413545
1764505227.371886,-6.83648,1.34288,0.28994,-0.6543562350000001,0.72900204,0.11413545
1764505227.371886,-6.83648,1.34288,0.28994,-0.6543562350000001,0.72900204,0.11413545
1764505227.371886,-6.83648,1.34288,0.28994,-0.6543562350000001,0.72900204,0.11413545
1764505227.371886,-6.83648,1.34288,0.28994,-0.6543562350000001,0.72900204,0.11413545
1764505227.371886,-6.83648,1.34288,0.28994,-0.6543562350000001,0.72900204,0.11413545
1764505227.371886,-6.83648,1.34288,0.28994,-0.6543562350000001,0.72900204,0.11413545
1764505227.371886,-6.83648,1.34288,0.28994,-0.6543562350000001,0.72900204,0.11413545
1764505227.415803,-6.83648,1.34288,0.28994,-0.6543562350000001,0.72900204,0.11413545
1764505227.415803,-6.83648,1.34288,0.28994,-0.6543562350000001,0.72900204,0.11413545
1764505227.415803,-4.45592,1.95328,0.09156,-0.653623815,0.726255465,0.11413545
1764505227.415803,-4.45592,1.95328,0.09156,-0.653623815,0.726255465,0.11413545
1764505227.415803,-4.45592,1.95328,0.09156,-0.653623815,0.726255465,0.11413545
1764505227.415803,-4.45592,1.95328,0.09156,-0.653623815,0.726255465,0.11413545
1764505227.415803,-4.45592,1.95328,0.09156,-0.653623815,0.726255465,0.11413545
1764505227.415803,-4.45592,1.95328,0.09156,-0.653623815,0.726255465,0.11413545
1764505227.415803,-4.45592,1.95328,0.09156,-0.653623815,0.726255465,0.11413545
1764505227.415803,-4.45592,1.95328,0.09156,-0.653623815,0.726255465,0.11413545
1764505227.415803,-4.45592,1.95328,0.09156,-0.653623815,0.726255465,0.11413545
1764505227.415803,-4.45592,1.95328,0.09156,-0.653623815,0.726255465,0.11413545
1764505227.415803,-3.40298,0.41202,1.09872,-0.6549055500000001,0.725767185,0.114440625
1764505227.415803,-3.40298,0.41202,1.09872,-0.6549055500000001,0.725767185,0.114440625
1764505227.415803,-3.40298,0.41202,1.09872,-0.6549055500000001,0.725767185,0.114440625
1764505227.415803,-3.40298,0.41202,1.09872,-0.6549055500000001,0.725767185,0.114440625
1764505227.415803,-3.40298,0.41202,1.09872,-0.6549055500000001,0.725767185,0.114440625
1764505227.415803,-3.40298,0.41202,1.09872,-0.6549055500000001,0.725767185,0.114440625
1764505227.415803,-3.40298,0.41202,1.09872,-0.6549055500000001,0.725767185,0.114440625
1764505227.415803,-3.40298,0.41202,1.09872,-0.6549055500000001,0.725767185,0.114440625
1764505227.415803,-3.40298,0.41202,1.09872,-0.6549055500000001,0.725767185,0.114440625
1764505227.415803,-3.40298,0.41202,1.09872,-0.6549055500000001,0.725767185,0.114440625
1764505227.4647071,-2.31952,0.3051999999999999,1.89224,-0.655210725,0.725034765,0.114074415
1764505227.4647071,-2.31952,0.3051999999999999,1.89224,-0.655210725,0.725034765,0.114074415
1764505227.4647071,-2.31952,0.3051999999999999,1.89224,-0.655210725,0.725034765,0.114074415
1764505227.4647071,-2.31952,0.3051999999999999,1.89224,-0.655210725,0.725034765,0.114074415
1764505227.4647071,-2.31952,0.3051999999999999,1.89224,-0.655210725,0.725034765,0.114074415
1764505227.4658377,-2.31952,0.3051999999999999,1.89224,-0.655210725,0.725034765,0.114074415
1764505227.4658377,-2.31952,0.3051999999999999,1.89224,-0.655210725,0.725034765,0.114074415
1764505227.4658377,-2.31952,0.3051999999999999,1.89224,-0.655210725,0.725034765,0.114074415
1764505227.4658377,-2.31952,0.3051999999999999,1.89224,-0.655210725,0.725034765,0.114074415
1764505227.4658377,-2.31952,0.3051999999999999,1.89224,-0.655210725,0.725034765,0.114074415
1764505227.4658377,-2.01432,2.0601,1.05294,-0.65502762,0.724912695,0.113341995
1764505227.4658377,-2.01432,2.0601,1.05294,-0.65502762,0.724912695,0.113341995
1764505227.4668365,-2.01432,2.0601,1.05294,-0.65502762,0.724912695,0.113341995
1764505227.4668365,-2.01432,2.0601,1.05294,-0.65502762,0.724912695,0.113341995
1764505227.4668365,-2.01432,2.0601,1.05294,-0.65502762,0.724912695,0.113341995
1764505227.4668365,-2.01432,2.0601,1.05294,-0.65502762,0.724912695,0.113341995
1764505227.4668365,-2.01432,2.0601,1.05294,-0.65502762,0.724912695,0.113341995
1764505227.4668365,-2.01432,2.0601,1.05294,-0.65502762,0.724912695,0.113341995
1764505227.4668365,-2.01432,2.0601,1.05294,-0.65502762,0.724912695,0.113341995
1764505227.4668365,-2.01432,2.0601,1.05294,-0.65502762,0.724912695,0.113341995
1764505227.4668365,-3.29616,3.03674,-0.42728,-0.653990025,0.7282696200000001,0.111388875
1764505227.4668365,-3.29616,3.03674,-0.42728,-0.653990025,0.7282696200000001,0.111388875
1764505227.4668365,-3.29616,3.03674,-0.42728,-0.653990025,0.7282696200000001,0.111388875
1764505227.4668365,-3.29616,3.03674,-0.42728,-0.653990025,0.7282696200000001,0.111388875
1764505227.5106938,-3.29616,3.03674,-0.42728,-0.653990025,0.7282696200000001,0.111388875
1764505227.5106938,-3.29616,3.03674,-0.42728,-0.653990025,0.7282696200000001,0.111388875
1764505227.5106938,-3.29616,3.03674,-0.42728,-0.653990025,0.7282696200000001,0.111388875
1764505227.511226,-3.29616,3.03674,-0.42728,-0.653990025,0.7282696200000001,0.111388875
1764505227.511226,-3.29616,3.03674,-0.42728,-0.653990025,0.7282696200000001,0.111388875
1764505227.511226,-3.29616,3.03674,-0.42728,-0.653990025,0.7282696200000001,0.111388875
1764505227.511226,-4.5017,3.57084,-0.10682,-0.6518538,0.729673425,0.109679895
1764505227.512238,-4.5017,3.57084,-0.10682,-0.6518538,0.729673425,0.109679895
1764505227.512238,-4.5017,3.57084,-0.10682,-0.6518538,0.729673425,0.109679895
1764505227.512238,-4.5017,3.57084,-0.10682,-0.6518538,0.729673425,0.109679895
1764505227.512238,-4.5017,3.57084,-0.10682,-0.6518538,0.729673425,0.109679895
1764505227.512238,-4.5017,3.57084,-0.10682,-0.6518538,0.729673425,0.109679895
1764505227.512238,-4.5017,3.57084,-0.10682,-0.6518538,0.729673425,0.109679895
1764505227.512238,-4.5017,3.57084,-0.10682,-0.6518538,0.729673425,0.109679895
1764505227.512238,-4.5017,3.57084,-0.10682,-0.6518538,0.729673425,0.109679895
1764505227.512238,-4.5017,3.57084,-0.10682,-0.6518538,0.729673425,0.109679895
1764505227.512238,-4.66956,4.41014,1.35814,-0.65112138,0.72949032,0.10913058
1764505227.512238,-4.66956,4.41014,1.35814,-0.65112138,0.72949032,0.10913058
1764505227.512238,-4.66956,4.41014,1.35814,-0.65112138,0.72949032,0.10913058
1764505227.512238,-4.66956,4.41014,1.35814,-0.65112138,0.72949032,0.10913058
1764505227.512238,-4.66956,4.41014,1.35814,-0.65112138,0.72949032,0.10913058
1764505227.512238,-4.66956,4.41014,1.35814,-0.65112138,0.72949032,0.10913058
1764505227.556618,-4.66956,4.41014,1.35814,-0.65112138,0.72949032,0.10913058
1764505227.556618,-4.66956,4.41014,1.35814,-0.65112138,0.72949032,0.10913058
1764505227.556618,-4.66956,4.41014,1.35814,-0.65112138,0.72949032,0.10913058
1764505227.556618,-4.66956,4.41014,1.35814,-0.65112138,0.72949032,0.10913058
1764505227.556618,-4.13546,4.07442,2.3653,-0.653745885,0.728208585,0.109313685
1764505227.556618,-4.13546,4.07442,2.3653,-0.653745885,0.728208585,0.109313685
1764505227.556618,-4.13546,4.07442,2.3653,-0.653745885,0.728208585,0.109313685
1764505227.556618,-4.13546,4.07442,2.3653,-0.653745885,0.728208585,0.109313685
1764505227.556618,-4.13546,4.07442,2.3653,-0.653745885,0.728208585,0.109313685
1764505227.556618,-4.13546,4.07442,2.3653,-0.653745885,0.728208585,0.109313685
1764505227.556618,-4.13546,4.07442,2.3653,-0.653745885,0.728208585,0.109313685
1764505227.556618,-4.13546,4.07442,2.3653,-0.653745885,0.728208585,0.109313685
1764505227.556618,-4.13546,4.07442,2.3653,-0.653745885,0.728208585,0.109313685
1764505227.556618,-4.13546,4.07442,2.3653,-0.653745885,0.728208585,0.109313685
1764505227.557632,-3.5098,2.41108,2.10588,-0.6549055500000001,0.7266827100000001,0.11035128
1764505227.557632,-3.5098,2.41108,2.10588,-0.6549055500000001,0.7266827100000001,0.11035128
1764505227.557632,-3.5098,2.41108,2.10588,-0.6549055500000001,0.7266827100000001,0.11035128
1764505227.557632,-3.5098,2.41108,2.10588,-0.6549055500000001,0.7266827100000001,0.11035128
1764505227.557632,-3.5098,2.41108,2.10588,-0.6549055500000001,0.7266827100000001,0.11035128
1764505227.557632,-3.5098,2.41108,2.10588,-0.6549055500000001,0.7266827100000001,0.11035128
1764505227.5587986,-3.5098,2.41108,2.10588,-0.6549055500000001,0.7266827100000001,0.11035128
1764505227.5587986,-3.5098,2.41108,2.10588,-0.6549055500000001,0.7266827100000001,0.11035128
1764505227.5587986,-3.5098,2.41108,2.10588,-0.6549055500000001,0.7266827100000001,0.11035128
1764505227.5597916,-3.5098,2.41108,2.10588,-0.6549055500000001,0.7266827100000001,0.11035128
1764505227.6054397,-3.9676,3.87604,0.3357199999999999,-0.6542952,0.72680478,0.11120577
1764505227.6054397,-3.9676,3.87604,0.3357199999999999,-0.6542952,0.72680478,0.11120577
1764505227.6054397,-3.9676,3.87604,0.3357199999999999,-0.6542952,0.72680478,0.11120577
1764505227.6061544,-3.9676,3.87604,0.3357199999999999,-0.6542952,0.72680478,0.11120577
1764505227.6061544,-3.9676,3.87604,0.3357199999999999,-0.6542952,0.72680478,0.11120577
1764505227.6061544,-3.9676,3.87604,0.3357199999999999,-0.6542952,0.72680478,0.11120577
1764505227.6061544,-3.9676,3.87604,0.3357199999999999,-0.6542952,0.72680478,0.11120577
1764505227.6061544,-3.9676,3.87604,0.3357199999999999,-0.6542952,0.72680478,0.11120577
1764505227.6061544,-3.9676,3.87604,0.3357199999999999,-0.6542952,0.72680478,0.11120577
1764505227.6061544,-3.9676,3.87604,0.3357199999999999,-0.6542952,0.72680478,0.11120577
1764505227.6061544,-5.58516,5.9514,-1.95328,-0.651426555,0.72863583,0.110900595
1764505227.6061544,-5.58516,5.9514,-1.95328,-0.651426555,0.72863583,0.110900595
1764505227.6061544,-5.58516,5.9514,-1.95328,-0.651426555,0.72863583,0.110900595
1764505227.6074474,-5.58516,5.9514,-1.95328,-0.651426555,0.72863583,0.110900595
1764505227.6074474,-5.58516,5.9514,-1.95328,-0.651426555,0.72863583,0.110900595
1764505227.6074474,-5.58516,5.9514,-1.95328,-0.651426555,0.72863583,0.110900595
1764505227.6074474,-5.58516,5.9514,-1.95328,-0.651426555,0.72863583,0.110900595
1764505227.6074474,-5.58516,5.9514,-1.95328,-0.651426555,0.72863583,0.110900595
1764505227.6074474,-5.58516,5.9514,-1.95328,-0.651426555,0.72863583,0.110900595
1764505227.6074474,-5.58516,5.9514,-1.95328,-0.651426555,0.72863583,0.110900595
1764505227.608482,-4.852679999999999,4.86794,-1.4039199999999998,-0.654600375,0.728086515,0.113097855
1764505227.608482,-4.852679999999999,4.86794,-1.4039199999999998,-0.654600375,0.728086515,0.113097855
1764505227.608482,-4.852679999999999,4.86794,-1.4039199999999998,-0.654600375,0.728086515,0.113097855
1764505227.608482,-4.852679999999999,4.86794,-1.4039199999999998,-0.654600375,0.728086515,0.113097855
1764505227.6531074,-4.852679999999999,4.86794,-1.4039199999999998,-0.654600375,0.728086515,0.113097855
1764505227.6531074,-4.852679999999999,4.86794,-1.4039199999999998,-0.654600375,0.728086515,0.113097855
1764505227.6531074,-4.852679999999999,4.86794,-1.4039199999999998,-0.654600375,0.728086515,0.113097855
1764505227.6531074,-4.852679999999999,4.86794,-1.4039199999999998,-0.654600375,0.728086515,0.113097855
1764505227.6531074,-4.852679999999999,4.86794,-1.4039199999999998,-0.654600375,0.728086515,0.113097855
1764505227.6531074,-4.852679999999999,4.86794,-1.4039199999999998,-0.654600375,0.728086515,0.113097855
1764505227.6531074,-1.15976,3.69292,0.19838,-0.658506615,0.7272320250000001,0.11608857
1764505227.6531074,-1.15976,3.69292,0.19838,-0.658506615,0.7272320250000001,0.11608857
1764505227.6531074,-1.15976,3.69292,0.19838,-0.658506615,0.7272320250000001,0.11608857
1764505227.6531074,-1.15976,3.69292,0.19838,-0.658506615,0.7272320250000001,0.11608857
1764505227.6531074,-1.15976,3.69292,0.19838,-0.658506615,0.7272320250000001,0.11608857
1764505227.6531074,-1.15976,3.69292,0.19838,-0.658506615,0.7272320250000001,0.11608857
1764505227.6531074,-1.15976,3.69292,0.19838,-0.658506615,0.7272320250000001,0.11608857
1764505227.6531074,-1.15976,3.69292,0.19838,-0.658506615,0.7272320250000001,0.11608857
1764505227.6531074,-1.15976,3.69292,0.19838,-0.658506615,0.7272320250000001,0.11608857
1764505227.6531074,-1.15976,3.69292,0.19838,-0.658506615,0.7272320250000001,0.11608857
1764505227.6531074,0.42728,2.42634,1.526,-0.6616194,0.72900204,0.11645478
1764505227.6531074,0.42728,2.42634,1.526,-0.6616194,0.72900204,0.11645478
1764505227.6531074,0.42728,2.42634,1.526,-0.6616194,0.72900204,0.11645478
1764505227.6531074,0.42728,2.42634,1.526,-0.6616194,0.72900204,0.11645478
1764505227.6531074,0.42728,2.42634,1.526,-0.6616194,0.72900204,0.11645478
1764505227.6531074,0.42728,2.42634,1.526,-0.6616194,0.72900204,0.11645478
1764505227.6531074,0.42728,2.42634,1.526,-0.6616194,0.72900204,0.11645478
1764505227.6531074,0.42728,2.42634,1.526,-0.6616194,0.72900204,0.11645478
1764505227.6977742,0.42728,2.42634,1.526,-0.6616194,0.72900204,0.11645478
1764505227.6977742,0.42728,2.42634,1.526,-0.6616194,0.72900204,0.11645478
1764505227.6987708,-2.47212,1.69386,0.9919,-0.662290785,0.73449519,0.113708205
1764505227.6987708,-2.47212,1.69386,0.9919,-0.662290785,0.73449519,0.113708205
1764505227.6987708,-2.47212,1.69386,0.9919,-0.662290785,0.73449519,0.113708205
1764505227.6987708,-2.47212,1.69386,0.9919,-0.662290785,0.73449519,0.113708205
1764505227.6987708,-2.47212,1.69386,0.9919,-0.662290785,0.73449519,0.113708205
1764505227.6987708,-2.47212,1.69386,0.9919,-0.662290785,0.73449519,0.113708205
1764505227.6987708,-2.47212,1.69386,0.9919,-0.662290785,0.73449519,0.113708205
1764505227.6987708,-2.47212,1.69386,0.9919,-0.662290785,0.73449519,0.113708205
1764505227.6987708,-2.47212,1.69386,0.9919,-0.662290785,0.73449519,0.113708205
1764505227.6987708,-2.47212,1.69386,0.9919,-0.662290785,0.73449519,0.113708205
1764505227.6987708,-5.5699,2.09062,-0.42728,-0.65991042,0.7392559200000001,0.112365435
1764505227.6987708,-5.5699,2.09062,-0.42728,-0.65991042,0.7392559200000001,0.112365435
1764505227.6987708,-5.5699,2.09062,-0.42728,-0.65991042,0.7392559200000001,0.112365435
1764505227.6987708,-5.5699,2.09062,-0.42728,-0.65991042,0.7392559200000001,0.112365435
1764505227.6987708,-5.5699,2.09062,-0.42728,-0.65991042,0.7392559200000001,0.112365435
1764505227.6987708,-5.5699,2.09062,-0.42728,-0.65991042,0.7392559200000001,0.112365435
1764505227.6987708,-5.5699,2.09062,-0.42728,-0.65991042,0.7392559200000001,0.112365435
1764505227.6987708,-5.5699,2.09062,-0.42728,-0.65991042,0.7392559200000001,0.112365435
1764505227.6987708,-5.5699,2.09062,-0.42728,-0.65991042,0.7392559200000001,0.112365435
1764505227.6987708,-5.5699,2.09062,-0.42728,-0.65991042,0.7392559200000001,0.112365435
1764505227.7428677,-6.85174,0.8698199999999999,-0.82404,-0.657407985,0.73937799,0.113097855
1764505227.7428677,-6.85174,0.8698199999999999,-0.82404,-0.657407985,0.73937799,0.113097855
1764505227.7428677,-6.85174,0.8698199999999999,-0.82404,-0.657407985,0.73937799,0.113097855
1764505227.7428677,-6.85174,0.8698199999999999,-0.82404,-0.657407985,0.73937799,0.113097855
1764505227.7446558,-6.85174,0.8698199999999999,-0.82404,-0.657407985,0.73937799,0.113097855
1764505227.7446558,-6.85174,0.8698199999999999,-0.82404,-0.657407985,0.73937799,0.113097855
1764505227.7446558,-6.85174,0.8698199999999999,-0.82404,-0.657407985,0.73937799,0.113097855
1764505227.7446558,-6.85174,0.8698199999999999,-0.82404,-0.657407985,0.73937799,0.113097855
1764505227.7446558,-6.85174,0.8698199999999999,-0.82404,-0.657407985,0.73937799,0.113097855
1764505227.7446558,-6.85174,0.8698199999999999,-0.82404,-0.657407985,0.73937799,0.113097855
1764505227.7446558,-4.8069,1.87698,0.2289,-0.6579573,0.733701735,0.11401338
1764505227.7446558,-4.8069,1.87698,0.2289,-0.6579573,0.733701735,0.11401338
1764505227.7446558,-4.8069,1.87698,0.2289,-0.6579573,0.733701735,0.11401338
1764505227.7446558,-4.8069,1.87698,0.2289,-0.6579573,0.733701735,0.11401338
1764505227.7446558,-4.8069,1.87698,0.2289,-0.6579573,0.733701735,0.11401338
1764505227.7446558,-4.8069,1.87698,0.2289,-0.6579573,0.733701735,0.11401338
1764505227.7446558,-4.8069,1.87698,0.2289,-0.6579573,0.733701735,0.11401338
1764505227.7446558,-4.8069,1.87698,0.2289,-0.6579573,0.733701735,0.11401338
1764505227.7456665,-4.8069,1.87698,0.2289,-0.6579573,0.733701735,0.11401338
1764505227.7456665,-4.8069,1.87698,0.2289,-0.6579573,0.733701735,0.11401338
1764505227.7456665,-3.23512,0.2289,1.26658,-0.658750755,0.729551355,0.115295115
1764505227.7456665,-3.23512,0.2289,1.26658,-0.658750755,0.729551355,0.115295115
1764505227.7466729,-3.23512,0.2289,1.26658,-0.658750755,0.729551355,0.115295115
1764505227.7466729,-3.23512,0.2289,1.26658,-0.658750755,0.729551355,0.115295115
1764505227.7466729,-3.23512,0.2289,1.26658,-0.658750755,0.729551355,0.115295115
1764505227.7466729,-3.23512,0.2289,1.26658,-0.658750755,0.729551355,0.115295115
1764505227.792773,-3.23512,0.2289,1.26658,-0.658750755,0.729551355,0.115295115
1764505227.792773,-3.23512,0.2289,1.26658,-0.658750755,0.729551355,0.115295115
1764505227.792773,-3.23512,0.2289,1.26658,-0.658750755,0.729551355,0.115295115
1764505227.7937665,-3.23512,0.2289,1.26658,-0.658750755,0.729551355,0.115295115
1764505227.7937665,-5.58516,0.74774,0.8392999999999999,-0.65734695,0.727109955,0.11633271
1764505227.7937665,-5.58516,0.74774,0.8392999999999999,-0.65734695,0.727109955,0.11633271
1764505227.7937665,-5.58516,0.74774,0.8392999999999999,-0.65734695,0.727109955,0.11633271
1764505227.7937665,-5.58516,0.74774,0.8392999999999999,-0.65734695,0.727109955,0.11633271
1764505227.7937665,-5.58516,0.74774,0.8392999999999999,-0.65734695,0.727109955,0.11633271
1764505227.7937665,-5.58516,0.74774,0.8392999999999999,-0.65734695,0.727109955,0.11633271
1764505227.7937665,-5.58516,0.74774,0.8392999999999999,-0.65734695,0.727109955,0.11633271
1764505227.7937665,-5.58516,0.74774,0.8392999999999999,-0.65734695,0.727109955,0.11633271
1764505227.7937665,-5.58516,0.74774,0.8392999999999999,-0.65734695,0.727109955,0.11633271
1764505227.7937665,-5.58516,0.74774,0.8392999999999999,-0.65734695,0.727109955,0.11633271
1764505227.7937665,-6.36342,0.01526,0.28994,-0.65624832,0.72595029,0.117614445
1764505227.7937665,-6.36342,0.01526,0.28994,-0.65624832,0.72595029,0.117614445
1764505227.7937665,-6.36342,0.01526,0.28994,-0.65624832,0.72595029,0.117614445
1764505227.7937665,-6.36342,0.01526,0.28994,-0.65624832,0.72595029,0.117614445
1764505227.7937665,-6.36342,0.01526,0.28994,-0.65624832,0.72595029,0.117614445
1764505227.7937665,-6.36342,0.01526,0.28994,-0.65624832,0.72595029,0.117614445
1764505227.7937665,-6.36342,0.01526,0.28994,-0.65624832,0.72595029,0.117614445
1764505227.7937665,-6.36342,0.01526,0.28994,-0.65624832,0.72595029,0.117614445
1764505227.8399355,-6.36342,0.01526,0.28994,-0.65624832,0.72595029,0.117614445
1764505227.8399355,-6.36342,0.01526,0.28994,-0.65624832,0.72595029,0.117614445
1764505227.8399355,-7.49266,-0.59514,0.09156,-0.65612625,0.726377535,0.116149605
1764505227.8399355,-7.49266,-0.59514,0.09156,-0.65612625,0.726377535,0.116149605
1764505227.8399355,-7.49266,-0.59514,0.09156,-0.65612625,0.726377535,0.116149605
1764505227.8399355,-7.49266,-0.59514,0.09156,-0.65612625,0.726377535,0.116149605
1764505227.8399355,-7.49266,-0.59514,0.09156,-0.65612625,0.726377535,0.116149605
1764505227.8399355,-7.49266,-0.59514,0.09156,-0.65612625,0.726377535,0.116149605
1764505227.8399355,-7.49266,-0.59514,0.09156,-0.65612625,0.726377535,0.116149605
1764505227.8399355,-7.49266,-0.59514,0.09156,-0.65612625,0.726377535,0.116149605
1764505227.8399355,-7.49266,-0.59514,0.09156,-0.65612625,0.726377535,0.116149605
1764505227.8399355,-7.49266,-0.59514,0.09156,-0.65612625,0.726377535,0.116149605
1764505227.8399355,-6.34816,-0.54936,0.03052,-0.656065215,0.726987885,0.11315889
1764505227.8399355,-6.34816,-0.54936,0.03052,-0.656065215,0.726987885,0.11315889
1764505227.8399355,-6.34816,-0.54936,0.03052,-0.656065215,0.726987885,0.11315889
1764505227.8399355,-6.34816,-0.54936,0.03052,-0.656065215,0.726987885,0.11315889
1764505227.8399355,-6.34816,-0.54936,0.03052,-0.656065215,0.726987885,0.11315889
1764505227.8399355,-6.34816,-0.54936,0.03052,-0.656065215,0.726987885,0.11315889
1764505227.8399355,-6.34816,-0.54936,0.03052,-0.656065215,0.726987885,0.11315889
1764505227.8399355,-6.34816,-0.54936,0.03052,-0.656065215,0.726987885,0.11315889
1764505227.8409543,-6.34816,-0.54936,0.03052,-0.656065215,0.726987885,0.11315889
1764505227.8409543,-6.34816,-0.54936,0.03052,-0.656065215,0.726987885,0.11315889
1764505227.882257,-6.72966,-0.6867,0.57988,-0.6538679550000001,0.72692685,0.111877155
1764505227.882257,-6.72966,-0.6867,0.57988,-0.6538679550000001,0.72692685,0.111877155
1764505227.882257,-6.72966,-0.6867,0.57988,-0.6538679550000001,0.72692685,0.111877155
1764505227.882257,-6.72966,-0.6867,0.57988,-0.6538679550000001,0.72692685,0.111877155
1764505227.882257,-6.72966,-0.6867,0.57988,-0.6538679550000001,0.72692685,0.111877155
1764505227.882257,-6.72966,-0.6867,0.57988,-0.6538679550000001,0.72692685,0.111877155
1764505227.882257,-6.72966,-0.6867,0.57988,-0.6538679550000001,0.72692685,0.111877155
1764505227.882257,-6.72966,-0.6867,0.57988,-0.6538679550000001,0.72692685,0.111877155
1764505227.882257,-6.72966,-0.6867,0.57988,-0.6538679550000001,0.72692685,0.111877155
1764505227.882257,-6.72966,-0.6867,0.57988,-0.6538679550000001,0.72692685,0.111877155
1764505227.8832724,-6.134519999999999,0.1525999999999999,1.54126,-0.651914835,0.72424131,0.111144735
1764505227.8832724,-6.134519999999999,0.1525999999999999,1.54126,-0.651914835,0.72424131,0.111144735
1764505227.8832724,-6.134519999999999,0.1525999999999999,1.54126,-0.651914835,0.72424131,0.111144735
1764505227.8832724,-6.134519999999999,0.1525999999999999,1.54126,-0.651914835,0.72424131,0.111144735
1764505227.8832724,-6.134519999999999,0.1525999999999999,1.54126,-0.651914835,0.72424131,0.111144735
1764505227.8832724,-6.134519999999999,0.1525999999999999,1.54126,-0.651914835,0.72424131,0.111144735
1764505227.8832724,-6.134519999999999,0.1525999999999999,1.54126,-0.651914835,0.72424131,0.111144735
1764505227.8832724,-6.134519999999999,0.1525999999999999,1.54126,-0.651914835,0.72424131,0.111144735
1764505227.8832724,-6.134519999999999,0.1525999999999999,1.54126,-0.651914835,0.72424131,0.111144735
1764505227.8832724,-6.134519999999999,0.1525999999999999,1.54126,-0.651914835,0.72424131,0.111144735
1764505227.8832724,-4.97476,0.50358,0.8392999999999999,-0.65209794,0.720762315,0.111266805
1764505227.895663,-4.97476,0.50358,0.8392999999999999,-0.65209794,0.720762315,0.111266805
1764505227.895663,-4.97476,0.50358,0.8392999999999999,-0.65209794,0.720762315,0.111266805
1764505227.895663,-4.97476,0.50358,0.8392999999999999,-0.65209794,0.720762315,0.111266805
1764505227.9316692,-4.97476,0.50358,0.8392999999999999,-0.65209794,0.720762315,0.111266805
1764505227.9316692,-4.97476,0.50358,0.8392999999999999,-0.65209794,0.720762315,0.111266805
1764505227.9316692,-4.97476,0.50358,0.8392999999999999,-0.65209794,0.720762315,0.111266805
1764505227.9316692,-4.97476,0.50358,0.8392999999999999,-0.65209794,0.720762315,0.111266805
1764505227.9316692,-4.97476,0.50358,0.8392999999999999,-0.65209794,0.720762315,0.111266805
1764505227.9332,-4.97476,0.50358,0.8392999999999999,-0.65209794,0.720762315,0.111266805
1764505227.9332,-3.3572,-1.08346,1.12924,-0.65368485,0.7183209150000001,0.112121295
1764505227.9332,-3.3572,-1.08346,1.12924,-0.65368485,0.7183209150000001,0.112121295
1764505227.9332,-3.3572,-1.08346,1.12924,-0.65368485,0.7183209150000001,0.112121295
1764505227.9332,-3.3572,-1.08346,1.12924,-0.65368485,0.7183209150000001,0.112121295
1764505227.9332,-3.3572,-1.08346,1.12924,-0.65368485,0.7183209150000001,0.112121295
1764505227.9332,-3.3572,-1.08346,1.12924,-0.65368485,0.7183209150000001,0.112121295
1764505227.9332,-3.3572,-1.08346,1.12924,-0.65368485,0.7183209150000001,0.112121295
1764505227.9332,-3.3572,-1.08346,1.12924,-0.65368485,0.7183209150000001,0.112121295
1764505227.9332,-3.3572,-1.08346,1.12924,-0.65368485,0.7183209150000001,0.112121295
1764505227.9332,-3.3572,-1.08346,1.12924,-0.65368485,0.7183209150000001,0.112121295
1764505227.9332,-2.4416,-1.95328,1.03768,-0.65258622,0.719297475,0.11303682
1764505227.9332,-2.4416,-1.95328,1.03768,-0.65258622,0.719297475,0.11303682
1764505227.9332,-2.4416,-1.95328,1.03768,-0.65258622,0.719297475,0.11303682
1764505227.9332,-2.4416,-1.95328,1.03768,-0.65258622,0.719297475,0.11303682
1764505227.9332,-2.4416,-1.95328,1.03768,-0.65258622,0.719297475,0.11303682
1764505227.9332,-2.4416,-1.95328,1.03768,-0.65258622,0.719297475,0.11303682
1764505227.9332,-2.4416,-1.95328,1.03768,-0.65258622,0.719297475,0.11303682
1764505227.9332,-2.4416,-1.95328,1.03768,-0.65258622,0.719297475,0.11303682
1764505227.979996,-2.4416,-1.95328,1.03768,-0.65258622,0.719297475,0.11303682
1764505227.979996,-2.4416,-1.95328,1.03768,-0.65258622,0.719297475,0.11303682
1764505227.979996,-0.62566,0.04578,-0.0762999999999999,-0.65136552,0.722593365,0.11315889
1764505227.979996,-0.62566,0.04578,-0.0762999999999999,-0.65136552,0.722593365,0.11315889
1764505227.979996,-0.62566,0.04578,-0.0762999999999999,-0.65136552,0.722593365,0.11315889
1764505227.979996,-0.62566,0.04578,-0.0762999999999999,-0.65136552,0.722593365,0.11315889
1764505227.979996,-0.62566,0.04578,-0.0762999999999999,-0.65136552,0.722593365,0.11315889
1764505227.979996,-0.62566,0.04578,-0.0762999999999999,-0.65136552,0.722593365,0.11315889
1764505227.979996,-0.62566,0.04578,-0.0762999999999999,-0.65136552,0.722593365,0.11315889
1764505227.979996,-0.62566,0.04578,-0.0762999999999999,-0.65136552,0.722593365,0.11315889
1764505227.979996,-0.62566,0.04578,-0.0762999999999999,-0.65136552,0.722593365,0.11315889
1764505227.979996,-0.62566,0.04578,-0.0762999999999999,-0.65136552,0.722593365,0.11315889
1764505227.979996,0.42728,0.73248,-0.6409199999999999,-0.65319657,0.731382405,0.11047335
1764505227.979996,0.42728,0.73248,-0.6409199999999999,-0.65319657,0.731382405,0.11047335
1764505227.979996,0.42728,0.73248,-0.6409199999999999,-0.65319657,0.731382405,0.11047335
1764505227.979996,0.42728,0.73248,-0.6409199999999999,-0.65319657,0.731382405,0.11047335
1764505227.979996,0.42728,0.73248,-0.6409199999999999,-0.65319657,0.731382405,0.11047335
1764505227.981012,0.42728,0.73248,-0.6409199999999999,-0.65319657,0.731382405,0.11047335
1764505227.981012,0.42728,0.73248,-0.6409199999999999,-0.65319657,0.731382405,0.11047335
1764505227.981012,0.42728,0.73248,-0.6409199999999999,-0.65319657,0.731382405,0.11047335
1764505227.981012,0.42728,0.73248,-0.6409199999999999,-0.65319657,0.731382405,0.11047335
1764505227.981012,0.42728,0.73248,-0.6409199999999999,-0.65319657,0.731382405,0.11047335
1764505227.981012,-0.1525999999999999,0.3815,-0.48832,-0.65514969,0.74072076,0.10900851
1764505227.981012,-0.1525999999999999,0.3815,-0.48832,-0.65514969,0.74072076,0.10900851
1764505228.0213895,-0.1525999999999999,0.3815,-0.48832,-0.65514969,0.74072076,0.10900851
1764505228.023949,-0.1525999999999999,0.3815,-0.48832,-0.65514969,0.74072076,0.10900851
1764505228.023949,-0.1525999999999999,0.3815,-0.48832,-0.65514969,0.74072076,0.10900851
1764505228.023949,-0.1525999999999999,0.3815,-0.48832,-0.65514969,0.74072076,0.10900851
1764505228.023949,-0.1525999999999999,0.3815,-0.48832,-0.65514969,0.74072076,0.10900851
1764505228.0249426,-0.1525999999999999,0.3815,-0.48832,-0.65514969,0.74072076,0.10900851
1764505228.0249426,-0.1525999999999999,0.3815,-0.48832,-0.65514969,0.74072076,0.10900851
1764505228.0249426,-0.1525999999999999,0.3815,-0.48832,-0.65514969,0.74072076,0.10900851
1764505228.0249426,-3.99812,1.61756,0.44254,-0.655454865,0.741636285,0.110168175
1764505228.0249426,-3.99812,1.61756,0.44254,-0.655454865,0.741636285,0.110168175
1764505228.0249426,-3.99812,1.61756,0.44254,-0.655454865,0.741636285,0.110168175
1764505228.0249426,-3.99812,1.61756,0.44254,-0.655454865,0.741636285,0.110168175
1764505228.0249426,-3.99812,1.61756,0.44254,-0.655454865,0.741636285,0.110168175
1764505228.0249426,-3.99812,1.61756,0.44254,-0.655454865,0.741636285,0.110168175
1764505228.0269384,-3.99812,1.61756,0.44254,-0.655454865,0.741636285,0.110168175
1764505228.0269384,-3.99812,1.61756,0.44254,-0.655454865,0.741636285,0.110168175
1764505228.0269384,-3.99812,1.61756,0.44254,-0.655454865,0.741636285,0.110168175
1764505228.0269384,-3.99812,1.61756,0.44254,-0.655454865,0.741636285,0.110168175
1764505228.0269384,-5.7225,2.96044,0.3509799999999999,-0.65649246,0.73681452,0.11169405
1764505228.0269384,-5.7225,2.96044,0.3509799999999999,-0.65649246,0.73681452,0.11169405
1764505228.0269384,-5.7225,2.96044,0.3509799999999999,-0.65649246,0.73681452,0.11169405
1764505228.0269384,-5.7225,2.96044,0.3509799999999999,-0.65649246,0.73681452,0.11169405
1764505228.0732996,-5.7225,2.96044,0.3509799999999999,-0.65649246,0.73681452,0.11169405
1764505228.0732996,-5.7225,2.96044,0.3509799999999999,-0.65649246,0.73681452,0.11169405
1764505228.0732996,-5.7225,2.96044,0.3509799999999999,-0.65649246,0.73681452,0.11169405
1764505228.0732996,-5.7225,2.96044,0.3509799999999999,-0.65649246,0.73681452,0.11169405
1764505228.0732996,-5.7225,2.96044,0.3509799999999999,-0.65649246,0.73681452,0.11169405
1764505228.0732996,-5.7225,2.96044,0.3509799999999999,-0.65649246,0.73681452,0.11169405
1764505228.0732996,-5.40204,1.95328,-0.71722,-0.657163845,0.733213455,0.11328096
1764505228.0732996,-5.40204,1.95328,-0.71722,-0.657163845,0.733213455,0.11328096
1764505228.074234,-5.40204,1.95328,-0.71722,-0.657163845,0.733213455,0.11328096
1764505228.074234,-5.40204,1.95328,-0.71722,-0.657163845,0.733213455,0.11328096
1764505228.074234,-5.40204,1.95328,-0.71722,-0.657163845,0.733213455,0.11328096
1764505228.074234,-5.40204,1.95328,-0.71722,-0.657163845,0.733213455,0.11328096
1764505228.074234,-5.40204,1.95328,-0.71722,-0.657163845,0.733213455,0.11328096
1764505228.074234,-5.40204,1.95328,-0.71722,-0.657163845,0.733213455,0.11328096
1764505228.074234,-5.40204,1.95328,-0.71722,-0.657163845,0.733213455,0.11328096
1764505228.074234,-5.40204,1.95328,-0.71722,-0.657163845,0.733213455,0.11328096
1764505228.0753143,-3.00622,1.8312,-1.05294,-0.657041775,0.731992755,0.11401338
1764505228.0753143,-3.00622,1.8312,-1.05294,-0.657041775,0.731992755,0.11401338
1764505228.0753143,-3.00622,1.8312,-1.05294,-0.657041775,0.731992755,0.11401338
1764505228.0753143,-3.00622,1.8312,-1.05294,-0.657041775,0.731992755,0.11401338
1764505228.0753143,-3.00622,1.8312,-1.05294,-0.657041775,0.731992755,0.11401338
1764505228.0753143,-3.00622,1.8312,-1.05294,-0.657041775,0.731992755,0.11401338
1764505228.1196947,-3.00622,1.8312,-1.05294,-0.657041775,0.731992755,0.11401338
1764505228.1207018,-3.00622,1.8312,-1.05294,-0.657041775,0.731992755,0.11401338
1764505228.1207018,-3.00622,1.8312,-1.05294,-0.657041775,0.731992755,0.11401338
1764505228.1214485,-3.00622,1.8312,-1.05294,-0.657041775,0.731992755,0.11401338
1764505228.1214485,-3.26564,1.54126,0.6409199999999999,-0.656065215,0.7314434400000001,0.11303682
1764505228.1214485,-3.26564,1.54126,0.6409199999999999,-0.656065215,0.7314434400000001,0.11303682
1764505228.1214485,-3.26564,1.54126,0.6409199999999999,-0.656065215,0.7314434400000001,0.11303682
1764505228.1214485,-3.26564,1.54126,0.6409199999999999,-0.656065215,0.7314434400000001,0.11303682
1764505228.1214485,-3.26564,1.54126,0.6409199999999999,-0.656065215,0.7314434400000001,0.11303682
1764505228.1224587,-3.26564,1.54126,0.6409199999999999,-0.656065215,0.7314434400000001,0.11303682
1764505228.1224587,-3.26564,1.54126,0.6409199999999999,-0.656065215,0.7314434400000001,0.11303682
1764505228.12283,-3.26564,1.54126,0.6409199999999999,-0.656065215,0.7314434400000001,0.11303682
1764505228.12283,-3.26564,1.54126,0.6409199999999999,-0.656065215,0.7314434400000001,0.11303682
1764505228.12283,-3.26564,1.54126,0.6409199999999999,-0.656065215,0.7314434400000001,0.11303682
1764505228.12283,-2.73154,1.0682,0.57988,-0.65746902,0.7263165,0.112365435
1764505228.1235268,-2.73154,1.0682,0.57988,-0.65746902,0.7263165,0.112365435
1764505228.1235268,-2.73154,1.0682,0.57988,-0.65746902,0.7263165,0.112365435
1764505228.1235268,-2.73154,1.0682,0.57988,-0.65746902,0.7263165,0.112365435
1764505228.1235268,-2.73154,1.0682,0.57988,-0.65746902,0.7263165,0.112365435
1764505228.1235268,-2.73154,1.0682,0.57988,-0.65746902,0.7263165,0.112365435
1764505228.1235268,-2.73154,1.0682,0.57988,-0.65746902,0.7263165,0.112365435
1764505228.1245356,-2.73154,1.0682,0.57988,-0.65746902,0.7263165,0.112365435
1764505228.1245356,-2.73154,1.0682,0.57988,-0.65746902,0.7263165,0.112365435
1764505228.1245356,-2.73154,1.0682,0.57988,-0.65746902,0.7263165,0.112365435
1764505228.1656675,-2.07536,-0.65618,-0.1678599999999999,-0.6580183350000001,0.724302345,0.111999225
1764505228.1656675,-2.07536,-0.65618,-0.1678599999999999,-0.6580183350000001,0.724302345,0.111999225
1764505228.1656675,-2.07536,-0.65618,-0.1678599999999999,-0.6580183350000001,0.724302345,0.111999225
1764505228.1656675,-2.07536,-0.65618,-0.1678599999999999,-0.6580183350000001,0.724302345,0.111999225
1764505228.1656675,-2.07536,-0.65618,-0.1678599999999999,-0.6580183350000001,0.724302345,0.111999225
1764505228.1656675,-2.07536,-0.65618,-0.1678599999999999,-0.6580183350000001,0.724302345,0.111999225
1764505228.1656675,-2.07536,-0.65618,-0.1678599999999999,-0.6580183350000001,0.724302345,0.111999225
1764505228.1656675,-2.07536,-0.65618,-0.1678599999999999,-0.6580183350000001,0.724302345,0.111999225
1764505228.1656675,-2.07536,-0.65618,-0.1678599999999999,-0.6580183350000001,0.724302345,0.111999225
1764505228.1656675,-2.07536,-0.65618,-0.1678599999999999,-0.6580183350000001,0.724302345,0.111999225
1764505228.1656675,-2.18218,-0.0762999999999999,-0.12208,-0.656065215,0.723447855,0.11169405
1764505228.1656675,-2.18218,-0.0762999999999999,-0.12208,-0.656065215,0.723447855,0.11169405
1764505228.1656675,-2.18218,-0.0762999999999999,-0.12208,-0.656065215,0.723447855,0.11169405
1764505228.1656675,-2.18218,-0.0762999999999999,-0.12208,-0.656065215,0.723447855,0.11169405
1764505228.1656675,-2.18218,-0.0762999999999999,-0.12208,-0.656065215,0.723447855,0.11169405
1764505228.1656675,-2.18218,-0.0762999999999999,-0.12208,-0.656065215,0.723447855,0.11169405
1764505228.1656675,-2.18218,-0.0762999999999999,-0.12208,-0.656065215,0.723447855,0.11169405
1764505228.1656675,-2.18218,-0.0762999999999999,-0.12208,-0.656065215,0.723447855,0.11169405
1764505228.1656675,-2.18218,-0.0762999999999999,-0.12208,-0.656065215,0.723447855,0.11169405
1764505228.1656675,-2.18218,-0.0762999999999999,-0.12208,-0.656065215,0.723447855,0.11169405
1764505228.1656675,-2.18218,1.0682,0.54936,-0.654966585,0.72277647,0.110900595
1764505228.1667044,-2.18218,1.0682,0.54936,-0.654966585,0.72277647,0.110900595
1764505228.1667044,-2.18218,1.0682,0.54936,-0.654966585,0.72277647,0.110900595
1764505228.1667044,-2.18218,1.0682,0.54936,-0.654966585,0.72277647,0.110900595
1764505228.2102509,-2.18218,1.0682,0.54936,-0.654966585,0.72277647,0.110900595
1764505228.2102509,-2.18218,1.0682,0.54936,-0.654966585,0.72277647,0.110900595
1764505228.2102509,-2.18218,1.0682,0.54936,-0.654966585,0.72277647,0.110900595
1764505228.2102509,-2.18218,1.0682,0.54936,-0.654966585,0.72277647,0.110900595
1764505228.2102509,-2.18218,1.0682,0.54936,-0.654966585,0.72277647,0.110900595
1764505228.2102509,-2.18218,1.0682,0.54936,-0.654966585,0.72277647,0.110900595
1764505228.2102509,-1.6022999999999998,1.49548,0.39676,-0.655821075,0.72314268,0.11120577
1764505228.2102509,-1.6022999999999998,1.49548,0.39676,-0.655821075,0.72314268,0.11120577
1764505228.2102509,-1.6022999999999998,1.49548,0.39676,-0.655821075,0.72314268,0.11120577
1764505228.2102509,-1.6022999999999998,1.49548,0.39676,-0.655821075,0.72314268,0.11120577
1764505228.2102509,-1.6022999999999998,1.49548,0.39676,-0.655821075,0.72314268,0.11120577
1764505228.2102509,-1.6022999999999998,1.49548,0.39676,-0.655821075,0.72314268,0.11120577
1764505228.2102509,-1.6022999999999998,1.49548,0.39676,-0.655821075,0.72314268,0.11120577
1764505228.2102509,-1.6022999999999998,1.49548,0.39676,-0.655821075,0.72314268,0.11120577
1764505228.2102509,-1.6022999999999998,1.49548,0.39676,-0.655821075,0.72314268,0.11120577
1764505228.2102509,-1.6022999999999998,1.49548,0.39676,-0.655821075,0.72314268,0.11120577
1764505228.2102509,0.42728,1.1445,0.21364,-0.657285915,0.725156835,0.111144735
1764505228.211269,0.42728,1.1445,0.21364,-0.657285915,0.725156835,0.111144735
1764505228.211269,0.42728,1.1445,0.21364,-0.657285915,0.725156835,0.111144735
1764505228.211269,0.42728,1.1445,0.21364,-0.657285915,0.725156835,0.111144735
1764505228.211269,0.42728,1.1445,0.21364,-0.657285915,0.725156835,0.111144735
1764505228.211269,0.42728,1.1445,0.21364,-0.657285915,0.725156835,0.111144735
1764505228.211269,0.42728,1.1445,0.21364,-0.657285915,0.725156835,0.111144735
1764505228.211269,0.42728,1.1445,0.21364,-0.657285915,0.725156835,0.111144735
1764505228.2569666,0.42728,1.1445,0.21364,-0.657285915,0.725156835,0.111144735
1764505228.2569666,0.42728,1.1445,0.21364,-0.657285915,0.725156835,0.111144735
1764505228.2569666,1.43444,0.2289,-0.1525999999999999,-0.659239035,0.728696865,0.112121295
1764505228.2569666,1.43444,0.2289,-0.1525999999999999,-0.659239035,0.728696865,0.112121295
1764505228.2569666,1.43444,0.2289,-0.1525999999999999,-0.659239035,0.728696865,0.112121295
1764505228.2569666,1.43444,0.2289,-0.1525999999999999,-0.659239035,0.728696865,0.112121295
1764505228.2569666,1.43444,0.2289,-0.1525999999999999,-0.659239035,0.728696865,0.112121295
1764505228.2569666,1.43444,0.2289,-0.1525999999999999,-0.659239035,0.728696865,0.112121295
1764505228.2569666,1.43444,0.2289,-0.1525999999999999,-0.659239035,0.728696865,0.112121295
1764505228.2569666,1.43444,0.2289,-0.1525999999999999,-0.659239035,0.728696865,0.112121295
1764505228.2569666,1.43444,0.2289,-0.1525999999999999,-0.659239035,0.728696865,0.112121295
1764505228.2569666,1.43444,0.2289,-0.1525999999999999,-0.659239035,0.728696865,0.112121295
1764505228.2569666,0.28994,-0.42728,0.82404,-0.6575300550000001,0.72924618,0.113708205
1764505228.2569666,0.28994,-0.42728,0.82404,-0.6575300550000001,0.72924618,0.113708205
1764505228.2589848,0.28994,-0.42728,0.82404,-0.6575300550000001,0.72924618,0.113708205
1764505228.2589848,0.28994,-0.42728,0.82404,-0.6575300550000001,0.72924618,0.113708205
1764505228.2589848,0.28994,-0.42728,0.82404,-0.6575300550000001,0.72924618,0.113708205
1764505228.2589848,0.28994,-0.42728,0.82404,-0.6575300550000001,0.72924618,0.113708205
1764505228.2589848,0.28994,-0.42728,0.82404,-0.6575300550000001,0.72924618,0.113708205
1764505228.2589848,0.28994,-0.42728,0.82404,-0.6575300550000001,0.72924618,0.113708205
1764505228.2589848,0.28994,-0.42728,0.82404,-0.6575300550000001,0.72924618,0.113708205
1764505228.2589848,0.28994,-0.42728,0.82404,-0.6575300550000001,0.72924618,0.113708205
1764505228.3022785,-1.69386,-0.10682,0.2289,-0.65576004,0.7299786,0.114074415
1764505228.3022785,-1.69386,-0.10682,0.2289,-0.65576004,0.7299786,0.114074415
1764505228.3022785,-1.69386,-0.10682,0.2289,-0.65576004,0.7299786,0.114074415
1764505228.3022785,-1.69386,-0.10682,0.2289,-0.65576004,0.7299786,0.114074415
1764505228.3022785,-1.69386,-0.10682,0.2289,-0.65576004,0.7299786,0.114074415
1764505228.3022785,-1.69386,-0.10682,0.2289,-0.65576004,0.7299786,0.114074415
1764505228.3022785,-1.69386,-0.10682,0.2289,-0.65576004,0.7299786,0.114074415
1764505228.3022785,-1.69386,-0.10682,0.2289,-0.65576004,0.7299786,0.114074415
1764505228.3022785,-1.69386,-0.10682,0.2289,-0.65576004,0.7299786,0.114074415
1764505228.3022785,-1.69386,-0.10682,0.2289,-0.65576004,0.7299786,0.114074415
1764505228.3022785,-2.38056,-0.1678599999999999,0.8087799999999999,-0.655454865,0.73156551,0.11340303
1764505228.3022785,-2.38056,-0.1678599999999999,0.8087799999999999,-0.655454865,0.73156551,0.11340303
1764505228.3022785,-2.38056,-0.1678599999999999,0.8087799999999999,-0.655454865,0.73156551,0.11340303
1764505228.3022785,-2.38056,-0.1678599999999999,0.8087799999999999,-0.655454865,0.73156551,0.11340303
1764505228.3022785,-2.38056,-0.1678599999999999,0.8087799999999999,-0.655454865,0.73156551,0.11340303
1764505228.3022785,-2.38056,-0.1678599999999999,0.8087799999999999,-0.655454865,0.73156551,0.11340303
1764505228.3022785,-2.38056,-0.1678599999999999,0.8087799999999999,-0.655454865,0.73156551,0.11340303
1764505228.3022785,-2.38056,-0.1678599999999999,0.8087799999999999,-0.655454865,0.73156551,0.11340303
1764505228.3022785,-2.38056,-0.1678599999999999,0.8087799999999999,-0.655454865,0.73156551,0.11340303
1764505228.3022785,-2.38056,-0.1678599999999999,0.8087799999999999,-0.655454865,0.73156551,0.11340303
1764505228.3022785,-2.83836,-0.06104,1.19028,-0.65514969,0.732114825,0.11206026
1764505228.3022785,-2.83836,-0.06104,1.19028,-0.65514969,0.732114825,0.11206026
1764505228.3022785,-2.83836,-0.06104,1.19028,-0.65514969,0.732114825,0.11206026
1764505228.3022785,-2.83836,-0.06104,1.19028,-0.65514969,0.732114825,0.11206026
1764505228.3507369,-2.83836,-0.06104,1.19028,-0.65514969,0.732114825,0.11206026
1764505228.3507369,-2.83836,-0.06104,1.19028,-0.65514969,0.732114825,0.11206026
1764505228.3517375,-2.83836,-0.06104,1.19028,-0.65514969,0.732114825,0.11206026
1764505228.3517375,-2.83836,-0.06104,1.19028,-0.65514969,0.732114825,0.11206026
1764505228.3517375,-2.83836,-0.06104,1.19028,-0.65514969,0.732114825,0.11206026
1764505228.3517375,-2.83836,-0.06104,1.19028,-0.65514969,0.732114825,0.11206026
1764505228.3517375,-3.08252,-0.59514,0.73248,-0.656309355,0.732847245,0.11144991
1764505228.3517375,-3.08252,-0.59514,0.73248,-0.656309355,0.732847245,0.11144991
1764505228.3527536,-3.08252,-0.59514,0.73248,-0.656309355,0.732847245,0.11144991
1764505228.3527536,-3.08252,-0.59514,0.73248,-0.656309355,0.732847245,0.11144991
1764505228.3527536,-3.08252,-0.59514,0.73248,-0.656309355,0.732847245,0.11144991
1764505228.3527536,-3.08252,-0.59514,0.73248,-0.656309355,0.732847245,0.11144991
1764505228.3527536,-3.08252,-0.59514,0.73248,-0.656309355,0.732847245,0.11144991
1764505228.353749,-3.08252,-0.59514,0.73248,-0.656309355,0.732847245,0.11144991
1764505228.353749,-3.08252,-0.59514,0.73248,-0.656309355,0.732847245,0.11144991
1764505228.353749,-3.08252,-0.59514,0.73248,-0.656309355,0.732847245,0.11144991
1764505228.353749,-4.4254,-0.48832,-1.31236,-0.656675565,0.73303035,0.111388875
1764505228.3547497,-4.4254,-0.48832,-1.31236,-0.656675565,0.73303035,0.111388875
1764505228.3547497,-4.4254,-0.48832,-1.31236,-0.656675565,0.73303035,0.111388875
1764505228.3547497,-4.4254,-0.48832,-1.31236,-0.656675565,0.73303035,0.111388875
1764505228.3547497,-4.4254,-0.48832,-1.31236,-0.656675565,0.73303035,0.111388875
1764505228.355749,-4.4254,-0.48832,-1.31236,-0.656675565,0.73303035,0.111388875
1764505228.3969166,-4.4254,-0.48832,-1.31236,-0.656675565,0.73303035,0.111388875
1764505228.3969166,-4.4254,-0.48832,-1.31236,-0.656675565,0.73303035,0.111388875
1764505228.3969166,-4.4254,-0.48832,-1.31236,-0.656675565,0.73303035,0.111388875
1764505228.3969166,-4.4254,-0.48832,-1.31236,-0.656675565,0.73303035,0.111388875
1764505228.3969166,-4.1965,0.01526,-2.1364,-0.656675565,0.73315242,0.11096163
1764505228.3969166,-4.1965,0.01526,-2.1364,-0.656675565,0.73315242,0.11096163
1764505228.3979127,-4.1965,0.01526,-2.1364,-0.656675565,0.73315242,0.11096163
1764505228.3979127,-4.1965,0.01526,-2.1364,-0.656675565,0.73315242,0.11096163
1764505228.3979127,-4.1965,0.01526,-2.1364,-0.656675565,0.73315242,0.11096163
1764505228.3979127,-4.1965,0.01526,-2.1364,-0.656675565,0.73315242,0.11096163
1764505228.3979127,-4.1965,0.01526,-2.1364,-0.656675565,0.73315242,0.11096163
1764505228.3979127,-4.1965,0.01526,-2.1364,-0.656675565,0.73315242,0.11096163
1764505228.3979127,-4.1965,0.01526,-2.1364,-0.656675565,0.73315242,0.11096163
1764505228.3979127,-4.1965,0.01526,-2.1364,-0.656675565,0.73315242,0.11096163
1764505228.3979127,-5.5699,1.17502,-1.54126,-0.655576935,0.73290828,0.10876437
1764505228.3979127,-5.5699,1.17502,-1.54126,-0.655576935,0.73290828,0.10876437
1764505228.3979127,-5.5699,1.17502,-1.54126,-0.655576935,0.73290828,0.10876437
1764505228.3979127,-5.5699,1.17502,-1.54126,-0.655576935,0.73290828,0.10876437
1764505228.3979127,-5.5699,1.17502,-1.54126,-0.655576935,0.73290828,0.10876437
1764505228.3979127,-5.5699,1.17502,-1.54126,-0.655576935,0.73290828,0.10876437
1764505228.3979127,-5.5699,1.17502,-1.54126,-0.655576935,0.73290828,0.10876437
1764505228.3979127,-5.5699,1.17502,-1.54126,-0.655576935,0.73290828,0.10876437
1764505228.399912,-5.5699,1.17502,-1.54126,-0.655576935,0.73290828,0.10876437
1764505228.399912,-5.5699,1.17502,-1.54126,-0.655576935,0.73290828,0.10876437
1764505228.4447398,-6.60758,1.35814,0.9156,-0.654844515,0.731504475,0.10644504
1764505228.4447398,-6.60758,1.35814,0.9156,-0.654844515,0.731504475,0.10644504
1764505228.4447398,-6.60758,1.35814,0.9156,-0.654844515,0.731504475,0.10644504
1764505228.4447398,-6.60758,1.35814,0.9156,-0.654844515,0.731504475,0.10644504
1764505228.4447398,-6.60758,1.35814,0.9156,-0.654844515,0.731504475,0.10644504
1764505228.4447398,-6.60758,1.35814,0.9156,-0.654844515,0.731504475,0.10644504
1764505228.4447398,-6.60758,1.35814,0.9156,-0.654844515,0.731504475,0.10644504
1764505228.4447398,-6.60758,1.35814,0.9156,-0.654844515,0.731504475,0.10644504
1764505228.4447398,-6.60758,1.35814,0.9156,-0.654844515,0.731504475,0.10644504
1764505228.4447398,-6.60758,1.35814,0.9156,-0.654844515,0.731504475,0.10644504
1764505228.4447398,-4.76112,0.8698199999999999,1.46496,-0.655576935,0.72802548,0.10607883
1764505228.4447398,-4.76112,0.8698199999999999,1.46496,-0.655576935,0.72802548,0.10607883
1764505228.4447398,-4.76112,0.8698199999999999,1.46496,-0.655576935,0.72802548,0.10607883
1764505228.4447398,-4.76112,0.8698199999999999,1.46496,-0.655576935,0.72802548,0.10607883
1764505228.4447398,-4.76112,0.8698199999999999,1.46496,-0.655576935,0.72802548,0.10607883
1764505228.4447398,-4.76112,0.8698199999999999,1.46496,-0.655576935,0.72802548,0.10607883
1764505228.4447398,-4.76112,0.8698199999999999,1.46496,-0.655576935,0.72802548,0.10607883
1764505228.4447398,-4.76112,0.8698199999999999,1.46496,-0.655576935,0.72802548,0.10607883
1764505228.4447398,-4.76112,0.8698199999999999,1.46496,-0.655576935,0.72802548,0.10607883
1764505228.4447398,-4.76112,0.8698199999999999,1.46496,-0.655576935,0.72802548,0.10607883
1764505228.4447398,-1.81594,1.11398,0.85456,-0.65600418,0.72704892,0.106384005
1764505228.445722,-1.81594,1.11398,0.85456,-0.65600418,0.72704892,0.106384005
1764505228.445722,-1.81594,1.11398,0.85456,-0.65600418,0.72704892,0.106384005
1764505228.445722,-1.81594,1.11398,0.85456,-0.65600418,0.72704892,0.106384005
1764505228.4901545,-1.81594,1.11398,0.85456,-0.65600418,0.72704892,0.106384005
1764505228.4901545,-1.81594,1.11398,0.85456,-0.65600418,0.72704892,0.106384005
1764505228.4901545,-1.81594,1.11398,0.85456,-0.65600418,0.72704892,0.106384005
1764505228.4901545,-1.81594,1.11398,0.85456,-0.65600418,0.72704892,0.106384005
1764505228.4901545,-1.81594,1.11398,0.85456,-0.65600418,0.72704892,0.106384005
1764505228.4901545,-1.81594,1.11398,0.85456,-0.65600418,0.72704892,0.106384005
1764505228.4901545,-1.19028,1.2208,-0.2289,-0.65563797,0.72680478,0.10888644
1764505228.4901545,-1.19028,1.2208,-0.2289,-0.65563797,0.72680478,0.10888644
1764505228.4901545,-1.19028,1.2208,-0.2289,-0.65563797,0.72680478,0.10888644
1764505228.4901545,-1.19028,1.2208,-0.2289,-0.65563797,0.72680478,0.10888644
1764505228.4901545,-1.19028,1.2208,-0.2289,-0.65563797,0.72680478,0.10888644
1764505228.4901545,-1.19028,1.2208,-0.2289,-0.65563797,0.72680478,0.10888644
1764505228.4921796,-1.19028,1.2208,-0.2289,-0.65563797,0.72680478,0.10888644
1764505228.4921796,-1.19028,1.2208,-0.2289,-0.65563797,0.72680478,0.10888644
1764505228.4921796,-1.19028,1.2208,-0.2289,-0.65563797,0.72680478,0.10888644
1764505228.4921796,-1.19028,1.2208,-0.2289,-0.65563797,0.72680478,0.10888644
1764505228.4921796,-2.8231,1.51074,0.2289,-0.65600418,0.727842375,0.109557825
1764505228.4921796,-2.8231,1.51074,0.2289,-0.65600418,0.727842375,0.109557825
1764505228.4921796,-2.8231,1.51074,0.2289,-0.65600418,0.727842375,0.109557825
1764505228.4921796,-2.8231,1.51074,0.2289,-0.65600418,0.727842375,0.109557825
1764505228.4921796,-2.8231,1.51074,0.2289,-0.65600418,0.727842375,0.109557825
1764505228.4921796,-2.8231,1.51074,0.2289,-0.65600418,0.727842375,0.109557825
1764505228.4921796,-2.8231,1.51074,0.2289,-0.65600418,0.727842375,0.109557825
1764505228.4921796,-2.8231,1.51074,0.2289,-0.65600418,0.727842375,0.109557825
1764505228.537207,-2.8231,1.51074,0.2289,-0.65600418,0.727842375,0.109557825
1764505228.537207,-2.8231,1.51074,0.2289,-0.65600418,0.727842375,0.109557825
1764505228.537207,-3.55558,1.41918,1.26658,-0.65661453,0.72863583,0.10925265
1764505228.537207,-3.55558,1.41918,1.26658,-0.65661453,0.72863583,0.10925265
1764505228.537207,-3.55558,1.41918,1.26658,-0.65661453,0.72863583,0.10925265
1764505228.537207,-3.55558,1.41918,1.26658,-0.65661453,0.72863583,0.10925265
1764505228.537207,-3.55558,1.41918,1.26658,-0.65661453,0.72863583,0.10925265
1764505228.537207,-3.55558,1.41918,1.26658,-0.65661453,0.72863583,0.10925265
1764505228.537207,-3.55558,1.41918,1.26658,-0.65661453,0.72863583,0.10925265
1764505228.537207,-3.55558,1.41918,1.26658,-0.65661453,0.72863583,0.10925265
1764505228.537207,-3.55558,1.41918,1.26658,-0.65661453,0.72863583,0.10925265
1764505228.537207,-3.55558,1.41918,1.26658,-0.65661453,0.72863583,0.10925265
1764505228.537207,-2.86888,0.12208,0.39676,-0.656065215,0.72949032,0.110168175
1764505228.537207,-2.86888,0.12208,0.39676,-0.656065215,0.72949032,0.110168175
1764505228.537207,-2.86888,0.12208,0.39676,-0.656065215,0.72949032,0.110168175
1764505228.537207,-2.86888,0.12208,0.39676,-0.656065215,0.72949032,0.110168175
1764505228.537207,-2.86888,0.12208,0.39676,-0.656065215,0.72949032,0.110168175
1764505228.537207,-2.86888,0.12208,0.39676,-0.656065215,0.72949032,0.110168175
1764505228.537207,-2.86888,0.12208,0.39676,-0.656065215,0.72949032,0.110168175
1764505228.537207,-2.86888,0.12208,0.39676,-0.656065215,0.72949032,0.110168175
1764505228.53874,-2.86888,0.12208,0.39676,-0.656065215,0.72949032,0.110168175
1764505228.53874,-2.86888,0.12208,0.39676,-0.656065215,0.72949032,0.110168175
1764505228.5861828,-1.87698,0.73248,0.0,-0.654966585,0.730527915,0.110656455
1764505228.5861828,-1.87698,0.73248,0.0,-0.654966585,0.730527915,0.110656455
1764505228.5861828,-1.87698,0.73248,0.0,-0.654966585,0.730527915,0.110656455
1764505228.5861828,-1.87698,0.73248,0.0,-0.654966585,0.730527915,0.110656455
1764505228.5861828,-1.87698,0.73248,0.0,-0.654966585,0.730527915,0.110656455
1764505228.5861828,-1.87698,0.73248,0.0,-0.654966585,0.730527915,0.110656455
1764505228.5861828,-1.87698,0.73248,0.0,-0.654966585,0.730527915,0.110656455
1764505228.5861828,-1.87698,0.73248,0.0,-0.654966585,0.730527915,0.110656455
1764505228.5861828,-1.87698,0.73248,0.0,-0.654966585,0.730527915,0.110656455
1764505228.5861828,-1.87698,0.73248,0.0,-0.654966585,0.730527915,0.110656455
1764505228.5861828,-2.33478,0.1525999999999999,0.6409199999999999,-0.65539383,0.72912411,0.110290245
1764505228.5861828,-2.33478,0.1525999999999999,0.6409199999999999,-0.65539383,0.72912411,0.110290245
1764505228.5871785,-2.33478,0.1525999999999999,0.6409199999999999,-0.65539383,0.72912411,0.110290245
1764505228.5871785,-2.33478,0.1525999999999999,0.6409199999999999,-0.65539383,0.72912411,0.110290245
1764505228.5871785,-2.33478,0.1525999999999999,0.6409199999999999,-0.65539383,0.72912411,0.110290245
1764505228.5871785,-2.33478,0.1525999999999999,0.6409199999999999,-0.65539383,0.72912411,0.110290245
1764505228.5871785,-2.33478,0.1525999999999999,0.6409199999999999,-0.65539383,0.72912411,0.110290245
1764505228.5871785,-2.33478,0.1525999999999999,0.6409199999999999,-0.65539383,0.72912411,0.110290245
1764505228.5871785,-2.33478,0.1525999999999999,0.6409199999999999,-0.65539383,0.72912411,0.110290245
1764505228.5871785,-2.33478,0.1525999999999999,0.6409199999999999,-0.65539383,0.72912411,0.110290245
1764505228.5871785,-4.4254,0.0,0.7019599999999999,-0.65600418,0.72900204,0.10925265
1764505228.5871785,-4.4254,0.0,0.7019599999999999,-0.65600418,0.72900204,0.10925265
1764505228.5871785,-4.4254,0.0,0.7019599999999999,-0.65600418,0.72900204,0.10925265
1764505228.5871785,-4.4254,0.0,0.7019599999999999,-0.65600418,0.72900204,0.10925265
1764505228.6316738,-4.4254,0.0,0.7019599999999999,-0.65600418,0.72900204,0.10925265
1764505228.6316738,-4.4254,0.0,0.7019599999999999,-0.65600418,0.72900204,0.10925265
1764505228.6316738,-4.4254,0.0,0.7019599999999999,-0.65600418,0.72900204,0.10925265
1764505228.6316738,-4.4254,0.0,0.7019599999999999,-0.65600418,0.72900204,0.10925265
1764505228.6316738,-4.4254,0.0,0.7019599999999999,-0.65600418,0.72900204,0.10925265
1764505228.6316738,-4.4254,0.0,0.7019599999999999,-0.65600418,0.72900204,0.10925265
1764505228.6316738,-5.69198,0.82404,0.06104,-0.65539383,0.72936825,0.10729953
1764505228.6316738,-5.69198,0.82404,0.06104,-0.65539383,0.72936825,0.10729953
1764505228.6316738,-5.69198,0.82404,0.06104,-0.65539383,0.72936825,0.10729953
1764505228.6316738,-5.69198,0.82404,0.06104,-0.65539383,0.72936825,0.10729953
1764505228.632687,-5.69198,0.82404,0.06104,-0.65539383,0.72936825,0.10729953
1764505228.632687,-5.69198,0.82404,0.06104,-0.65539383,0.72936825,0.10729953
1764505228.632687,-5.69198,0.82404,0.06104,-0.65539383,0.72936825,0.10729953
1764505228.632687,-5.69198,0.82404,0.06104,-0.65539383,0.72936825,0.10729953
1764505228.632687,-5.69198,0.82404,0.06104,-0.65539383,0.72936825,0.10729953
1764505228.632687,-5.69198,0.82404,0.06104,-0.65539383,0.72936825,0.10729953
1764505228.632687,-5.5699,2.57894,0.18312,-0.6538679550000001,0.73022274,0.106261935
1764505228.632687,-5.5699,2.57894,0.18312,-0.6538679550000001,0.73022274,0.106261935
1764505228.632687,-5.5699,2.57894,0.18312,-0.6538679550000001,0.73022274,0.106261935
1764505228.632687,-5.5699,2.57894,0.18312,-0.6538679550000001,0.73022274,0.106261935
1764505228.632687,-5.5699,2.57894,0.18312,-0.6538679550000001,0.73022274,0.106261935
1764505228.632687,-5.5699,2.57894,0.18312,-0.6538679550000001,0.73022274,0.106261935
1764505228.6780674,-5.5699,2.57894,0.18312,-0.6538679550000001,0.73022274,0.106261935
1764505228.6780674,-5.5699,2.57894,0.18312,-0.6538679550000001,0.73022274,0.106261935
1764505228.6780674,-5.5699,2.57894,0.18312,-0.6538679550000001,0.73022274,0.106261935
1764505228.6780674,-5.5699,2.57894,0.18312,-0.6538679550000001,0.73022274,0.106261935
1764505228.6780674,-0.03052,2.33478,-0.03052,-0.654112095,0.730649985,0.10595676
1764505228.6780674,-0.03052,2.33478,-0.03052,-0.654112095,0.730649985,0.10595676
1764505228.6780674,-0.03052,2.33478,-0.03052,-0.654112095,0.730649985,0.10595676
1764505228.6780674,-0.03052,2.33478,-0.03052,-0.654112095,0.730649985,0.10595676
1764505228.6780674,-0.03052,2.33478,-0.03052,-0.654112095,0.730649985,0.10595676
1764505228.6780674,-0.03052,2.33478,-0.03052,-0.654112095,0.730649985,0.10595676
1764505228.679074,-0.03052,2.33478,-0.03052,-0.654112095,0.730649985,0.10595676
1764505228.679074,-0.03052,2.33478,-0.03052,-0.654112095,0.730649985,0.10595676
1764505228.679074,-0.03052,2.33478,-0.03052,-0.654112095,0.730649985,0.10595676
1764505228.679074,-0.03052,2.33478,-0.03052,-0.654112095,0.730649985,0.10595676
1764505228.679074,-3.98286,1.70912,0.8392999999999999,-0.6542952,0.729063075,0.10473606
1764505228.679074,-3.98286,1.70912,0.8392999999999999,-0.6542952,0.729063075,0.10473606
1764505228.6804433,-3.98286,1.70912,0.8392999999999999,-0.6542952,0.729063075,0.10473606
1764505228.6804433,-3.98286,1.70912,0.8392999999999999,-0.6542952,0.729063075,0.10473606
1764505228.6804433,-3.98286,1.70912,0.8392999999999999,-0.6542952,0.729063075,0.10473606
1764505228.6804433,-3.98286,1.70912,0.8392999999999999,-0.6542952,0.729063075,0.10473606
1764505228.6804433,-3.98286,1.70912,0.8392999999999999,-0.6542952,0.729063075,0.10473606
1764505228.6804433,-3.98286,1.70912,0.8392999999999999,-0.6542952,0.729063075,0.10473606
1764505228.6804433,-3.98286,1.70912,0.8392999999999999,-0.6542952,0.729063075,0.10473606
1764505228.6804433,-3.98286,1.70912,0.8392999999999999,-0.6542952,0.729063075,0.10473606
1764505228.72392,-2.25848,1.96854,1.57178,-0.653135535,0.72546201,0.105529515
1764505228.72392,-2.25848,1.96854,1.57178,-0.653135535,0.72546201,0.105529515
1764505228.72392,-2.25848,1.96854,1.57178,-0.653135535,0.72546201,0.105529515
1764505228.72392,-2.25848,1.96854,1.57178,-0.653135535,0.72546201,0.105529515
1764505228.72392,-2.25848,1.96854,1.57178,-0.653135535,0.72546201,0.105529515
1764505228.72392,-2.25848,1.96854,1.57178,-0.653135535,0.72546201,0.105529515
1764505228.72392,-2.25848,1.96854,1.57178,-0.653135535,0.72546201,0.105529515
1764505228.72392,-2.25848,1.96854,1.57178,-0.653135535,0.72546201,0.105529515
1764505228.72392,-2.25848,1.96854,1.57178,-0.653135535,0.72546201,0.105529515
1764505228.72392,-2.25848,1.96854,1.57178,-0.653135535,0.72546201,0.105529515
1764505228.72392,-1.17502,2.18218,0.50358,-0.655088655,0.723936135,0.1074216
1764505228.72392,-1.17502,2.18218,0.50358,-0.655088655,0.723936135,0.1074216
1764505228.72392,-1.17502,2.18218,0.50358,-0.655088655,0.723936135,0.1074216
1764505228.72392,-1.17502,2.18218,0.50358,-0.655088655,0.723936135,0.1074216
1764505228.72392,-1.17502,2.18218,0.50358,-0.655088655,0.723936135,0.1074216
1764505228.72392,-1.17502,2.18218,0.50358,-0.655088655,0.723936135,0.1074216
1764505228.72392,-1.17502,2.18218,0.50358,-0.655088655,0.723936135,0.1074216
1764505228.72392,-1.17502,2.18218,0.50358,-0.655088655,0.723936135,0.1074216
1764505228.724959,-1.17502,2.18218,0.50358,-0.655088655,0.723936135,0.1074216
1764505228.724959,-1.17502,2.18218,0.50358,-0.655088655,0.723936135,0.1074216
1764505228.724959,-0.8087799999999999,2.289,0.41202,-0.656675565,0.725767185,0.10815402
1764505228.724959,-0.8087799999999999,2.289,0.41202,-0.656675565,0.725767185,0.10815402
1764505228.724959,-0.8087799999999999,2.289,0.41202,-0.656675565,0.725767185,0.10815402
1764505228.724959,-0.8087799999999999,2.289,0.41202,-0.656675565,0.725767185,0.10815402
1764505228.7735035,-0.8087799999999999,2.289,0.41202,-0.656675565,0.725767185,0.10815402
1764505228.7735035,-0.8087799999999999,2.289,0.41202,-0.656675565,0.725767185,0.10815402
1764505228.7735035,-0.8087799999999999,2.289,0.41202,-0.656675565,0.725767185,0.10815402
1764505228.7744837,-0.8087799999999999,2.289,0.41202,-0.656675565,0.725767185,0.10815402
1764505228.7744837,-0.8087799999999999,2.289,0.41202,-0.656675565,0.725767185,0.10815402
1764505228.7744837,-0.8087799999999999,2.289,0.41202,-0.656675565,0.725767185,0.10815402
1764505228.7744837,-1.54126,1.48022,0.42728,-0.657041775,0.72900204,0.107726775
1764505228.7749307,-1.54126,1.48022,0.42728,-0.657041775,0.72900204,0.107726775
1764505228.7749307,-1.54126,1.48022,0.42728,-0.657041775,0.72900204,0.107726775
1764505228.7749307,-1.54126,1.48022,0.42728,-0.657041775,0.72900204,0.107726775
1764505228.775484,-1.54126,1.48022,0.42728,-0.657041775,0.72900204,0.107726775
1764505228.775484,-1.54126,1.48022,0.42728,-0.657041775,0.72900204,0.107726775
1764505228.775484,-1.54126,1.48022,0.42728,-0.657041775,0.72900204,0.107726775
1764505228.775484,-1.54126,1.48022,0.42728,-0.657041775,0.72900204,0.107726775
1764505228.775484,-1.54126,1.48022,0.42728,-0.657041775,0.72900204,0.107726775
1764505228.775484,-1.54126,1.48022,0.42728,-0.657041775,0.72900204,0.107726775
1764505228.775484,-2.41108,1.8006799999999998,0.41202,-0.656065215,0.730772055,0.1086423
1764505228.7764866,-2.41108,1.8006799999999998,0.41202,-0.656065215,0.730772055,0.1086423
1764505228.7764866,-2.41108,1.8006799999999998,0.41202,-0.656065215,0.730772055,0.1086423
1764505228.7764866,-2.41108,1.8006799999999998,0.41202,-0.656065215,0.730772055,0.1086423
1764505228.7764866,-2.41108,1.8006799999999998,0.41202,-0.656065215,0.730772055,0.1086423
1764505228.7764866,-2.41108,1.8006799999999998,0.41202,-0.656065215,0.730772055,0.1086423
1764505228.7764866,-2.41108,1.8006799999999998,0.41202,-0.656065215,0.730772055,0.1086423
1764505228.7764866,-2.41108,1.8006799999999998,0.41202,-0.656065215,0.730772055,0.1086423
1764505228.8174672,-2.41108,1.8006799999999998,0.41202,-0.656065215,0.730772055,0.1086423
1764505228.8174672,-2.41108,1.8006799999999998,0.41202,-0.656065215,0.730772055,0.1086423
1764505228.8174672,-2.96044,1.61756,0.8392999999999999,-0.65637039,0.730772055,0.109435755
1764505228.8174672,-2.96044,1.61756,0.8392999999999999,-0.65637039,0.730772055,0.109435755
1764505228.8174672,-2.96044,1.61756,0.8392999999999999,-0.65637039,0.730772055,0.109435755
1764505228.8174672,-2.96044,1.61756,0.8392999999999999,-0.65637039,0.730772055,0.109435755
1764505228.8174672,-2.96044,1.61756,0.8392999999999999,-0.65637039,0.730772055,0.109435755
1764505228.8174672,-2.96044,1.61756,0.8392999999999999,-0.65637039,0.730772055,0.109435755
1764505228.818498,-2.96044,1.61756,0.8392999999999999,-0.65637039,0.730772055,0.109435755
1764505228.818498,-2.96044,1.61756,0.8392999999999999,-0.65637039,0.730772055,0.109435755
1764505228.818498,-2.96044,1.61756,0.8392999999999999,-0.65637039,0.730772055,0.109435755
1764505228.818498,-2.96044,1.61756,0.8392999999999999,-0.65637039,0.730772055,0.109435755
1764505228.818498,-3.38772,2.39582,0.03052,-0.656187285,0.73022274,0.109069545
1764505228.818498,-3.38772,2.39582,0.03052,-0.656187285,0.73022274,0.109069545
1764505228.818498,-3.38772,2.39582,0.03052,-0.656187285,0.73022274,0.109069545
1764505228.818498,-3.38772,2.39582,0.03052,-0.656187285,0.73022274,0.109069545
1764505228.818498,-3.38772,2.39582,0.03052,-0.656187285,0.73022274,0.109069545
1764505228.818498,-3.38772,2.39582,0.03052,-0.656187285,0.73022274,0.109069545
1764505228.818498,-3.38772,2.39582,0.03052,-0.656187285,0.73022274,0.109069545
1764505228.818498,-3.38772,2.39582,0.03052,-0.656187285,0.73022274,0.109069545
1764505228.818498,-3.38772,2.39582,0.03052,-0.656187285,0.73022274,0.109069545
1764505228.818498,-3.38772,2.39582,0.03052,-0.656187285,0.73022274,0.109069545
1764505228.8633192,-4.28806,2.71628,-0.6103999999999999,-0.65563797,0.73083309,0.106994355
1764505228.8633192,-4.28806,2.71628,-0.6103999999999999,-0.65563797,0.73083309,0.106994355
1764505228.864336,-4.28806,2.71628,-0.6103999999999999,-0.65563797,0.73083309,0.106994355
1764505228.864336,-4.28806,2.71628,-0.6103999999999999,-0.65563797,0.73083309,0.106994355
1764505228.864336,-4.28806,2.71628,-0.6103999999999999,-0.65563797,0.73083309,0.106994355
1764505228.864336,-4.28806,2.71628,-0.6103999999999999,-0.65563797,0.73083309,0.106994355
1764505228.864336,-4.28806,2.71628,-0.6103999999999999,-0.65563797,0.73083309,0.106994355
1764505228.864336,-4.28806,2.71628,-0.6103999999999999,-0.65563797,0.73083309,0.106994355
1764505228.864336,-4.28806,2.71628,-0.6103999999999999,-0.65563797,0.73083309,0.106994355
1764505228.864336,-4.28806,2.71628,-0.6103999999999999,-0.65563797,0.73083309,0.106994355
1764505228.864336,-4.31858,2.73154,-0.93086,-0.656065215,0.72936825,0.106139865
1764505228.864336,-4.31858,2.73154,-0.93086,-0.656065215,0.72936825,0.106139865
1764505228.8653288,-4.31858,2.73154,-0.93086,-0.656065215,0.72936825,0.106139865
1764505228.8653288,-4.31858,2.73154,-0.93086,-0.656065215,0.72936825,0.106139865
1764505228.8653288,-4.31858,2.73154,-0.93086,-0.656065215,0.72936825,0.106139865
1764505228.8653288,-4.31858,2.73154,-0.93086,-0.656065215,0.72936825,0.106139865
1764505228.8653288,-4.31858,2.73154,-0.93086,-0.656065215,0.72936825,0.106139865
1764505228.8664124,-4.31858,2.73154,-0.93086,-0.656065215,0.72936825,0.106139865
1764505228.8665814,-4.31858,2.73154,-0.93086,-0.656065215,0.72936825,0.106139865
1764505228.8665814,-4.31858,2.73154,-0.93086,-0.656065215,0.72936825,0.106139865
1764505228.8676023,-3.4335,2.39582,-0.763,-0.65612625,0.72839169,0.106017795
1764505228.8676023,-3.4335,2.39582,-0.763,-0.65612625,0.72839169,0.106017795
1764505228.8676023,-3.4335,2.39582,-0.763,-0.65612625,0.72839169,0.106017795
1764505228.8676023,-3.4335,2.39582,-0.763,-0.65612625,0.72839169,0.106017795
1764505228.9142387,-3.4335,2.39582,-0.763,-0.65612625,0.72839169,0.106017795
1764505228.9142387,-3.4335,2.39582,-0.763,-0.65612625,0.72839169,0.106017795
1764505228.9142387,-3.4335,2.39582,-0.763,-0.65612625,0.72839169,0.106017795
1764505228.9142387,-3.4335,2.39582,-0.763,-0.65612625,0.72839169,0.106017795
1764505228.9152389,-3.4335,2.39582,-0.763,-0.65612625,0.72839169,0.106017795
1764505228.9152389,-3.4335,2.39582,-0.763,-0.65612625,0.72839169,0.106017795
1764505228.9152389,-1.3734,1.34288,0.65618,-0.65722488,0.727842375,0.10583469
1764505228.9152389,-1.3734,1.34288,0.65618,-0.65722488,0.727842375,0.10583469
1764505228.9152389,-1.3734,1.34288,0.65618,-0.65722488,0.727842375,0.10583469
1764505228.9152389,-1.3734,1.34288,0.65618,-0.65722488,0.727842375,0.10583469
1764505228.9152389,-1.3734,1.34288,0.65618,-0.65722488,0.727842375,0.10583469
1764505228.9152389,-1.3734,1.34288,0.65618,-0.65722488,0.727842375,0.10583469
1764505228.9152389,-1.3734,1.34288,0.65618,-0.65722488,0.727842375,0.10583469
1764505228.916239,-1.3734,1.34288,0.65618,-0.65722488,0.727842375,0.10583469
1764505228.916239,-1.3734,1.34288,0.65618,-0.65722488,0.727842375,0.10583469
1764505228.916239,-1.3734,1.34288,0.65618,-0.65722488,0.727842375,0.10583469
1764505228.916239,-0.7019599999999999,0.36624,1.8312,-0.65832351,0.727842375,0.105651585
1764505228.916239,-0.7019599999999999,0.36624,1.8312,-0.65832351,0.727842375,0.105651585
1764505228.916239,-0.7019599999999999,0.36624,1.8312,-0.65832351,0.727842375,0.105651585
1764505228.916239,-0.7019599999999999,0.36624,1.8312,-0.65832351,0.727842375,0.105651585
1764505228.916239,-0.7019599999999999,0.36624,1.8312,-0.65832351,0.727842375,0.105651585
1764505228.9172368,-0.7019599999999999,0.36624,1.8312,-0.65832351,0.727842375,0.105651585
1764505228.9172368,-0.7019599999999999,0.36624,1.8312,-0.65832351,0.727842375,0.105651585
1764505228.9172368,-0.7019599999999999,0.36624,1.8312,-0.65832351,0.727842375,0.105651585
1764505228.9624283,-0.7019599999999999,0.36624,1.8312,-0.65832351,0.727842375,0.105651585
1764505228.9624283,-0.7019599999999999,0.36624,1.8312,-0.65832351,0.727842375,0.105651585
1764505228.9624283,-1.99906,0.96138,1.70912,-0.658384545,0.72704892,0.104919165
1764505228.9624283,-1.99906,0.96138,1.70912,-0.658384545,0.72704892,0.104919165
1764505228.9624283,-1.99906,0.96138,1.70912,-0.658384545,0.72704892,0.104919165
1764505228.9624283,-1.99906,0.96138,1.70912,-0.658384545,0.72704892,0.104919165
1764505228.9624283,-1.99906,0.96138,1.70912,-0.658384545,0.72704892,0.104919165
1764505228.9624283,-1.99906,0.96138,1.70912,-0.658384545,0.72704892,0.104919165
1764505228.963447,-1.99906,0.96138,1.70912,-0.658384545,0.72704892,0.104919165
1764505228.963447,-1.99906,0.96138,1.70912,-0.658384545,0.72704892,0.104919165
1764505228.963447,-1.99906,0.96138,1.70912,-0.658384545,0.72704892,0.104919165
1764505228.963447,-1.99906,0.96138,1.70912,-0.658384545,0.72704892,0.104919165
1764505228.963447,-2.33478,1.63282,0.8698199999999999,-0.6569807400000001,0.727720305,0.103820535
1764505228.963447,-2.33478,1.63282,0.8698199999999999,-0.6569807400000001,0.727720305,0.103820535
1764505228.963447,-2.33478,1.63282,0.8698199999999999,-0.6569807400000001,0.727720305,0.103820535
1764505228.963447,-2.33478,1.63282,0.8698199999999999,-0.6569807400000001,0.727720305,0.103820535
1764505228.963447,-2.33478,1.63282,0.8698199999999999,-0.6569807400000001,0.727720305,0.103820535
1764505228.963447,-2.33478,1.63282,0.8698199999999999,-0.6569807400000001,0.727720305,0.103820535
1764505228.963447,-2.33478,1.63282,0.8698199999999999,-0.6569807400000001,0.727720305,0.103820535
1764505228.963447,-2.33478,1.63282,0.8698199999999999,-0.6569807400000001,0.727720305,0.103820535
1764505228.963447,-2.33478,1.63282,0.8698199999999999,-0.6569807400000001,0.727720305,0.103820535
1764505228.963447,-2.33478,1.63282,0.8698199999999999,-0.6569807400000001,0.727720305,0.103820535
1764505228.963447,-3.99812,1.72438,-0.44254,-0.65441727,0.728574795,0.10302708
1764505228.963447,-3.99812,1.72438,-0.44254,-0.65441727,0.728574795,0.10302708
1764505229.0075674,-3.99812,1.72438,-0.44254,-0.65441727,0.728574795,0.10302708
1764505229.0075674,-3.99812,1.72438,-0.44254,-0.65441727,0.728574795,0.10302708
1764505229.0075674,-3.99812,1.72438,-0.44254,-0.65441727,0.728574795,0.10302708
1764505229.0075674,-3.99812,1.72438,-0.44254,-0.65441727,0.728574795,0.10302708
1764505229.0075674,-3.99812,1.72438,-0.44254,-0.65441727,0.728574795,0.10302708
1764505229.0075674,-3.99812,1.72438,-0.44254,-0.65441727,0.728574795,0.10302708
1764505229.0075674,-3.99812,1.72438,-0.44254,-0.65441727,0.728574795,0.10302708
1764505229.0075674,-3.99812,1.72438,-0.44254,-0.65441727,0.728574795,0.10302708
1764505229.0075674,-4.24228,2.57894,-0.5341,-0.652525185,0.72912411,0.10327122
1764505229.0085807,-4.24228,2.57894,-0.5341,-0.652525185,0.72912411,0.10327122
1764505229.0085807,-4.24228,2.57894,-0.5341,-0.652525185,0.72912411,0.10327122
1764505229.0085807,-4.24228,2.57894,-0.5341,-0.652525185,0.72912411,0.10327122
1764505229.0085807,-4.24228,2.57894,-0.5341,-0.652525185,0.72912411,0.10327122
1764505229.0085807,-4.24228,2.57894,-0.5341,-0.652525185,0.72912411,0.10327122
1764505229.0085807,-4.24228,2.57894,-0.5341,-0.652525185,0.72912411,0.10327122
1764505229.0085807,-4.24228,2.57894,-0.5341,-0.652525185,0.72912411,0.10327122
1764505229.0085807,-4.24228,2.57894,-0.5341,-0.652525185,0.72912411,0.10327122
1764505229.0085807,-4.24228,2.57894,-0.5341,-0.652525185,0.72912411,0.10327122
1764505229.0085807,-3.63188,3.25038,0.50358,-0.65222001,0.728330655,0.103942605
1764505229.0085807,-3.63188,3.25038,0.50358,-0.65222001,0.728330655,0.103942605
1764505229.0085807,-3.63188,3.25038,0.50358,-0.65222001,0.728330655,0.103942605
1764505229.0085807,-3.63188,3.25038,0.50358,-0.65222001,0.728330655,0.103942605
1764505229.0085807,-3.63188,3.25038,0.50358,-0.65222001,0.728330655,0.103942605
1764505229.0085807,-3.63188,3.25038,0.50358,-0.65222001,0.728330655,0.103942605
1764505229.0565124,-3.63188,3.25038,0.50358,-0.65222001,0.728330655,0.103942605
1764505229.0565124,-3.63188,3.25038,0.50358,-0.65222001,0.728330655,0.103942605
1764505229.0565124,-3.63188,3.25038,0.50358,-0.65222001,0.728330655,0.103942605
1764505229.0565124,-3.63188,3.25038,0.50358,-0.65222001,0.728330655,0.103942605
1764505229.0565124,-3.49454,2.92992,1.99906,-0.655699005,0.72863583,0.103820535
1764505229.0565124,-3.49454,2.92992,1.99906,-0.655699005,0.72863583,0.103820535
1764505229.0565124,-3.49454,2.92992,1.99906,-0.655699005,0.72863583,0.103820535
1764505229.0565124,-3.49454,2.92992,1.99906,-0.655699005,0.72863583,0.103820535
1764505229.0565124,-3.49454,2.92992,1.99906,-0.655699005,0.72863583,0.103820535
1764505229.0565124,-3.49454,2.92992,1.99906,-0.655699005,0.72863583,0.103820535
1764505229.0565124,-3.49454,2.92992,1.99906,-0.655699005,0.72863583,0.103820535
1764505229.0565124,-3.49454,2.92992,1.99906,-0.655699005,0.72863583,0.103820535
1764505229.0565124,-3.49454,2.92992,1.99906,-0.655699005,0.72863583,0.103820535
1764505229.0565124,-3.49454,2.92992,1.99906,-0.655699005,0.72863583,0.103820535
1764505229.0565124,-4.63904,0.93086,1.08346,-0.657896265,0.730161705,0.103088115
1764505229.0565124,-4.63904,0.93086,1.08346,-0.657896265,0.730161705,0.103088115
1764505229.0575235,-4.63904,0.93086,1.08346,-0.657896265,0.730161705,0.103088115
1764505229.0575235,-4.63904,0.93086,1.08346,-0.657896265,0.730161705,0.103088115
1764505229.0575235,-4.63904,0.93086,1.08346,-0.657896265,0.730161705,0.103088115
1764505229.0575235,-4.63904,0.93086,1.08346,-0.657896265,0.730161705,0.103088115
1764505229.0575235,-4.63904,0.93086,1.08346,-0.657896265,0.730161705,0.103088115
1764505229.0575235,-4.63904,0.93086,1.08346,-0.657896265,0.730161705,0.103088115
1764505229.0575235,-4.63904,0.93086,1.08346,-0.657896265,0.730161705,0.103088115
1764505229.0575235,-4.63904,0.93086,1.08346,-0.657896265,0.730161705,0.103088115
1764505229.1032548,-5.67672,2.07536,-0.1525999999999999,-0.65685867,0.731748615,0.10278294
1764505229.103762,-5.67672,2.07536,-0.1525999999999999,-0.65685867,0.731748615,0.10278294
1764505229.103762,-5.67672,2.07536,-0.1525999999999999,-0.65685867,0.731748615,0.10278294
1764505229.103762,-5.67672,2.07536,-0.1525999999999999,-0.65685867,0.731748615,0.10278294
1764505229.103762,-5.67672,2.07536,-0.1525999999999999,-0.65685867,0.731748615,0.10278294
1764505229.103762,-5.67672,2.07536,-0.1525999999999999,-0.65685867,0.731748615,0.10278294
1764505229.103762,-5.67672,2.07536,-0.1525999999999999,-0.65685867,0.731748615,0.10278294
1764505229.103762,-5.67672,2.07536,-0.1525999999999999,-0.65685867,0.731748615,0.10278294
1764505229.103762,-5.67672,2.07536,-0.1525999999999999,-0.65685867,0.731748615,0.10278294
1764505229.103762,-5.67672,2.07536,-0.1525999999999999,-0.65685867,0.731748615,0.10278294
1764505229.103762,-5.98192,2.6705,-0.24416,-0.65478348,0.731992755,0.102355695
1764505229.103762,-5.98192,2.6705,-0.24416,-0.65478348,0.731992755,0.102355695
1764505229.103762,-5.98192,2.6705,-0.24416,-0.65478348,0.731992755,0.102355695
1764505229.103762,-5.98192,2.6705,-0.24416,-0.65478348,0.731992755,0.102355695
1764505229.103762,-5.98192,2.6705,-0.24416,-0.65478348,0.731992755,0.102355695
1764505229.103762,-5.98192,2.6705,-0.24416,-0.65478348,0.731992755,0.102355695
1764505229.103762,-5.98192,2.6705,-0.24416,-0.65478348,0.731992755,0.102355695
1764505229.103762,-5.98192,2.6705,-0.24416,-0.65478348,0.731992755,0.102355695
1764505229.103762,-5.98192,2.6705,-0.24416,-0.65478348,0.731992755,0.102355695
1764505229.103762,-5.98192,2.6705,-0.24416,-0.65478348,0.731992755,0.102355695
1764505229.103762,-6.36342,3.6624,1.11398,-0.6549055500000001,0.7311993,0.101745345
1764505229.103762,-6.36342,3.6624,1.11398,-0.6549055500000001,0.7311993,0.101745345
1764505229.103762,-6.36342,3.6624,1.11398,-0.6549055500000001,0.7311993,0.101745345
1764505229.103762,-6.36342,3.6624,1.11398,-0.6549055500000001,0.7311993,0.101745345
1764505229.152217,-6.36342,3.6624,1.11398,-0.6549055500000001,0.7311993,0.101745345
1764505229.152217,-6.36342,3.6624,1.11398,-0.6549055500000001,0.7311993,0.101745345
1764505229.152217,-6.36342,3.6624,1.11398,-0.6549055500000001,0.7311993,0.101745345
1764505229.152217,-6.36342,3.6624,1.11398,-0.6549055500000001,0.7311993,0.101745345
1764505229.152217,-6.36342,3.6624,1.11398,-0.6549055500000001,0.7311993,0.101745345
1764505229.152217,-6.36342,3.6624,1.11398,-0.6549055500000001,0.7311993,0.101745345
1764505229.152217,-5.9514,3.15882,1.96854,-0.654844515,0.72973446,0.102843975
1764505229.152217,-5.9514,3.15882,1.96854,-0.654844515,0.72973446,0.102843975
1764505229.152217,-5.9514,3.15882,1.96854,-0.654844515,0.72973446,0.102843975
1764505229.152217,-5.9514,3.15882,1.96854,-0.654844515,0.72973446,0.102843975
1764505229.152217,-5.9514,3.15882,1.96854,-0.654844515,0.72973446,0.102843975
1764505229.152217,-5.9514,3.15882,1.96854,-0.654844515,0.72973446,0.102843975
1764505229.152217,-5.9514,3.15882,1.96854,-0.654844515,0.72973446,0.102843975
1764505229.152217,-5.9514,3.15882,1.96854,-0.654844515,0.72973446,0.102843975
1764505229.152217,-5.9514,3.15882,1.96854,-0.654844515,0.72973446,0.102843975
1764505229.152217,-5.9514,3.15882,1.96854,-0.654844515,0.72973446,0.102843975
1764505229.152217,-4.07442,2.94518,2.62472,-0.65576004,0.729551355,0.104919165
1764505229.152217,-4.07442,2.94518,2.62472,-0.65576004,0.729551355,0.104919165
1764505229.152217,-4.07442,2.94518,2.62472,-0.65576004,0.729551355,0.104919165
1764505229.152217,-4.07442,2.94518,2.62472,-0.65576004,0.729551355,0.104919165
1764505229.152217,-4.07442,2.94518,2.62472,-0.65576004,0.729551355,0.104919165
1764505229.152217,-4.07442,2.94518,2.62472,-0.65576004,0.729551355,0.104919165
1764505229.2001698,-4.07442,2.94518,2.62472,-0.65576004,0.729551355,0.104919165
1764505229.2001698,-4.07442,2.94518,2.62472,-0.65576004,0.729551355,0.104919165
1764505229.2001698,-4.07442,2.94518,2.62472,-0.65576004,0.729551355,0.104919165
1764505229.2001698,-4.07442,2.94518,2.62472,-0.65576004,0.729551355,0.104919165
1764505229.2001698,-5.53938,2.79258,1.55652,-0.65710281,0.729673425,0.106261935
1764505229.2001698,-5.53938,2.79258,1.55652,-0.65710281,0.729673425,0.106261935
1764505229.2001698,-5.53938,2.79258,1.55652,-0.65710281,0.729673425,0.106261935
1764505229.2001698,-5.53938,2.79258,1.55652,-0.65710281,0.729673425,0.106261935
1764505229.2001698,-5.53938,2.79258,1.55652,-0.65710281,0.729673425,0.106261935
1764505229.2001698,-5.53938,2.79258,1.55652,-0.65710281,0.729673425,0.106261935
1764505229.2001698,-5.53938,2.79258,1.55652,-0.65710281,0.729673425,0.106261935
1764505229.2001698,-5.53938,2.79258,1.55652,-0.65710281,0.729673425,0.106261935
1764505229.2001698,-5.53938,2.79258,1.55652,-0.65710281,0.729673425,0.106261935
1764505229.2001698,-5.53938,2.79258,1.55652,-0.65710281,0.729673425,0.106261935
1764505229.2001698,-8.530339999999999,2.73154,0.3204599999999999,-0.65844558,0.72912411,0.1074216
1764505229.2001698,-8.530339999999999,2.73154,0.3204599999999999,-0.65844558,0.72912411,0.1074216
1764505229.201741,-8.530339999999999,2.73154,0.3204599999999999,-0.65844558,0.72912411,0.1074216
1764505229.201741,-8.530339999999999,2.73154,0.3204599999999999,-0.65844558,0.72912411,0.1074216
1764505229.201741,-8.530339999999999,2.73154,0.3204599999999999,-0.65844558,0.72912411,0.1074216
1764505229.201741,-8.530339999999999,2.73154,0.3204599999999999,-0.65844558,0.72912411,0.1074216
1764505229.201741,-8.530339999999999,2.73154,0.3204599999999999,-0.65844558,0.72912411,0.1074216
1764505229.201741,-8.530339999999999,2.73154,0.3204599999999999,-0.65844558,0.72912411,0.1074216
1764505229.201741,-8.530339999999999,2.73154,0.3204599999999999,-0.65844558,0.72912411,0.1074216
1764505229.201741,-8.530339999999999,2.73154,0.3204599999999999,-0.65844558,0.72912411,0.1074216
1764505229.2450724,-7.0196,1.87698,-0.763,-0.658262475,0.729063075,0.106994355
1764505229.255657,-7.0196,1.87698,-0.763,-0.658262475,0.729063075,0.106994355
1764505229.256629,-7.0196,1.87698,-0.763,-0.658262475,0.729063075,0.106994355
1764505229.256629,-7.0196,1.87698,-0.763,-0.658262475,0.729063075,0.106994355
1764505229.256629,-7.0196,1.87698,-0.763,-0.658262475,0.729063075,0.106994355
1764505229.256629,-7.0196,1.87698,-0.763,-0.658262475,0.729063075,0.106994355
1764505229.256629,-7.0196,1.87698,-0.763,-0.658262475,0.729063075,0.106994355
1764505229.256629,-7.0196,1.87698,-0.763,-0.658262475,0.729063075,0.106994355
1764505229.2576485,-7.0196,1.87698,-0.763,-0.658262475,0.729063075,0.106994355
1764505229.2576485,-7.0196,1.87698,-0.763,-0.658262475,0.729063075,0.106994355
1764505229.2576485,-5.096839999999999,0.9003399999999999,-0.65618,-0.65612625,0.731016195,0.107360565
1764505229.2576485,-5.096839999999999,0.9003399999999999,-0.65618,-0.65612625,0.731016195,0.107360565
1764505229.2576485,-5.096839999999999,0.9003399999999999,-0.65618,-0.65612625,0.731016195,0.107360565
1764505229.2576485,-5.096839999999999,0.9003399999999999,-0.65618,-0.65612625,0.731016195,0.107360565
1764505229.2576485,-5.096839999999999,0.9003399999999999,-0.65618,-0.65612625,0.731016195,0.107360565
1764505229.2576485,-5.096839999999999,0.9003399999999999,-0.65618,-0.65612625,0.731016195,0.107360565
1764505229.2576485,-5.096839999999999,0.9003399999999999,-0.65618,-0.65612625,0.731016195,0.107360565
1764505229.2576485,-5.096839999999999,0.9003399999999999,-0.65618,-0.65612625,0.731016195,0.107360565
1764505229.2576485,-5.096839999999999,0.9003399999999999,-0.65618,-0.65612625,0.731016195,0.107360565
1764505229.2576485,-5.096839999999999,0.9003399999999999,-0.65618,-0.65612625,0.731016195,0.107360565
1764505229.2576485,-5.12736,0.96138,0.41202,-0.6538679550000001,0.7324810350000001,0.106017795
1764505229.2576485,-5.12736,0.96138,0.41202,-0.6538679550000001,0.7324810350000001,0.106017795
1764505229.2576485,-5.12736,0.96138,0.41202,-0.6538679550000001,0.7324810350000001,0.106017795
1764505229.2576485,-5.12736,0.96138,0.41202,-0.6538679550000001,0.7324810350000001,0.106017795
1764505229.29091,-5.12736,0.96138,0.41202,-0.6538679550000001,0.7324810350000001,0.106017795
1764505229.29091,-5.12736,0.96138,0.41202,-0.6538679550000001,0.7324810350000001,0.106017795
1764505229.29091,-5.12736,0.96138,0.41202,-0.6538679550000001,0.7324810350000001,0.106017795
1764505229.29091,-5.12736,0.96138,0.41202,-0.6538679550000001,0.7324810350000001,0.106017795
1764505229.29091,-5.12736,0.96138,0.41202,-0.6538679550000001,0.7324810350000001,0.106017795
1764505229.29091,-5.12736,0.96138,0.41202,-0.6538679550000001,0.7324810350000001,0.106017795
1764505229.29091,-6.516019999999999,2.10588,1.58704,-0.651792765,0.73205379,0.104186745
1764505229.29091,-6.516019999999999,2.10588,1.58704,-0.651792765,0.73205379,0.104186745
1764505229.29091,-6.516019999999999,2.10588,1.58704,-0.651792765,0.73205379,0.104186745
1764505229.29091,-6.516019999999999,2.10588,1.58704,-0.651792765,0.73205379,0.104186745
1764505229.29091,-6.516019999999999,2.10588,1.58704,-0.651792765,0.73205379,0.104186745
1764505229.29091,-6.516019999999999,2.10588,1.58704,-0.651792765,0.73205379,0.104186745
1764505229.29091,-6.516019999999999,2.10588,1.58704,-0.651792765,0.73205379,0.104186745
1764505229.29091,-6.516019999999999,2.10588,1.58704,-0.651792765,0.73205379,0.104186745
1764505229.29091,-6.516019999999999,2.10588,1.58704,-0.651792765,0.73205379,0.104186745
1764505229.29091,-6.516019999999999,2.10588,1.58704,-0.651792765,0.73205379,0.104186745
1764505229.2923558,-7.7063,2.54842,1.6633399999999998,-0.6522810450000001,0.731260335,0.10229466
1764505229.2923558,-7.7063,2.54842,1.6633399999999998,-0.6522810450000001,0.731260335,0.10229466
1764505229.2933557,-7.7063,2.54842,1.6633399999999998,-0.6522810450000001,0.731260335,0.10229466
1764505229.2933557,-7.7063,2.54842,1.6633399999999998,-0.6522810450000001,0.731260335,0.10229466
1764505229.2933557,-7.7063,2.54842,1.6633399999999998,-0.6522810450000001,0.731260335,0.10229466
1764505229.294449,-7.7063,2.54842,1.6633399999999998,-0.6522810450000001,0.731260335,0.10229466
1764505229.294449,-7.7063,2.54842,1.6633399999999998,-0.6522810450000001,0.731260335,0.10229466
1764505229.294449,-7.7063,2.54842,1.6633399999999998,-0.6522810450000001,0.731260335,0.10229466
1764505229.340041,-7.7063,2.54842,1.6633399999999998,-0.6522810450000001,0.731260335,0.10229466
1764505229.340041,-7.7063,2.54842,1.6633399999999998,-0.6522810450000001,0.731260335,0.10229466
1764505229.340041,-7.08064,2.289,0.41202,-0.653745885,0.73107723,0.10107396
1764505229.340041,-7.08064,2.289,0.41202,-0.653745885,0.73107723,0.10107396
1764505229.340041,-7.08064,2.289,0.41202,-0.653745885,0.73107723,0.10107396
1764505229.340041,-7.08064,2.289,0.41202,-0.653745885,0.73107723,0.10107396
1764505229.340041,-7.08064,2.289,0.41202,-0.653745885,0.73107723,0.10107396
1764505229.340041,-7.08064,2.289,0.41202,-0.653745885,0.73107723,0.10107396
1764505229.34155,-7.08064,2.289,0.41202,-0.653745885,0.73107723,0.10107396
1764505229.34155,-7.08064,2.289,0.41202,-0.653745885,0.73107723,0.10107396
1764505229.34155,-7.08064,2.289,0.41202,-0.653745885,0.73107723,0.10107396
1764505229.3425517,-7.08064,2.289,0.41202,-0.653745885,0.73107723,0.10107396
1764505229.3425517,-6.80596,2.8231,-0.4578,-0.653379675,0.72961239,0.101134995
1764505229.3425517,-6.80596,2.8231,-0.4578,-0.653379675,0.72961239,0.101134995
1764505229.3425517,-6.80596,2.8231,-0.4578,-0.653379675,0.72961239,0.101134995
1764505229.3435438,-6.80596,2.8231,-0.4578,-0.653379675,0.72961239,0.101134995
1764505229.3435438,-6.80596,2.8231,-0.4578,-0.653379675,0.72961239,0.101134995
1764505229.3435438,-6.80596,2.8231,-0.4578,-0.653379675,0.72961239,0.101134995
1764505229.3440602,-6.80596,2.8231,-0.4578,-0.653379675,0.72961239,0.101134995
1764505229.3440602,-6.80596,2.8231,-0.4578,-0.653379675,0.72961239,0.101134995
1764505229.3440602,-6.80596,2.8231,-0.4578,-0.653379675,0.72961239,0.101134995
1764505229.3440602,-6.80596,2.8231,-0.4578,-0.653379675,0.72961239,0.101134995
1764505229.3874135,-6.821219999999999,3.86078,0.12208,-0.6533186400000001,0.728208585,0.10156224
1764505229.3874135,-6.821219999999999,3.86078,0.12208,-0.6533186400000001,0.728208585,0.10156224
1764505229.3874135,-6.821219999999999,3.86078,0.12208,-0.6533186400000001,0.728208585,0.10156224
1764505229.3874135,-6.821219999999999,3.86078,0.12208,-0.6533186400000001,0.728208585,0.10156224
1764505229.3874135,-6.821219999999999,3.86078,0.12208,-0.6533186400000001,0.728208585,0.10156224
1764505229.3874135,-6.821219999999999,3.86078,0.12208,-0.6533186400000001,0.728208585,0.10156224
1764505229.3874135,-6.821219999999999,3.86078,0.12208,-0.6533186400000001,0.728208585,0.10156224
1764505229.3874135,-6.821219999999999,3.86078,0.12208,-0.6533186400000001,0.728208585,0.10156224
1764505229.3874135,-6.821219999999999,3.86078,0.12208,-0.6533186400000001,0.728208585,0.10156224
1764505229.3874135,-6.821219999999999,3.86078,0.12208,-0.6533186400000001,0.728208585,0.10156224
1764505229.3874135,-5.60042,3.17408,1.08346,-0.6555159,0.72521787,0.10205052
1764505229.3874135,-5.60042,3.17408,1.08346,-0.6555159,0.72521787,0.10205052
1764505229.3874135,-5.60042,3.17408,1.08346,-0.6555159,0.72521787,0.10205052
1764505229.3874135,-5.60042,3.17408,1.08346,-0.6555159,0.72521787,0.10205052
1764505229.3874135,-5.60042,3.17408,1.08346,-0.6555159,0.72521787,0.10205052
1764505229.3874135,-5.60042,3.17408,1.08346,-0.6555159,0.72521787,0.10205052
1764505229.3874135,-5.60042,3.17408,1.08346,-0.6555159,0.72521787,0.10205052
1764505229.3874135,-5.60042,3.17408,1.08346,-0.6555159,0.72521787,0.10205052
1764505229.3874135,-5.60042,3.17408,1.08346,-0.6555159,0.72521787,0.10205052
1764505229.3874135,-5.60042,3.17408,1.08346,-0.6555159,0.72521787,0.10205052
1764505229.3874135,-2.94518,1.7549,2.39582,-0.657041775,0.72399717,0.10461399
1764505229.3874135,-2.94518,1.7549,2.39582,-0.657041775,0.72399717,0.10461399
1764505229.3874135,-2.94518,1.7549,2.39582,-0.657041775,0.72399717,0.10461399
1764505229.3884451,-2.94518,1.7549,2.39582,-0.657041775,0.72399717,0.10461399
1764505229.430584,-2.94518,1.7549,2.39582,-0.657041775,0.72399717,0.10461399
1764505229.430584,-2.94518,1.7549,2.39582,-0.657041775,0.72399717,0.10461399
1764505229.430584,-2.94518,1.7549,2.39582,-0.657041775,0.72399717,0.10461399
1764505229.430584,-2.94518,1.7549,2.39582,-0.657041775,0.72399717,0.10461399
1764505229.430584,-2.94518,1.7549,2.39582,-0.657041775,0.72399717,0.10461399
1764505229.4316008,-2.94518,1.7549,2.39582,-0.657041775,0.72399717,0.10461399
1764505229.4316008,0.03052,-0.0762999999999999,1.89224,-0.65954421,0.72338682,0.107116425
1764505229.4316008,0.03052,-0.0762999999999999,1.89224,-0.65954421,0.72338682,0.107116425
1764505229.4316008,0.03052,-0.0762999999999999,1.89224,-0.65954421,0.72338682,0.107116425
1764505229.4316008,0.03052,-0.0762999999999999,1.89224,-0.65954421,0.72338682,0.107116425
1764505229.4316008,0.03052,-0.0762999999999999,1.89224,-0.65954421,0.72338682,0.107116425
1764505229.4316008,0.03052,-0.0762999999999999,1.89224,-0.65954421,0.72338682,0.107116425
1764505229.4316008,0.03052,-0.0762999999999999,1.89224,-0.65954421,0.72338682,0.107116425
1764505229.4316008,0.03052,-0.0762999999999999,1.89224,-0.65954421,0.72338682,0.107116425
1764505229.4316008,0.03052,-0.0762999999999999,1.89224,-0.65954421,0.72338682,0.107116425
1764505229.4316008,0.03052,-0.0762999999999999,1.89224,-0.65954421,0.72338682,0.107116425
1764505229.4316008,-0.0762999999999999,-0.3509799999999999,0.44254,-0.66027663,0.724302345,0.10852023
1764505229.4316008,-0.0762999999999999,-0.3509799999999999,0.44254,-0.66027663,0.724302345,0.10852023
1764505229.4316008,-0.0762999999999999,-0.3509799999999999,0.44254,-0.66027663,0.724302345,0.10852023
1764505229.4316008,-0.0762999999999999,-0.3509799999999999,0.44254,-0.66027663,0.724302345,0.10852023
1764505229.4316008,-0.0762999999999999,-0.3509799999999999,0.44254,-0.66027663,0.724302345,0.10852023
1764505229.4316008,-0.0762999999999999,-0.3509799999999999,0.44254,-0.66027663,0.724302345,0.10852023
1764505229.4754603,-0.0762999999999999,-0.3509799999999999,0.44254,-0.66027663,0.724302345,0.10852023
1764505229.4754603,-0.0762999999999999,-0.3509799999999999,0.44254,-0.66027663,0.724302345,0.10852023
1764505229.4754603,-0.0762999999999999,-0.3509799999999999,0.44254,-0.66027663,0.724302345,0.10852023
1764505229.4754603,-0.0762999999999999,-0.3509799999999999,0.44254,-0.66027663,0.724302345,0.10852023
1764505229.4754603,-1.46496,-0.36624,-1.17502,-0.6603987,0.72595029,0.10839816
1764505229.4754603,-1.46496,-0.36624,-1.17502,-0.6603987,0.72595029,0.10839816
1764505229.4754603,-1.46496,-0.36624,-1.17502,-0.6603987,0.72595029,0.10839816
1764505229.4754603,-1.46496,-0.36624,-1.17502,-0.6603987,0.72595029,0.10839816
1764505229.4754603,-1.46496,-0.36624,-1.17502,-0.6603987,0.72595029,0.10839816
1764505229.4754603,-1.46496,-0.36624,-1.17502,-0.6603987,0.72595029,0.10839816
1764505229.4754603,-1.46496,-0.36624,-1.17502,-0.6603987,0.72595029,0.10839816
1764505229.4754603,-1.46496,-0.36624,-1.17502,-0.6603987,0.72595029,0.10839816
1764505229.4754603,-1.46496,-0.36624,-1.17502,-0.6603987,0.72595029,0.10839816
1764505229.476452,-1.46496,-0.36624,-1.17502,-0.6603987,0.72595029,0.10839816
1764505229.476452,-2.6705,-0.13734,-1.86172,-0.657774195,0.72973446,0.1062009
1764505229.476452,-2.6705,-0.13734,-1.86172,-0.657774195,0.72973446,0.1062009
1764505229.476452,-2.6705,-0.13734,-1.86172,-0.657774195,0.72973446,0.1062009
1764505229.476452,-2.6705,-0.13734,-1.86172,-0.657774195,0.72973446,0.1062009
1764505229.476452,-2.6705,-0.13734,-1.86172,-0.657774195,0.72973446,0.1062009
1764505229.476452,-2.6705,-0.13734,-1.86172,-0.657774195,0.72973446,0.1062009
1764505229.476452,-2.6705,-0.13734,-1.86172,-0.657774195,0.72973446,0.1062009
1764505229.476452,-2.6705,-0.13734,-1.86172,-0.657774195,0.72973446,0.1062009
1764505229.476452,-2.6705,-0.13734,-1.86172,-0.657774195,0.72973446,0.1062009
1764505229.476452,-2.6705,-0.13734,-1.86172,-0.657774195,0.72973446,0.1062009
1764505229.5228472,-2.8994,0.03052,-0.6867,-0.65466141,0.735532785,0.10351536
1764505229.5228472,-2.8994,0.03052,-0.6867,-0.65466141,0.735532785,0.10351536
1764505229.5238442,-2.8994,0.03052,-0.6867,-0.65466141,0.735532785,0.10351536
1764505229.5238442,-2.8994,0.03052,-0.6867,-0.65466141,0.735532785,0.10351536
1764505229.5238442,-2.8994,0.03052,-0.6867,-0.65466141,0.735532785,0.10351536
1764505229.5238442,-2.8994,0.03052,-0.6867,-0.65466141,0.735532785,0.10351536
1764505229.5238442,-2.8994,0.03052,-0.6867,-0.65466141,0.735532785,0.10351536
1764505229.5238442,-2.8994,0.03052,-0.6867,-0.65466141,0.735532785,0.10351536
1764505229.5238442,-2.8994,0.03052,-0.6867,-0.65466141,0.735532785,0.10351536
1764505229.5238442,-2.8994,0.03052,-0.6867,-0.65466141,0.735532785,0.10351536
1764505229.5238442,-3.63188,1.08346,0.94612,-0.6522810450000001,0.737363835,0.10205052
1764505229.5238442,-3.63188,1.08346,0.94612,-0.6522810450000001,0.737363835,0.10205052
1764505229.5238442,-3.63188,1.08346,0.94612,-0.6522810450000001,0.737363835,0.10205052
1764505229.5238442,-3.63188,1.08346,0.94612,-0.6522810450000001,0.737363835,0.10205052
1764505229.5238442,-3.63188,1.08346,0.94612,-0.6522810450000001,0.737363835,0.10205052
1764505229.5238442,-3.63188,1.08346,0.94612,-0.6522810450000001,0.737363835,0.10205052
1764505229.5238442,-3.63188,1.08346,0.94612,-0.6522810450000001,0.737363835,0.10205052
1764505229.5238442,-3.63188,1.08346,0.94612,-0.6522810450000001,0.737363835,0.10205052
1764505229.5238442,-3.63188,1.08346,0.94612,-0.6522810450000001,0.737363835,0.10205052
1764505229.5238442,-3.63188,1.08346,0.94612,-0.6522810450000001,0.737363835,0.10205052
1764505229.5238442,-5.60042,1.84646,1.17502,-0.65099931,0.73803522,0.102233625
1764505229.5238442,-5.60042,1.84646,1.17502,-0.65099931,0.73803522,0.102233625
1764505229.572924,-5.60042,1.84646,1.17502,-0.65099931,0.73803522,0.102233625
1764505229.572924,-5.60042,1.84646,1.17502,-0.65099931,0.73803522,0.102233625
1764505229.572924,-5.60042,1.84646,1.17502,-0.65099931,0.73803522,0.102233625
1764505229.572924,-5.60042,1.84646,1.17502,-0.65099931,0.73803522,0.102233625
1764505229.5739317,-5.60042,1.84646,1.17502,-0.65099931,0.73803522,0.102233625
1764505229.5739317,-5.60042,1.84646,1.17502,-0.65099931,0.73803522,0.102233625
1764505229.5739317,-5.60042,1.84646,1.17502,-0.65099931,0.73803522,0.102233625
1764505229.5739317,-5.60042,1.84646,1.17502,-0.65099931,0.73803522,0.102233625
1764505229.5739317,-7.858899999999999,2.68576,1.4039199999999998,-0.65099931,0.73742487,0.102355695
1764505229.5739317,-7.858899999999999,2.68576,1.4039199999999998,-0.65099931,0.73742487,0.102355695
1764505229.574931,-7.858899999999999,2.68576,1.4039199999999998,-0.65099931,0.73742487,0.102355695
1764505229.574931,-7.858899999999999,2.68576,1.4039199999999998,-0.65099931,0.73742487,0.102355695
1764505229.574931,-7.858899999999999,2.68576,1.4039199999999998,-0.65099931,0.73742487,0.102355695
1764505229.574931,-7.858899999999999,2.68576,1.4039199999999998,-0.65099931,0.73742487,0.102355695
1764505229.574931,-7.858899999999999,2.68576,1.4039199999999998,-0.65099931,0.73742487,0.102355695
1764505229.574931,-7.858899999999999,2.68576,1.4039199999999998,-0.65099931,0.73742487,0.102355695
1764505229.574931,-7.858899999999999,2.68576,1.4039199999999998,-0.65099931,0.73742487,0.102355695
1764505229.5759027,-7.858899999999999,2.68576,1.4039199999999998,-0.65099931,0.73742487,0.102355695
1764505229.5759027,-8.86606,3.00622,0.59514,-0.651304485,0.735288645,0.102843975
1764505229.5759027,-8.86606,3.00622,0.59514,-0.651304485,0.735288645,0.102843975
1764505229.5759027,-8.86606,3.00622,0.59514,-0.651304485,0.735288645,0.102843975
1764505229.5759027,-8.86606,3.00622,0.59514,-0.651304485,0.735288645,0.102843975
1764505229.5759027,-8.86606,3.00622,0.59514,-0.651304485,0.735288645,0.102843975
1764505229.5759027,-8.86606,3.00622,0.59514,-0.651304485,0.735288645,0.102843975
1764505229.6195252,-8.86606,3.00622,0.59514,-0.651304485,0.735288645,0.102843975
1764505229.6195252,-8.86606,3.00622,0.59514,-0.651304485,0.735288645,0.102843975
1764505229.6195252,-8.86606,3.00622,0.59514,-0.651304485,0.735288645,0.102843975
1764505229.6195252,-8.86606,3.00622,0.59514,-0.651304485,0.735288645,0.102843975
1764505229.6195252,-8.30144,2.45686,0.4578,-0.65405106,0.732358965,0.10314915
1764505229.6195252,-8.30144,2.45686,0.4578,-0.65405106,0.732358965,0.10314915
1764505229.6195252,-8.30144,2.45686,0.4578,-0.65405106,0.732358965,0.10314915
1764505229.6195252,-8.30144,2.45686,0.4578,-0.65405106,0.732358965,0.10314915
1764505229.6195252,-8.30144,2.45686,0.4578,-0.65405106,0.732358965,0.10314915
1764505229.6195252,-8.30144,2.45686,0.4578,-0.65405106,0.732358965,0.10314915
1764505229.6200516,-8.30144,2.45686,0.4578,-0.65405106,0.732358965,0.10314915
1764505229.6200516,-8.30144,2.45686,0.4578,-0.65405106,0.732358965,0.10314915
1764505229.6200516,-8.30144,2.45686,0.4578,-0.65405106,0.732358965,0.10314915
1764505229.6200516,-8.30144,2.45686,0.4578,-0.65405106,0.732358965,0.10314915
1764505229.6200516,-6.66862,1.6633399999999998,-0.19838,-0.654600375,0.728696865,0.104675025
1764505229.6200516,-6.66862,1.6633399999999998,-0.19838,-0.654600375,0.728696865,0.104675025
1764505229.6200516,-6.66862,1.6633399999999998,-0.19838,-0.654600375,0.728696865,0.104675025
1764505229.6200516,-6.66862,1.6633399999999998,-0.19838,-0.654600375,0.728696865,0.104675025
1764505229.6200516,-6.66862,1.6633399999999998,-0.19838,-0.654600375,0.728696865,0.104675025
1764505229.6200516,-6.66862,1.6633399999999998,-0.19838,-0.654600375,0.728696865,0.104675025
1764505229.621061,-6.66862,1.6633399999999998,-0.19838,-0.654600375,0.728696865,0.104675025
1764505229.621061,-6.66862,1.6633399999999998,-0.19838,-0.654600375,0.728696865,0.104675025
1764505229.621061,-6.66862,1.6633399999999998,-0.19838,-0.654600375,0.728696865,0.104675025
1764505229.621061,-6.66862,1.6633399999999998,-0.19838,-0.654600375,0.728696865,0.104675025
1764505229.664287,-4.97476,1.17502,0.27468,-0.65502762,0.726255465,0.10681125
1764505229.664287,-4.97476,1.17502,0.27468,-0.65502762,0.726255465,0.10681125
1764505229.664287,-4.97476,1.17502,0.27468,-0.65502762,0.726255465,0.10681125
1764505229.665801,-4.97476,1.17502,0.27468,-0.65502762,0.726255465,0.10681125
1764505229.665801,-4.97476,1.17502,0.27468,-0.65502762,0.726255465,0.10681125
1764505229.665801,-4.97476,1.17502,0.27468,-0.65502762,0.726255465,0.10681125
1764505229.665801,-4.97476,1.17502,0.27468,-0.65502762,0.726255465,0.10681125
1764505229.665801,-4.97476,1.17502,0.27468,-0.65502762,0.726255465,0.10681125
1764505229.665801,-4.97476,1.17502,0.27468,-0.65502762,0.726255465,0.10681125
1764505229.665801,-4.97476,1.17502,0.27468,-0.65502762,0.726255465,0.10681125
1764505229.665801,-3.41824,1.78542,0.3815,-0.657896265,0.723447855,0.1086423
1764505229.665801,-3.41824,1.78542,0.3815,-0.657896265,0.723447855,0.1086423
1764505229.665801,-3.41824,1.78542,0.3815,-0.657896265,0.723447855,0.1086423
1764505229.665801,-3.41824,1.78542,0.3815,-0.657896265,0.723447855,0.1086423
1764505229.665801,-3.41824,1.78542,0.3815,-0.657896265,0.723447855,0.1086423
1764505229.6668217,-3.41824,1.78542,0.3815,-0.657896265,0.723447855,0.1086423
1764505229.6699522,-3.41824,1.78542,0.3815,-0.657896265,0.723447855,0.1086423
1764505229.6699522,-3.41824,1.78542,0.3815,-0.657896265,0.723447855,0.1086423
1764505229.6699522,-3.41824,1.78542,0.3815,-0.657896265,0.723447855,0.1086423
1764505229.6699522,-3.41824,1.78542,0.3815,-0.657896265,0.723447855,0.1086423
1764505229.6699522,-2.8231,0.6714399999999999,0.2289,-0.659178,0.7240582050000001,0.10803195
1764505229.6699522,-2.8231,0.6714399999999999,0.2289,-0.659178,0.7240582050000001,0.10803195
1764505229.709195,-2.8231,0.6714399999999999,0.2289,-0.659178,0.7240582050000001,0.10803195
1764505229.709819,-2.8231,0.6714399999999999,0.2289,-0.659178,0.7240582050000001,0.10803195
1764505229.7108283,-2.8231,0.6714399999999999,0.2289,-0.659178,0.7240582050000001,0.10803195
1764505229.7108283,-2.8231,0.6714399999999999,0.2289,-0.659178,0.7240582050000001,0.10803195
1764505229.7108283,-2.8231,0.6714399999999999,0.2289,-0.659178,0.7240582050000001,0.10803195
1764505229.7108283,-2.8231,0.6714399999999999,0.2289,-0.659178,0.7240582050000001,0.10803195
1764505229.7108283,-2.8231,0.6714399999999999,0.2289,-0.659178,0.7240582050000001,0.10803195
1764505229.7108283,-2.8231,0.6714399999999999,0.2289,-0.659178,0.7240582050000001,0.10803195
1764505229.7108283,-2.80784,0.09156,-0.28994,-0.65807937,0.727476165,0.10693332
1764505229.7108283,-2.80784,0.09156,-0.28994,-0.65807937,0.727476165,0.10693332
1764505229.7108283,-2.80784,0.09156,-0.28994,-0.65807937,0.727476165,0.10693332
1764505229.7108283,-2.80784,0.09156,-0.28994,-0.65807937,0.727476165,0.10693332
1764505229.7123425,-2.80784,0.09156,-0.28994,-0.65807937,0.727476165,0.10693332
1764505229.7123425,-2.80784,0.09156,-0.28994,-0.65807937,0.727476165,0.10693332
1764505229.7123425,-2.80784,0.09156,-0.28994,-0.65807937,0.727476165,0.10693332
1764505229.7123425,-2.80784,0.09156,-0.28994,-0.65807937,0.727476165,0.10693332
1764505229.7123425,-2.80784,0.09156,-0.28994,-0.65807937,0.727476165,0.10693332
1764505229.7123425,-2.80784,0.09156,-0.28994,-0.65807937,0.727476165,0.10693332
1764505229.7123425,-5.4173,1.17502,0.1525999999999999,-0.655210725,0.73242,0.1037595
1764505229.7123425,-5.4173,1.17502,0.1525999999999999,-0.655210725,0.73242,0.1037595
1764505229.7123425,-5.4173,1.17502,0.1525999999999999,-0.655210725,0.73242,0.1037595
1764505229.7123425,-5.4173,1.17502,0.1525999999999999,-0.655210725,0.73242,0.1037595
1764505229.7123425,-5.4173,1.17502,0.1525999999999999,-0.655210725,0.73242,0.1037595
1764505229.7123425,-5.4173,1.17502,0.1525999999999999,-0.655210725,0.73242,0.1037595
1764505229.760105,-5.4173,1.17502,0.1525999999999999,-0.655210725,0.73242,0.1037595
1764505229.760105,-5.4173,1.17502,0.1525999999999999,-0.655210725,0.73242,0.1037595
1764505229.7611198,-5.4173,1.17502,0.1525999999999999,-0.655210725,0.73242,0.1037595
1764505229.7611198,-5.4173,1.17502,0.1525999999999999,-0.655210725,0.73242,0.1037595
1764505229.7611198,-6.50076,1.6022999999999998,0.9003399999999999,-0.65295243,0.73278621,0.10119603
1764505229.7611198,-6.50076,1.6022999999999998,0.9003399999999999,-0.65295243,0.73278621,0.10119603
1764505229.7611198,-6.50076,1.6022999999999998,0.9003399999999999,-0.65295243,0.73278621,0.10119603
1764505229.762118,-6.50076,1.6022999999999998,0.9003399999999999,-0.65295243,0.73278621,0.10119603
1764505229.762118,-6.50076,1.6022999999999998,0.9003399999999999,-0.65295243,0.73278621,0.10119603
1764505229.762118,-6.50076,1.6022999999999998,0.9003399999999999,-0.65295243,0.73278621,0.10119603
1764505229.762118,-6.50076,1.6022999999999998,0.9003399999999999,-0.65295243,0.73278621,0.10119603
1764505229.762118,-6.50076,1.6022999999999998,0.9003399999999999,-0.65295243,0.73278621,0.10119603
1764505229.762118,-6.50076,1.6022999999999998,0.9003399999999999,-0.65295243,0.73278621,0.10119603
1764505229.762118,-6.50076,1.6022999999999998,0.9003399999999999,-0.65295243,0.73278621,0.10119603
1764505229.762118,-6.50076,3.00622,1.9075,-0.65344071,0.7308941250000001,0.09960912
1764505229.762118,-6.50076,3.00622,1.9075,-0.65344071,0.7308941250000001,0.09960912
1764505229.762118,-6.50076,3.00622,1.9075,-0.65344071,0.7308941250000001,0.09960912
1764505229.7638416,-6.50076,3.00622,1.9075,-0.65344071,0.7308941250000001,0.09960912
1764505229.7638416,-6.50076,3.00622,1.9075,-0.65344071,0.7308941250000001,0.09960912
1764505229.7638416,-6.50076,3.00622,1.9075,-0.65344071,0.7308941250000001,0.09960912
1764505229.7638416,-6.50076,3.00622,1.9075,-0.65344071,0.7308941250000001,0.09960912
1764505229.7638416,-6.50076,3.00622,1.9075,-0.65344071,0.7308941250000001,0.09960912
1764505229.7638416,-6.50076,3.00622,1.9075,-0.65344071,0.7308941250000001,0.09960912
1764505229.7638416,-6.50076,3.00622,1.9075,-0.65344071,0.7308941250000001,0.09960912
1764505229.8043978,-4.07442,1.49548,1.86172,-0.657285915,0.728574795,0.10217259
1764505229.8043978,-4.07442,1.49548,1.86172,-0.657285915,0.728574795,0.10217259
1764505229.8043978,-4.07442,1.49548,1.86172,-0.657285915,0.728574795,0.10217259
1764505229.8043978,-4.07442,1.49548,1.86172,-0.657285915,0.728574795,0.10217259
1764505229.8054428,-4.07442,1.49548,1.86172,-0.657285915,0.728574795,0.10217259
1764505229.8054428,-4.07442,1.49548,1.86172,-0.657285915,0.728574795,0.10217259
1764505229.8054428,-4.07442,1.49548,1.86172,-0.657285915,0.728574795,0.10217259
1764505229.8054428,-4.07442,1.49548,1.86172,-0.657285915,0.728574795,0.10217259
1764505229.8054428,-4.07442,1.49548,1.86172,-0.657285915,0.728574795,0.10217259
1764505229.8054428,-4.07442,1.49548,1.86172,-0.657285915,0.728574795,0.10217259
1764505229.8054428,-3.31142,0.7019599999999999,0.10682,-0.65844558,0.72680478,0.10559055
1764505229.8054428,-3.31142,0.7019599999999999,0.10682,-0.65844558,0.72680478,0.10559055
1764505229.8054428,-3.31142,0.7019599999999999,0.10682,-0.65844558,0.72680478,0.10559055
1764505229.8054428,-3.31142,0.7019599999999999,0.10682,-0.65844558,0.72680478,0.10559055
1764505229.8054428,-3.31142,0.7019599999999999,0.10682,-0.65844558,0.72680478,0.10559055
1764505229.8054428,-3.31142,0.7019599999999999,0.10682,-0.65844558,0.72680478,0.10559055
1764505229.8054428,-3.31142,0.7019599999999999,0.10682,-0.65844558,0.72680478,0.10559055
1764505229.8054428,-3.31142,0.7019599999999999,0.10682,-0.65844558,0.72680478,0.10559055
1764505229.8054428,-3.31142,0.7019599999999999,0.10682,-0.65844558,0.72680478,0.10559055
1764505229.8054428,-3.31142,0.7019599999999999,0.10682,-0.65844558,0.72680478,0.10559055
1764505229.8065288,-3.40298,1.41918,-1.32762,-0.659116965,0.725156835,0.107482635
1764505229.8065288,-3.40298,1.41918,-1.32762,-0.659116965,0.725156835,0.107482635
1764505229.8065288,-3.40298,1.41918,-1.32762,-0.659116965,0.725156835,0.107482635
1764505229.807539,-3.40298,1.41918,-1.32762,-0.659116965,0.725156835,0.107482635
1764505229.8524466,-3.40298,1.41918,-1.32762,-0.659116965,0.725156835,0.107482635
1764505229.8524466,-3.40298,1.41918,-1.32762,-0.659116965,0.725156835,0.107482635
1764505229.8534255,-3.40298,1.41918,-1.32762,-0.659116965,0.725156835,0.107482635
1764505229.8534255,-3.40298,1.41918,-1.32762,-0.659116965,0.725156835,0.107482635
1764505229.8534255,-3.40298,1.41918,-1.32762,-0.659116965,0.725156835,0.107482635
1764505229.8534255,-3.40298,1.41918,-1.32762,-0.659116965,0.725156835,0.107482635
1764505229.8534255,-3.29616,1.08346,-1.11398,-0.6596052450000001,0.72656064,0.10790988
1764505229.854715,-3.29616,1.08346,-1.11398,-0.6596052450000001,0.72656064,0.10790988
1764505229.854715,-3.29616,1.08346,-1.11398,-0.6596052450000001,0.72656064,0.10790988
1764505229.854715,-3.29616,1.08346,-1.11398,-0.6596052450000001,0.72656064,0.10790988
1764505229.8554423,-3.29616,1.08346,-1.11398,-0.6596052450000001,0.72656064,0.10790988
1764505229.8554423,-3.29616,1.08346,-1.11398,-0.6596052450000001,0.72656064,0.10790988
1764505229.8554423,-3.29616,1.08346,-1.11398,-0.6596052450000001,0.72656064,0.10790988
1764505229.8558238,-3.29616,1.08346,-1.11398,-0.6596052450000001,0.72656064,0.10790988
1764505229.8558238,-3.29616,1.08346,-1.11398,-0.6596052450000001,0.72656064,0.10790988
1764505229.8561895,-3.29616,1.08346,-1.11398,-0.6596052450000001,0.72656064,0.10790988
1764505229.8562665,-4.47118,-0.10682,0.03052,-0.6579573,0.73071102,0.10656711
1764505229.8562665,-4.47118,-0.10682,0.03052,-0.6579573,0.73071102,0.10656711
1764505229.8562665,-4.47118,-0.10682,0.03052,-0.6579573,0.73071102,0.10656711
1764505229.8562665,-4.47118,-0.10682,0.03052,-0.6579573,0.73071102,0.10656711
1764505229.8562665,-4.47118,-0.10682,0.03052,-0.6579573,0.73071102,0.10656711
1764505229.8562665,-4.47118,-0.10682,0.03052,-0.6579573,0.73071102,0.10656711
1764505229.8977013,-4.47118,-0.10682,0.03052,-0.6579573,0.73071102,0.10656711
1764505229.8977013,-4.47118,-0.10682,0.03052,-0.6579573,0.73071102,0.10656711
1764505229.8977013,-4.47118,-0.10682,0.03052,-0.6579573,0.73071102,0.10656711
1764505229.8977013,-4.47118,-0.10682,0.03052,-0.6579573,0.73071102,0.10656711
1764505229.8977013,-5.508859999999999,-0.03052,1.77016,-0.65466141,0.735654855,0.10449192
1764505229.8977013,-5.508859999999999,-0.03052,1.77016,-0.65466141,0.735654855,0.10449192
1764505229.8977013,-5.508859999999999,-0.03052,1.77016,-0.65466141,0.735654855,0.10449192
1764505229.8977013,-5.508859999999999,-0.03052,1.77016,-0.65466141,0.735654855,0.10449192
1764505229.8977013,-5.508859999999999,-0.03052,1.77016,-0.65466141,0.735654855,0.10449192
1764505229.8977013,-5.508859999999999,-0.03052,1.77016,-0.65466141,0.735654855,0.10449192
1764505229.8977013,-5.508859999999999,-0.03052,1.77016,-0.65466141,0.735654855,0.10449192
1764505229.8977013,-5.508859999999999,-0.03052,1.77016,-0.65466141,0.735654855,0.10449192
1764505229.8977013,-5.508859999999999,-0.03052,1.77016,-0.65466141,0.735654855,0.10449192
1764505229.8977013,-5.508859999999999,-0.03052,1.77016,-0.65466141,0.735654855,0.10449192
1764505229.8977013,-6.134519999999999,1.08346,1.78542,-0.65209794,0.735166575,0.103942605
1764505229.8977013,-6.134519999999999,1.08346,1.78542,-0.65209794,0.735166575,0.103942605
1764505229.8977013,-6.134519999999999,1.08346,1.78542,-0.65209794,0.735166575,0.103942605
1764505229.8977013,-6.134519999999999,1.08346,1.78542,-0.65209794,0.735166575,0.103942605
1764505229.8987231,-6.134519999999999,1.08346,1.78542,-0.65209794,0.735166575,0.103942605
1764505229.8987231,-6.134519999999999,1.08346,1.78542,-0.65209794,0.735166575,0.103942605
1764505229.8987231,-6.134519999999999,1.08346,1.78542,-0.65209794,0.735166575,0.103942605
1764505229.8987231,-6.134519999999999,1.08346,1.78542,-0.65209794,0.735166575,0.103942605
1764505229.8987231,-6.134519999999999,1.08346,1.78542,-0.65209794,0.735166575,0.103942605
1764505229.8987231,-6.134519999999999,1.08346,1.78542,-0.65209794,0.735166575,0.103942605
1764505229.9442792,-6.516019999999999,2.45686,0.65618,-0.652769325,0.73168758,0.10522434
1764505229.9442792,-6.516019999999999,2.45686,0.65618,-0.652769325,0.73168758,0.10522434
1764505229.9442792,-6.516019999999999,2.45686,0.65618,-0.652769325,0.73168758,0.10522434
1764505229.9442792,-6.516019999999999,2.45686,0.65618,-0.652769325,0.73168758,0.10522434
1764505229.9442792,-6.516019999999999,2.45686,0.65618,-0.652769325,0.73168758,0.10522434
1764505229.9442792,-6.516019999999999,2.45686,0.65618,-0.652769325,0.73168758,0.10522434
1764505229.9442792,-6.516019999999999,2.45686,0.65618,-0.652769325,0.73168758,0.10522434
1764505229.9442792,-6.516019999999999,2.45686,0.65618,-0.652769325,0.73168758,0.10522434
1764505229.94479,-6.516019999999999,2.45686,0.65618,-0.652769325,0.73168758,0.10522434
1764505229.94479,-6.516019999999999,2.45686,0.65618,-0.652769325,0.73168758,0.10522434
1764505229.94479,-4.86794,1.86172,-0.19838,-0.655332795,0.728941005,0.10510227
1764505229.94479,-4.86794,1.86172,-0.19838,-0.655332795,0.728941005,0.10510227
1764505229.94479,-4.86794,1.86172,-0.19838,-0.655332795,0.728941005,0.10510227
1764505229.94479,-4.86794,1.86172,-0.19838,-0.655332795,0.728941005,0.10510227
1764505229.94479,-4.86794,1.86172,-0.19838,-0.655332795,0.728941005,0.10510227
1764505229.94479,-4.86794,1.86172,-0.19838,-0.655332795,0.728941005,0.10510227
1764505229.94479,-4.86794,1.86172,-0.19838,-0.655332795,0.728941005,0.10510227
1764505229.94479,-4.86794,1.86172,-0.19838,-0.655332795,0.728941005,0.10510227
1764505229.94479,-4.86794,1.86172,-0.19838,-0.655332795,0.728941005,0.10510227
1764505229.94479,-4.86794,1.86172,-0.19838,-0.655332795,0.728941005,0.10510227
1764505229.94479,-5.15788,1.61756,-0.03052,-0.65478348,0.729551355,0.10473606
1764505229.94479,-5.15788,1.61756,-0.03052,-0.65478348,0.729551355,0.10473606
1764505229.9458232,-5.15788,1.61756,-0.03052,-0.65478348,0.729551355,0.10473606
1764505229.9458232,-5.15788,1.61756,-0.03052,-0.65478348,0.729551355,0.10473606
1764505229.9909382,-5.15788,1.61756,-0.03052,-0.65478348,0.729551355,0.10473606
1764505229.991943,-5.15788,1.61756,-0.03052,-0.65478348,0.729551355,0.10473606
1764505229.991943,-5.15788,1.61756,-0.03052,-0.65478348,0.729551355,0.10473606
1764505229.991943,-5.15788,1.61756,-0.03052,-0.65478348,0.729551355,0.10473606
1764505229.991943,-5.15788,1.61756,-0.03052,-0.65478348,0.729551355,0.10473606
1764505229.9930294,-5.15788,1.61756,-0.03052,-0.65478348,0.729551355,0.10473606
1764505229.9930294,-4.99002,0.8087799999999999,0.763,-0.654844515,0.73180965,0.104797095
1764505229.9930294,-4.99002,0.8087799999999999,0.763,-0.654844515,0.73180965,0.104797095
1764505229.9930294,-4.99002,0.8087799999999999,0.763,-0.654844515,0.73180965,0.104797095
1764505229.9930294,-4.99002,0.8087799999999999,0.763,-0.654844515,0.73180965,0.104797095
1764505229.9955757,-4.99002,0.8087799999999999,0.763,-0.654844515,0.73180965,0.104797095
1764505229.9955757,-4.99002,0.8087799999999999,0.763,-0.654844515,0.73180965,0.104797095
1764505229.9955757,-4.99002,0.8087799999999999,0.763,-0.654844515,0.73180965,0.104797095
1764505229.9955757,-4.99002,0.8087799999999999,0.763,-0.654844515,0.73180965,0.104797095
1764505229.9955757,-4.99002,0.8087799999999999,0.763,-0.654844515,0.73180965,0.104797095
1764505229.9955757,-4.99002,0.8087799999999999,0.763,-0.654844515,0.73180965,0.104797095
1764505229.9955757,-5.14262,0.82404,0.77826,-0.65319657,0.732114825,0.10583469
1764505229.9955757,-5.14262,0.82404,0.77826,-0.65319657,0.732114825,0.10583469
1764505229.9955757,-5.14262,0.82404,0.77826,-0.65319657,0.732114825,0.10583469
1764505229.9955757,-5.14262,0.82404,0.77826,-0.65319657,0.732114825,0.10583469
1764505229.9955757,-5.14262,0.82404,0.77826,-0.65319657,0.732114825,0.10583469
1764505229.9955757,-5.14262,0.82404,0.77826,-0.65319657,0.732114825,0.10583469
1764505230.0369334,-5.14262,0.82404,0.77826,-0.65319657,0.732114825,0.10583469
1764505230.0369334,-5.14262,0.82404,0.77826,-0.65319657,0.732114825,0.10583469
1764505230.0369334,-5.14262,0.82404,0.77826,-0.65319657,0.732114825,0.10583469
1764505230.0369334,-5.14262,0.82404,0.77826,-0.65319657,0.732114825,0.10583469
1764505230.0369334,-4.48644,1.12924,0.3204599999999999,-0.65319657,0.73071102,0.105895725
1764505230.0369334,-4.48644,1.12924,0.3204599999999999,-0.65319657,0.73071102,0.105895725
1764505230.0369334,-4.48644,1.12924,0.3204599999999999,-0.65319657,0.73071102,0.105895725
1764505230.0369334,-4.48644,1.12924,0.3204599999999999,-0.65319657,0.73071102,0.105895725
1764505230.0369334,-4.48644,1.12924,0.3204599999999999,-0.65319657,0.73071102,0.105895725
1764505230.0369334,-4.48644,1.12924,0.3204599999999999,-0.65319657,0.73071102,0.105895725
1764505230.0369334,-4.48644,1.12924,0.3204599999999999,-0.65319657,0.73071102,0.105895725
1764505230.0369334,-4.48644,1.12924,0.3204599999999999,-0.65319657,0.73071102,0.105895725
1764505230.0369334,-4.48644,1.12924,0.3204599999999999,-0.65319657,0.73071102,0.105895725
1764505230.0369334,-4.48644,1.12924,0.3204599999999999,-0.65319657,0.73071102,0.105895725
1764505230.0369334,-4.60852,0.73248,-0.12208,-0.65466141,0.72973446,0.105895725
1764505230.0369334,-4.60852,0.73248,-0.12208,-0.65466141,0.72973446,0.105895725
1764505230.0369334,-4.60852,0.73248,-0.12208,-0.65466141,0.72973446,0.105895725
1764505230.0369334,-4.60852,0.73248,-0.12208,-0.65466141,0.72973446,0.105895725
1764505230.0369334,-4.60852,0.73248,-0.12208,-0.65466141,0.72973446,0.105895725
1764505230.0369334,-4.60852,0.73248,-0.12208,-0.65466141,0.72973446,0.105895725
1764505230.0369334,-4.60852,0.73248,-0.12208,-0.65466141,0.72973446,0.105895725
1764505230.0369334,-4.60852,0.73248,-0.12208,-0.65466141,0.72973446,0.105895725
1764505230.0369334,-4.60852,0.73248,-0.12208,-0.65466141,0.72973446,0.105895725
1764505230.0369334,-4.60852,0.73248,-0.12208,-0.65466141,0.72973446,0.105895725
1764505230.0860732,-5.38678,0.65618,-0.1525999999999999,-0.65466141,0.730649985,0.10583469
1764505230.0860732,-5.38678,0.65618,-0.1525999999999999,-0.65466141,0.730649985,0.10583469
1764505230.0860732,-5.38678,0.65618,-0.1525999999999999,-0.65466141,0.730649985,0.10583469
1764505230.0860732,-5.38678,0.65618,-0.1525999999999999,-0.65466141,0.730649985,0.10583469
1764505230.0860732,-5.38678,0.65618,-0.1525999999999999,-0.65466141,0.730649985,0.10583469
1764505230.0860732,-5.38678,0.65618,-0.1525999999999999,-0.65466141,0.730649985,0.10583469
1764505230.0860732,-5.38678,0.65618,-0.1525999999999999,-0.65466141,0.730649985,0.10583469
1764505230.0860732,-5.38678,0.65618,-0.1525999999999999,-0.65466141,0.730649985,0.10583469
1764505230.0860732,-5.38678,0.65618,-0.1525999999999999,-0.65466141,0.730649985,0.10583469
1764505230.0860732,-5.38678,0.65618,-0.1525999999999999,-0.65466141,0.730649985,0.10583469
1764505230.0860732,-5.7225,1.58704,-0.27468,-0.653990025,0.730772055,0.106750215
1764505230.0860732,-5.7225,1.58704,-0.27468,-0.653990025,0.730772055,0.106750215
1764505230.0860732,-5.7225,1.58704,-0.27468,-0.653990025,0.730772055,0.106750215
1764505230.0860732,-5.7225,1.58704,-0.27468,-0.653990025,0.730772055,0.106750215
1764505230.0860732,-5.7225,1.58704,-0.27468,-0.653990025,0.730772055,0.106750215
1764505230.0860732,-5.7225,1.58704,-0.27468,-0.653990025,0.730772055,0.106750215
1764505230.0860732,-5.7225,1.58704,-0.27468,-0.653990025,0.730772055,0.106750215
1764505230.0870788,-5.7225,1.58704,-0.27468,-0.653990025,0.730772055,0.106750215
1764505230.0870788,-5.7225,1.58704,-0.27468,-0.653990025,0.730772055,0.106750215
1764505230.0870788,-5.7225,1.58704,-0.27468,-0.653990025,0.730772055,0.106750215
1764505230.0880768,-5.340999999999999,1.93802,-0.19838,-0.653623815,0.731260335,0.106506075
1764505230.0880768,-5.340999999999999,1.93802,-0.19838,-0.653623815,0.731260335,0.106506075
1764505230.0880768,-5.340999999999999,1.93802,-0.19838,-0.653623815,0.731260335,0.106506075
1764505230.0880768,-5.340999999999999,1.93802,-0.19838,-0.653623815,0.731260335,0.106506075
1764505230.1326115,-5.340999999999999,1.93802,-0.19838,-0.653623815,0.731260335,0.106506075
1764505230.1326115,-5.340999999999999,1.93802,-0.19838,-0.653623815,0.731260335,0.106506075
1764505230.1326115,-5.340999999999999,1.93802,-0.19838,-0.653623815,0.731260335,0.106506075
1764505230.1336424,-5.340999999999999,1.93802,-0.19838,-0.653623815,0.731260335,0.106506075
1764505230.1336424,-5.340999999999999,1.93802,-0.19838,-0.653623815,0.731260335,0.106506075
1764505230.1336424,-5.340999999999999,1.93802,-0.19838,-0.653623815,0.731260335,0.106506075
1764505230.1336424,-6.05822,1.6786,0.5341,-0.65405106,0.7298565300000001,0.104797095
1764505230.1336424,-6.05822,1.6786,0.5341,-0.65405106,0.7298565300000001,0.104797095
1764505230.1336424,-6.05822,1.6786,0.5341,-0.65405106,0.7298565300000001,0.104797095
1764505230.1336424,-6.05822,1.6786,0.5341,-0.65405106,0.7298565300000001,0.104797095
1764505230.1336424,-6.05822,1.6786,0.5341,-0.65405106,0.7298565300000001,0.104797095
1764505230.1336424,-6.05822,1.6786,0.5341,-0.65405106,0.7298565300000001,0.104797095
1764505230.1336424,-6.05822,1.6786,0.5341,-0.65405106,0.7298565300000001,0.104797095
1764505230.1336424,-6.05822,1.6786,0.5341,-0.65405106,0.7298565300000001,0.104797095
1764505230.1336424,-6.05822,1.6786,0.5341,-0.65405106,0.7298565300000001,0.104797095
1764505230.1336424,-6.05822,1.6786,0.5341,-0.65405106,0.7298565300000001,0.104797095
1764505230.1336424,-5.478339999999999,0.9919,-0.12208,-0.6543562350000001,0.72900204,0.10485813
1764505230.1336424,-5.478339999999999,0.9919,-0.12208,-0.6543562350000001,0.72900204,0.10485813
1764505230.1336424,-5.478339999999999,0.9919,-0.12208,-0.6543562350000001,0.72900204,0.10485813
1764505230.1336424,-5.478339999999999,0.9919,-0.12208,-0.6543562350000001,0.72900204,0.10485813
1764505230.1336424,-5.478339999999999,0.9919,-0.12208,-0.6543562350000001,0.72900204,0.10485813
1764505230.1336424,-5.478339999999999,0.9919,-0.12208,-0.6543562350000001,0.72900204,0.10485813
1764505230.1336424,-5.478339999999999,0.9919,-0.12208,-0.6543562350000001,0.72900204,0.10485813
1764505230.1336424,-5.478339999999999,0.9919,-0.12208,-0.6543562350000001,0.72900204,0.10485813
1764505230.178541,-5.478339999999999,0.9919,-0.12208,-0.6543562350000001,0.72900204,0.10485813
1764505230.178541,-5.478339999999999,0.9919,-0.12208,-0.6543562350000001,0.72900204,0.10485813
1764505230.178541,-4.39488,1.25132,0.8698199999999999,-0.6549055500000001,0.72717099,0.106261935
1764505230.178541,-4.39488,1.25132,0.8698199999999999,-0.6549055500000001,0.72717099,0.106261935
1764505230.178541,-4.39488,1.25132,0.8698199999999999,-0.6549055500000001,0.72717099,0.106261935
1764505230.178541,-4.39488,1.25132,0.8698199999999999,-0.6549055500000001,0.72717099,0.106261935
1764505230.18109,-4.39488,1.25132,0.8698199999999999,-0.6549055500000001,0.72717099,0.106261935
1764505230.18109,-4.39488,1.25132,0.8698199999999999,-0.6549055500000001,0.72717099,0.106261935
1764505230.182092,-4.39488,1.25132,0.8698199999999999,-0.6549055500000001,0.72717099,0.106261935
1764505230.182092,-4.39488,1.25132,0.8698199999999999,-0.6549055500000001,0.72717099,0.106261935
1764505230.182092,-4.39488,1.25132,0.8698199999999999,-0.6549055500000001,0.72717099,0.106261935
1764505230.182092,-4.39488,1.25132,0.8698199999999999,-0.6549055500000001,0.72717099,0.106261935
1764505230.182092,-2.6705,0.50358,0.19838,-0.657041775,0.725889255,0.107848845
1764505230.182092,-2.6705,0.50358,0.19838,-0.657041775,0.725889255,0.107848845
1764505230.182092,-2.6705,0.50358,0.19838,-0.657041775,0.725889255,0.107848845
1764505230.182092,-2.6705,0.50358,0.19838,-0.657041775,0.725889255,0.107848845
1764505230.182092,-2.6705,0.50358,0.19838,-0.657041775,0.725889255,0.107848845
1764505230.182092,-2.6705,0.50358,0.19838,-0.657041775,0.725889255,0.107848845
1764505230.182092,-2.6705,0.50358,0.19838,-0.657041775,0.725889255,0.107848845
1764505230.182092,-2.6705,0.50358,0.19838,-0.657041775,0.725889255,0.107848845
1764505230.182092,-2.6705,0.50358,0.19838,-0.657041775,0.725889255,0.107848845
1764505230.182092,-2.6705,0.50358,0.19838,-0.657041775,0.725889255,0.107848845
1764505230.2274785,-2.88414,0.5341,-0.3509799999999999,-0.65771316,0.727354095,0.10778781
1764505230.2274785,-2.88414,0.5341,-0.3509799999999999,-0.65771316,0.727354095,0.10778781
1764505230.2274785,-2.88414,0.5341,-0.3509799999999999,-0.65771316,0.727354095,0.10778781
1764505230.2274785,-2.88414,0.5341,-0.3509799999999999,-0.65771316,0.727354095,0.10778781
1764505230.2274785,-2.88414,0.5341,-0.3509799999999999,-0.65771316,0.727354095,0.10778781
1764505230.2274785,-2.88414,0.5341,-0.3509799999999999,-0.65771316,0.727354095,0.10778781
1764505230.2274785,-2.88414,0.5341,-0.3509799999999999,-0.65771316,0.727354095,0.10778781
1764505230.2274785,-2.88414,0.5341,-0.3509799999999999,-0.65771316,0.727354095,0.10778781
1764505230.2274785,-2.88414,0.5341,-0.3509799999999999,-0.65771316,0.727354095,0.10778781
1764505230.2274785,-2.88414,0.5341,-0.3509799999999999,-0.65771316,0.727354095,0.10778781
1764505230.2274785,-3.02148,0.6409199999999999,-0.3815,-0.658140405,0.728696865,0.107848845
1764505230.2274785,-3.02148,0.6409199999999999,-0.3815,-0.658140405,0.728696865,0.107848845
1764505230.2274785,-3.02148,0.6409199999999999,-0.3815,-0.658140405,0.728696865,0.107848845
1764505230.2284942,-3.02148,0.6409199999999999,-0.3815,-0.658140405,0.728696865,0.107848845
1764505230.2284942,-3.02148,0.6409199999999999,-0.3815,-0.658140405,0.728696865,0.107848845
1764505230.2284942,-3.02148,0.6409199999999999,-0.3815,-0.658140405,0.728696865,0.107848845
1764505230.2284942,-3.02148,0.6409199999999999,-0.3815,-0.658140405,0.728696865,0.107848845
1764505230.2284942,-3.02148,0.6409199999999999,-0.3815,-0.658140405,0.728696865,0.107848845
1764505230.2284942,-3.02148,0.6409199999999999,-0.3815,-0.658140405,0.728696865,0.107848845
1764505230.2284942,-3.02148,0.6409199999999999,-0.3815,-0.658140405,0.728696865,0.107848845
1764505230.2284942,-3.09778,1.43444,-0.4578,-0.65685867,0.730283775,0.107238495
1764505230.2284942,-3.09778,1.43444,-0.4578,-0.65685867,0.730283775,0.107238495
1764505230.2284942,-3.09778,1.43444,-0.4578,-0.65685867,0.730283775,0.107238495
1764505230.2284942,-3.09778,1.43444,-0.4578,-0.65685867,0.730283775,0.107238495
1764505230.275964,-3.09778,1.43444,-0.4578,-0.65685867,0.730283775,0.107238495
1764505230.275964,-3.09778,1.43444,-0.4578,-0.65685867,0.730283775,0.107238495
1764505230.275964,-3.09778,1.43444,-0.4578,-0.65685867,0.730283775,0.107238495
1764505230.275964,-3.09778,1.43444,-0.4578,-0.65685867,0.730283775,0.107238495
1764505230.275964,-3.09778,1.43444,-0.4578,-0.65685867,0.730283775,0.107238495
1764505230.275964,-3.09778,1.43444,-0.4578,-0.65685867,0.730283775,0.107238495
1764505230.275964,-4.51696,1.08346,-0.13734,-0.655454865,0.73217586,0.10705539
1764505230.2769692,-4.51696,1.08346,-0.13734,-0.655454865,0.73217586,0.10705539
1764505230.2769692,-4.51696,1.08346,-0.13734,-0.655454865,0.73217586,0.10705539
1764505230.2769692,-4.51696,1.08346,-0.13734,-0.655454865,0.73217586,0.10705539
1764505230.2769692,-4.51696,1.08346,-0.13734,-0.655454865,0.73217586,0.10705539
1764505230.2769692,-4.51696,1.08346,-0.13734,-0.655454865,0.73217586,0.10705539
1764505230.2769692,-4.51696,1.08346,-0.13734,-0.655454865,0.73217586,0.10705539
1764505230.2769692,-4.51696,1.08346,-0.13734,-0.655454865,0.73217586,0.10705539
1764505230.2769692,-4.51696,1.08346,-0.13734,-0.655454865,0.73217586,0.10705539
1764505230.2769692,-4.51696,1.08346,-0.13734,-0.655454865,0.73217586,0.10705539
1764505230.2769692,-5.98192,1.55652,0.42728,-0.654966585,0.7324810350000001,0.10546848
1764505230.2769692,-5.98192,1.55652,0.42728,-0.654966585,0.7324810350000001,0.10546848
1764505230.2769692,-5.98192,1.55652,0.42728,-0.654966585,0.7324810350000001,0.10546848
1764505230.2769692,-5.98192,1.55652,0.42728,-0.654966585,0.7324810350000001,0.10546848
1764505230.2769692,-5.98192,1.55652,0.42728,-0.654966585,0.7324810350000001,0.10546848
1764505230.2769692,-5.98192,1.55652,0.42728,-0.654966585,0.7324810350000001,0.10546848
1764505230.2769692,-5.98192,1.55652,0.42728,-0.654966585,0.7324810350000001,0.10546848
1764505230.2769692,-5.98192,1.55652,0.42728,-0.654966585,0.7324810350000001,0.10546848
1764505230.3222148,-5.98192,1.55652,0.42728,-0.654966585,0.7324810350000001,0.10546848
1764505230.3222148,-5.98192,1.55652,0.42728,-0.654966585,0.7324810350000001,0.10546848
1764505230.3222148,-5.66146,2.41108,0.28994,-0.65368485,0.73083309,0.10473606
1764505230.3222148,-5.66146,2.41108,0.28994,-0.65368485,0.73083309,0.10473606
1764505230.3222148,-5.66146,2.41108,0.28994,-0.65368485,0.73083309,0.10473606
1764505230.3222148,-5.66146,2.41108,0.28994,-0.65368485,0.73083309,0.10473606
1764505230.3222148,-5.66146,2.41108,0.28994,-0.65368485,0.73083309,0.10473606
1764505230.3222148,-5.66146,2.41108,0.28994,-0.65368485,0.73083309,0.10473606
1764505230.3222148,-5.66146,2.41108,0.28994,-0.65368485,0.73083309,0.10473606
1764505230.3222148,-5.66146,2.41108,0.28994,-0.65368485,0.73083309,0.10473606
1764505230.3222148,-5.66146,2.41108,0.28994,-0.65368485,0.73083309,0.10473606
1764505230.3222148,-5.66146,2.41108,0.28994,-0.65368485,0.73083309,0.10473606
1764505230.3222148,-5.7988,2.86888,0.8698199999999999,-0.6538679550000001,0.729673425,0.10461399
1764505230.3222148,-5.7988,2.86888,0.8698199999999999,-0.6538679550000001,0.729673425,0.10461399
1764505230.3222148,-5.7988,2.86888,0.8698199999999999,-0.6538679550000001,0.729673425,0.10461399
1764505230.3222148,-5.7988,2.86888,0.8698199999999999,-0.6538679550000001,0.729673425,0.10461399
1764505230.3222148,-5.7988,2.86888,0.8698199999999999,-0.6538679550000001,0.729673425,0.10461399
1764505230.3222148,-5.7988,2.86888,0.8698199999999999,-0.6538679550000001,0.729673425,0.10461399
1764505230.3222148,-5.7988,2.86888,0.8698199999999999,-0.6538679550000001,0.729673425,0.10461399
1764505230.3222148,-5.7988,2.86888,0.8698199999999999,-0.6538679550000001,0.729673425,0.10461399
1764505230.3222148,-5.7988,2.86888,0.8698199999999999,-0.6538679550000001,0.729673425,0.10461399
1764505230.3222148,-5.7988,2.86888,0.8698199999999999,-0.6538679550000001,0.729673425,0.10461399
1764505230.3666923,-5.60042,3.21986,1.09872,-0.654844515,0.729795495,0.105041235
1764505230.3666923,-5.60042,3.21986,1.09872,-0.654844515,0.729795495,0.105041235
1764505230.3666923,-5.60042,3.21986,1.09872,-0.654844515,0.729795495,0.105041235
1764505230.3666923,-5.60042,3.21986,1.09872,-0.654844515,0.729795495,0.105041235
1764505230.3666923,-5.60042,3.21986,1.09872,-0.654844515,0.729795495,0.105041235
1764505230.3666923,-5.60042,3.21986,1.09872,-0.654844515,0.729795495,0.105041235
1764505230.3666923,-5.60042,3.21986,1.09872,-0.654844515,0.729795495,0.105041235
1764505230.3666923,-5.60042,3.21986,1.09872,-0.654844515,0.729795495,0.105041235
1764505230.3666923,-5.60042,3.21986,1.09872,-0.654844515,0.729795495,0.105041235
1764505230.3666923,-5.60042,3.21986,1.09872,-0.654844515,0.729795495,0.105041235
1764505230.3666923,-4.89846,2.38056,1.17502,-0.65563797,0.72924618,0.10546848
1764505230.3666923,-4.89846,2.38056,1.17502,-0.65563797,0.72924618,0.10546848
1764505230.3666923,-4.89846,2.38056,1.17502,-0.65563797,0.72924618,0.10546848
1764505230.3666923,-4.89846,2.38056,1.17502,-0.65563797,0.72924618,0.10546848
1764505230.3666923,-4.89846,2.38056,1.17502,-0.65563797,0.72924618,0.10546848
1764505230.3666923,-4.89846,2.38056,1.17502,-0.65563797,0.72924618,0.10546848
1764505230.3666923,-4.89846,2.38056,1.17502,-0.65563797,0.72924618,0.10546848
1764505230.3666923,-4.89846,2.38056,1.17502,-0.65563797,0.72924618,0.10546848
1764505230.3666923,-4.89846,2.38056,1.17502,-0.65563797,0.72924618,0.10546848
1764505230.3666923,-4.89846,2.38056,1.17502,-0.65563797,0.72924618,0.10546848
1764505230.3666923,-4.36436,2.47212,0.47306,-0.6569807400000001,0.726865815,0.106506075
1764505230.3666923,-4.36436,2.47212,0.47306,-0.6569807400000001,0.726865815,0.106506075
1764505230.3666923,-4.36436,2.47212,0.47306,-0.6569807400000001,0.726865815,0.106506075
1764505230.3677087,-4.36436,2.47212,0.47306,-0.6569807400000001,0.726865815,0.106506075
1764505230.4145515,-4.36436,2.47212,0.47306,-0.6569807400000001,0.726865815,0.106506075
1764505230.4145515,-4.36436,2.47212,0.47306,-0.6569807400000001,0.726865815,0.106506075
1764505230.4145515,-4.36436,2.47212,0.47306,-0.6569807400000001,0.726865815,0.106506075
1764505230.4145515,-4.36436,2.47212,0.47306,-0.6569807400000001,0.726865815,0.106506075
1764505230.4145515,-4.36436,2.47212,0.47306,-0.6569807400000001,0.726865815,0.106506075
1764505230.4145515,-4.36436,2.47212,0.47306,-0.6569807400000001,0.726865815,0.106506075
1764505230.415097,-3.7387,2.31952,-0.03052,-0.6580183350000001,0.7256451150000001,0.106994355
1764505230.415097,-3.7387,2.31952,-0.03052,-0.6580183350000001,0.7256451150000001,0.106994355
1764505230.415097,-3.7387,2.31952,-0.03052,-0.6580183350000001,0.7256451150000001,0.106994355
1764505230.415097,-3.7387,2.31952,-0.03052,-0.6580183350000001,0.7256451150000001,0.106994355
1764505230.415097,-3.7387,2.31952,-0.03052,-0.6580183350000001,0.7256451150000001,0.106994355
1764505230.415097,-3.7387,2.31952,-0.03052,-0.6580183350000001,0.7256451150000001,0.106994355
1764505230.415097,-3.7387,2.31952,-0.03052,-0.6580183350000001,0.7256451150000001,0.106994355
1764505230.415097,-3.7387,2.31952,-0.03052,-0.6580183350000001,0.7256451150000001,0.106994355
1764505230.415097,-3.7387,2.31952,-0.03052,-0.6580183350000001,0.7256451150000001,0.106994355
1764505230.415097,-3.7387,2.31952,-0.03052,-0.6580183350000001,0.7256451150000001,0.106994355
1764505230.415097,-2.24322,1.61756,-0.18312,-0.659483175,0.7250958,0.107970915
1764505230.415097,-2.24322,1.61756,-0.18312,-0.659483175,0.7250958,0.107970915
1764505230.415097,-2.24322,1.61756,-0.18312,-0.659483175,0.7250958,0.107970915
1764505230.415097,-2.24322,1.61756,-0.18312,-0.659483175,0.7250958,0.107970915
1764505230.415097,-2.24322,1.61756,-0.18312,-0.659483175,0.7250958,0.107970915
1764505230.415097,-2.24322,1.61756,-0.18312,-0.659483175,0.7250958,0.107970915
1764505230.415097,-2.24322,1.61756,-0.18312,-0.659483175,0.7250958,0.107970915
1764505230.415097,-2.24322,1.61756,-0.18312,-0.659483175,0.7250958,0.107970915
1764505230.4651215,-2.24322,1.61756,-0.18312,-0.659483175,0.7250958,0.107970915
1764505230.4651215,-2.24322,1.61756,-0.18312,-0.659483175,0.7250958,0.107970915
1764505230.4651215,-1.72438,0.8392999999999999,0.88508,-0.65966628,0.72839169,0.10839816
1764505230.4651215,-1.72438,0.8392999999999999,0.88508,-0.65966628,0.72839169,0.10839816
1764505230.4651215,-1.72438,0.8392999999999999,0.88508,-0.65966628,0.72839169,0.10839816
1764505230.4651215,-1.72438,0.8392999999999999,0.88508,-0.65966628,0.72839169,0.10839816
1764505230.4651215,-1.72438,0.8392999999999999,0.88508,-0.65966628,0.72839169,0.10839816
1764505230.4651215,-1.72438,0.8392999999999999,0.88508,-0.65966628,0.72839169,0.10839816
1764505230.4651215,-1.72438,0.8392999999999999,0.88508,-0.65966628,0.72839169,0.10839816
1764505230.4651215,-1.72438,0.8392999999999999,0.88508,-0.65966628,0.72839169,0.10839816
1764505230.4651215,-1.72438,0.8392999999999999,0.88508,-0.65966628,0.72839169,0.10839816
1764505230.4651215,-1.72438,0.8392999999999999,0.88508,-0.65966628,0.72839169,0.10839816
1764505230.4651215,-2.39582,0.71722,0.42728,-0.658750755,0.73107723,0.10839816
1764505230.4651215,-2.39582,0.71722,0.42728,-0.658750755,0.73107723,0.10839816
1764505230.4651215,-2.39582,0.71722,0.42728,-0.658750755,0.73107723,0.10839816
1764505230.4651215,-2.39582,0.71722,0.42728,-0.658750755,0.73107723,0.10839816
1764505230.4651215,-2.39582,0.71722,0.42728,-0.658750755,0.73107723,0.10839816
1764505230.4651215,-2.39582,0.71722,0.42728,-0.658750755,0.73107723,0.10839816
1764505230.4651215,-2.39582,0.71722,0.42728,-0.658750755,0.73107723,0.10839816
1764505230.4651215,-2.39582,0.71722,0.42728,-0.658750755,0.73107723,0.10839816
1764505230.4651215,-2.39582,0.71722,0.42728,-0.658750755,0.73107723,0.10839816
1764505230.4651215,-2.39582,0.71722,0.42728,-0.658750755,0.73107723,0.10839816
1764505230.4651215,-5.371519999999999,1.17502,0.44254,-0.655454865,0.732725175,0.106872285
1764505230.4651215,-5.371519999999999,1.17502,0.44254,-0.655454865,0.732725175,0.106872285
1764505230.507343,-5.371519999999999,1.17502,0.44254,-0.655454865,0.732725175,0.106872285
1764505230.507343,-5.371519999999999,1.17502,0.44254,-0.655454865,0.732725175,0.106872285
1764505230.507343,-5.371519999999999,1.17502,0.44254,-0.655454865,0.732725175,0.106872285
1764505230.507343,-5.371519999999999,1.17502,0.44254,-0.655454865,0.732725175,0.106872285
1764505230.507343,-5.371519999999999,1.17502,0.44254,-0.655454865,0.732725175,0.106872285
1764505230.507343,-5.371519999999999,1.17502,0.44254,-0.655454865,0.732725175,0.106872285
1764505230.507343,-5.371519999999999,1.17502,0.44254,-0.655454865,0.732725175,0.106872285
1764505230.507343,-5.371519999999999,1.17502,0.44254,-0.655454865,0.732725175,0.106872285
1764505230.5083654,-5.70724,2.63998,1.08346,-0.65453934,0.731870685,0.10473606
1764505230.5083654,-5.70724,2.63998,1.08346,-0.65453934,0.731870685,0.10473606
1764505230.5083654,-5.70724,2.63998,1.08346,-0.65453934,0.731870685,0.10473606
1764505230.5083654,-5.70724,2.63998,1.08346,-0.65453934,0.731870685,0.10473606
1764505230.5083654,-5.70724,2.63998,1.08346,-0.65453934,0.731870685,0.10473606
1764505230.5083654,-5.70724,2.63998,1.08346,-0.65453934,0.731870685,0.10473606
1764505230.5083654,-5.70724,2.63998,1.08346,-0.65453934,0.731870685,0.10473606
1764505230.5083654,-5.70724,2.63998,1.08346,-0.65453934,0.731870685,0.10473606
1764505230.5083654,-5.70724,2.63998,1.08346,-0.65453934,0.731870685,0.10473606
1764505230.5083654,-5.70724,2.63998,1.08346,-0.65453934,0.731870685,0.10473606
1764505230.5083654,-3.84552,1.96854,1.2971,-0.65661453,0.730283775,0.103942605
1764505230.5083654,-3.84552,1.96854,1.2971,-0.65661453,0.730283775,0.103942605
1764505230.5083654,-3.84552,1.96854,1.2971,-0.65661453,0.730283775,0.103942605
1764505230.5083654,-3.84552,1.96854,1.2971,-0.65661453,0.730283775,0.103942605
1764505230.5581286,-3.84552,1.96854,1.2971,-0.65661453,0.730283775,0.103942605
1764505230.5581286,-3.84552,1.96854,1.2971,-0.65661453,0.730283775,0.103942605
1764505230.5581286,-3.84552,1.96854,1.2971,-0.65661453,0.730283775,0.103942605
1764505230.5581286,-3.84552,1.96854,1.2971,-0.65661453,0.730283775,0.103942605
1764505230.5581286,-3.84552,1.96854,1.2971,-0.65661453,0.730283775,0.103942605
1764505230.5581286,-3.84552,1.96854,1.2971,-0.65661453,0.730283775,0.103942605
1764505230.5581286,-1.11398,0.93086,0.12208,-0.6579573,0.72863583,0.10522434
1764505230.5581286,-1.11398,0.93086,0.12208,-0.6579573,0.72863583,0.10522434
1764505230.5581286,-1.11398,0.93086,0.12208,-0.6579573,0.72863583,0.10522434
1764505230.5581286,-1.11398,0.93086,0.12208,-0.6579573,0.72863583,0.10522434
1764505230.5581286,-1.11398,0.93086,0.12208,-0.6579573,0.72863583,0.10522434
1764505230.5581286,-1.11398,0.93086,0.12208,-0.6579573,0.72863583,0.10522434
1764505230.5581286,-1.11398,0.93086,0.12208,-0.6579573,0.72863583,0.10522434
1764505230.5581286,-1.11398,0.93086,0.12208,-0.6579573,0.72863583,0.10522434
1764505230.5581286,-1.11398,0.93086,0.12208,-0.6579573,0.72863583,0.10522434
1764505230.5581286,-1.11398,0.93086,0.12208,-0.6579573,0.72863583,0.10522434
1764505230.5581286,-1.77016,0.44254,-0.57988,-0.65807937,0.72961239,0.10546848
1764505230.5581286,-1.77016,0.44254,-0.57988,-0.65807937,0.72961239,0.10546848
1764505230.5581286,-1.77016,0.44254,-0.57988,-0.65807937,0.72961239,0.10546848
1764505230.5581286,-1.77016,0.44254,-0.57988,-0.65807937,0.72961239,0.10546848
1764505230.5581286,-1.77016,0.44254,-0.57988,-0.65807937,0.72961239,0.10546848
1764505230.5581286,-1.77016,0.44254,-0.57988,-0.65807937,0.72961239,0.10546848
1764505230.5581286,-1.77016,0.44254,-0.57988,-0.65807937,0.72961239,0.10546848
1764505230.5581286,-1.77016,0.44254,-0.57988,-0.65807937,0.72961239,0.10546848
1764505230.605924,-1.77016,0.44254,-0.57988,-0.65807937,0.72961239,0.10546848
1764505230.613634,-1.77016,0.44254,-0.57988,-0.65807937,0.72961239,0.10546848
1764505230.613634,-2.83836,1.17502,-1.17502,-0.657407985,0.73071102,0.106261935
1764505230.613634,-2.83836,1.17502,-1.17502,-0.657407985,0.73071102,0.106261935
1764505230.613634,-2.83836,1.17502,-1.17502,-0.657407985,0.73071102,0.106261935
1764505230.613634,-2.83836,1.17502,-1.17502,-0.657407985,0.73071102,0.106261935
1764505230.613634,-2.83836,1.17502,-1.17502,-0.657407985,0.73071102,0.106261935
1764505230.613634,-2.83836,1.17502,-1.17502,-0.657407985,0.73071102,0.106261935
1764505230.613634,-2.83836,1.17502,-1.17502,-0.657407985,0.73071102,0.106261935
1764505230.613634,-2.83836,1.17502,-1.17502,-0.657407985,0.73071102,0.106261935
1764505230.613634,-2.83836,1.17502,-1.17502,-0.657407985,0.73071102,0.106261935
1764505230.613634,-2.83836,1.17502,-1.17502,-0.657407985,0.73071102,0.106261935
1764505230.613634,-3.15882,-0.06104,0.48832,-0.65563797,0.733091385,0.106139865
1764505230.6146326,-3.15882,-0.06104,0.48832,-0.65563797,0.733091385,0.106139865
1764505230.6146326,-3.15882,-0.06104,0.48832,-0.65563797,0.733091385,0.106139865
1764505230.6146326,-3.15882,-0.06104,0.48832,-0.65563797,0.733091385,0.106139865
1764505230.6146326,-3.15882,-0.06104,0.48832,-0.65563797,0.733091385,0.106139865
1764505230.6146326,-3.15882,-0.06104,0.48832,-0.65563797,0.733091385,0.106139865
1764505230.6146326,-3.15882,-0.06104,0.48832,-0.65563797,0.733091385,0.106139865
1764505230.6146326,-3.15882,-0.06104,0.48832,-0.65563797,0.733091385,0.106139865
1764505230.6146326,-3.15882,-0.06104,0.48832,-0.65563797,0.733091385,0.106139865
1764505230.6146326,-3.15882,-0.06104,0.48832,-0.65563797,0.733091385,0.106139865
1764505230.6146326,-3.14356,-0.3509799999999999,2.0601,-0.65392899,0.73339656,0.106261935
1764505230.6146326,-3.14356,-0.3509799999999999,2.0601,-0.65392899,0.73339656,0.106261935
1764505230.6480196,-3.14356,-0.3509799999999999,2.0601,-0.65392899,0.73339656,0.106261935
1764505230.6480196,-3.14356,-0.3509799999999999,2.0601,-0.65392899,0.73339656,0.106261935
1764505230.6480196,-3.14356,-0.3509799999999999,2.0601,-0.65392899,0.73339656,0.106261935
1764505230.6480196,-3.14356,-0.3509799999999999,2.0601,-0.65392899,0.73339656,0.106261935
1764505230.6480196,-3.14356,-0.3509799999999999,2.0601,-0.65392899,0.73339656,0.106261935
1764505230.6480196,-3.14356,-0.3509799999999999,2.0601,-0.65392899,0.73339656,0.106261935
1764505230.6480196,-3.14356,-0.3509799999999999,2.0601,-0.65392899,0.73339656,0.106261935
1764505230.6480196,-3.14356,-0.3509799999999999,2.0601,-0.65392899,0.73339656,0.106261935
1764505230.6490388,-4.56274,0.6714399999999999,1.23606,-0.65295243,0.7324810350000001,0.105041235
1764505230.6490388,-4.56274,0.6714399999999999,1.23606,-0.65295243,0.7324810350000001,0.105041235
1764505230.650036,-4.56274,0.6714399999999999,1.23606,-0.65295243,0.7324810350000001,0.105041235
1764505230.650036,-4.56274,0.6714399999999999,1.23606,-0.65295243,0.7324810350000001,0.105041235
1764505230.650036,-4.56274,0.6714399999999999,1.23606,-0.65295243,0.7324810350000001,0.105041235
1764505230.650036,-4.56274,0.6714399999999999,1.23606,-0.65295243,0.7324810350000001,0.105041235
1764505230.6505513,-4.56274,0.6714399999999999,1.23606,-0.65295243,0.7324810350000001,0.105041235
1764505230.6505513,-4.56274,0.6714399999999999,1.23606,-0.65295243,0.7324810350000001,0.105041235
1764505230.6505513,-4.56274,0.6714399999999999,1.23606,-0.65295243,0.7324810350000001,0.105041235
1764505230.6505513,-4.56274,0.6714399999999999,1.23606,-0.65295243,0.7324810350000001,0.105041235
1764505230.6505513,-6.05822,2.41108,0.0,-0.65319657,0.73071102,0.10290501
1764505230.6505513,-6.05822,2.41108,0.0,-0.65319657,0.73071102,0.10290501
1764505230.6505513,-6.05822,2.41108,0.0,-0.65319657,0.73071102,0.10290501
1764505230.6505513,-6.05822,2.41108,0.0,-0.65319657,0.73071102,0.10290501
1764505230.6973493,-6.05822,2.41108,0.0,-0.65319657,0.73071102,0.10290501
1764505230.6973493,-6.05822,2.41108,0.0,-0.65319657,0.73071102,0.10290501
1764505230.6973493,-6.05822,2.41108,0.0,-0.65319657,0.73071102,0.10290501
1764505230.6973493,-6.05822,2.41108,0.0,-0.65319657,0.73071102,0.10290501
1764505230.6973493,-6.05822,2.41108,0.0,-0.65319657,0.73071102,0.10290501
1764505230.6973493,-6.05822,2.41108,0.0,-0.65319657,0.73071102,0.10290501
1764505230.6973493,-5.82932,2.5179,-0.7019599999999999,-0.6549055500000001,0.72814755,0.10119603
1764505230.6973493,-5.82932,2.5179,-0.7019599999999999,-0.6549055500000001,0.72814755,0.10119603
1764505230.6973493,-5.82932,2.5179,-0.7019599999999999,-0.6549055500000001,0.72814755,0.10119603
1764505230.6983676,-5.82932,2.5179,-0.7019599999999999,-0.6549055500000001,0.72814755,0.10119603
1764505230.6983676,-5.82932,2.5179,-0.7019599999999999,-0.6549055500000001,0.72814755,0.10119603
1764505230.6983676,-5.82932,2.5179,-0.7019599999999999,-0.6549055500000001,0.72814755,0.10119603
1764505230.6983676,-5.82932,2.5179,-0.7019599999999999,-0.6549055500000001,0.72814755,0.10119603
1764505230.6983676,-5.82932,2.5179,-0.7019599999999999,-0.6549055500000001,0.72814755,0.10119603
1764505230.6983676,-5.82932,2.5179,-0.7019599999999999,-0.6549055500000001,0.72814755,0.10119603
1764505230.6983676,-5.82932,2.5179,-0.7019599999999999,-0.6549055500000001,0.72814755,0.10119603
1764505230.6983676,-3.95234,1.08346,-0.39676,-0.65612625,0.72656064,0.100768785
1764505230.6983676,-3.95234,1.08346,-0.39676,-0.65612625,0.72656064,0.100768785
1764505230.6983676,-3.95234,1.08346,-0.39676,-0.65612625,0.72656064,0.100768785
1764505230.6983676,-3.95234,1.08346,-0.39676,-0.65612625,0.72656064,0.100768785
1764505230.6983676,-3.95234,1.08346,-0.39676,-0.65612625,0.72656064,0.100768785
1764505230.6983676,-3.95234,1.08346,-0.39676,-0.65612625,0.72656064,0.100768785
1764505230.6983676,-3.95234,1.08346,-0.39676,-0.65612625,0.72656064,0.100768785
1764505230.6983676,-3.95234,1.08346,-0.39676,-0.65612625,0.72656064,0.100768785
1764505230.7412002,-3.95234,1.08346,-0.39676,-0.65612625,0.72656064,0.100768785
1764505230.7412002,-3.95234,1.08346,-0.39676,-0.65612625,0.72656064,0.100768785
1764505230.7412002,-1.48022,1.11398,0.36624,-0.65637039,0.72570615,0.10168431
1764505230.7412002,-1.48022,1.11398,0.36624,-0.65637039,0.72570615,0.10168431
1764505230.7412002,-1.48022,1.11398,0.36624,-0.65637039,0.72570615,0.10168431
1764505230.7412002,-1.48022,1.11398,0.36624,-0.65637039,0.72570615,0.10168431
1764505230.7422078,-1.48022,1.11398,0.36624,-0.65637039,0.72570615,0.10168431
1764505230.7422078,-1.48022,1.11398,0.36624,-0.65637039,0.72570615,0.10168431
1764505230.7422078,-1.48022,1.11398,0.36624,-0.65637039,0.72570615,0.10168431
1764505230.7422078,-1.48022,1.11398,0.36624,-0.65637039,0.72570615,0.10168431
1764505230.7422078,-1.48022,1.11398,0.36624,-0.65637039,0.72570615,0.10168431
1764505230.7422078,-1.48022,1.11398,0.36624,-0.65637039,0.72570615,0.10168431
1764505230.7422078,-0.25942,0.1678599999999999,0.54936,-0.655821075,0.72643857,0.104064675
1764505230.7422078,-0.25942,0.1678599999999999,0.54936,-0.655821075,0.72643857,0.104064675
1764505230.7422078,-0.25942,0.1678599999999999,0.54936,-0.655821075,0.72643857,0.104064675
1764505230.7422078,-0.25942,0.1678599999999999,0.54936,-0.655821075,0.72643857,0.104064675
1764505230.7427366,-0.25942,0.1678599999999999,0.54936,-0.655821075,0.72643857,0.104064675
1764505230.7427366,-0.25942,0.1678599999999999,0.54936,-0.655821075,0.72643857,0.104064675
1764505230.7427366,-0.25942,0.1678599999999999,0.54936,-0.655821075,0.72643857,0.104064675
1764505230.7427366,-0.25942,0.1678599999999999,0.54936,-0.655821075,0.72643857,0.104064675
1764505230.7427366,-0.25942,0.1678599999999999,0.54936,-0.655821075,0.72643857,0.104064675
1764505230.7427366,-0.25942,0.1678599999999999,0.54936,-0.655821075,0.72643857,0.104064675
1764505230.7427366,-0.51884,0.21364,1.15976,-0.65527176,0.72863583,0.105285375
1764505230.7427366,-0.51884,0.21364,1.15976,-0.65527176,0.72863583,0.105285375
1764505230.7912934,-0.51884,0.21364,1.15976,-0.65527176,0.72863583,0.105285375
1764505230.7928436,-0.51884,0.21364,1.15976,-0.65527176,0.72863583,0.105285375
1764505230.793164,-0.51884,0.21364,1.15976,-0.65527176,0.72863583,0.105285375
1764505230.793164,-0.51884,0.21364,1.15976,-0.65527176,0.72863583,0.105285375
1764505230.793164,-0.51884,0.21364,1.15976,-0.65527176,0.72863583,0.105285375
1764505230.793164,-0.51884,0.21364,1.15976,-0.65527176,0.72863583,0.105285375
1764505230.793164,-0.51884,0.21364,1.15976,-0.65527176,0.72863583,0.105285375
1764505230.793164,-0.51884,0.21364,1.15976,-0.65527176,0.72863583,0.105285375
1764505230.793856,-1.6022999999999998,-0.01526,0.50358,-0.65466141,0.7311993,0.10485813
1764505230.793856,-1.6022999999999998,-0.01526,0.50358,-0.65466141,0.7311993,0.10485813
1764505230.793856,-1.6022999999999998,-0.01526,0.50358,-0.65466141,0.7311993,0.10485813
1764505230.793856,-1.6022999999999998,-0.01526,0.50358,-0.65466141,0.7311993,0.10485813
1764505230.793856,-1.6022999999999998,-0.01526,0.50358,-0.65466141,0.7311993,0.10485813
1764505230.793856,-1.6022999999999998,-0.01526,0.50358,-0.65466141,0.7311993,0.10485813
1764505230.793856,-1.6022999999999998,-0.01526,0.50358,-0.65466141,0.7311993,0.10485813
1764505230.793856,-1.6022999999999998,-0.01526,0.50358,-0.65466141,0.7311993,0.10485813
1764505230.7948546,-1.6022999999999998,-0.01526,0.50358,-0.65466141,0.7311993,0.10485813
1764505230.7948546,-1.6022999999999998,-0.01526,0.50358,-0.65466141,0.7311993,0.10485813
1764505230.7948546,-2.31952,-0.36624,-0.01526,-0.65441727,0.733701735,0.10583469
1764505230.7948546,-2.31952,-0.36624,-0.01526,-0.65441727,0.733701735,0.10583469
1764505230.7948546,-2.31952,-0.36624,-0.01526,-0.65441727,0.733701735,0.10583469
1764505230.7948546,-2.31952,-0.36624,-0.01526,-0.65441727,0.733701735,0.10583469
1764505230.7948546,-2.31952,-0.36624,-0.01526,-0.65441727,0.733701735,0.10583469
1764505230.7948546,-2.31952,-0.36624,-0.01526,-0.65441727,0.733701735,0.10583469
1764505230.8350005,-2.31952,-0.36624,-0.01526,-0.65441727,0.733701735,0.10583469
1764505230.8350005,-2.31952,-0.36624,-0.01526,-0.65441727,0.733701735,0.10583469
1764505230.8350005,-2.31952,-0.36624,-0.01526,-0.65441727,0.733701735,0.10583469
1764505230.8350005,-2.31952,-0.36624,-0.01526,-0.65441727,0.733701735,0.10583469
1764505230.8350005,-2.60946,-0.56462,0.3815,-0.65478348,0.732847245,0.10717746
1764505230.8350005,-2.60946,-0.56462,0.3815,-0.65478348,0.732847245,0.10717746
1764505230.8350005,-2.60946,-0.56462,0.3815,-0.65478348,0.732847245,0.10717746
1764505230.8350005,-2.60946,-0.56462,0.3815,-0.65478348,0.732847245,0.10717746
1764505230.836234,-2.60946,-0.56462,0.3815,-0.65478348,0.732847245,0.10717746
1764505230.836234,-2.60946,-0.56462,0.3815,-0.65478348,0.732847245,0.10717746
1764505230.836234,-2.60946,-0.56462,0.3815,-0.65478348,0.732847245,0.10717746
1764505230.836234,-2.60946,-0.56462,0.3815,-0.65478348,0.732847245,0.10717746
1764505230.836234,-2.60946,-0.56462,0.3815,-0.65478348,0.732847245,0.10717746
1764505230.836234,-2.60946,-0.56462,0.3815,-0.65478348,0.732847245,0.10717746
1764505230.836234,-3.31142,-0.56462,0.18312,-0.656797635,0.7314434400000001,0.106994355
1764505230.836234,-3.31142,-0.56462,0.18312,-0.656797635,0.7314434400000001,0.106994355
1764505230.836234,-3.31142,-0.56462,0.18312,-0.656797635,0.7314434400000001,0.106994355
1764505230.836234,-3.31142,-0.56462,0.18312,-0.656797635,0.7314434400000001,0.106994355
1764505230.8372338,-3.31142,-0.56462,0.18312,-0.656797635,0.7314434400000001,0.106994355
1764505230.8375187,-3.31142,-0.56462,0.18312,-0.656797635,0.7314434400000001,0.106994355
1764505230.8375187,-3.31142,-0.56462,0.18312,-0.656797635,0.7314434400000001,0.106994355
1764505230.8375187,-3.31142,-0.56462,0.18312,-0.656797635,0.7314434400000001,0.106994355
1764505230.8850956,-3.31142,-0.56462,0.18312,-0.656797635,0.7314434400000001,0.106994355
1764505230.8850956,-3.31142,-0.56462,0.18312,-0.656797635,0.7314434400000001,0.106994355
1764505230.8850956,-5.05106,-0.1678599999999999,-0.27468,-0.658506615,0.730283775,0.104797095
1764505230.8850956,-5.05106,-0.1678599999999999,-0.27468,-0.658506615,0.730283775,0.104797095
1764505230.8850956,-5.05106,-0.1678599999999999,-0.27468,-0.658506615,0.730283775,0.104797095
1764505230.8850956,-5.05106,-0.1678599999999999,-0.27468,-0.658506615,0.730283775,0.104797095
1764505230.8850956,-5.05106,-0.1678599999999999,-0.27468,-0.658506615,0.730283775,0.104797095
1764505230.8850956,-5.05106,-0.1678599999999999,-0.27468,-0.658506615,0.730283775,0.104797095
1764505230.8850956,-5.05106,-0.1678599999999999,-0.27468,-0.658506615,0.730283775,0.104797095
1764505230.8850956,-5.05106,-0.1678599999999999,-0.27468,-0.658506615,0.730283775,0.104797095
1764505230.8850956,-5.05106,-0.1678599999999999,-0.27468,-0.658506615,0.730283775,0.104797095
1764505230.8850956,-5.05106,-0.1678599999999999,-0.27468,-0.658506615,0.730283775,0.104797095
1764505230.8850956,-4.1965,0.06104,-0.94612,-0.65783523,0.72912411,0.102966045
1764505230.8850956,-4.1965,0.06104,-0.94612,-0.65783523,0.72912411,0.102966045
1764505230.8850956,-4.1965,0.06104,-0.94612,-0.65783523,0.72912411,0.102966045
1764505230.8850956,-4.1965,0.06104,-0.94612,-0.65783523,0.72912411,0.102966045
1764505230.8850956,-4.1965,0.06104,-0.94612,-0.65783523,0.72912411,0.102966045
1764505230.8850956,-4.1965,0.06104,-0.94612,-0.65783523,0.72912411,0.102966045
1764505230.8850956,-4.1965,0.06104,-0.94612,-0.65783523,0.72912411,0.102966045
1764505230.8850956,-4.1965,0.06104,-0.94612,-0.65783523,0.72912411,0.102966045
1764505230.8859131,-4.1965,0.06104,-0.94612,-0.65783523,0.72912411,0.102966045
1764505230.8859131,-4.1965,0.06104,-0.94612,-0.65783523,0.72912411,0.102966045
1764505230.8859131,-2.38056,0.21364,-0.73248,-0.65649246,0.726743745,0.10107396
1764505230.8859131,-2.38056,0.21364,-0.73248,-0.65649246,0.726743745,0.10107396
1764505230.9313676,-2.38056,0.21364,-0.73248,-0.65649246,0.726743745,0.10107396
1764505230.9313676,-2.38056,0.21364,-0.73248,-0.65649246,0.726743745,0.10107396
1764505230.9313676,-2.38056,0.21364,-0.73248,-0.65649246,0.726743745,0.10107396
1764505230.9313676,-2.38056,0.21364,-0.73248,-0.65649246,0.726743745,0.10107396
1764505230.9313676,-2.38056,0.21364,-0.73248,-0.65649246,0.726743745,0.10107396
1764505230.9313676,-2.38056,0.21364,-0.73248,-0.65649246,0.726743745,0.10107396
1764505230.9313676,-2.38056,0.21364,-0.73248,-0.65649246,0.726743745,0.10107396
1764505230.9313676,-2.38056,0.21364,-0.73248,-0.65649246,0.726743745,0.10107396
1764505230.9313676,-0.01526,0.71722,0.03052,-0.654844515,0.72656064,0.099792225
1764505230.9313676,-0.01526,0.71722,0.03052,-0.654844515,0.72656064,0.099792225
1764505230.9313676,-0.01526,0.71722,0.03052,-0.654844515,0.72656064,0.099792225
1764505230.9313676,-0.01526,0.71722,0.03052,-0.654844515,0.72656064,0.099792225
1764505230.9313676,-0.01526,0.71722,0.03052,-0.654844515,0.72656064,0.099792225
1764505230.9313676,-0.01526,0.71722,0.03052,-0.654844515,0.72656064,0.099792225
1764505230.9313676,-0.01526,0.71722,0.03052,-0.654844515,0.72656064,0.099792225
1764505230.9313676,-0.01526,0.71722,0.03052,-0.654844515,0.72656064,0.099792225
1764505230.9313676,-0.01526,0.71722,0.03052,-0.654844515,0.72656064,0.099792225
1764505230.9313676,-0.01526,0.71722,0.03052,-0.654844515,0.72656064,0.099792225
1764505230.9313676,1.2971,0.27468,0.88508,-0.65441727,0.726865815,0.09973119
1764505230.93239,1.2971,0.27468,0.88508,-0.65441727,0.726865815,0.09973119
1764505230.9329531,1.2971,0.27468,0.88508,-0.65441727,0.726865815,0.09973119
1764505230.9329531,1.2971,0.27468,0.88508,-0.65441727,0.726865815,0.09973119
1764505230.9786525,1.2971,0.27468,0.88508,-0.65441727,0.726865815,0.09973119
1764505230.9786525,1.2971,0.27468,0.88508,-0.65441727,0.726865815,0.09973119
1764505230.9786525,1.2971,0.27468,0.88508,-0.65441727,0.726865815,0.09973119
1764505230.9786525,1.2971,0.27468,0.88508,-0.65441727,0.726865815,0.09973119
1764505230.9786525,1.2971,0.27468,0.88508,-0.65441727,0.726865815,0.09973119
1764505230.9786525,1.2971,0.27468,0.88508,-0.65441727,0.726865815,0.09973119
1764505230.9786525,0.03052,0.51884,1.2055399999999998,-0.6549055500000001,0.728086515,0.099670155
1764505230.9786525,0.03052,0.51884,1.2055399999999998,-0.6549055500000001,0.728086515,0.099670155
1764505230.9786525,0.03052,0.51884,1.2055399999999998,-0.6549055500000001,0.728086515,0.099670155
1764505230.9786525,0.03052,0.51884,1.2055399999999998,-0.6549055500000001,0.728086515,0.099670155
1764505230.9786525,0.03052,0.51884,1.2055399999999998,-0.6549055500000001,0.728086515,0.099670155
1764505230.9801908,0.03052,0.51884,1.2055399999999998,-0.6549055500000001,0.728086515,0.099670155
1764505230.9801908,0.03052,0.51884,1.2055399999999998,-0.6549055500000001,0.728086515,0.099670155
1764505230.9801908,0.03052,0.51884,1.2055399999999998,-0.6549055500000001,0.728086515,0.099670155
1764505230.9801908,0.03052,0.51884,1.2055399999999998,-0.6549055500000001,0.728086515,0.099670155
1764505230.9801908,0.03052,0.51884,1.2055399999999998,-0.6549055500000001,0.728086515,0.099670155
1764505230.9801908,-1.95328,1.81594,0.97664,-0.6542952,0.73022274,0.10034154
1764505230.9801908,-1.95328,1.81594,0.97664,-0.6542952,0.73022274,0.10034154
1764505230.9801908,-1.95328,1.81594,0.97664,-0.6542952,0.73022274,0.10034154
1764505230.9801908,-1.95328,1.81594,0.97664,-0.6542952,0.73022274,0.10034154
1764505230.9801908,-1.95328,1.81594,0.97664,-0.6542952,0.73022274,0.10034154
1764505230.9801908,-1.95328,1.81594,0.97664,-0.6542952,0.73022274,0.10034154
1764505230.9801908,-1.95328,1.81594,0.97664,-0.6542952,0.73022274,0.10034154
1764505230.9801908,-1.95328,1.81594,0.97664,-0.6542952,0.73022274,0.10034154
1764505231.024838,-1.95328,1.81594,0.97664,-0.6542952,0.73022274,0.10034154
1764505231.0253017,-1.95328,1.81594,0.97664,-0.6542952,0.73022274,0.10034154
1764505231.0253017,-2.94518,2.53316,0.5341,-0.65405106,0.730772055,0.10156224
1764505231.0253017,-2.94518,2.53316,0.5341,-0.65405106,0.730772055,0.10156224
1764505231.0253017,-2.94518,2.53316,0.5341,-0.65405106,0.730772055,0.10156224
1764505231.0263135,-2.94518,2.53316,0.5341,-0.65405106,0.730772055,0.10156224
1764505231.0263135,-2.94518,2.53316,0.5341,-0.65405106,0.730772055,0.10156224
1764505231.0263135,-2.94518,2.53316,0.5341,-0.65405106,0.730772055,0.10156224
1764505231.0263135,-2.94518,2.53316,0.5341,-0.65405106,0.730772055,0.10156224
1764505231.0263135,-2.94518,2.53316,0.5341,-0.65405106,0.730772055,0.10156224
1764505231.0263135,-2.94518,2.53316,0.5341,-0.65405106,0.730772055,0.10156224
1764505231.0263135,-2.94518,2.53316,0.5341,-0.65405106,0.730772055,0.10156224
1764505231.0263135,-2.96044,2.79258,0.09156,-0.6542952,0.7308941250000001,0.10192845
1764505231.0273118,-2.96044,2.79258,0.09156,-0.6542952,0.7308941250000001,0.10192845
1764505231.0273118,-2.96044,2.79258,0.09156,-0.6542952,0.7308941250000001,0.10192845
1764505231.0273118,-2.96044,2.79258,0.09156,-0.6542952,0.7308941250000001,0.10192845
1764505231.0742185,-2.96044,2.79258,0.09156,-0.6542952,0.7308941250000001,0.10192845
1764505231.0742185,-2.96044,2.79258,0.09156,-0.6542952,0.7308941250000001,0.10192845
1764505231.0742185,-2.96044,2.79258,0.09156,-0.6542952,0.7308941250000001,0.10192845
1764505231.0742185,-2.96044,2.79258,0.09156,-0.6542952,0.7308941250000001,0.10192845
1764505231.0742185,-2.96044,2.79258,0.09156,-0.6542952,0.7308941250000001,0.10192845
1764505231.0742185,-2.96044,2.79258,0.09156,-0.6542952,0.7308941250000001,0.10192845
1764505231.0742185,-3.37246,2.4416,-0.0762999999999999,-0.654844515,0.730161705,0.101989485
1764505231.0742185,-3.37246,2.4416,-0.0762999999999999,-0.654844515,0.730161705,0.101989485
1764505231.0742185,-3.37246,2.4416,-0.0762999999999999,-0.654844515,0.730161705,0.101989485
1764505231.0742185,-3.37246,2.4416,-0.0762999999999999,-0.654844515,0.730161705,0.101989485
1764505231.0742185,-3.37246,2.4416,-0.0762999999999999,-0.654844515,0.730161705,0.101989485
1764505231.0742185,-3.37246,2.4416,-0.0762999999999999,-0.654844515,0.730161705,0.101989485
1764505231.0742185,-3.37246,2.4416,-0.0762999999999999,-0.654844515,0.730161705,0.101989485
1764505231.0742185,-3.37246,2.4416,-0.0762999999999999,-0.654844515,0.730161705,0.101989485
1764505231.0742185,-3.37246,2.4416,-0.0762999999999999,-0.654844515,0.730161705,0.101989485
1764505231.0742185,-3.37246,2.4416,-0.0762999999999999,-0.654844515,0.730161705,0.101989485
1764505231.0742185,-2.88414,2.0601,-0.0762999999999999,-0.654966585,0.72863583,0.10192845
1764505231.0742185,-2.88414,2.0601,-0.0762999999999999,-0.654966585,0.72863583,0.10192845
1764505231.0742185,-2.88414,2.0601,-0.0762999999999999,-0.654966585,0.72863583,0.10192845
1764505231.0752294,-2.88414,2.0601,-0.0762999999999999,-0.654966585,0.72863583,0.10192845
1764505231.0752294,-2.88414,2.0601,-0.0762999999999999,-0.654966585,0.72863583,0.10192845
1764505231.0752294,-2.88414,2.0601,-0.0762999999999999,-0.654966585,0.72863583,0.10192845
1764505231.0752294,-2.88414,2.0601,-0.0762999999999999,-0.654966585,0.72863583,0.10192845
1764505231.0752294,-2.88414,2.0601,-0.0762999999999999,-0.654966585,0.72863583,0.10192845
1764505231.0752294,-2.88414,2.0601,-0.0762999999999999,-0.654966585,0.72863583,0.10192845
1764505231.0752294,-2.88414,2.0601,-0.0762999999999999,-0.654966585,0.72863583,0.10192845
1764505231.0752294,-1.46496,1.8006799999999998,0.56462,-0.65466141,0.7287579,0.10241673
1764505231.0752294,-1.46496,1.8006799999999998,0.56462,-0.65466141,0.7287579,0.10241673
1764505231.0752294,-1.46496,1.8006799999999998,0.56462,-0.65466141,0.7287579,0.10241673
1764505231.0752294,-1.46496,1.8006799999999998,0.56462,-0.65466141,0.7287579,0.10241673
1764505231.0752294,-1.46496,1.8006799999999998,0.56462,-0.65466141,0.7287579,0.10241673
1764505231.0752294,-1.46496,1.8006799999999998,0.56462,-0.65466141,0.7287579,0.10241673
1764505231.117546,-1.46496,1.8006799999999998,0.56462,-0.65466141,0.7287579,0.10241673
1764505231.117546,-1.46496,1.8006799999999998,0.56462,-0.65466141,0.7287579,0.10241673
1764505231.1180534,-1.46496,1.8006799999999998,0.56462,-0.65466141,0.7287579,0.10241673
1764505231.1180534,-1.46496,1.8006799999999998,0.56462,-0.65466141,0.7287579,0.10241673
1764505231.1180534,-1.08346,1.31236,0.88508,-0.655088655,0.728208585,0.10180638
1764505231.1180534,-1.08346,1.31236,0.88508,-0.655088655,0.728208585,0.10180638
1764505231.1180534,-1.08346,1.31236,0.88508,-0.655088655,0.728208585,0.10180638
1764505231.1180534,-1.08346,1.31236,0.88508,-0.655088655,0.728208585,0.10180638
1764505231.1180534,-1.08346,1.31236,0.88508,-0.655088655,0.728208585,0.10180638
1764505231.1180534,-1.08346,1.31236,0.88508,-0.655088655,0.728208585,0.10180638
1764505231.1180534,-1.08346,1.31236,0.88508,-0.655088655,0.728208585,0.10180638
1764505231.1180534,-1.08346,1.31236,0.88508,-0.655088655,0.728208585,0.10180638
1764505231.1180534,-1.08346,1.31236,0.88508,-0.655088655,0.728208585,0.10180638
1764505231.1180534,-1.08346,1.31236,0.88508,-0.655088655,0.728208585,0.10180638
1764505231.1180534,-0.54936,1.6022999999999998,0.36624,-0.65478348,0.72973446,0.1000974
1764505231.1180534,-0.54936,1.6022999999999998,0.36624,-0.65478348,0.72973446,0.1000974
1764505231.1180534,-0.54936,1.6022999999999998,0.36624,-0.65478348,0.72973446,0.1000974
1764505231.1180534,-0.54936,1.6022999999999998,0.36624,-0.65478348,0.72973446,0.1000974
1764505231.1180534,-0.54936,1.6022999999999998,0.36624,-0.65478348,0.72973446,0.1000974
1764505231.1180534,-0.54936,1.6022999999999998,0.36624,-0.65478348,0.72973446,0.1000974
1764505231.1180534,-0.54936,1.6022999999999998,0.36624,-0.65478348,0.72973446,0.1000974
1764505231.1180534,-0.54936,1.6022999999999998,0.36624,-0.65478348,0.72973446,0.1000974
1764505231.1180534,-0.54936,1.6022999999999998,0.36624,-0.65478348,0.72973446,0.1000974
1764505231.1180534,-0.54936,1.6022999999999998,0.36624,-0.65478348,0.72973446,0.1000974
1764505231.1676643,-1.61756,0.71722,0.09156,-0.65624832,0.731870685,0.099181875
1764505231.1676643,-1.61756,0.71722,0.09156,-0.65624832,0.731870685,0.099181875
1764505231.1676643,-1.61756,0.71722,0.09156,-0.65624832,0.731870685,0.099181875
1764505231.1676643,-1.61756,0.71722,0.09156,-0.65624832,0.731870685,0.099181875
1764505231.1676643,-1.61756,0.71722,0.09156,-0.65624832,0.731870685,0.099181875
1764505231.1676643,-1.61756,0.71722,0.09156,-0.65624832,0.731870685,0.099181875
1764505231.168671,-1.61756,0.71722,0.09156,-0.65624832,0.731870685,0.099181875
1764505231.168671,-1.61756,0.71722,0.09156,-0.65624832,0.731870685,0.099181875
1764505231.168671,-1.61756,0.71722,0.09156,-0.65624832,0.731870685,0.099181875
1764505231.168671,-1.61756,0.71722,0.09156,-0.65624832,0.731870685,0.099181875
1764505231.168671,-1.526,1.09872,1.31236,-0.657896265,0.731870685,0.099792225
1764505231.168671,-1.526,1.09872,1.31236,-0.657896265,0.731870685,0.099792225
1764505231.168671,-1.526,1.09872,1.31236,-0.657896265,0.731870685,0.099792225
1764505231.168671,-1.526,1.09872,1.31236,-0.657896265,0.731870685,0.099792225
1764505231.168671,-1.526,1.09872,1.31236,-0.657896265,0.731870685,0.099792225
1764505231.168671,-1.526,1.09872,1.31236,-0.657896265,0.731870685,0.099792225
1764505231.168671,-1.526,1.09872,1.31236,-0.657896265,0.731870685,0.099792225
1764505231.168671,-1.526,1.09872,1.31236,-0.657896265,0.731870685,0.099792225
1764505231.168671,-1.526,1.09872,1.31236,-0.657896265,0.731870685,0.099792225
1764505231.168671,-1.526,1.09872,1.31236,-0.657896265,0.731870685,0.099792225
1764505231.168671,-2.24322,1.15976,0.763,-0.659483175,0.73058895,0.100524645
1764505231.168671,-2.24322,1.15976,0.763,-0.659483175,0.73058895,0.100524645
1764505231.168671,-2.24322,1.15976,0.763,-0.659483175,0.73058895,0.100524645
1764505231.168671,-2.24322,1.15976,0.763,-0.659483175,0.73058895,0.100524645
1764505231.2136786,-2.24322,1.15976,0.763,-0.659483175,0.73058895,0.100524645
1764505231.2136786,-2.24322,1.15976,0.763,-0.659483175,0.73058895,0.100524645
1764505231.2136786,-2.24322,1.15976,0.763,-0.659483175,0.73058895,0.100524645
1764505231.2136786,-2.24322,1.15976,0.763,-0.659483175,0.73058895,0.100524645
1764505231.2136786,-2.24322,1.15976,0.763,-0.659483175,0.73058895,0.100524645
1764505231.2136786,-2.24322,1.15976,0.763,-0.659483175,0.73058895,0.100524645
1764505231.2136786,-1.92276,0.82404,0.03052,-0.658384545,0.730161705,0.100402575
1764505231.2136786,-1.92276,0.82404,0.03052,-0.658384545,0.730161705,0.100402575
1764505231.2136786,-1.92276,0.82404,0.03052,-0.658384545,0.730161705,0.100402575
1764505231.2136786,-1.92276,0.82404,0.03052,-0.658384545,0.730161705,0.100402575
1764505231.2136786,-1.92276,0.82404,0.03052,-0.658384545,0.730161705,0.100402575
1764505231.2136786,-1.92276,0.82404,0.03052,-0.658384545,0.730161705,0.100402575
1764505231.2136786,-1.92276,0.82404,0.03052,-0.658384545,0.730161705,0.100402575
1764505231.2136786,-1.92276,0.82404,0.03052,-0.658384545,0.730161705,0.100402575
1764505231.2136786,-1.92276,0.82404,0.03052,-0.658384545,0.730161705,0.100402575
1764505231.214194,-1.92276,0.82404,0.03052,-0.658384545,0.730161705,0.100402575
1764505231.214974,-2.57894,1.72438,-0.88508,-0.656431425,0.7308941250000001,0.09924291
1764505231.214974,-2.57894,1.72438,-0.88508,-0.656431425,0.7308941250000001,0.09924291
1764505231.214974,-2.57894,1.72438,-0.88508,-0.656431425,0.7308941250000001,0.09924291
1764505231.214974,-2.57894,1.72438,-0.88508,-0.656431425,0.7308941250000001,0.09924291
1764505231.214974,-2.57894,1.72438,-0.88508,-0.656431425,0.7308941250000001,0.09924291
1764505231.214974,-2.57894,1.72438,-0.88508,-0.656431425,0.7308941250000001,0.09924291
1764505231.2614725,-2.57894,1.72438,-0.88508,-0.656431425,0.7308941250000001,0.09924291
1764505231.2614725,-2.57894,1.72438,-0.88508,-0.656431425,0.7308941250000001,0.09924291
1764505231.2614725,-2.57894,1.72438,-0.88508,-0.656431425,0.7308941250000001,0.09924291
1764505231.2614725,-2.57894,1.72438,-0.88508,-0.656431425,0.7308941250000001,0.09924291
1764505231.2614725,-3.5861,2.10588,-0.73248,-0.65405106,0.73156551,0.097106685
1764505231.2614725,-3.5861,2.10588,-0.73248,-0.65405106,0.73156551,0.097106685
1764505231.2614725,-3.5861,2.10588,-0.73248,-0.65405106,0.73156551,0.097106685
1764505231.2614725,-3.5861,2.10588,-0.73248,-0.65405106,0.73156551,0.097106685
1764505231.2614725,-3.5861,2.10588,-0.73248,-0.65405106,0.73156551,0.097106685
1764505231.2614725,-3.5861,2.10588,-0.73248,-0.65405106,0.73156551,0.097106685
1764505231.2614725,-3.5861,2.10588,-0.73248,-0.65405106,0.73156551,0.097106685
1764505231.2614725,-3.5861,2.10588,-0.73248,-0.65405106,0.73156551,0.097106685
1764505231.2614725,-3.5861,2.10588,-0.73248,-0.65405106,0.73156551,0.097106685
1764505231.2614725,-3.5861,2.10588,-0.73248,-0.65405106,0.73156551,0.097106685
1764505231.2614725,-4.01338,2.18218,1.3734,-0.655332795,0.7319317200000001,0.094787355
1764505231.2614725,-4.01338,2.18218,1.3734,-0.655332795,0.7319317200000001,0.094787355
1764505231.2614725,-4.01338,2.18218,1.3734,-0.655332795,0.7319317200000001,0.094787355
1764505231.262171,-4.01338,2.18218,1.3734,-0.655332795,0.7319317200000001,0.094787355
1764505231.262171,-4.01338,2.18218,1.3734,-0.655332795,0.7319317200000001,0.094787355
1764505231.262171,-4.01338,2.18218,1.3734,-0.655332795,0.7319317200000001,0.094787355
1764505231.262171,-4.01338,2.18218,1.3734,-0.655332795,0.7319317200000001,0.094787355
1764505231.262171,-4.01338,2.18218,1.3734,-0.655332795,0.7319317200000001,0.094787355
1764505231.262171,-4.01338,2.18218,1.3734,-0.655332795,0.7319317200000001,0.094787355
1764505231.262171,-4.01338,2.18218,1.3734,-0.655332795,0.7319317200000001,0.094787355
1764505231.30426,-2.65524,0.21364,1.96854,-0.65734695,0.733701735,0.09558081
1764505231.30426,-2.65524,0.21364,1.96854,-0.65734695,0.733701735,0.09558081
1764505231.30426,-2.65524,0.21364,1.96854,-0.65734695,0.733701735,0.09558081
1764505231.30426,-2.65524,0.21364,1.96854,-0.65734695,0.733701735,0.09558081
1764505231.30426,-2.65524,0.21364,1.96854,-0.65734695,0.733701735,0.09558081
1764505231.30426,-2.65524,0.21364,1.96854,-0.65734695,0.733701735,0.09558081
1764505231.30426,-2.65524,0.21364,1.96854,-0.65734695,0.733701735,0.09558081
1764505231.30426,-2.65524,0.21364,1.96854,-0.65734695,0.733701735,0.09558081
1764505231.30426,-2.65524,0.21364,1.96854,-0.65734695,0.733701735,0.09558081
1764505231.30426,-2.65524,0.21364,1.96854,-0.65734695,0.733701735,0.09558081
1764505231.30426,-2.5179,-0.09156,0.1678599999999999,-0.65661453,0.734312085,0.096618405
1764505231.30426,-2.5179,-0.09156,0.1678599999999999,-0.65661453,0.734312085,0.096618405
1764505231.30426,-2.5179,-0.09156,0.1678599999999999,-0.65661453,0.734312085,0.096618405
1764505231.30426,-2.5179,-0.09156,0.1678599999999999,-0.65661453,0.734312085,0.096618405
1764505231.30426,-2.5179,-0.09156,0.1678599999999999,-0.65661453,0.734312085,0.096618405
1764505231.30426,-2.5179,-0.09156,0.1678599999999999,-0.65661453,0.734312085,0.096618405
1764505231.30426,-2.5179,-0.09156,0.1678599999999999,-0.65661453,0.734312085,0.096618405
1764505231.30426,-2.5179,-0.09156,0.1678599999999999,-0.65661453,0.734312085,0.096618405
1764505231.30426,-2.5179,-0.09156,0.1678599999999999,-0.65661453,0.734312085,0.096618405
1764505231.30426,-2.5179,-0.09156,0.1678599999999999,-0.65661453,0.734312085,0.096618405
1764505231.30426,-3.95234,1.9838,-0.94612,-0.655454865,0.73205379,0.096740475
1764505231.30426,-3.95234,1.9838,-0.94612,-0.655454865,0.73205379,0.096740475
1764505231.3541994,-3.95234,1.9838,-0.94612,-0.655454865,0.73205379,0.096740475
1764505231.3541994,-3.95234,1.9838,-0.94612,-0.655454865,0.73205379,0.096740475
1764505231.3541994,-3.95234,1.9838,-0.94612,-0.655454865,0.73205379,0.096740475
1764505231.3541994,-3.95234,1.9838,-0.94612,-0.655454865,0.73205379,0.096740475
1764505231.3541994,-3.95234,1.9838,-0.94612,-0.655454865,0.73205379,0.096740475
1764505231.3541994,-3.95234,1.9838,-0.94612,-0.655454865,0.73205379,0.096740475
1764505231.3541994,-3.95234,1.9838,-0.94612,-0.655454865,0.73205379,0.096740475
1764505231.355203,-3.95234,1.9838,-0.94612,-0.655454865,0.73205379,0.096740475
1764505231.355203,-4.8832,2.0601,-0.6409199999999999,-0.65502762,0.7308941250000001,0.09631323
1764505231.355203,-4.8832,2.0601,-0.6409199999999999,-0.65502762,0.7308941250000001,0.09631323
1764505231.355203,-4.8832,2.0601,-0.6409199999999999,-0.65502762,0.7308941250000001,0.09631323
1764505231.355203,-4.8832,2.0601,-0.6409199999999999,-0.65502762,0.7308941250000001,0.09631323
1764505231.355203,-4.8832,2.0601,-0.6409199999999999,-0.65502762,0.7308941250000001,0.09631323
1764505231.355203,-4.8832,2.0601,-0.6409199999999999,-0.65502762,0.7308941250000001,0.09631323
1764505231.355203,-4.8832,2.0601,-0.6409199999999999,-0.65502762,0.7308941250000001,0.09631323
1764505231.355203,-4.8832,2.0601,-0.6409199999999999,-0.65502762,0.7308941250000001,0.09631323
1764505231.355203,-4.8832,2.0601,-0.6409199999999999,-0.65502762,0.7308941250000001,0.09631323
1764505231.355203,-4.8832,2.0601,-0.6409199999999999,-0.65502762,0.7308941250000001,0.09631323
1764505231.355203,-3.08252,0.8698199999999999,0.79352,-0.655210725,0.730161705,0.09558081
1764505231.355203,-3.08252,0.8698199999999999,0.79352,-0.655210725,0.730161705,0.09558081
1764505231.355203,-3.08252,0.8698199999999999,0.79352,-0.655210725,0.730161705,0.09558081
1764505231.355203,-3.08252,0.8698199999999999,0.79352,-0.655210725,0.730161705,0.09558081
1764505231.355203,-3.08252,0.8698199999999999,0.79352,-0.655210725,0.730161705,0.09558081
1764505231.355203,-3.08252,0.8698199999999999,0.79352,-0.655210725,0.730161705,0.09558081
1764505231.4000046,-3.08252,0.8698199999999999,0.79352,-0.655210725,0.730161705,0.09558081
1764505231.4000046,-3.08252,0.8698199999999999,0.79352,-0.655210725,0.730161705,0.09558081
1764505231.4000046,-3.08252,0.8698199999999999,0.79352,-0.655210725,0.730161705,0.09558081
1764505231.4000046,-3.08252,0.8698199999999999,0.79352,-0.655210725,0.730161705,0.09558081
1764505231.4000046,-1.57178,0.25942,1.95328,-0.656065215,0.73180965,0.09472632
1764505231.4000046,-1.57178,0.25942,1.95328,-0.656065215,0.73180965,0.09472632
1764505231.4000046,-1.57178,0.25942,1.95328,-0.656065215,0.73180965,0.09472632
1764505231.4000046,-1.57178,0.25942,1.95328,-0.656065215,0.73180965,0.09472632
1764505231.4000046,-1.57178,0.25942,1.95328,-0.656065215,0.73180965,0.09472632
1764505231.4000046,-1.57178,0.25942,1.95328,-0.656065215,0.73180965,0.09472632
1764505231.4000046,-1.57178,0.25942,1.95328,-0.656065215,0.73180965,0.09472632
1764505231.4000046,-1.57178,0.25942,1.95328,-0.656065215,0.73180965,0.09472632
1764505231.4000046,-1.57178,0.25942,1.95328,-0.656065215,0.73180965,0.09472632
1764505231.4000046,-1.57178,0.25942,1.95328,-0.656065215,0.73180965,0.09472632
1764505231.4000046,-2.1364,0.36624,1.51074,-0.65759109,0.731870685,0.09533667
1764505231.4000046,-2.1364,0.36624,1.51074,-0.65759109,0.731870685,0.09533667
1764505231.4000046,-2.1364,0.36624,1.51074,-0.65759109,0.731870685,0.09533667
1764505231.4000046,-2.1364,0.36624,1.51074,-0.65759109,0.731870685,0.09533667
1764505231.4000046,-2.1364,0.36624,1.51074,-0.65759109,0.731870685,0.09533667
1764505231.4000046,-2.1364,0.36624,1.51074,-0.65759109,0.731870685,0.09533667
1764505231.4000046,-2.1364,0.36624,1.51074,-0.65759109,0.731870685,0.09533667
1764505231.4000046,-2.1364,0.36624,1.51074,-0.65759109,0.731870685,0.09533667
1764505231.4000046,-2.1364,0.36624,1.51074,-0.65759109,0.731870685,0.09533667
1764505231.4000046,-2.1364,0.36624,1.51074,-0.65759109,0.731870685,0.09533667
1764505231.445791,-3.84552,0.44254,0.41202,-0.658262475,0.730527915,0.09533667
1764505231.445791,-3.84552,0.44254,0.41202,-0.658262475,0.730527915,0.09533667
1764505231.445791,-3.84552,0.44254,0.41202,-0.658262475,0.730527915,0.09533667
1764505231.445791,-3.84552,0.44254,0.41202,-0.658262475,0.730527915,0.09533667
1764505231.445791,-3.84552,0.44254,0.41202,-0.658262475,0.730527915,0.09533667
1764505231.445791,-3.84552,0.44254,0.41202,-0.658262475,0.730527915,0.09533667
1764505231.445791,-3.84552,0.44254,0.41202,-0.658262475,0.730527915,0.09533667
1764505231.445791,-3.84552,0.44254,0.41202,-0.658262475,0.730527915,0.09533667
1764505231.445791,-3.84552,0.44254,0.41202,-0.658262475,0.730527915,0.09533667
1764505231.445791,-3.84552,0.44254,0.41202,-0.658262475,0.730527915,0.09533667
1764505231.4469829,-3.92182,0.74774,-0.10682,-0.657896265,0.729063075,0.095397705
1764505231.4469829,-3.92182,0.74774,-0.10682,-0.657896265,0.729063075,0.095397705
1764505231.4469829,-3.92182,0.74774,-0.10682,-0.657896265,0.729063075,0.095397705
1764505231.4469829,-3.92182,0.74774,-0.10682,-0.657896265,0.729063075,0.095397705
1764505231.4469829,-3.92182,0.74774,-0.10682,-0.657896265,0.729063075,0.095397705
1764505231.4469829,-3.92182,0.74774,-0.10682,-0.657896265,0.729063075,0.095397705
1764505231.4469829,-3.92182,0.74774,-0.10682,-0.657896265,0.729063075,0.095397705
1764505231.4469829,-3.92182,0.74774,-0.10682,-0.657896265,0.729063075,0.095397705
1764505231.4469829,-3.92182,0.74774,-0.10682,-0.657896265,0.729063075,0.095397705
1764505231.4469829,-3.92182,0.74774,-0.10682,-0.657896265,0.729063075,0.095397705
1764505231.4469829,-3.84552,0.96138,-0.03052,-0.656187285,0.73095516,0.095275635
1764505231.4469829,-3.84552,0.96138,-0.03052,-0.656187285,0.73095516,0.095275635
1764505231.4469829,-3.84552,0.96138,-0.03052,-0.656187285,0.73095516,0.095275635
1764505231.4469829,-3.84552,0.96138,-0.03052,-0.656187285,0.73095516,0.095275635
1764505231.4936533,-3.84552,0.96138,-0.03052,-0.656187285,0.73095516,0.095275635
1764505231.4936533,-3.84552,0.96138,-0.03052,-0.656187285,0.73095516,0.095275635
1764505231.4936533,-3.84552,0.96138,-0.03052,-0.656187285,0.73095516,0.095275635
1764505231.4936533,-3.84552,0.96138,-0.03052,-0.656187285,0.73095516,0.095275635
1764505231.4936533,-3.84552,0.96138,-0.03052,-0.656187285,0.73095516,0.095275635
1764505231.4936533,-3.84552,0.96138,-0.03052,-0.656187285,0.73095516,0.095275635
1764505231.4936533,-4.33384,1.526,0.3509799999999999,-0.6533186400000001,0.731870685,0.095031495
1764505231.4936533,-4.33384,1.526,0.3509799999999999,-0.6533186400000001,0.731870685,0.095031495
1764505231.4936533,-4.33384,1.526,0.3509799999999999,-0.6533186400000001,0.731870685,0.095031495
1764505231.4936533,-4.33384,1.526,0.3509799999999999,-0.6533186400000001,0.731870685,0.095031495
1764505231.4936533,-4.33384,1.526,0.3509799999999999,-0.6533186400000001,0.731870685,0.095031495
1764505231.4936533,-4.33384,1.526,0.3509799999999999,-0.6533186400000001,0.731870685,0.095031495
1764505231.4936533,-4.33384,1.526,0.3509799999999999,-0.6533186400000001,0.731870685,0.095031495
1764505231.4936533,-4.33384,1.526,0.3509799999999999,-0.6533186400000001,0.731870685,0.095031495
1764505231.4936533,-4.33384,1.526,0.3509799999999999,-0.6533186400000001,0.731870685,0.095031495
1764505231.4936533,-4.33384,1.526,0.3509799999999999,-0.6533186400000001,0.731870685,0.095031495
1764505231.4949052,-5.73776,1.4497,0.94612,-0.652769325,0.73303035,0.094787355
1764505231.4949052,-5.73776,1.4497,0.94612,-0.652769325,0.73303035,0.094787355
1764505231.4949052,-5.73776,1.4497,0.94612,-0.652769325,0.73303035,0.094787355
1764505231.4949052,-5.73776,1.4497,0.94612,-0.652769325,0.73303035,0.094787355
1764505231.4949052,-5.73776,1.4497,0.94612,-0.652769325,0.73303035,0.094787355
1764505231.4949052,-5.73776,1.4497,0.94612,-0.652769325,0.73303035,0.094787355
1764505231.5393808,-5.73776,1.4497,0.94612,-0.652769325,0.73303035,0.094787355
1764505231.5393808,-5.73776,1.4497,0.94612,-0.652769325,0.73303035,0.094787355
1764505231.5393808,-5.73776,1.4497,0.94612,-0.652769325,0.73303035,0.094787355
1764505231.5393808,-5.73776,1.4497,0.94612,-0.652769325,0.73303035,0.094787355
1764505231.5393808,-5.7225,1.3734,1.526,-0.65368485,0.731992755,0.095519775
1764505231.5393808,-5.7225,1.3734,1.526,-0.65368485,0.731992755,0.095519775
1764505231.5393808,-5.7225,1.3734,1.526,-0.65368485,0.731992755,0.095519775
1764505231.5393808,-5.7225,1.3734,1.526,-0.65368485,0.731992755,0.095519775
1764505231.5393808,-5.7225,1.3734,1.526,-0.65368485,0.731992755,0.095519775
1764505231.5393808,-5.7225,1.3734,1.526,-0.65368485,0.731992755,0.095519775
1764505231.5393808,-5.7225,1.3734,1.526,-0.65368485,0.731992755,0.095519775
1764505231.5393808,-5.7225,1.3734,1.526,-0.65368485,0.731992755,0.095519775
1764505231.5393808,-5.7225,1.3734,1.526,-0.65368485,0.731992755,0.095519775
1764505231.5393808,-5.7225,1.3734,1.526,-0.65368485,0.731992755,0.095519775
1764505231.5393808,-5.58516,0.3051999999999999,0.65618,-0.65417313,0.731626545,0.09667944
1764505231.5393808,-5.58516,0.3051999999999999,0.65618,-0.65417313,0.731626545,0.09667944
1764505231.5393808,-5.58516,0.3051999999999999,0.65618,-0.65417313,0.731626545,0.09667944
1764505231.5393808,-5.58516,0.3051999999999999,0.65618,-0.65417313,0.731626545,0.09667944
1764505231.5393808,-5.58516,0.3051999999999999,0.65618,-0.65417313,0.731626545,0.09667944
1764505231.5393808,-5.58516,0.3051999999999999,0.65618,-0.65417313,0.731626545,0.09667944
1764505231.5393808,-5.58516,0.3051999999999999,0.65618,-0.65417313,0.731626545,0.09667944
1764505231.5393808,-5.58516,0.3051999999999999,0.65618,-0.65417313,0.731626545,0.09667944
1764505231.583931,-5.58516,0.3051999999999999,0.65618,-0.65417313,0.731626545,0.09667944
1764505231.583931,-5.58516,0.3051999999999999,0.65618,-0.65417313,0.731626545,0.09667944
1764505231.583931,-5.2647,1.58704,-0.03052,-0.65295243,0.729551355,0.097472895
1764505231.583931,-5.2647,1.58704,-0.03052,-0.65295243,0.729551355,0.097472895
1764505231.583931,-5.2647,1.58704,-0.03052,-0.65295243,0.729551355,0.097472895
1764505231.5844436,-5.2647,1.58704,-0.03052,-0.65295243,0.729551355,0.097472895
1764505231.5844436,-5.2647,1.58704,-0.03052,-0.65295243,0.729551355,0.097472895
1764505231.5844436,-5.2647,1.58704,-0.03052,-0.65295243,0.729551355,0.097472895
1764505231.5844436,-5.2647,1.58704,-0.03052,-0.65295243,0.729551355,0.097472895
1764505231.5844436,-5.2647,1.58704,-0.03052,-0.65295243,0.729551355,0.097472895
1764505231.5844436,-5.2647,1.58704,-0.03052,-0.65295243,0.729551355,0.097472895
1764505231.5844436,-5.2647,1.58704,-0.03052,-0.65295243,0.729551355,0.097472895
1764505231.5844436,-5.90562,2.289,-0.25942,-0.652769325,0.728452725,0.097228755
1764505231.5844436,-5.90562,2.289,-0.25942,-0.652769325,0.728452725,0.097228755
1764505231.5844436,-5.90562,2.289,-0.25942,-0.652769325,0.728452725,0.097228755
1764505231.5844436,-5.90562,2.289,-0.25942,-0.652769325,0.728452725,0.097228755
1764505231.5844436,-5.90562,2.289,-0.25942,-0.652769325,0.728452725,0.097228755
1764505231.5844436,-5.90562,2.289,-0.25942,-0.652769325,0.728452725,0.097228755
1764505231.5844436,-5.90562,2.289,-0.25942,-0.652769325,0.728452725,0.097228755
1764505231.5844436,-5.90562,2.289,-0.25942,-0.652769325,0.728452725,0.097228755
1764505231.5844436,-5.90562,2.289,-0.25942,-0.652769325,0.728452725,0.097228755
1764505231.5844436,-5.90562,2.289,-0.25942,-0.652769325,0.728452725,0.097228755
1764505231.585462,-5.38678,2.18218,0.77826,-0.6542952,0.727109955,0.096252195
1764505231.585462,-5.38678,2.18218,0.77826,-0.6542952,0.727109955,0.096252195
1764505231.6326177,-5.38678,2.18218,0.77826,-0.6542952,0.727109955,0.096252195
1764505231.6326177,-5.38678,2.18218,0.77826,-0.6542952,0.727109955,0.096252195
1764505231.6326177,-5.38678,2.18218,0.77826,-0.6542952,0.727109955,0.096252195
1764505231.6326177,-5.38678,2.18218,0.77826,-0.6542952,0.727109955,0.096252195
1764505231.6326177,-5.38678,2.18218,0.77826,-0.6542952,0.727109955,0.096252195
1764505231.6326177,-5.38678,2.18218,0.77826,-0.6542952,0.727109955,0.096252195
1764505231.6326177,-5.38678,2.18218,0.77826,-0.6542952,0.727109955,0.096252195
1764505231.6326177,-5.38678,2.18218,0.77826,-0.6542952,0.727109955,0.096252195
1764505231.6326177,-4.13546,0.97664,0.6714399999999999,-0.654112095,0.72851376,0.096130125
1764505231.6326177,-4.13546,0.97664,0.6714399999999999,-0.654112095,0.72851376,0.096130125
1764505231.6326177,-4.13546,0.97664,0.6714399999999999,-0.654112095,0.72851376,0.096130125
1764505231.6326177,-4.13546,0.97664,0.6714399999999999,-0.654112095,0.72851376,0.096130125
1764505231.6326177,-4.13546,0.97664,0.6714399999999999,-0.654112095,0.72851376,0.096130125
1764505231.6326177,-4.13546,0.97664,0.6714399999999999,-0.654112095,0.72851376,0.096130125
1764505231.6336143,-4.13546,0.97664,0.6714399999999999,-0.654112095,0.72851376,0.096130125
1764505231.6336143,-4.13546,0.97664,0.6714399999999999,-0.654112095,0.72851376,0.096130125
1764505231.6336143,-4.13546,0.97664,0.6714399999999999,-0.654112095,0.72851376,0.096130125
1764505231.6336143,-4.13546,0.97664,0.6714399999999999,-0.654112095,0.72851376,0.096130125
1764505231.6344378,-3.15882,1.17502,0.88508,-0.65392899,0.7303448100000001,0.095885985
1764505231.6344378,-3.15882,1.17502,0.88508,-0.65392899,0.7303448100000001,0.095885985
1764505231.6344378,-3.15882,1.17502,0.88508,-0.65392899,0.7303448100000001,0.095885985
1764505231.634866,-3.15882,1.17502,0.88508,-0.65392899,0.7303448100000001,0.095885985
1764505231.634866,-3.15882,1.17502,0.88508,-0.65392899,0.7303448100000001,0.095885985
1764505231.6350725,-3.15882,1.17502,0.88508,-0.65392899,0.7303448100000001,0.095885985
1764505231.680295,-3.15882,1.17502,0.88508,-0.65392899,0.7303448100000001,0.095885985
1764505231.680295,-3.15882,1.17502,0.88508,-0.65392899,0.7303448100000001,0.095885985
1764505231.680295,-3.15882,1.17502,0.88508,-0.65392899,0.7303448100000001,0.095885985
1764505231.680295,-3.15882,1.17502,0.88508,-0.65392899,0.7303448100000001,0.095885985
1764505231.680295,-3.052,1.6786,0.6409199999999999,-0.653135535,0.732358965,0.09558081
1764505231.680806,-3.052,1.6786,0.6409199999999999,-0.653135535,0.732358965,0.09558081
1764505231.680806,-3.052,1.6786,0.6409199999999999,-0.653135535,0.732358965,0.09558081
1764505231.680806,-3.052,1.6786,0.6409199999999999,-0.653135535,0.732358965,0.09558081
1764505231.680806,-3.052,1.6786,0.6409199999999999,-0.653135535,0.732358965,0.09558081
1764505231.680806,-3.052,1.6786,0.6409199999999999,-0.653135535,0.732358965,0.09558081
1764505231.680806,-3.052,1.6786,0.6409199999999999,-0.653135535,0.732358965,0.09558081
1764505231.680806,-3.052,1.6786,0.6409199999999999,-0.653135535,0.732358965,0.09558081
1764505231.680806,-3.052,1.6786,0.6409199999999999,-0.653135535,0.732358965,0.09558081
1764505231.680806,-3.052,1.6786,0.6409199999999999,-0.653135535,0.732358965,0.09558081
1764505231.680806,-4.25754,2.07536,1.34288,-0.655454865,0.733091385,0.09680151
1764505231.680806,-4.25754,2.07536,1.34288,-0.655454865,0.733091385,0.09680151
1764505231.680806,-4.25754,2.07536,1.34288,-0.655454865,0.733091385,0.09680151
1764505231.680806,-4.25754,2.07536,1.34288,-0.655454865,0.733091385,0.09680151
1764505231.680806,-4.25754,2.07536,1.34288,-0.655454865,0.733091385,0.09680151
1764505231.680806,-4.25754,2.07536,1.34288,-0.655454865,0.733091385,0.09680151
1764505231.680806,-4.25754,2.07536,1.34288,-0.655454865,0.733091385,0.09680151
1764505231.680806,-4.25754,2.07536,1.34288,-0.655454865,0.733091385,0.09680151
1764505231.680806,-4.25754,2.07536,1.34288,-0.655454865,0.733091385,0.09680151
1764505231.680806,-4.25754,2.07536,1.34288,-0.655454865,0.733091385,0.09680151
1764505231.727205,-4.77638,1.81594,0.6103999999999999,-0.656309355,0.733335525,0.097717035
1764505231.727205,-4.77638,1.81594,0.6103999999999999,-0.656309355,0.733335525,0.097717035
1764505231.727205,-4.77638,1.81594,0.6103999999999999,-0.656309355,0.733335525,0.097717035
1764505231.727205,-4.77638,1.81594,0.6103999999999999,-0.656309355,0.733335525,0.097717035
1764505231.727205,-4.77638,1.81594,0.6103999999999999,-0.656309355,0.733335525,0.097717035
1764505231.727205,-4.77638,1.81594,0.6103999999999999,-0.656309355,0.733335525,0.097717035
1764505231.727205,-4.77638,1.81594,0.6103999999999999,-0.656309355,0.733335525,0.097717035
1764505231.727205,-4.77638,1.81594,0.6103999999999999,-0.656309355,0.733335525,0.097717035
1764505231.727205,-4.77638,1.81594,0.6103999999999999,-0.656309355,0.733335525,0.097717035
1764505231.727205,-4.77638,1.81594,0.6103999999999999,-0.656309355,0.733335525,0.097717035
1764505231.727205,-5.82932,2.56368,0.2289,-0.655576935,0.7335186300000001,0.09814428
1764505231.727205,-5.82932,2.56368,0.2289,-0.655576935,0.7335186300000001,0.09814428
1764505231.727205,-5.82932,2.56368,0.2289,-0.655576935,0.7335186300000001,0.09814428
1764505231.727205,-5.82932,2.56368,0.2289,-0.655576935,0.7335186300000001,0.09814428
1764505231.727205,-5.82932,2.56368,0.2289,-0.655576935,0.7335186300000001,0.09814428
1764505231.727205,-5.82932,2.56368,0.2289,-0.655576935,0.7335186300000001,0.09814428
1764505231.727205,-5.82932,2.56368,0.2289,-0.655576935,0.7335186300000001,0.09814428
1764505231.727205,-5.82932,2.56368,0.2289,-0.655576935,0.7335186300000001,0.09814428
1764505231.727205,-5.82932,2.56368,0.2289,-0.655576935,0.7335186300000001,0.09814428
1764505231.727205,-5.82932,2.56368,0.2289,-0.655576935,0.7335186300000001,0.09814428
1764505231.727205,-6.83648,2.22796,-0.12208,-0.65502762,0.734434155,0.09899877
1764505231.727205,-6.83648,2.22796,-0.12208,-0.65502762,0.734434155,0.09899877
1764505231.7706523,-6.83648,2.22796,-0.12208,-0.65502762,0.734434155,0.09899877
1764505231.7706523,-6.83648,2.22796,-0.12208,-0.65502762,0.734434155,0.09899877
1764505231.7706523,-6.83648,2.22796,-0.12208,-0.65502762,0.734434155,0.09899877
1764505231.7706523,-6.83648,2.22796,-0.12208,-0.65502762,0.734434155,0.09899877
1764505231.7706523,-6.83648,2.22796,-0.12208,-0.65502762,0.734434155,0.09899877
1764505231.7706523,-6.83648,2.22796,-0.12208,-0.65502762,0.734434155,0.09899877
1764505231.7706523,-6.83648,2.22796,-0.12208,-0.65502762,0.734434155,0.09899877
1764505231.7706523,-6.83648,2.22796,-0.12208,-0.65502762,0.734434155,0.09899877
1764505231.7706523,-7.66052,2.5179,0.3204599999999999,-0.6549055500000001,0.73376277,0.09802221
1764505231.7706523,-7.66052,2.5179,0.3204599999999999,-0.6549055500000001,0.73376277,0.09802221
1764505231.7706523,-7.66052,2.5179,0.3204599999999999,-0.6549055500000001,0.73376277,0.09802221
1764505231.7706523,-7.66052,2.5179,0.3204599999999999,-0.6549055500000001,0.73376277,0.09802221
1764505231.7716682,-7.66052,2.5179,0.3204599999999999,-0.6549055500000001,0.73376277,0.09802221
1764505231.7716682,-7.66052,2.5179,0.3204599999999999,-0.6549055500000001,0.73376277,0.09802221
1764505231.7726817,-7.66052,2.5179,0.3204599999999999,-0.6549055500000001,0.73376277,0.09802221
1764505231.7726817,-7.66052,2.5179,0.3204599999999999,-0.6549055500000001,0.73376277,0.09802221
1764505231.7726817,-7.66052,2.5179,0.3204599999999999,-0.6549055500000001,0.73376277,0.09802221
1764505231.7726817,-7.66052,2.5179,0.3204599999999999,-0.6549055500000001,0.73376277,0.09802221
1764505231.7726817,-7.21798,1.1445,0.71722,-0.65612625,0.732358965,0.09753393
1764505231.7726817,-7.21798,1.1445,0.71722,-0.65612625,0.732358965,0.09753393
1764505231.7726817,-7.21798,1.1445,0.71722,-0.65612625,0.732358965,0.09753393
1764505231.7726817,-7.21798,1.1445,0.71722,-0.65612625,0.732358965,0.09753393
1764505231.7726817,-7.21798,1.1445,0.71722,-0.65612625,0.732358965,0.09753393
1764505231.7726817,-7.21798,1.1445,0.71722,-0.65612625,0.732358965,0.09753393
1764505231.8200388,-7.21798,1.1445,0.71722,-0.65612625,0.732358965,0.09753393
1764505231.8200388,-7.21798,1.1445,0.71722,-0.65612625,0.732358965,0.09753393
1764505231.8200388,-7.21798,1.1445,0.71722,-0.65612625,0.732358965,0.09753393
1764505231.8200388,-7.21798,1.1445,0.71722,-0.65612625,0.732358965,0.09753393
1764505231.8210506,-6.165039999999999,0.763,0.44254,-0.65612625,0.73180965,0.097350825
1764505231.8210506,-6.165039999999999,0.763,0.44254,-0.65612625,0.73180965,0.097350825
1764505231.8210506,-6.165039999999999,0.763,0.44254,-0.65612625,0.73180965,0.097350825
1764505231.8210506,-6.165039999999999,0.763,0.44254,-0.65612625,0.73180965,0.097350825
1764505231.8210506,-6.165039999999999,0.763,0.44254,-0.65612625,0.73180965,0.097350825
1764505231.8210506,-6.165039999999999,0.763,0.44254,-0.65612625,0.73180965,0.097350825
1764505231.8220482,-6.165039999999999,0.763,0.44254,-0.65612625,0.73180965,0.097350825
1764505231.8220482,-6.165039999999999,0.763,0.44254,-0.65612625,0.73180965,0.097350825
1764505231.8220482,-6.165039999999999,0.763,0.44254,-0.65612625,0.73180965,0.097350825
1764505231.8220482,-6.165039999999999,0.763,0.44254,-0.65612625,0.73180965,0.097350825
1764505231.8220482,-5.96666,1.12924,0.88508,-0.65661453,0.731382405,0.09692358
1764505231.823056,-5.96666,1.12924,0.88508,-0.65661453,0.731382405,0.09692358
1764505231.823056,-5.96666,1.12924,0.88508,-0.65661453,0.731382405,0.09692358
1764505231.823056,-5.96666,1.12924,0.88508,-0.65661453,0.731382405,0.09692358
1764505231.823056,-5.96666,1.12924,0.88508,-0.65661453,0.731382405,0.09692358
1764505231.823056,-5.96666,1.12924,0.88508,-0.65661453,0.731382405,0.09692358
1764505231.823056,-5.96666,1.12924,0.88508,-0.65661453,0.731382405,0.09692358
1764505231.8238738,-5.96666,1.12924,0.88508,-0.65661453,0.731382405,0.09692358
1764505231.8646593,-5.96666,1.12924,0.88508,-0.65661453,0.731382405,0.09692358
1764505231.8646593,-5.96666,1.12924,0.88508,-0.65661453,0.731382405,0.09692358
1764505231.8646593,-5.15788,1.48022,0.6409199999999999,-0.6569807400000001,0.731870685,0.09692358
1764505231.8646593,-5.15788,1.48022,0.6409199999999999,-0.6569807400000001,0.731870685,0.09692358
1764505231.8646593,-5.15788,1.48022,0.6409199999999999,-0.6569807400000001,0.731870685,0.09692358
1764505231.8646593,-5.15788,1.48022,0.6409199999999999,-0.6569807400000001,0.731870685,0.09692358
1764505231.8646593,-5.15788,1.48022,0.6409199999999999,-0.6569807400000001,0.731870685,0.09692358
1764505231.8646593,-5.15788,1.48022,0.6409199999999999,-0.6569807400000001,0.731870685,0.09692358
1764505231.915167,-5.15788,1.48022,0.6409199999999999,-0.6569807400000001,0.731870685,0.09692358
1764505231.915167,-5.15788,1.48022,0.6409199999999999,-0.6569807400000001,0.731870685,0.09692358
1764505231.915167,-5.15788,1.48022,0.6409199999999999,-0.6569807400000001,0.731870685,0.09692358
1764505231.915167,-5.15788,1.48022,0.6409199999999999,-0.6569807400000001,0.731870685,0.09692358
1764505231.915167,-6.027699999999999,1.92276,-0.18312,-0.65612625,0.731504475,0.09680151
1764505231.915167,-6.027699999999999,1.92276,-0.18312,-0.65612625,0.731504475,0.09680151
1764505231.915167,-6.027699999999999,1.92276,-0.18312,-0.65612625,0.731504475,0.09680151
1764505231.915167,-6.027699999999999,1.92276,-0.18312,-0.65612625,0.731504475,0.09680151
1764505231.915167,-6.027699999999999,1.92276,-0.18312,-0.65612625,0.731504475,0.09680151
1764505231.915167,-6.027699999999999,1.92276,-0.18312,-0.65612625,0.731504475,0.09680151
1764505231.915167,-6.027699999999999,1.92276,-0.18312,-0.65612625,0.731504475,0.09680151
1764505231.915167,-6.027699999999999,1.92276,-0.18312,-0.65612625,0.731504475,0.09680151
1764505231.915167,-6.027699999999999,1.92276,-0.18312,-0.65612625,0.731504475,0.09680151
1764505231.915167,-6.027699999999999,1.92276,-0.18312,-0.65612625,0.731504475,0.09680151
1764505231.915809,-6.302379999999999,1.77016,0.2289,-0.655210725,0.73058895,0.097106685
1764505231.915809,-6.302379999999999,1.77016,0.2289,-0.655210725,0.73058895,0.097106685
1764505231.915809,-6.302379999999999,1.77016,0.2289,-0.655210725,0.73058895,0.097106685
1764505231.915809,-6.302379999999999,1.77016,0.2289,-0.655210725,0.73058895,0.097106685
1764505231.915809,-6.302379999999999,1.77016,0.2289,-0.655210725,0.73058895,0.097106685
1764505231.915809,-6.302379999999999,1.77016,0.2289,-0.655210725,0.73058895,0.097106685
1764505231.915809,-6.302379999999999,1.77016,0.2289,-0.655210725,0.73058895,0.097106685
1764505231.915809,-6.302379999999999,1.77016,0.2289,-0.655210725,0.73058895,0.097106685
1764505231.915809,-6.302379999999999,1.77016,0.2289,-0.655210725,0.73058895,0.097106685
1764505231.915809,-6.302379999999999,1.77016,0.2289,-0.655210725,0.73058895,0.097106685
1764505231.915809,-5.2647,1.93802,0.47306,-0.655576935,0.7308941250000001,0.09728979
1764505231.915809,-5.2647,1.93802,0.47306,-0.655576935,0.7308941250000001,0.09728979
1764505231.915809,-5.2647,1.93802,0.47306,-0.655576935,0.7308941250000001,0.09728979
1764505231.915809,-5.2647,1.93802,0.47306,-0.655576935,0.7308941250000001,0.09728979
1764505231.915809,-5.2647,1.93802,0.47306,-0.655576935,0.7308941250000001,0.09728979
1764505231.915809,-5.2647,1.93802,0.47306,-0.655576935,0.7308941250000001,0.09728979
1764505231.915809,-5.2647,1.93802,0.47306,-0.655576935,0.7308941250000001,0.09728979
1764505231.915809,-5.2647,1.93802,0.47306,-0.655576935,0.7308941250000001,0.09728979
1764505231.915809,-5.2647,1.93802,0.47306,-0.655576935,0.7308941250000001,0.09728979
1764505231.915809,-5.2647,1.93802,0.47306,-0.655576935,0.7308941250000001,0.09728979
1764505231.915809,-4.99002,1.38866,0.9003399999999999,-0.65502762,0.731138265,0.09790014
1764505231.915809,-4.99002,1.38866,0.9003399999999999,-0.65502762,0.731138265,0.09790014
1764505231.915809,-4.99002,1.38866,0.9003399999999999,-0.65502762,0.731138265,0.09790014
1764505231.915809,-4.99002,1.38866,0.9003399999999999,-0.65502762,0.731138265,0.09790014
1764505231.915809,-4.99002,1.38866,0.9003399999999999,-0.65502762,0.731138265,0.09790014
1764505231.915809,-4.99002,1.38866,0.9003399999999999,-0.65502762,0.731138265,0.09790014
1764505231.961163,-4.99002,1.38866,0.9003399999999999,-0.65502762,0.731138265,0.09790014
1764505231.961163,-4.99002,1.38866,0.9003399999999999,-0.65502762,0.731138265,0.09790014
1764505231.961163,-4.99002,1.38866,0.9003399999999999,-0.65502762,0.731138265,0.09790014
1764505231.961163,-4.99002,1.38866,0.9003399999999999,-0.65502762,0.731138265,0.09790014
1764505231.961163,-5.21892,1.58704,0.5341,-0.6538679550000001,0.731626545,0.09838842
1764505231.961163,-5.21892,1.58704,0.5341,-0.6538679550000001,0.731626545,0.09838842
1764505231.961163,-5.21892,1.58704,0.5341,-0.6538679550000001,0.731626545,0.09838842
1764505231.961163,-5.21892,1.58704,0.5341,-0.6538679550000001,0.731626545,0.09838842
1764505231.961163,-5.21892,1.58704,0.5341,-0.6538679550000001,0.731626545,0.09838842
1764505231.961163,-5.21892,1.58704,0.5341,-0.6538679550000001,0.731626545,0.09838842
1764505231.961163,-5.21892,1.58704,0.5341,-0.6538679550000001,0.731626545,0.09838842
1764505231.961163,-5.21892,1.58704,0.5341,-0.6538679550000001,0.731626545,0.09838842
1764505231.961163,-5.21892,1.58704,0.5341,-0.6538679550000001,0.731626545,0.09838842
1764505231.961163,-5.21892,1.58704,0.5341,-0.6538679550000001,0.731626545,0.09838842
1764505231.961163,-5.4936,1.55652,0.57988,-0.65405106,0.73132137,0.09814428
1764505231.9621794,-5.4936,1.55652,0.57988,-0.65405106,0.73132137,0.09814428
1764505231.9621794,-5.4936,1.55652,0.57988,-0.65405106,0.73132137,0.09814428
1764505231.9621794,-5.4936,1.55652,0.57988,-0.65405106,0.73132137,0.09814428
1764505231.9621794,-5.4936,1.55652,0.57988,-0.65405106,0.73132137,0.09814428
1764505231.9621794,-5.4936,1.55652,0.57988,-0.65405106,0.73132137,0.09814428
1764505231.9621794,-5.4936,1.55652,0.57988,-0.65405106,0.73132137,0.09814428
1764505231.9621794,-5.4936,1.55652,0.57988,-0.65405106,0.73132137,0.09814428
1764505231.9621794,-5.4936,1.55652,0.57988,-0.65405106,0.73132137,0.09814428
1764505231.9621794,-5.4936,1.55652,0.57988,-0.65405106,0.73132137,0.09814428
1764505232.0056417,-6.01244,1.7549,1.48022,-0.65649246,0.73095516,0.097961175
1764505232.0056417,-6.01244,1.7549,1.48022,-0.65649246,0.73095516,0.097961175
1764505232.0056417,-6.01244,1.7549,1.48022,-0.65649246,0.73095516,0.097961175
1764505232.0056417,-6.01244,1.7549,1.48022,-0.65649246,0.73095516,0.097961175
1764505232.0056417,-6.01244,1.7549,1.48022,-0.65649246,0.73095516,0.097961175
1764505232.0056417,-6.01244,1.7549,1.48022,-0.65649246,0.73095516,0.097961175
1764505232.0056417,-6.01244,1.7549,1.48022,-0.65649246,0.73095516,0.097961175
1764505232.0056417,-6.01244,1.7549,1.48022,-0.65649246,0.73095516,0.097961175
1764505232.0056417,-6.01244,1.7549,1.48022,-0.65649246,0.73095516,0.097961175
1764505232.0056417,-6.01244,1.7549,1.48022,-0.65649246,0.73095516,0.097961175
1764505232.0056417,-6.11926,0.79352,1.12924,-0.658506615,0.732603105,0.09826635
1764505232.0056417,-6.11926,0.79352,1.12924,-0.658506615,0.732603105,0.09826635
1764505232.0056417,-6.11926,0.79352,1.12924,-0.658506615,0.732603105,0.09826635
1764505232.0056417,-6.11926,0.79352,1.12924,-0.658506615,0.732603105,0.09826635
1764505232.0077395,-6.11926,0.79352,1.12924,-0.658506615,0.732603105,0.09826635
1764505232.008792,-6.11926,0.79352,1.12924,-0.658506615,0.732603105,0.09826635
1764505232.0093074,-6.11926,0.79352,1.12924,-0.658506615,0.732603105,0.09826635
1764505232.0093074,-6.11926,0.79352,1.12924,-0.658506615,0.732603105,0.09826635
1764505232.0093074,-6.11926,0.79352,1.12924,-0.658506615,0.732603105,0.09826635
1764505232.0093074,-6.11926,0.79352,1.12924,-0.658506615,0.732603105,0.09826635
1764505232.0093074,-6.5618,0.6103999999999999,-0.5341,-0.657774195,0.733457595,0.09851049
1764505232.0093074,-6.5618,0.6103999999999999,-0.5341,-0.657774195,0.733457595,0.09851049
1764505232.0113344,-6.5618,0.6103999999999999,-0.5341,-0.657774195,0.733457595,0.09851049
1764505232.0113344,-6.5618,0.6103999999999999,-0.5341,-0.657774195,0.733457595,0.09851049
1764505232.056054,-6.5618,0.6103999999999999,-0.5341,-0.657774195,0.733457595,0.09851049
1764505232.056054,-6.5618,0.6103999999999999,-0.5341,-0.657774195,0.733457595,0.09851049
1764505232.056054,-6.5618,0.6103999999999999,-0.5341,-0.657774195,0.733457595,0.09851049
1764505232.056054,-6.5618,0.6103999999999999,-0.5341,-0.657774195,0.733457595,0.09851049
1764505232.056054,-6.5618,0.6103999999999999,-0.5341,-0.657774195,0.733457595,0.09851049
1764505232.056054,-6.5618,0.6103999999999999,-0.5341,-0.657774195,0.733457595,0.09851049
1764505232.056054,-7.18746,1.49548,-0.36624,-0.656187285,0.7324810350000001,0.098937735
1764505232.056054,-7.18746,1.49548,-0.36624,-0.656187285,0.7324810350000001,0.098937735
1764505232.056054,-7.18746,1.49548,-0.36624,-0.656187285,0.7324810350000001,0.098937735
1764505232.056054,-7.18746,1.49548,-0.36624,-0.656187285,0.7324810350000001,0.098937735
1764505232.056054,-7.18746,1.49548,-0.36624,-0.656187285,0.7324810350000001,0.098937735
1764505232.056054,-7.18746,1.49548,-0.36624,-0.656187285,0.7324810350000001,0.098937735
1764505232.056054,-7.18746,1.49548,-0.36624,-0.656187285,0.7324810350000001,0.098937735
1764505232.056054,-7.18746,1.49548,-0.36624,-0.656187285,0.7324810350000001,0.098937735
1764505232.056054,-7.18746,1.49548,-0.36624,-0.656187285,0.7324810350000001,0.098937735
1764505232.056054,-7.18746,1.49548,-0.36624,-0.656187285,0.7324810350000001,0.098937735
1764505232.056054,-6.39394,2.24322,0.06104,-0.654600375,0.729551355,0.099059805
1764505232.056054,-6.39394,2.24322,0.06104,-0.654600375,0.729551355,0.099059805
1764505232.056054,-6.39394,2.24322,0.06104,-0.654600375,0.729551355,0.099059805
1764505232.056054,-6.39394,2.24322,0.06104,-0.654600375,0.729551355,0.099059805
1764505232.056054,-6.39394,2.24322,0.06104,-0.654600375,0.729551355,0.099059805
1764505232.056054,-6.39394,2.24322,0.06104,-0.654600375,0.729551355,0.099059805
1764505232.0998676,-6.39394,2.24322,0.06104,-0.654600375,0.729551355,0.099059805
1764505232.0998676,-6.39394,2.24322,0.06104,-0.654600375,0.729551355,0.099059805
1764505232.0998676,-6.39394,2.24322,0.06104,-0.654600375,0.729551355,0.099059805
1764505232.0998676,-6.39394,2.24322,0.06104,-0.654600375,0.729551355,0.099059805
1764505232.0998676,-4.86794,1.69386,1.12924,-0.65514969,0.7287579,0.09924291
1764505232.0998676,-4.86794,1.69386,1.12924,-0.65514969,0.7287579,0.09924291
1764505232.0998676,-4.86794,1.69386,1.12924,-0.65514969,0.7287579,0.09924291
1764505232.0998676,-4.86794,1.69386,1.12924,-0.65514969,0.7287579,0.09924291
1764505232.0998676,-4.86794,1.69386,1.12924,-0.65514969,0.7287579,0.09924291
1764505232.1024227,-4.86794,1.69386,1.12924,-0.65514969,0.7287579,0.09924291
1764505232.1024227,-4.86794,1.69386,1.12924,-0.65514969,0.7287579,0.09924291
1764505232.1024227,-4.86794,1.69386,1.12924,-0.65514969,0.7287579,0.09924291
1764505232.1024227,-4.86794,1.69386,1.12924,-0.65514969,0.7287579,0.09924291
1764505232.1024227,-4.86794,1.69386,1.12924,-0.65514969,0.7287579,0.09924291
1764505232.1024227,-4.60852,0.8698199999999999,1.09872,-0.655332795,0.730527915,0.099914295
1764505232.1024227,-4.60852,0.8698199999999999,1.09872,-0.655332795,0.730527915,0.099914295
1764505232.102949,-4.60852,0.8698199999999999,1.09872,-0.655332795,0.730527915,0.099914295
1764505232.102949,-4.60852,0.8698199999999999,1.09872,-0.655332795,0.730527915,0.099914295
1764505232.102949,-4.60852,0.8698199999999999,1.09872,-0.655332795,0.730527915,0.099914295
1764505232.1034243,-4.60852,0.8698199999999999,1.09872,-0.655332795,0.730527915,0.099914295
1764505232.1034243,-4.60852,0.8698199999999999,1.09872,-0.655332795,0.730527915,0.099914295
1764505232.1034243,-4.60852,0.8698199999999999,1.09872,-0.655332795,0.730527915,0.099914295
1764505232.1034243,-4.60852,0.8698199999999999,1.09872,-0.655332795,0.730527915,0.099914295
1764505232.1034243,-4.60852,0.8698199999999999,1.09872,-0.655332795,0.730527915,0.099914295
1764505232.148898,-6.37868,0.71722,0.77826,-0.65527176,0.73315242,0.09960912
1764505232.148898,-6.37868,0.71722,0.77826,-0.65527176,0.73315242,0.09960912
1764505232.148898,-6.37868,0.71722,0.77826,-0.65527176,0.73315242,0.09960912
1764505232.148898,-6.37868,0.71722,0.77826,-0.65527176,0.73315242,0.09960912
1764505232.148898,-6.37868,0.71722,0.77826,-0.65527176,0.73315242,0.09960912
1764505232.148898,-6.37868,0.71722,0.77826,-0.65527176,0.73315242,0.09960912
1764505232.148898,-6.37868,0.71722,0.77826,-0.65527176,0.73315242,0.09960912
1764505232.148898,-6.37868,0.71722,0.77826,-0.65527176,0.73315242,0.09960912
1764505232.148898,-6.37868,0.71722,0.77826,-0.65527176,0.73315242,0.09960912
1764505232.148898,-6.37868,0.71722,0.77826,-0.65527176,0.73315242,0.09960912
1764505232.148898,-7.9352,1.31236,0.3357199999999999,-0.65514969,0.73290828,0.099792225
1764505232.148898,-7.9352,1.31236,0.3357199999999999,-0.65514969,0.73290828,0.099792225
1764505232.148898,-7.9352,1.31236,0.3357199999999999,-0.65514969,0.73290828,0.099792225
1764505232.148898,-7.9352,1.31236,0.3357199999999999,-0.65514969,0.73290828,0.099792225
1764505232.148898,-7.9352,1.31236,0.3357199999999999,-0.65514969,0.73290828,0.099792225
1764505232.148898,-7.9352,1.31236,0.3357199999999999,-0.65514969,0.73290828,0.099792225
1764505232.148898,-7.9352,1.31236,0.3357199999999999,-0.65514969,0.73290828,0.099792225
1764505232.148898,-7.9352,1.31236,0.3357199999999999,-0.65514969,0.73290828,0.099792225
1764505232.148898,-7.9352,1.31236,0.3357199999999999,-0.65514969,0.73290828,0.099792225
1764505232.148898,-7.9352,1.31236,0.3357199999999999,-0.65514969,0.73290828,0.099792225
1764505232.148898,-6.9433,1.38866,-0.47306,-0.65466141,0.729917565,0.10058568
1764505232.148898,-6.9433,1.38866,-0.47306,-0.65466141,0.729917565,0.10058568
1764505232.1957436,-6.9433,1.38866,-0.47306,-0.65466141,0.729917565,0.10058568
1764505232.1967432,-6.9433,1.38866,-0.47306,-0.65466141,0.729917565,0.10058568
1764505232.1967432,-6.9433,1.38866,-0.47306,-0.65466141,0.729917565,0.10058568
1764505232.1967432,-6.9433,1.38866,-0.47306,-0.65466141,0.729917565,0.10058568
1764505232.1967432,-6.9433,1.38866,-0.47306,-0.65466141,0.729917565,0.10058568
1764505232.1967432,-6.9433,1.38866,-0.47306,-0.65466141,0.729917565,0.10058568
1764505232.1967432,-6.9433,1.38866,-0.47306,-0.65466141,0.729917565,0.10058568
1764505232.1967432,-6.9433,1.38866,-0.47306,-0.65466141,0.729917565,0.10058568
1764505232.1967432,-5.1121,1.32762,-0.06104,-0.654600375,0.7288189350000001,0.10217259
1764505232.1967432,-5.1121,1.32762,-0.06104,-0.654600375,0.7288189350000001,0.10217259
1764505232.1977518,-5.1121,1.32762,-0.06104,-0.654600375,0.7288189350000001,0.10217259
1764505232.1977518,-5.1121,1.32762,-0.06104,-0.654600375,0.7288189350000001,0.10217259
1764505232.1977518,-5.1121,1.32762,-0.06104,-0.654600375,0.7288189350000001,0.10217259
1764505232.1977518,-5.1121,1.32762,-0.06104,-0.654600375,0.7288189350000001,0.10217259
1764505232.1977518,-5.1121,1.32762,-0.06104,-0.654600375,0.7288189350000001,0.10217259
1764505232.1977518,-5.1121,1.32762,-0.06104,-0.654600375,0.7288189350000001,0.10217259
1764505232.1977518,-5.1121,1.32762,-0.06104,-0.654600375,0.7288189350000001,0.10217259
1764505232.1977518,-5.1121,1.32762,-0.06104,-0.654600375,0.7288189350000001,0.10217259
1764505232.1977518,-4.13546,1.38866,-0.04578,-0.65478348,0.7293072150000001,0.102477765
1764505232.1977518,-4.13546,1.38866,-0.04578,-0.65478348,0.7293072150000001,0.102477765
1764505232.1977518,-4.13546,1.38866,-0.04578,-0.65478348,0.7293072150000001,0.102477765
1764505232.1977518,-4.13546,1.38866,-0.04578,-0.65478348,0.7293072150000001,0.102477765
1764505232.19926,-4.13546,1.38866,-0.04578,-0.65478348,0.7293072150000001,0.102477765
1764505232.19926,-4.13546,1.38866,-0.04578,-0.65478348,0.7293072150000001,0.102477765
1764505232.2402966,-4.13546,1.38866,-0.04578,-0.65478348,0.7293072150000001,0.102477765
1764505232.2402966,-4.13546,1.38866,-0.04578,-0.65478348,0.7293072150000001,0.102477765
1764505232.2402966,-4.13546,1.38866,-0.04578,-0.65478348,0.7293072150000001,0.102477765
1764505232.2402966,-4.13546,1.38866,-0.04578,-0.65478348,0.7293072150000001,0.102477765
1764505232.2412982,-4.94424,1.63282,-0.06104,-0.65417313,0.730527915,0.102355695
1764505232.2412982,-4.94424,1.63282,-0.06104,-0.65417313,0.730527915,0.102355695
1764505232.2412982,-4.94424,1.63282,-0.06104,-0.65417313,0.730527915,0.102355695
1764505232.2418046,-4.94424,1.63282,-0.06104,-0.65417313,0.730527915,0.102355695
1764505232.2418046,-4.94424,1.63282,-0.06104,-0.65417313,0.730527915,0.102355695
1764505232.2418046,-4.94424,1.63282,-0.06104,-0.65417313,0.730527915,0.102355695
1764505232.2418046,-4.94424,1.63282,-0.06104,-0.65417313,0.730527915,0.102355695
1764505232.2418046,-4.94424,1.63282,-0.06104,-0.65417313,0.730527915,0.102355695
1764505232.2418046,-4.94424,1.63282,-0.06104,-0.65417313,0.730527915,0.102355695
1764505232.2418046,-4.94424,1.63282,-0.06104,-0.65417313,0.730527915,0.102355695
1764505232.2418046,-6.04296,1.0682,0.41202,-0.65527176,0.73046688,0.101989485
1764505232.2418046,-6.04296,1.0682,0.41202,-0.65527176,0.73046688,0.101989485
1764505232.2418046,-6.04296,1.0682,0.41202,-0.65527176,0.73046688,0.101989485
1764505232.2418046,-6.04296,1.0682,0.41202,-0.65527176,0.73046688,0.101989485
1764505232.2418046,-6.04296,1.0682,0.41202,-0.65527176,0.73046688,0.101989485
1764505232.2418046,-6.04296,1.0682,0.41202,-0.65527176,0.73046688,0.101989485
1764505232.2418046,-6.04296,1.0682,0.41202,-0.65527176,0.73046688,0.101989485
1764505232.2418046,-6.04296,1.0682,0.41202,-0.65527176,0.73046688,0.101989485
1764505232.2428043,-6.04296,1.0682,0.41202,-0.65527176,0.73046688,0.101989485
1764505232.2428043,-6.04296,1.0682,0.41202,-0.65527176,0.73046688,0.101989485
1764505232.2851748,-6.69914,0.04578,0.25942,-0.65612625,0.73071102,0.101867415
1764505232.2851748,-6.69914,0.04578,0.25942,-0.65612625,0.73071102,0.101867415
1764505232.2851748,-6.69914,0.04578,0.25942,-0.65612625,0.73071102,0.101867415
1764505232.2851748,-6.69914,0.04578,0.25942,-0.65612625,0.73071102,0.101867415
1764505232.2851748,-6.69914,0.04578,0.25942,-0.65612625,0.73071102,0.101867415
1764505232.2851748,-6.69914,0.04578,0.25942,-0.65612625,0.73071102,0.101867415
1764505232.2851748,-6.69914,0.04578,0.25942,-0.65612625,0.73071102,0.101867415
1764505232.2851748,-6.69914,0.04578,0.25942,-0.65612625,0.73071102,0.101867415
1764505232.286187,-6.69914,0.04578,0.25942,-0.65612625,0.73071102,0.101867415
1764505232.286187,-6.69914,0.04578,0.25942,-0.65612625,0.73071102,0.101867415
1764505232.286187,-5.98192,0.97664,-0.2289,-0.65588211,0.730405845,0.101623275
1764505232.286187,-5.98192,0.97664,-0.2289,-0.65588211,0.730405845,0.101623275
1764505232.286187,-5.98192,0.97664,-0.2289,-0.65588211,0.730405845,0.101623275
1764505232.286187,-5.98192,0.97664,-0.2289,-0.65588211,0.730405845,0.101623275
1764505232.286187,-5.98192,0.97664,-0.2289,-0.65588211,0.730405845,0.101623275
1764505232.287204,-5.98192,0.97664,-0.2289,-0.65588211,0.730405845,0.101623275
1764505232.287204,-5.98192,0.97664,-0.2289,-0.65588211,0.730405845,0.101623275
1764505232.287204,-5.98192,0.97664,-0.2289,-0.65588211,0.730405845,0.101623275
1764505232.287204,-5.98192,0.97664,-0.2289,-0.65588211,0.730405845,0.101623275
1764505232.2881837,-5.98192,0.97664,-0.2289,-0.65588211,0.730405845,0.101623275
1764505232.2881837,-5.58516,1.6022999999999998,-0.77826,-0.6538679550000001,0.729795495,0.1013181
1764505232.2881837,-5.58516,1.6022999999999998,-0.77826,-0.6538679550000001,0.729795495,0.1013181
1764505232.2881837,-5.58516,1.6022999999999998,-0.77826,-0.6538679550000001,0.729795495,0.1013181
1764505232.2881837,-5.58516,1.6022999999999998,-0.77826,-0.6538679550000001,0.729795495,0.1013181
1764505232.3322694,-5.58516,1.6022999999999998,-0.77826,-0.6538679550000001,0.729795495,0.1013181
1764505232.3322694,-5.58516,1.6022999999999998,-0.77826,-0.6538679550000001,0.729795495,0.1013181
1764505232.3322694,-5.58516,1.6022999999999998,-0.77826,-0.6538679550000001,0.729795495,0.1013181
1764505232.3322694,-5.58516,1.6022999999999998,-0.77826,-0.6538679550000001,0.729795495,0.1013181
1764505232.3322694,-5.58516,1.6022999999999998,-0.77826,-0.6538679550000001,0.729795495,0.1013181
1764505232.3322694,-5.58516,1.6022999999999998,-0.77826,-0.6538679550000001,0.729795495,0.1013181
1764505232.3322694,-5.52412,2.41108,0.0,-0.65392899,0.728574795,0.101379135
1764505232.3322694,-5.52412,2.41108,0.0,-0.65392899,0.728574795,0.101379135
1764505232.3322694,-5.52412,2.41108,0.0,-0.65392899,0.728574795,0.101379135
1764505232.3322694,-5.52412,2.41108,0.0,-0.65392899,0.728574795,0.101379135
1764505232.3322694,-5.52412,2.41108,0.0,-0.65392899,0.728574795,0.101379135
1764505232.3322694,-5.52412,2.41108,0.0,-0.65392899,0.728574795,0.101379135
1764505232.3322694,-5.52412,2.41108,0.0,-0.65392899,0.728574795,0.101379135
1764505232.3322694,-5.52412,2.41108,0.0,-0.65392899,0.728574795,0.101379135
1764505232.3338144,-5.52412,2.41108,0.0,-0.65392899,0.728574795,0.101379135
1764505232.3338144,-5.52412,2.41108,0.0,-0.65392899,0.728574795,0.101379135
1764505232.3338144,-5.29522,1.28184,0.7019599999999999,-0.655088655,0.727964445,0.101257065
1764505232.3338144,-5.29522,1.28184,0.7019599999999999,-0.655088655,0.727964445,0.101257065
1764505232.3338144,-5.29522,1.28184,0.7019599999999999,-0.655088655,0.727964445,0.101257065
1764505232.3338144,-5.29522,1.28184,0.7019599999999999,-0.655088655,0.727964445,0.101257065
1764505232.3338144,-5.29522,1.28184,0.7019599999999999,-0.655088655,0.727964445,0.101257065
1764505232.3338144,-5.29522,1.28184,0.7019599999999999,-0.655088655,0.727964445,0.101257065
1764505232.382577,-5.29522,1.28184,0.7019599999999999,-0.655088655,0.727964445,0.101257065
1764505232.382577,-5.29522,1.28184,0.7019599999999999,-0.655088655,0.727964445,0.101257065
1764505232.382577,-5.29522,1.28184,0.7019599999999999,-0.655088655,0.727964445,0.101257065
1764505232.382577,-5.29522,1.28184,0.7019599999999999,-0.655088655,0.727964445,0.101257065
1764505232.382577,-4.63904,0.8698199999999999,0.47306,-0.6543562350000001,0.729551355,0.10058568
1764505232.382577,-4.63904,0.8698199999999999,0.47306,-0.6543562350000001,0.729551355,0.10058568
1764505232.382577,-4.63904,0.8698199999999999,0.47306,-0.6543562350000001,0.729551355,0.10058568
1764505232.382577,-4.63904,0.8698199999999999,0.47306,-0.6543562350000001,0.729551355,0.10058568
1764505232.382577,-4.63904,0.8698199999999999,0.47306,-0.6543562350000001,0.729551355,0.10058568
1764505232.382577,-4.63904,0.8698199999999999,0.47306,-0.6543562350000001,0.729551355,0.10058568
1764505232.382577,-4.63904,0.8698199999999999,0.47306,-0.6543562350000001,0.729551355,0.10058568
1764505232.382577,-4.63904,0.8698199999999999,0.47306,-0.6543562350000001,0.729551355,0.10058568
1764505232.382577,-4.63904,0.8698199999999999,0.47306,-0.6543562350000001,0.729551355,0.10058568
1764505232.382577,-4.63904,0.8698199999999999,0.47306,-0.6543562350000001,0.729551355,0.10058568
1764505232.382577,-5.27996,1.8006799999999998,-0.24416,-0.653257605,0.732236895,0.100524645
1764505232.382577,-5.27996,1.8006799999999998,-0.24416,-0.653257605,0.732236895,0.100524645
1764505232.382577,-5.27996,1.8006799999999998,-0.24416,-0.653257605,0.732236895,0.100524645
1764505232.382577,-5.27996,1.8006799999999998,-0.24416,-0.653257605,0.732236895,0.100524645
1764505232.383583,-5.27996,1.8006799999999998,-0.24416,-0.653257605,0.732236895,0.100524645
1764505232.383583,-5.27996,1.8006799999999998,-0.24416,-0.653257605,0.732236895,0.100524645
1764505232.383583,-5.27996,1.8006799999999998,-0.24416,-0.653257605,0.732236895,0.100524645
1764505232.383583,-5.27996,1.8006799999999998,-0.24416,-0.653257605,0.732236895,0.100524645
1764505232.383583,-5.27996,1.8006799999999998,-0.24416,-0.653257605,0.732236895,0.100524645
1764505232.383583,-5.27996,1.8006799999999998,-0.24416,-0.653257605,0.732236895,0.100524645
1764505232.4257665,-7.00434,3.37246,-0.96138,-0.651426555,0.733457595,0.099670155
1764505232.4257665,-7.00434,3.37246,-0.96138,-0.651426555,0.733457595,0.099670155
1764505232.4257665,-7.00434,3.37246,-0.96138,-0.651426555,0.733457595,0.099670155
1764505232.4257665,-7.00434,3.37246,-0.96138,-0.651426555,0.733457595,0.099670155
1764505232.4267683,-7.00434,3.37246,-0.96138,-0.651426555,0.733457595,0.099670155
1764505232.4267683,-7.00434,3.37246,-0.96138,-0.651426555,0.733457595,0.099670155
1764505232.4267683,-7.00434,3.37246,-0.96138,-0.651426555,0.733457595,0.099670155
1764505232.4267683,-7.00434,3.37246,-0.96138,-0.651426555,0.733457595,0.099670155
1764505232.4279566,-7.00434,3.37246,-0.96138,-0.651426555,0.733457595,0.099670155
1764505232.4279566,-7.00434,3.37246,-0.96138,-0.651426555,0.733457595,0.099670155
1764505232.4279566,-8.36248,3.31142,-0.27468,-0.6518538,0.73217586,0.09948705
1764505232.4279566,-8.36248,3.31142,-0.27468,-0.6518538,0.73217586,0.09948705
1764505232.4279566,-8.36248,3.31142,-0.27468,-0.6518538,0.73217586,0.09948705
1764505232.4289548,-8.36248,3.31142,-0.27468,-0.6518538,0.73217586,0.09948705
1764505232.4289548,-8.36248,3.31142,-0.27468,-0.6518538,0.73217586,0.09948705
1764505232.4289548,-8.36248,3.31142,-0.27468,-0.6518538,0.73217586,0.09948705
1764505232.4289548,-8.36248,3.31142,-0.27468,-0.6518538,0.73217586,0.09948705
1764505232.4289548,-8.36248,3.31142,-0.27468,-0.6518538,0.73217586,0.09948705
1764505232.4289548,-8.36248,3.31142,-0.27468,-0.6518538,0.73217586,0.09948705
1764505232.4304636,-8.36248,3.31142,-0.27468,-0.6518538,0.73217586,0.09948705
1764505232.4304636,-6.790699999999999,3.21986,1.35814,-0.655332795,0.73010067,0.10058568
1764505232.4304636,-6.790699999999999,3.21986,1.35814,-0.655332795,0.73010067,0.10058568
1764505232.475839,-6.790699999999999,3.21986,1.35814,-0.655332795,0.73010067,0.10058568
1764505232.475839,-6.790699999999999,3.21986,1.35814,-0.655332795,0.73010067,0.10058568
1764505232.475839,-6.790699999999999,3.21986,1.35814,-0.655332795,0.73010067,0.10058568
1764505232.475839,-6.790699999999999,3.21986,1.35814,-0.655332795,0.73010067,0.10058568
1764505232.475839,-6.790699999999999,3.21986,1.35814,-0.655332795,0.73010067,0.10058568
1764505232.475839,-6.790699999999999,3.21986,1.35814,-0.655332795,0.73010067,0.10058568
1764505232.475839,-6.790699999999999,3.21986,1.35814,-0.655332795,0.73010067,0.10058568
1764505232.475839,-6.790699999999999,3.21986,1.35814,-0.655332795,0.73010067,0.10058568
1764505232.475839,-3.78448,1.4497,0.88508,-0.65783523,0.727598235,0.103210185
1764505232.475839,-3.78448,1.4497,0.88508,-0.65783523,0.727598235,0.103210185
1764505232.475839,-3.78448,1.4497,0.88508,-0.65783523,0.727598235,0.103210185
1764505232.475839,-3.78448,1.4497,0.88508,-0.65783523,0.727598235,0.103210185
1764505232.475839,-3.78448,1.4497,0.88508,-0.65783523,0.727598235,0.103210185
1764505232.475839,-3.78448,1.4497,0.88508,-0.65783523,0.727598235,0.103210185
1764505232.475839,-3.78448,1.4497,0.88508,-0.65783523,0.727598235,0.103210185
1764505232.475839,-3.78448,1.4497,0.88508,-0.65783523,0.727598235,0.103210185
1764505232.475839,-3.78448,1.4497,0.88508,-0.65783523,0.727598235,0.103210185
1764505232.475839,-3.78448,1.4497,0.88508,-0.65783523,0.727598235,0.103210185
1764505232.475839,-3.46402,1.69386,0.56462,-0.658750755,0.725278905,0.10522434
1764505232.475839,-3.46402,1.69386,0.56462,-0.658750755,0.725278905,0.10522434
1764505232.475839,-3.46402,1.69386,0.56462,-0.658750755,0.725278905,0.10522434
1764505232.4768667,-3.46402,1.69386,0.56462,-0.658750755,0.725278905,0.10522434
1764505232.4768667,-3.46402,1.69386,0.56462,-0.658750755,0.725278905,0.10522434
1764505232.4768667,-3.46402,1.69386,0.56462,-0.658750755,0.725278905,0.10522434
1764505232.5222952,-3.46402,1.69386,0.56462,-0.658750755,0.725278905,0.10522434
1764505232.5222952,-3.46402,1.69386,0.56462,-0.658750755,0.725278905,0.10522434
1764505232.5222952,-3.46402,1.69386,0.56462,-0.658750755,0.725278905,0.10522434
1764505232.5222952,-3.46402,1.69386,0.56462,-0.658750755,0.725278905,0.10522434
1764505232.5222952,-4.24228,0.96138,-0.03052,-0.66088698,0.725278905,0.10595676
1764505232.5222952,-4.24228,0.96138,-0.03052,-0.66088698,0.725278905,0.10595676
1764505232.5222952,-4.24228,0.96138,-0.03052,-0.66088698,0.725278905,0.10595676
1764505232.5222952,-4.24228,0.96138,-0.03052,-0.66088698,0.725278905,0.10595676
1764505232.5232952,-4.24228,0.96138,-0.03052,-0.66088698,0.725278905,0.10595676
1764505232.5232952,-4.24228,0.96138,-0.03052,-0.66088698,0.725278905,0.10595676
1764505232.5232952,-4.24228,0.96138,-0.03052,-0.66088698,0.725278905,0.10595676
1764505232.5232952,-4.24228,0.96138,-0.03052,-0.66088698,0.725278905,0.10595676
1764505232.5232952,-4.24228,0.96138,-0.03052,-0.66088698,0.725278905,0.10595676
1764505232.5232952,-4.24228,0.96138,-0.03052,-0.66088698,0.725278905,0.10595676
1764505232.5232952,-4.37962,0.27468,0.0762999999999999,-0.6606428400000001,0.726987885,0.105041235
1764505232.5232952,-4.37962,0.27468,0.0762999999999999,-0.6606428400000001,0.726987885,0.105041235
1764505232.5242896,-4.37962,0.27468,0.0762999999999999,-0.6606428400000001,0.726987885,0.105041235
1764505232.5242896,-4.37962,0.27468,0.0762999999999999,-0.6606428400000001,0.726987885,0.105041235
1764505232.5242896,-4.37962,0.27468,0.0762999999999999,-0.6606428400000001,0.726987885,0.105041235
1764505232.5242896,-4.37962,0.27468,0.0762999999999999,-0.6606428400000001,0.726987885,0.105041235
1764505232.5242896,-4.37962,0.27468,0.0762999999999999,-0.6606428400000001,0.726987885,0.105041235
1764505232.5251098,-4.37962,0.27468,0.0762999999999999,-0.6606428400000001,0.726987885,0.105041235
1764505232.5716715,-4.37962,0.27468,0.0762999999999999,-0.6606428400000001,0.726987885,0.105041235
1764505232.5716715,-4.37962,0.27468,0.0762999999999999,-0.6606428400000001,0.726987885,0.105041235
1764505232.5716715,-3.17408,0.54936,-0.1525999999999999,-0.659178,0.729185145,0.103942605
1764505232.5716715,-3.17408,0.54936,-0.1525999999999999,-0.659178,0.729185145,0.103942605
1764505232.5716715,-3.17408,0.54936,-0.1525999999999999,-0.659178,0.729185145,0.103942605
1764505232.5716715,-3.17408,0.54936,-0.1525999999999999,-0.659178,0.729185145,0.103942605
1764505232.5716715,-3.17408,0.54936,-0.1525999999999999,-0.659178,0.729185145,0.103942605
1764505232.5716715,-3.17408,0.54936,-0.1525999999999999,-0.659178,0.729185145,0.103942605
1764505232.5716715,-3.17408,0.54936,-0.1525999999999999,-0.659178,0.729185145,0.103942605
1764505232.5716715,-3.17408,0.54936,-0.1525999999999999,-0.659178,0.729185145,0.103942605
1764505232.5716715,-3.17408,0.54936,-0.1525999999999999,-0.659178,0.729185145,0.103942605
1764505232.5716715,-3.17408,0.54936,-0.1525999999999999,-0.659178,0.729185145,0.103942605
1764505232.5716715,-3.8913,0.77826,-0.2289,-0.65746902,0.73156551,0.101501205
1764505232.5716715,-3.8913,0.77826,-0.2289,-0.65746902,0.73156551,0.101501205
1764505232.5716715,-3.8913,0.77826,-0.2289,-0.65746902,0.73156551,0.101501205
1764505232.5716715,-3.8913,0.77826,-0.2289,-0.65746902,0.73156551,0.101501205
1764505232.5716715,-3.8913,0.77826,-0.2289,-0.65746902,0.73156551,0.101501205
1764505232.5716715,-3.8913,0.77826,-0.2289,-0.65746902,0.73156551,0.101501205
1764505232.5716715,-3.8913,0.77826,-0.2289,-0.65746902,0.73156551,0.101501205
1764505232.5716715,-3.8913,0.77826,-0.2289,-0.65746902,0.73156551,0.101501205
1764505232.5716715,-3.8913,0.77826,-0.2289,-0.65746902,0.73156551,0.101501205
1764505232.5716715,-3.8913,0.77826,-0.2289,-0.65746902,0.73156551,0.101501205
1764505232.5726843,-5.38678,1.38866,0.39676,-0.655454865,0.73315242,0.10082982
1764505232.5726843,-5.38678,1.38866,0.39676,-0.655454865,0.73315242,0.10082982
1764505232.5726843,-5.38678,1.38866,0.39676,-0.655454865,0.73315242,0.10082982
1764505232.5726843,-5.38678,1.38866,0.39676,-0.655454865,0.73315242,0.10082982
1764505232.61473,-5.38678,1.38866,0.39676,-0.655454865,0.73315242,0.10082982
1764505232.615728,-5.38678,1.38866,0.39676,-0.655454865,0.73315242,0.10082982
1764505232.6159291,-5.38678,1.38866,0.39676,-0.655454865,0.73315242,0.10082982
1764505232.6159291,-5.38678,1.38866,0.39676,-0.655454865,0.73315242,0.10082982
1764505232.6159291,-5.38678,1.38866,0.39676,-0.655454865,0.73315242,0.10082982
1764505232.6159291,-5.38678,1.38866,0.39676,-0.655454865,0.73315242,0.10082982
1764505232.6169372,-6.683879999999999,1.86172,0.18312,-0.65502762,0.73315242,0.100402575
1764505232.6169372,-6.683879999999999,1.86172,0.18312,-0.65502762,0.73315242,0.100402575
1764505232.6169372,-6.683879999999999,1.86172,0.18312,-0.65502762,0.73315242,0.100402575
1764505232.6169372,-6.683879999999999,1.86172,0.18312,-0.65502762,0.73315242,0.100402575
1764505232.6169372,-6.683879999999999,1.86172,0.18312,-0.65502762,0.73315242,0.100402575
1764505232.6169372,-6.683879999999999,1.86172,0.18312,-0.65502762,0.73315242,0.100402575
1764505232.6169372,-6.683879999999999,1.86172,0.18312,-0.65502762,0.73315242,0.100402575
1764505232.6169372,-6.683879999999999,1.86172,0.18312,-0.65502762,0.73315242,0.100402575
1764505232.6179392,-6.683879999999999,1.86172,0.18312,-0.65502762,0.73315242,0.100402575
1764505232.6179392,-6.683879999999999,1.86172,0.18312,-0.65502762,0.73315242,0.100402575
1764505232.6179392,-7.29428,1.89224,0.3357199999999999,-0.6542952,0.732358965,0.10070775
1764505232.6179392,-7.29428,1.89224,0.3357199999999999,-0.6542952,0.732358965,0.10070775
1764505232.6179392,-7.29428,1.89224,0.3357199999999999,-0.6542952,0.732358965,0.10070775
1764505232.6179392,-7.29428,1.89224,0.3357199999999999,-0.6542952,0.732358965,0.10070775
1764505232.6179392,-7.29428,1.89224,0.3357199999999999,-0.6542952,0.732358965,0.10070775
1764505232.6189363,-7.29428,1.89224,0.3357199999999999,-0.6542952,0.732358965,0.10070775
1764505232.6623783,-7.29428,1.89224,0.3357199999999999,-0.6542952,0.732358965,0.10070775
1764505232.6623783,-7.29428,1.89224,0.3357199999999999,-0.6542952,0.732358965,0.10070775
1764505232.6623783,-7.29428,1.89224,0.3357199999999999,-0.6542952,0.732358965,0.10070775
1764505232.663407,-7.29428,1.89224,0.3357199999999999,-0.6542952,0.732358965,0.10070775
1764505232.663407,-6.14978,1.8006799999999998,0.25942,-0.65405106,0.731016195,0.101257065
1764505232.663407,-6.14978,1.8006799999999998,0.25942,-0.65405106,0.731016195,0.101257065
1764505232.663407,-6.14978,1.8006799999999998,0.25942,-0.65405106,0.731016195,0.101257065
1764505232.663407,-6.14978,1.8006799999999998,0.25942,-0.65405106,0.731016195,0.101257065
1764505232.663407,-6.14978,1.8006799999999998,0.25942,-0.65405106,0.731016195,0.101257065
1764505232.663407,-6.14978,1.8006799999999998,0.25942,-0.65405106,0.731016195,0.101257065
1764505232.663407,-6.14978,1.8006799999999998,0.25942,-0.65405106,0.731016195,0.101257065
1764505232.663407,-6.14978,1.8006799999999998,0.25942,-0.65405106,0.731016195,0.101257065
1764505232.663407,-6.14978,1.8006799999999998,0.25942,-0.65405106,0.731016195,0.101257065
1764505232.663407,-6.14978,1.8006799999999998,0.25942,-0.65405106,0.731016195,0.101257065
1764505232.663407,-5.096839999999999,1.6786,0.65618,-0.654478305,0.72912411,0.10156224
1764505232.6644075,-5.096839999999999,1.6786,0.65618,-0.654478305,0.72912411,0.10156224
1764505232.6644075,-5.096839999999999,1.6786,0.65618,-0.654478305,0.72912411,0.10156224
1764505232.6647782,-5.096839999999999,1.6786,0.65618,-0.654478305,0.72912411,0.10156224
1764505232.664986,-5.096839999999999,1.6786,0.65618,-0.654478305,0.72912411,0.10156224
1764505232.664986,-5.096839999999999,1.6786,0.65618,-0.654478305,0.72912411,0.10156224
1764505232.6651926,-5.096839999999999,1.6786,0.65618,-0.654478305,0.72912411,0.10156224
1764505232.6651926,-5.096839999999999,1.6786,0.65618,-0.654478305,0.72912411,0.10156224
1764505232.6651926,-5.096839999999999,1.6786,0.65618,-0.654478305,0.72912411,0.10156224
1764505232.6651926,-5.096839999999999,1.6786,0.65618,-0.654478305,0.72912411,0.10156224
1764505232.706612,-3.93708,1.9075,0.1525999999999999,-0.654966585,0.726133395,0.10278294
1764505232.706612,-3.93708,1.9075,0.1525999999999999,-0.654966585,0.726133395,0.10278294
1764505232.706612,-3.93708,1.9075,0.1525999999999999,-0.654966585,0.726133395,0.10278294
1764505232.706612,-3.93708,1.9075,0.1525999999999999,-0.654966585,0.726133395,0.10278294
1764505232.706612,-3.93708,1.9075,0.1525999999999999,-0.654966585,0.726133395,0.10278294
1764505232.706612,-3.93708,1.9075,0.1525999999999999,-0.654966585,0.726133395,0.10278294
1764505232.706612,-3.93708,1.9075,0.1525999999999999,-0.654966585,0.726133395,0.10278294
1764505232.707625,-3.93708,1.9075,0.1525999999999999,-0.654966585,0.726133395,0.10278294
1764505232.707625,-3.93708,1.9075,0.1525999999999999,-0.654966585,0.726133395,0.10278294
1764505232.707625,-3.93708,1.9075,0.1525999999999999,-0.654966585,0.726133395,0.10278294
1764505232.708541,-2.53316,1.57178,0.4578,-0.656065215,0.72546201,0.10388157
1764505232.708541,-2.53316,1.57178,0.4578,-0.656065215,0.72546201,0.10388157
1764505232.708541,-2.53316,1.57178,0.4578,-0.656065215,0.72546201,0.10388157
1764505232.708541,-2.53316,1.57178,0.4578,-0.656065215,0.72546201,0.10388157
1764505232.708541,-2.53316,1.57178,0.4578,-0.656065215,0.72546201,0.10388157
1764505232.708541,-2.53316,1.57178,0.4578,-0.656065215,0.72546201,0.10388157
1764505232.7096543,-2.53316,1.57178,0.4578,-0.656065215,0.72546201,0.10388157
1764505232.7096543,-2.53316,1.57178,0.4578,-0.656065215,0.72546201,0.10388157
1764505232.7096543,-2.53316,1.57178,0.4578,-0.656065215,0.72546201,0.10388157
1764505232.7106664,-2.53316,1.57178,0.4578,-0.656065215,0.72546201,0.10388157
1764505232.7106664,-2.91466,0.8392999999999999,1.2208,-0.657896265,0.726743745,0.10400364
1764505232.7106664,-2.91466,0.8392999999999999,1.2208,-0.657896265,0.726743745,0.10400364
1764505232.75499,-2.91466,0.8392999999999999,1.2208,-0.657896265,0.726743745,0.10400364
1764505232.75499,-2.91466,0.8392999999999999,1.2208,-0.657896265,0.726743745,0.10400364
1764505232.75499,-2.91466,0.8392999999999999,1.2208,-0.657896265,0.726743745,0.10400364
1764505232.75499,-2.91466,0.8392999999999999,1.2208,-0.657896265,0.726743745,0.10400364
1764505232.75499,-2.91466,0.8392999999999999,1.2208,-0.657896265,0.726743745,0.10400364
1764505232.75499,-2.91466,0.8392999999999999,1.2208,-0.657896265,0.726743745,0.10400364
1764505232.75499,-2.91466,0.8392999999999999,1.2208,-0.657896265,0.726743745,0.10400364
1764505232.75499,-2.91466,0.8392999999999999,1.2208,-0.657896265,0.726743745,0.10400364
1764505232.75499,-3.87604,-0.41202,0.77826,-0.65771316,0.729795495,0.10436985
1764505232.75499,-3.87604,-0.41202,0.77826,-0.65771316,0.729795495,0.10436985
1764505232.75499,-3.87604,-0.41202,0.77826,-0.65771316,0.729795495,0.10436985
1764505232.75499,-3.87604,-0.41202,0.77826,-0.65771316,0.729795495,0.10436985
1764505232.75499,-3.87604,-0.41202,0.77826,-0.65771316,0.729795495,0.10436985
1764505232.75499,-3.87604,-0.41202,0.77826,-0.65771316,0.729795495,0.10436985
1764505232.75499,-3.87604,-0.41202,0.77826,-0.65771316,0.729795495,0.10436985
1764505232.75499,-3.87604,-0.41202,0.77826,-0.65771316,0.729795495,0.10436985
1764505232.75499,-3.87604,-0.41202,0.77826,-0.65771316,0.729795495,0.10436985
1764505232.75499,-3.87604,-0.41202,0.77826,-0.65771316,0.729795495,0.10436985
1764505232.756263,-4.94424,0.96138,-0.5341,-0.656187285,0.7314434400000001,0.103454325
1764505232.756263,-4.94424,0.96138,-0.5341,-0.656187285,0.7314434400000001,0.103454325
1764505232.756263,-4.94424,0.96138,-0.5341,-0.656187285,0.7314434400000001,0.103454325
1764505232.756263,-4.94424,0.96138,-0.5341,-0.656187285,0.7314434400000001,0.103454325
1764505232.756263,-4.94424,0.96138,-0.5341,-0.656187285,0.7314434400000001,0.103454325
1764505232.756263,-4.94424,0.96138,-0.5341,-0.656187285,0.7314434400000001,0.103454325
1764505232.7997189,-4.94424,0.96138,-0.5341,-0.656187285,0.7314434400000001,0.103454325
1764505232.7997189,-4.94424,0.96138,-0.5341,-0.656187285,0.7314434400000001,0.103454325
1764505232.7997189,-4.94424,0.96138,-0.5341,-0.656187285,0.7314434400000001,0.103454325
1764505232.7997189,-4.94424,0.96138,-0.5341,-0.656187285,0.7314434400000001,0.103454325
1764505232.7997189,-6.53128,2.50264,-0.59514,-0.655576935,0.732236895,0.10290501
1764505232.7997189,-6.53128,2.50264,-0.59514,-0.655576935,0.732236895,0.10290501
1764505232.7997189,-6.53128,2.50264,-0.59514,-0.655576935,0.732236895,0.10290501
1764505232.7997189,-6.53128,2.50264,-0.59514,-0.655576935,0.732236895,0.10290501
1764505232.7997189,-6.53128,2.50264,-0.59514,-0.655576935,0.732236895,0.10290501
1764505232.7997189,-6.53128,2.50264,-0.59514,-0.655576935,0.732236895,0.10290501
1764505232.7997189,-6.53128,2.50264,-0.59514,-0.655576935,0.732236895,0.10290501
1764505232.7997189,-6.53128,2.50264,-0.59514,-0.655576935,0.732236895,0.10290501
1764505232.7997189,-6.53128,2.50264,-0.59514,-0.655576935,0.732236895,0.10290501
1764505232.7997189,-6.53128,2.50264,-0.59514,-0.655576935,0.732236895,0.10290501
1764505232.8009822,-5.24944,2.39582,-0.04578,-0.656919705,0.73168758,0.10278294
1764505232.8009822,-5.24944,2.39582,-0.04578,-0.656919705,0.73168758,0.10278294
1764505232.8009822,-5.24944,2.39582,-0.04578,-0.656919705,0.73168758,0.10278294
1764505232.8009822,-5.24944,2.39582,-0.04578,-0.656919705,0.73168758,0.10278294
1764505232.8009822,-5.24944,2.39582,-0.04578,-0.656919705,0.73168758,0.10278294
1764505232.8009822,-5.24944,2.39582,-0.04578,-0.656919705,0.73168758,0.10278294
1764505232.8009822,-5.24944,2.39582,-0.04578,-0.656919705,0.73168758,0.10278294
1764505232.8009822,-5.24944,2.39582,-0.04578,-0.656919705,0.73168758,0.10278294
1764505232.8009822,-5.24944,2.39582,-0.04578,-0.656919705,0.73168758,0.10278294
1764505232.8009822,-5.24944,2.39582,-0.04578,-0.656919705,0.73168758,0.10278294
1764505232.8484476,-5.8751,0.8698199999999999,0.93086,-0.65576004,0.73156551,0.103088115
1764505232.8484476,-5.8751,0.8698199999999999,0.93086,-0.65576004,0.73156551,0.103088115
1764505232.8484476,-5.8751,0.8698199999999999,0.93086,-0.65576004,0.73156551,0.103088115
1764505232.8484476,-5.8751,0.8698199999999999,0.93086,-0.65576004,0.73156551,0.103088115
1764505232.8484476,-5.8751,0.8698199999999999,0.93086,-0.65576004,0.73156551,0.103088115
1764505232.8484476,-5.8751,0.8698199999999999,0.93086,-0.65576004,0.73156551,0.103088115
1764505232.8484476,-5.8751,0.8698199999999999,0.93086,-0.65576004,0.73156551,0.103088115
1764505232.8484476,-5.8751,0.8698199999999999,0.93086,-0.65576004,0.73156551,0.103088115
1764505232.8484476,-5.8751,0.8698199999999999,0.93086,-0.65576004,0.73156551,0.103088115
1764505232.8484476,-5.8751,0.8698199999999999,0.93086,-0.65576004,0.73156551,0.103088115
1764505232.8484476,-6.14978,1.69386,1.63282,-0.654844515,0.731016195,0.103088115
1764505232.8484476,-6.14978,1.69386,1.63282,-0.654844515,0.731016195,0.103088115
1764505232.8484476,-6.14978,1.69386,1.63282,-0.654844515,0.731016195,0.103088115
1764505232.8484476,-6.14978,1.69386,1.63282,-0.654844515,0.731016195,0.103088115
1764505232.8484476,-6.14978,1.69386,1.63282,-0.654844515,0.731016195,0.103088115
1764505232.8484476,-6.14978,1.69386,1.63282,-0.654844515,0.731016195,0.103088115
1764505232.8484476,-6.14978,1.69386,1.63282,-0.654844515,0.731016195,0.103088115
1764505232.8484476,-6.14978,1.69386,1.63282,-0.654844515,0.731016195,0.103088115
1764505232.8484476,-6.14978,1.69386,1.63282,-0.654844515,0.731016195,0.103088115
1764505232.8484476,-6.14978,1.69386,1.63282,-0.654844515,0.731016195,0.103088115
1764505232.849456,-6.821219999999999,2.19744,1.4497,-0.655088655,0.73083309,0.103942605
1764505232.850253,-6.821219999999999,2.19744,1.4497,-0.655088655,0.73083309,0.103942605
1764505232.850253,-6.821219999999999,2.19744,1.4497,-0.655088655,0.73083309,0.103942605
1764505232.850253,-6.821219999999999,2.19744,1.4497,-0.655088655,0.73083309,0.103942605
1764505232.8940065,-6.821219999999999,2.19744,1.4497,-0.655088655,0.73083309,0.103942605
1764505232.8940065,-6.821219999999999,2.19744,1.4497,-0.655088655,0.73083309,0.103942605
1764505232.8940065,-6.821219999999999,2.19744,1.4497,-0.655088655,0.73083309,0.103942605
1764505232.8940065,-6.821219999999999,2.19744,1.4497,-0.655088655,0.73083309,0.103942605
1764505232.8940065,-6.821219999999999,2.19744,1.4497,-0.655088655,0.73083309,0.103942605
1764505232.8940065,-6.821219999999999,2.19744,1.4497,-0.655088655,0.73083309,0.103942605
1764505232.8940065,-5.96666,1.9838,-0.24416,-0.656675565,0.730405845,0.103698465
1764505232.8940065,-5.96666,1.9838,-0.24416,-0.656675565,0.730405845,0.103698465
1764505232.8940065,-5.96666,1.9838,-0.24416,-0.656675565,0.730405845,0.103698465
1764505232.8940065,-5.96666,1.9838,-0.24416,-0.656675565,0.730405845,0.103698465
1764505232.8940065,-5.96666,1.9838,-0.24416,-0.656675565,0.730405845,0.103698465
1764505232.8940065,-5.96666,1.9838,-0.24416,-0.656675565,0.730405845,0.103698465
1764505232.8940065,-5.96666,1.9838,-0.24416,-0.656675565,0.730405845,0.103698465
1764505232.8940065,-5.96666,1.9838,-0.24416,-0.656675565,0.730405845,0.103698465
1764505232.8940065,-5.96666,1.9838,-0.24416,-0.656675565,0.730405845,0.103698465
1764505232.8940065,-5.96666,1.9838,-0.24416,-0.656675565,0.730405845,0.103698465
1764505232.8940065,-6.50076,1.6786,-0.8392999999999999,-0.65527176,0.73022274,0.103698465
1764505232.8940065,-6.50076,1.6786,-0.8392999999999999,-0.65527176,0.73022274,0.103698465
1764505232.8940065,-6.50076,1.6786,-0.8392999999999999,-0.65527176,0.73022274,0.103698465
1764505232.8940065,-6.50076,1.6786,-0.8392999999999999,-0.65527176,0.73022274,0.103698465
1764505232.8940065,-6.50076,1.6786,-0.8392999999999999,-0.65527176,0.73022274,0.103698465
1764505232.8940065,-6.50076,1.6786,-0.8392999999999999,-0.65527176,0.73022274,0.103698465
1764505232.8940065,-6.50076,1.6786,-0.8392999999999999,-0.65527176,0.73022274,0.103698465
1764505232.8940065,-6.50076,1.6786,-0.8392999999999999,-0.65527176,0.73022274,0.103698465
1764505232.9428315,-6.50076,1.6786,-0.8392999999999999,-0.65527176,0.73022274,0.103698465
1764505232.9428315,-6.50076,1.6786,-0.8392999999999999,-0.65527176,0.73022274,0.103698465
1764505232.9428315,-5.55464,1.86172,-0.04578,-0.654234165,0.7288189350000001,0.103698465
1764505232.9443572,-5.55464,1.86172,-0.04578,-0.654234165,0.7288189350000001,0.103698465
1764505232.9443572,-5.55464,1.86172,-0.04578,-0.654234165,0.7288189350000001,0.103698465
1764505232.9443572,-5.55464,1.86172,-0.04578,-0.654234165,0.7288189350000001,0.103698465
1764505232.9443572,-5.55464,1.86172,-0.04578,-0.654234165,0.7288189350000001,0.103698465
1764505232.9443572,-5.55464,1.86172,-0.04578,-0.654234165,0.7288189350000001,0.103698465
1764505232.9443572,-5.55464,1.86172,-0.04578,-0.654234165,0.7288189350000001,0.103698465
1764505232.9443572,-5.55464,1.86172,-0.04578,-0.654234165,0.7288189350000001,0.103698465
1764505232.9443572,-5.55464,1.86172,-0.04578,-0.654234165,0.7288189350000001,0.103698465
1764505232.9454107,-5.55464,1.86172,-0.04578,-0.654234165,0.7288189350000001,0.103698465
1764505232.9455402,-3.9676,1.9075,0.3509799999999999,-0.6542952,0.72802548,0.104675025
1764505232.9456036,-3.9676,1.9075,0.3509799999999999,-0.6542952,0.72802548,0.104675025
1764505232.9456036,-3.9676,1.9075,0.3509799999999999,-0.6542952,0.72802548,0.104675025
1764505232.9456036,-3.9676,1.9075,0.3509799999999999,-0.6542952,0.72802548,0.104675025
1764505232.9456036,-3.9676,1.9075,0.3509799999999999,-0.6542952,0.72802548,0.104675025
1764505232.9456036,-3.9676,1.9075,0.3509799999999999,-0.6542952,0.72802548,0.104675025
1764505232.9456036,-3.9676,1.9075,0.3509799999999999,-0.6542952,0.72802548,0.104675025
1764505232.9456036,-3.9676,1.9075,0.3509799999999999,-0.6542952,0.72802548,0.104675025
1764505232.9456036,-3.9676,1.9075,0.3509799999999999,-0.6542952,0.72802548,0.104675025
1764505232.9466116,-3.9676,1.9075,0.3509799999999999,-0.6542952,0.72802548,0.104675025
1764505232.9876096,-3.72344,1.70912,1.2208,-0.65539383,0.7288189350000001,0.10400364
1764505232.9876096,-3.72344,1.70912,1.2208,-0.65539383,0.7288189350000001,0.10400364
1764505232.9876096,-3.72344,1.70912,1.2208,-0.65539383,0.7288189350000001,0.10400364
1764505232.9876096,-3.72344,1.70912,1.2208,-0.65539383,0.7288189350000001,0.10400364
1764505232.9886272,-3.72344,1.70912,1.2208,-0.65539383,0.7288189350000001,0.10400364
1764505232.9886272,-3.72344,1.70912,1.2208,-0.65539383,0.7288189350000001,0.10400364
1764505232.9886272,-3.72344,1.70912,1.2208,-0.65539383,0.7288189350000001,0.10400364
1764505232.9886272,-3.72344,1.70912,1.2208,-0.65539383,0.7288189350000001,0.10400364
1764505232.9886272,-3.72344,1.70912,1.2208,-0.65539383,0.7288189350000001,0.10400364
1764505232.9886272,-3.72344,1.70912,1.2208,-0.65539383,0.7288189350000001,0.10400364
1764505232.9900122,-4.60852,1.25132,1.43444,-0.6569807400000001,0.72961239,0.10339329
1764505232.9900122,-4.60852,1.25132,1.43444,-0.6569807400000001,0.72961239,0.10339329
1764505232.990518,-4.60852,1.25132,1.43444,-0.6569807400000001,0.72961239,0.10339329
1764505232.990518,-4.60852,1.25132,1.43444,-0.6569807400000001,0.72961239,0.10339329
1764505232.990518,-4.60852,1.25132,1.43444,-0.6569807400000001,0.72961239,0.10339329
1764505232.990518,-4.60852,1.25132,1.43444,-0.6569807400000001,0.72961239,0.10339329
1764505232.990518,-4.60852,1.25132,1.43444,-0.6569807400000001,0.72961239,0.10339329
1764505232.990518,-4.60852,1.25132,1.43444,-0.6569807400000001,0.72961239,0.10339329
1764505232.990518,-4.60852,1.25132,1.43444,-0.6569807400000001,0.72961239,0.10339329
1764505232.990518,-4.60852,1.25132,1.43444,-0.6569807400000001,0.72961239,0.10339329
1764505232.9915297,-5.98192,0.763,1.2208,-0.657774195,0.73010067,0.10400364
1764505232.9915297,-5.98192,0.763,1.2208,-0.657774195,0.73010067,0.10400364
1764505233.0377164,-5.98192,0.763,1.2208,-0.657774195,0.73010067,0.10400364
1764505233.0377164,-5.98192,0.763,1.2208,-0.657774195,0.73010067,0.10400364
1764505233.0377164,-5.98192,0.763,1.2208,-0.657774195,0.73010067,0.10400364
1764505233.0377164,-5.98192,0.763,1.2208,-0.657774195,0.73010067,0.10400364
1764505233.0377164,-5.98192,0.763,1.2208,-0.657774195,0.73010067,0.10400364
1764505233.0377164,-5.98192,0.763,1.2208,-0.657774195,0.73010067,0.10400364
1764505233.0377164,-5.98192,0.763,1.2208,-0.657774195,0.73010067,0.10400364
1764505233.0377164,-5.98192,0.763,1.2208,-0.657774195,0.73010067,0.10400364
1764505233.0377164,-5.06632,1.43444,0.28994,-0.657163845,0.728696865,0.10485813
1764505233.0377164,-5.06632,1.43444,0.28994,-0.657163845,0.728696865,0.10485813
1764505233.0377164,-5.06632,1.43444,0.28994,-0.657163845,0.728696865,0.10485813
1764505233.0377164,-5.06632,1.43444,0.28994,-0.657163845,0.728696865,0.10485813
1764505233.0377164,-5.06632,1.43444,0.28994,-0.657163845,0.728696865,0.10485813
1764505233.0377164,-5.06632,1.43444,0.28994,-0.657163845,0.728696865,0.10485813
1764505233.0377164,-5.06632,1.43444,0.28994,-0.657163845,0.728696865,0.10485813
1764505233.0377164,-5.06632,1.43444,0.28994,-0.657163845,0.728696865,0.10485813
1764505233.0377164,-5.06632,1.43444,0.28994,-0.657163845,0.728696865,0.10485813
1764505233.0377164,-5.06632,1.43444,0.28994,-0.657163845,0.728696865,0.10485813
1764505233.0377164,-3.47928,1.35814,-0.4578,-0.657163845,0.72704892,0.106506075
1764505233.0377164,-3.47928,1.35814,-0.4578,-0.657163845,0.72704892,0.106506075
1764505233.0377164,-3.47928,1.35814,-0.4578,-0.657163845,0.72704892,0.106506075
1764505233.0377164,-3.47928,1.35814,-0.4578,-0.657163845,0.72704892,0.106506075
1764505233.0377164,-3.47928,1.35814,-0.4578,-0.657163845,0.72704892,0.106506075
1764505233.0387163,-3.47928,1.35814,-0.4578,-0.657163845,0.72704892,0.106506075
1764505233.0854287,-3.47928,1.35814,-0.4578,-0.657163845,0.72704892,0.106506075
1764505233.0854287,-3.47928,1.35814,-0.4578,-0.657163845,0.72704892,0.106506075
1764505233.0854287,-3.47928,1.35814,-0.4578,-0.657163845,0.72704892,0.106506075
1764505233.0854287,-3.47928,1.35814,-0.4578,-0.657163845,0.72704892,0.106506075
1764505233.0854287,-2.68576,0.79352,-0.50358,-0.658750755,0.72570615,0.107238495
1764505233.0854287,-2.68576,0.79352,-0.50358,-0.658750755,0.72570615,0.107238495
1764505233.0854287,-2.68576,0.79352,-0.50358,-0.658750755,0.72570615,0.107238495
1764505233.0854287,-2.68576,0.79352,-0.50358,-0.658750755,0.72570615,0.107238495
1764505233.0854287,-2.68576,0.79352,-0.50358,-0.658750755,0.72570615,0.107238495
1764505233.0854287,-2.68576,0.79352,-0.50358,-0.658750755,0.72570615,0.107238495
1764505233.0854287,-2.68576,0.79352,-0.50358,-0.658750755,0.72570615,0.107238495
1764505233.0854287,-2.68576,0.79352,-0.50358,-0.658750755,0.72570615,0.107238495
1764505233.0854287,-2.68576,0.79352,-0.50358,-0.658750755,0.72570615,0.107238495
1764505233.0859425,-2.68576,0.79352,-0.50358,-0.658750755,0.72570615,0.107238495
1764505233.0859425,-2.24322,-1.2971,0.82404,-0.660093525,0.72643857,0.10876437
1764505233.0859425,-2.24322,-1.2971,0.82404,-0.660093525,0.72643857,0.10876437
1764505233.0859425,-2.24322,-1.2971,0.82404,-0.660093525,0.72643857,0.10876437
1764505233.0859425,-2.24322,-1.2971,0.82404,-0.660093525,0.72643857,0.10876437
1764505233.0859425,-2.24322,-1.2971,0.82404,-0.660093525,0.72643857,0.10876437
1764505233.0859425,-2.24322,-1.2971,0.82404,-0.660093525,0.72643857,0.10876437
1764505233.0859425,-2.24322,-1.2971,0.82404,-0.660093525,0.72643857,0.10876437
1764505233.0859425,-2.24322,-1.2971,0.82404,-0.660093525,0.72643857,0.10876437
1764505233.0859425,-2.24322,-1.2971,0.82404,-0.660093525,0.72643857,0.10876437
1764505233.0859425,-2.24322,-1.2971,0.82404,-0.660093525,0.72643857,0.10876437
1764505233.1294148,-0.94612,-3.52506,1.31236,-0.658628685,0.72900204,0.111022665
1764505233.1294148,-0.94612,-3.52506,1.31236,-0.658628685,0.72900204,0.111022665
1764505233.1294148,-0.94612,-3.52506,1.31236,-0.658628685,0.72900204,0.111022665
1764505233.1294148,-0.94612,-3.52506,1.31236,-0.658628685,0.72900204,0.111022665
1764505233.1294148,-0.94612,-3.52506,1.31236,-0.658628685,0.72900204,0.111022665
1764505233.1294148,-0.94612,-3.52506,1.31236,-0.658628685,0.72900204,0.111022665
1764505233.1294148,-0.94612,-3.52506,1.31236,-0.658628685,0.72900204,0.111022665
1764505233.1294148,-0.94612,-3.52506,1.31236,-0.658628685,0.72900204,0.111022665
1764505233.1304176,-0.94612,-3.52506,1.31236,-0.658628685,0.72900204,0.111022665
1764505233.1304176,-0.94612,-3.52506,1.31236,-0.658628685,0.72900204,0.111022665
1764505233.1304176,-0.18312,-2.57894,2.42634,-0.65868972,0.73205379,0.11096163
1764505233.1304176,-0.18312,-2.57894,2.42634,-0.65868972,0.73205379,0.11096163
1764505233.1304176,-0.18312,-2.57894,2.42634,-0.65868972,0.73205379,0.11096163
1764505233.1304176,-0.18312,-2.57894,2.42634,-0.65868972,0.73205379,0.11096163
1764505233.1304176,-0.18312,-2.57894,2.42634,-0.65868972,0.73205379,0.11096163
1764505233.1304176,-0.18312,-2.57894,2.42634,-0.65868972,0.73205379,0.11096163
1764505233.1304176,-0.18312,-2.57894,2.42634,-0.65868972,0.73205379,0.11096163
1764505233.1304176,-0.18312,-2.57894,2.42634,-0.65868972,0.73205379,0.11096163
1764505233.1319451,-0.18312,-2.57894,2.42634,-0.65868972,0.73205379,0.11096163
1764505233.1319451,-0.18312,-2.57894,2.42634,-0.65868972,0.73205379,0.11096163
1764505233.1319451,-2.10588,-3.78448,1.54126,-0.6575300550000001,0.739316955,0.10925265
1764505233.1328423,-2.10588,-3.78448,1.54126,-0.6575300550000001,0.739316955,0.10925265
1764505233.174286,-2.10588,-3.78448,1.54126,-0.6575300550000001,0.739316955,0.10925265
1764505233.174286,-2.10588,-3.78448,1.54126,-0.6575300550000001,0.739316955,0.10925265
1764505233.174286,-2.10588,-3.78448,1.54126,-0.6575300550000001,0.739316955,0.10925265
1764505233.174286,-2.10588,-3.78448,1.54126,-0.6575300550000001,0.739316955,0.10925265
1764505233.174286,-2.10588,-3.78448,1.54126,-0.6575300550000001,0.739316955,0.10925265
1764505233.174286,-2.10588,-3.78448,1.54126,-0.6575300550000001,0.739316955,0.10925265
1764505233.174286,-2.10588,-3.78448,1.54126,-0.6575300550000001,0.739316955,0.10925265
1764505233.174286,-2.10588,-3.78448,1.54126,-0.6575300550000001,0.739316955,0.10925265
1764505233.174286,-4.76112,-1.61756,-0.0762999999999999,-0.654722445,0.74157525,0.105285375
1764505233.174286,-4.76112,-1.61756,-0.0762999999999999,-0.654722445,0.74157525,0.105285375
1764505233.174286,-4.76112,-1.61756,-0.0762999999999999,-0.654722445,0.74157525,0.105285375
1764505233.174286,-4.76112,-1.61756,-0.0762999999999999,-0.654722445,0.74157525,0.105285375
1764505233.1760426,-4.76112,-1.61756,-0.0762999999999999,-0.654722445,0.74157525,0.105285375
1764505233.1760426,-4.76112,-1.61756,-0.0762999999999999,-0.654722445,0.74157525,0.105285375
1764505233.1760426,-4.76112,-1.61756,-0.0762999999999999,-0.654722445,0.74157525,0.105285375
1764505233.1760426,-4.76112,-1.61756,-0.0762999999999999,-0.654722445,0.74157525,0.105285375
1764505233.1760426,-4.76112,-1.61756,-0.0762999999999999,-0.654722445,0.74157525,0.105285375
1764505233.1760426,-4.76112,-1.61756,-0.0762999999999999,-0.654722445,0.74157525,0.105285375
1764505233.1760426,-8.27092,0.12208,-0.8087799999999999,-0.652525185,0.740171445,0.10192845
1764505233.1770537,-8.27092,0.12208,-0.8087799999999999,-0.652525185,0.740171445,0.10192845
1764505233.1770537,-8.27092,0.12208,-0.8087799999999999,-0.652525185,0.740171445,0.10192845
1764505233.1770537,-8.27092,0.12208,-0.8087799999999999,-0.652525185,0.740171445,0.10192845
1764505233.1770537,-8.27092,0.12208,-0.8087799999999999,-0.652525185,0.740171445,0.10192845
1764505233.1770537,-8.27092,0.12208,-0.8087799999999999,-0.652525185,0.740171445,0.10192845
1764505233.1770537,-8.27092,0.12208,-0.8087799999999999,-0.652525185,0.740171445,0.10192845
1764505233.1770537,-8.27092,0.12208,-0.8087799999999999,-0.652525185,0.740171445,0.10192845
1764505233.2249844,-8.27092,0.12208,-0.8087799999999999,-0.652525185,0.740171445,0.10192845
1764505233.2249844,-8.27092,0.12208,-0.8087799999999999,-0.652525185,0.740171445,0.10192845
1764505233.2249844,-8.255659999999999,2.24322,-1.09872,-0.650572065,0.73303035,0.09985326
1764505233.2249844,-8.255659999999999,2.24322,-1.09872,-0.650572065,0.73303035,0.09985326
1764505233.2249844,-8.255659999999999,2.24322,-1.09872,-0.650572065,0.73303035,0.09985326
1764505233.2249844,-8.255659999999999,2.24322,-1.09872,-0.650572065,0.73303035,0.09985326
1764505233.2249844,-8.255659999999999,2.24322,-1.09872,-0.650572065,0.73303035,0.09985326
1764505233.2249844,-8.255659999999999,2.24322,-1.09872,-0.650572065,0.73303035,0.09985326
1764505233.2249844,-8.255659999999999,2.24322,-1.09872,-0.650572065,0.73303035,0.09985326
1764505233.2249844,-8.255659999999999,2.24322,-1.09872,-0.650572065,0.73303035,0.09985326
1764505233.2249844,-8.255659999999999,2.24322,-1.09872,-0.650572065,0.73303035,0.09985326
1764505233.2249844,-8.255659999999999,2.24322,-1.09872,-0.650572065,0.73303035,0.09985326
1764505233.2249844,-6.027699999999999,2.35004,-0.18312,-0.6506331,0.726255465,0.099548085
1764505233.2249844,-6.027699999999999,2.35004,-0.18312,-0.6506331,0.726255465,0.099548085
1764505233.2249844,-6.027699999999999,2.35004,-0.18312,-0.6506331,0.726255465,0.099548085
1764505233.2249844,-6.027699999999999,2.35004,-0.18312,-0.6506331,0.726255465,0.099548085
1764505233.2249844,-6.027699999999999,2.35004,-0.18312,-0.6506331,0.726255465,0.099548085
1764505233.2249844,-6.027699999999999,2.35004,-0.18312,-0.6506331,0.726255465,0.099548085
1764505233.2249844,-6.027699999999999,2.35004,-0.18312,-0.6506331,0.726255465,0.099548085
1764505233.2249844,-6.027699999999999,2.35004,-0.18312,-0.6506331,0.726255465,0.099548085
1764505233.2249844,-6.027699999999999,2.35004,-0.18312,-0.6506331,0.726255465,0.099548085
1764505233.2249844,-6.027699999999999,2.35004,-0.18312,-0.6506331,0.726255465,0.099548085
1764505233.2689984,-2.48738,1.81594,0.79352,-0.65014482,0.72192198,0.099792225
1764505233.2689984,-2.48738,1.81594,0.79352,-0.65014482,0.72192198,0.099792225
1764505233.2689984,-2.48738,1.81594,0.79352,-0.65014482,0.72192198,0.099792225
1764505233.2689984,-2.48738,1.81594,0.79352,-0.65014482,0.72192198,0.099792225
1764505233.2689984,-2.48738,1.81594,0.79352,-0.65014482,0.72192198,0.099792225
1764505233.2689984,-2.48738,1.81594,0.79352,-0.65014482,0.72192198,0.099792225
1764505233.2689984,-2.48738,1.81594,0.79352,-0.65014482,0.72192198,0.099792225
1764505233.2689984,-2.48738,1.81594,0.79352,-0.65014482,0.72192198,0.099792225
1764505233.2689984,-2.48738,1.81594,0.79352,-0.65014482,0.72192198,0.099792225
1764505233.2689984,-2.48738,1.81594,0.79352,-0.65014482,0.72192198,0.099792225
1764505233.2705083,0.59514,2.09062,1.8312,-0.651426555,0.72033507,0.10021947
1764505233.271523,0.59514,2.09062,1.8312,-0.651426555,0.72033507,0.10021947
1764505233.271523,0.59514,2.09062,1.8312,-0.651426555,0.72033507,0.10021947
1764505233.271523,0.59514,2.09062,1.8312,-0.651426555,0.72033507,0.10021947
1764505233.271523,0.59514,2.09062,1.8312,-0.651426555,0.72033507,0.10021947
1764505233.2725368,0.59514,2.09062,1.8312,-0.651426555,0.72033507,0.10021947
1764505233.2725368,0.59514,2.09062,1.8312,-0.651426555,0.72033507,0.10021947
1764505233.2725368,0.59514,2.09062,1.8312,-0.651426555,0.72033507,0.10021947
1764505233.273281,0.59514,2.09062,1.8312,-0.651426555,0.72033507,0.10021947
1764505233.273281,0.59514,2.09062,1.8312,-0.651426555,0.72033507,0.10021947
1764505233.273616,1.2971,1.00716,1.99906,-0.654234165,0.72241026,0.10168431
1764505233.273616,1.2971,1.00716,1.99906,-0.654234165,0.72241026,0.10168431
1764505233.273616,1.2971,1.00716,1.99906,-0.654234165,0.72241026,0.10168431
1764505233.273616,1.2971,1.00716,1.99906,-0.654234165,0.72241026,0.10168431
1764505233.314828,1.2971,1.00716,1.99906,-0.654234165,0.72241026,0.10168431
1764505233.314828,1.2971,1.00716,1.99906,-0.654234165,0.72241026,0.10168431
1764505233.314828,1.2971,1.00716,1.99906,-0.654234165,0.72241026,0.10168431
1764505233.314828,1.2971,1.00716,1.99906,-0.654234165,0.72241026,0.10168431
1764505233.314828,1.2971,1.00716,1.99906,-0.654234165,0.72241026,0.10168431
1764505233.316379,1.2971,1.00716,1.99906,-0.654234165,0.72241026,0.10168431
1764505233.316379,1.55652,-0.09156,1.32762,-0.657163845,0.725278905,0.10424778
1764505233.316379,1.55652,-0.09156,1.32762,-0.657163845,0.725278905,0.10424778
1764505233.316379,1.55652,-0.09156,1.32762,-0.657163845,0.725278905,0.10424778
1764505233.316379,1.55652,-0.09156,1.32762,-0.657163845,0.725278905,0.10424778
1764505233.316379,1.55652,-0.09156,1.32762,-0.657163845,0.725278905,0.10424778
1764505233.316379,1.55652,-0.09156,1.32762,-0.657163845,0.725278905,0.10424778
1764505233.316379,1.55652,-0.09156,1.32762,-0.657163845,0.725278905,0.10424778
1764505233.316379,1.55652,-0.09156,1.32762,-0.657163845,0.725278905,0.10424778
1764505233.316379,1.55652,-0.09156,1.32762,-0.657163845,0.725278905,0.10424778
1764505233.316379,1.55652,-0.09156,1.32762,-0.657163845,0.725278905,0.10424778
1764505233.316379,0.8698199999999999,0.3815,0.44254,-0.6569807400000001,0.729673425,0.106506075
1764505233.316379,0.8698199999999999,0.3815,0.44254,-0.6569807400000001,0.729673425,0.106506075
1764505233.316379,0.8698199999999999,0.3815,0.44254,-0.6569807400000001,0.729673425,0.106506075
1764505233.316379,0.8698199999999999,0.3815,0.44254,-0.6569807400000001,0.729673425,0.106506075
1764505233.316379,0.8698199999999999,0.3815,0.44254,-0.6569807400000001,0.729673425,0.106506075
1764505233.316379,0.8698199999999999,0.3815,0.44254,-0.6569807400000001,0.729673425,0.106506075
1764505233.3625717,0.8698199999999999,0.3815,0.44254,-0.6569807400000001,0.729673425,0.106506075
1764505233.3625717,0.8698199999999999,0.3815,0.44254,-0.6569807400000001,0.729673425,0.106506075
1764505233.3625717,0.8698199999999999,0.3815,0.44254,-0.6569807400000001,0.729673425,0.106506075
1764505233.3625717,0.8698199999999999,0.3815,0.44254,-0.6569807400000001,0.729673425,0.106506075
1764505233.3625717,-1.31236,0.48832,-0.3815,-0.65722488,0.7335186300000001,0.106750215
1764505233.3625717,-1.31236,0.48832,-0.3815,-0.65722488,0.7335186300000001,0.106750215
1764505233.3625717,-1.31236,0.48832,-0.3815,-0.65722488,0.7335186300000001,0.106750215
1764505233.3625717,-1.31236,0.48832,-0.3815,-0.65722488,0.7335186300000001,0.106750215
1764505233.36359,-1.31236,0.48832,-0.3815,-0.65722488,0.7335186300000001,0.106750215
1764505233.36359,-1.31236,0.48832,-0.3815,-0.65722488,0.7335186300000001,0.106750215
1764505233.36359,-1.31236,0.48832,-0.3815,-0.65722488,0.7335186300000001,0.106750215
1764505233.36359,-1.31236,0.48832,-0.3815,-0.65722488,0.7335186300000001,0.106750215
1764505233.36359,-1.31236,0.48832,-0.3815,-0.65722488,0.7335186300000001,0.106750215
1764505233.36359,-1.31236,0.48832,-0.3815,-0.65722488,0.7335186300000001,0.106750215
1764505233.3646054,-3.60136,1.2055399999999998,-0.10682,-0.65637039,0.73705866,0.10559055
1764505233.3646054,-3.60136,1.2055399999999998,-0.10682,-0.65637039,0.73705866,0.10559055
1764505233.3646054,-3.60136,1.2055399999999998,-0.10682,-0.65637039,0.73705866,0.10559055
1764505233.3646054,-3.60136,1.2055399999999998,-0.10682,-0.65637039,0.73705866,0.10559055
1764505233.3646054,-3.60136,1.2055399999999998,-0.10682,-0.65637039,0.73705866,0.10559055
1764505233.3646054,-3.60136,1.2055399999999998,-0.10682,-0.65637039,0.73705866,0.10559055
1764505233.3646054,-3.60136,1.2055399999999998,-0.10682,-0.65637039,0.73705866,0.10559055
1764505233.3646054,-3.60136,1.2055399999999998,-0.10682,-0.65637039,0.73705866,0.10559055
1764505233.3646054,-3.60136,1.2055399999999998,-0.10682,-0.65637039,0.73705866,0.10559055
1764505233.3646054,-3.60136,1.2055399999999998,-0.10682,-0.65637039,0.73705866,0.10559055
1764505233.4081163,-5.9514,1.9838,0.3509799999999999,-0.65478348,0.735898995,0.10339329
1764505233.4081163,-5.9514,1.9838,0.3509799999999999,-0.65478348,0.735898995,0.10339329
1764505233.409133,-5.9514,1.9838,0.3509799999999999,-0.65478348,0.735898995,0.10339329
1764505233.409133,-5.9514,1.9838,0.3509799999999999,-0.65478348,0.735898995,0.10339329
1764505233.409133,-5.9514,1.9838,0.3509799999999999,-0.65478348,0.735898995,0.10339329
1764505233.409133,-5.9514,1.9838,0.3509799999999999,-0.65478348,0.735898995,0.10339329
1764505233.409133,-5.9514,1.9838,0.3509799999999999,-0.65478348,0.735898995,0.10339329
1764505233.409133,-5.9514,1.9838,0.3509799999999999,-0.65478348,0.735898995,0.10339329
1764505233.4106414,-5.9514,1.9838,0.3509799999999999,-0.65478348,0.735898995,0.10339329
1764505233.4106414,-5.9514,1.9838,0.3509799999999999,-0.65478348,0.735898995,0.10339329
1764505233.4106414,-4.89846,2.27374,0.6103999999999999,-0.654478305,0.731016195,0.10095189
1764505233.4106414,-4.89846,2.27374,0.6103999999999999,-0.654478305,0.731016195,0.10095189
1764505233.4106414,-4.89846,2.27374,0.6103999999999999,-0.654478305,0.731016195,0.10095189
1764505233.4116523,-4.89846,2.27374,0.6103999999999999,-0.654478305,0.731016195,0.10095189
1764505233.4116523,-4.89846,2.27374,0.6103999999999999,-0.654478305,0.731016195,0.10095189
1764505233.4116523,-4.89846,2.27374,0.6103999999999999,-0.654478305,0.731016195,0.10095189
1764505233.4116523,-4.89846,2.27374,0.6103999999999999,-0.654478305,0.731016195,0.10095189
1764505233.4116523,-4.89846,2.27374,0.6103999999999999,-0.654478305,0.731016195,0.10095189
1764505233.4116523,-4.89846,2.27374,0.6103999999999999,-0.654478305,0.731016195,0.10095189
1764505233.4126506,-4.89846,2.27374,0.6103999999999999,-0.654478305,0.731016195,0.10095189
1764505233.4126506,-2.31952,1.6633399999999998,1.2971,-0.65441727,0.72448545,0.09875463
1764505233.4130692,-2.31952,1.6633399999999998,1.2971,-0.65441727,0.72448545,0.09875463
1764505233.4130692,-2.31952,1.6633399999999998,1.2971,-0.65441727,0.72448545,0.09875463
1764505233.4130692,-2.31952,1.6633399999999998,1.2971,-0.65441727,0.72448545,0.09875463
1764505233.4578934,-2.31952,1.6633399999999998,1.2971,-0.65441727,0.72448545,0.09875463
1764505233.4578934,-2.31952,1.6633399999999998,1.2971,-0.65441727,0.72448545,0.09875463
1764505233.4578934,-2.31952,1.6633399999999998,1.2971,-0.65441727,0.72448545,0.09875463
1764505233.4578934,-2.31952,1.6633399999999998,1.2971,-0.65441727,0.72448545,0.09875463
1764505233.4578934,-2.31952,1.6633399999999998,1.2971,-0.65441727,0.72448545,0.09875463
1764505233.4578934,-2.31952,1.6633399999999998,1.2971,-0.65441727,0.72448545,0.09875463
1764505233.4578934,-0.18312,1.6633399999999998,1.34288,-0.65319657,0.722593365,0.097350825
1764505233.4578934,-0.18312,1.6633399999999998,1.34288,-0.65319657,0.722593365,0.097350825
1764505233.4578934,-0.18312,1.6633399999999998,1.34288,-0.65319657,0.722593365,0.097350825
1764505233.4578934,-0.18312,1.6633399999999998,1.34288,-0.65319657,0.722593365,0.097350825
1764505233.4578934,-0.18312,1.6633399999999998,1.34288,-0.65319657,0.722593365,0.097350825
1764505233.4578934,-0.18312,1.6633399999999998,1.34288,-0.65319657,0.722593365,0.097350825
1764505233.4578934,-0.18312,1.6633399999999998,1.34288,-0.65319657,0.722593365,0.097350825
1764505233.4578934,-0.18312,1.6633399999999998,1.34288,-0.65319657,0.722593365,0.097350825
1764505233.4578934,-0.18312,1.6633399999999998,1.34288,-0.65319657,0.722593365,0.097350825
1764505233.4578934,-0.18312,1.6633399999999998,1.34288,-0.65319657,0.722593365,0.097350825
1764505233.4578934,2.27374,2.24322,0.79352,-0.652158975,0.72338682,0.09716772
1764505233.4578934,2.27374,2.24322,0.79352,-0.652158975,0.72338682,0.09716772
1764505233.4578934,2.27374,2.24322,0.79352,-0.652158975,0.72338682,0.09716772
1764505233.4578934,2.27374,2.24322,0.79352,-0.652158975,0.72338682,0.09716772
1764505233.4578934,2.27374,2.24322,0.79352,-0.652158975,0.72338682,0.09716772
1764505233.4578934,2.27374,2.24322,0.79352,-0.652158975,0.72338682,0.09716772
1764505233.4578934,2.27374,2.24322,0.79352,-0.652158975,0.72338682,0.09716772
1764505233.4578934,2.27374,2.24322,0.79352,-0.652158975,0.72338682,0.09716772
1764505233.5030868,2.27374,2.24322,0.79352,-0.652158975,0.72338682,0.09716772
1764505233.5030868,2.27374,2.24322,0.79352,-0.652158975,0.72338682,0.09716772
1764505233.5030868,1.99906,2.6705,2.1364,-0.65246415,0.72814755,0.097839105
1764505233.5030868,1.99906,2.6705,2.1364,-0.65246415,0.72814755,0.097839105
1764505233.5030868,1.99906,2.6705,2.1364,-0.65246415,0.72814755,0.097839105
1764505233.5030868,1.99906,2.6705,2.1364,-0.65246415,0.72814755,0.097839105
1764505233.5030868,1.99906,2.6705,2.1364,-0.65246415,0.72814755,0.097839105
1764505233.5030868,1.99906,2.6705,2.1364,-0.65246415,0.72814755,0.097839105
1764505233.504084,1.99906,2.6705,2.1364,-0.65246415,0.72814755,0.097839105
1764505233.504084,1.99906,2.6705,2.1364,-0.65246415,0.72814755,0.097839105
1764505233.504084,1.99906,2.6705,2.1364,-0.65246415,0.72814755,0.097839105
1764505233.504084,1.99906,2.6705,2.1364,-0.65246415,0.72814755,0.097839105
1764505233.504084,-0.41202,1.08346,3.25038,-0.65576004,0.734678295,0.10021947
1764505233.504084,-0.41202,1.08346,3.25038,-0.65576004,0.734678295,0.10021947
1764505233.504084,-0.41202,1.08346,3.25038,-0.65576004,0.734678295,0.10021947
1764505233.504084,-0.41202,1.08346,3.25038,-0.65576004,0.734678295,0.10021947
1764505233.504084,-0.41202,1.08346,3.25038,-0.65576004,0.734678295,0.10021947
1764505233.504084,-0.41202,1.08346,3.25038,-0.65576004,0.734678295,0.10021947
1764505233.504084,-0.41202,1.08346,3.25038,-0.65576004,0.734678295,0.10021947
1764505233.504084,-0.41202,1.08346,3.25038,-0.65576004,0.734678295,0.10021947
1764505233.504084,-0.41202,1.08346,3.25038,-0.65576004,0.734678295,0.10021947
1764505233.504084,-0.41202,1.08346,3.25038,-0.65576004,0.734678295,0.10021947
1764505233.5477183,-1.81594,1.00716,1.0682,-0.657896265,0.74108697,0.10229466
1764505233.5477183,-1.81594,1.00716,1.0682,-0.657896265,0.74108697,0.10229466
1764505233.5487146,-1.81594,1.00716,1.0682,-0.657896265,0.74108697,0.10229466
1764505233.5487146,-1.81594,1.00716,1.0682,-0.657896265,0.74108697,0.10229466
1764505233.5487146,-1.81594,1.00716,1.0682,-0.657896265,0.74108697,0.10229466
1764505233.5487146,-1.81594,1.00716,1.0682,-0.657896265,0.74108697,0.10229466
1764505233.5487146,-1.81594,1.00716,1.0682,-0.657896265,0.74108697,0.10229466
1764505233.5487146,-1.81594,1.00716,1.0682,-0.657896265,0.74108697,0.10229466
1764505233.5487146,-1.81594,1.00716,1.0682,-0.657896265,0.74108697,0.10229466
1764505233.5487146,-1.81594,1.00716,1.0682,-0.657896265,0.74108697,0.10229466
1764505233.5487146,-3.815,2.0601,-0.763,-0.65539383,0.74548149,0.10388157
1764505233.5487146,-3.815,2.0601,-0.763,-0.65539383,0.74548149,0.10388157
1764505233.5487146,-3.815,2.0601,-0.763,-0.65539383,0.74548149,0.10388157
1764505233.5487146,-3.815,2.0601,-0.763,-0.65539383,0.74548149,0.10388157
1764505233.5487146,-3.815,2.0601,-0.763,-0.65539383,0.74548149,0.10388157
1764505233.5487146,-3.815,2.0601,-0.763,-0.65539383,0.74548149,0.10388157
1764505233.549712,-3.815,2.0601,-0.763,-0.65539383,0.74548149,0.10388157
1764505233.549712,-3.815,2.0601,-0.763,-0.65539383,0.74548149,0.10388157
1764505233.549712,-3.815,2.0601,-0.763,-0.65539383,0.74548149,0.10388157
1764505233.549712,-3.815,2.0601,-0.763,-0.65539383,0.74548149,0.10388157
1764505233.549712,-4.79164,3.18934,-0.8392999999999999,-0.654966585,0.7424297400000001,0.10559055
1764505233.549712,-4.79164,3.18934,-0.8392999999999999,-0.654966585,0.7424297400000001,0.10559055
1764505233.5971868,-4.79164,3.18934,-0.8392999999999999,-0.654966585,0.7424297400000001,0.10559055
1764505233.5971868,-4.79164,3.18934,-0.8392999999999999,-0.654966585,0.7424297400000001,0.10559055
1764505233.5971868,-4.79164,3.18934,-0.8392999999999999,-0.654966585,0.7424297400000001,0.10559055
1764505233.5971868,-4.79164,3.18934,-0.8392999999999999,-0.654966585,0.7424297400000001,0.10559055
1764505233.5981884,-4.79164,3.18934,-0.8392999999999999,-0.654966585,0.7424297400000001,0.10559055
1764505233.5981884,-4.79164,3.18934,-0.8392999999999999,-0.654966585,0.7424297400000001,0.10559055
1764505233.5981884,-4.79164,3.18934,-0.8392999999999999,-0.654966585,0.7424297400000001,0.10559055
1764505233.5981884,-4.79164,3.18934,-0.8392999999999999,-0.654966585,0.7424297400000001,0.10559055
1764505233.5981884,-6.21082,1.28184,1.23606,-0.656919705,0.73705866,0.10485813
1764505233.5991862,-6.21082,1.28184,1.23606,-0.656919705,0.73705866,0.10485813
1764505233.5991862,-6.21082,1.28184,1.23606,-0.656919705,0.73705866,0.10485813
1764505233.5991862,-6.21082,1.28184,1.23606,-0.656919705,0.73705866,0.10485813
1764505233.5991862,-6.21082,1.28184,1.23606,-0.656919705,0.73705866,0.10485813
1764505233.5991862,-6.21082,1.28184,1.23606,-0.656919705,0.73705866,0.10485813
1764505233.5991862,-6.21082,1.28184,1.23606,-0.656919705,0.73705866,0.10485813
1764505233.5991862,-6.21082,1.28184,1.23606,-0.656919705,0.73705866,0.10485813
1764505233.5991862,-6.21082,1.28184,1.23606,-0.656919705,0.73705866,0.10485813
1764505233.600698,-6.21082,1.28184,1.23606,-0.656919705,0.73705866,0.10485813
1764505233.600698,-7.00434,-0.9003399999999999,2.38056,-0.6579573,0.732114825,0.10388157
1764505233.600698,-7.00434,-0.9003399999999999,2.38056,-0.6579573,0.732114825,0.10388157
1764505233.600698,-7.00434,-0.9003399999999999,2.38056,-0.6579573,0.732114825,0.10388157
1764505233.600698,-7.00434,-0.9003399999999999,2.38056,-0.6579573,0.732114825,0.10388157
1764505233.600698,-7.00434,-0.9003399999999999,2.38056,-0.6579573,0.732114825,0.10388157
1764505233.600698,-7.00434,-0.9003399999999999,2.38056,-0.6579573,0.732114825,0.10388157
1764505233.640634,-7.00434,-0.9003399999999999,2.38056,-0.6579573,0.732114825,0.10388157
1764505233.640634,-7.00434,-0.9003399999999999,2.38056,-0.6579573,0.732114825,0.10388157
1764505233.640634,-7.00434,-0.9003399999999999,2.38056,-0.6579573,0.732114825,0.10388157
1764505233.640634,-7.00434,-0.9003399999999999,2.38056,-0.6579573,0.732114825,0.10388157
1764505233.640634,-5.4173,-0.94612,1.26658,-0.65685867,0.728941005,0.10180638
1764505233.640634,-5.4173,-0.94612,1.26658,-0.65685867,0.728941005,0.10180638
1764505233.640634,-5.4173,-0.94612,1.26658,-0.65685867,0.728941005,0.10180638
1764505233.640634,-5.4173,-0.94612,1.26658,-0.65685867,0.728941005,0.10180638
1764505233.640634,-5.4173,-0.94612,1.26658,-0.65685867,0.728941005,0.10180638
1764505233.640634,-5.4173,-0.94612,1.26658,-0.65685867,0.728941005,0.10180638
1764505233.640634,-5.4173,-0.94612,1.26658,-0.65685867,0.728941005,0.10180638
1764505233.640634,-5.4173,-0.94612,1.26658,-0.65685867,0.728941005,0.10180638
1764505233.641646,-5.4173,-0.94612,1.26658,-0.65685867,0.728941005,0.10180638
1764505233.641646,-5.4173,-0.94612,1.26658,-0.65685867,0.728941005,0.10180638
1764505233.641646,-4.68482,0.06104,-0.6103999999999999,-0.65527176,0.72790341,0.10034154
1764505233.641646,-4.68482,0.06104,-0.6103999999999999,-0.65527176,0.72790341,0.10034154
1764505233.641646,-4.68482,0.06104,-0.6103999999999999,-0.65527176,0.72790341,0.10034154
1764505233.641646,-4.68482,0.06104,-0.6103999999999999,-0.65527176,0.72790341,0.10034154
1764505233.641646,-4.68482,0.06104,-0.6103999999999999,-0.65527176,0.72790341,0.10034154
1764505233.641646,-4.68482,0.06104,-0.6103999999999999,-0.65527176,0.72790341,0.10034154
1764505233.641646,-4.68482,0.06104,-0.6103999999999999,-0.65527176,0.72790341,0.10034154
1764505233.641646,-4.68482,0.06104,-0.6103999999999999,-0.65527176,0.72790341,0.10034154
1764505233.641646,-4.68482,0.06104,-0.6103999999999999,-0.65527176,0.72790341,0.10034154
1764505233.641646,-4.68482,0.06104,-0.6103999999999999,-0.65527176,0.72790341,0.10034154
1764505233.6894207,-3.38772,0.19838,-1.1445,-0.65453934,0.727598235,0.09814428
1764505233.6894207,-3.38772,0.19838,-1.1445,-0.65453934,0.727598235,0.09814428
1764505233.6894207,-3.38772,0.19838,-1.1445,-0.65453934,0.727598235,0.09814428
1764505233.6894207,-3.38772,0.19838,-1.1445,-0.65453934,0.727598235,0.09814428
1764505233.6894207,-3.38772,0.19838,-1.1445,-0.65453934,0.727598235,0.09814428
1764505233.6894207,-3.38772,0.19838,-1.1445,-0.65453934,0.727598235,0.09814428
1764505233.6904788,-3.38772,0.19838,-1.1445,-0.65453934,0.727598235,0.09814428
1764505233.690623,-3.38772,0.19838,-1.1445,-0.65453934,0.727598235,0.09814428
1764505233.690623,-3.38772,0.19838,-1.1445,-0.65453934,0.727598235,0.09814428
1764505233.690623,-3.38772,0.19838,-1.1445,-0.65453934,0.727598235,0.09814428
1764505233.6912382,-3.44876,0.3204599999999999,-0.48832,-0.653379675,0.72936825,0.09667944
1764505233.6912382,-3.44876,0.3204599999999999,-0.48832,-0.653379675,0.72936825,0.09667944
1764505233.6912382,-3.44876,0.3204599999999999,-0.48832,-0.653379675,0.72936825,0.09667944
1764505233.6912382,-3.44876,0.3204599999999999,-0.48832,-0.653379675,0.72936825,0.09667944
1764505233.6912382,-3.44876,0.3204599999999999,-0.48832,-0.653379675,0.72936825,0.09667944
1764505233.6912382,-3.44876,0.3204599999999999,-0.48832,-0.653379675,0.72936825,0.09667944
1764505233.6922486,-3.44876,0.3204599999999999,-0.48832,-0.653379675,0.72936825,0.09667944
1764505233.6922486,-3.44876,0.3204599999999999,-0.48832,-0.653379675,0.72936825,0.09667944
1764505233.6922486,-3.44876,0.3204599999999999,-0.48832,-0.653379675,0.72936825,0.09667944
1764505233.6922486,-3.44876,0.3204599999999999,-0.48832,-0.653379675,0.72936825,0.09667944
1764505233.6922486,-3.25038,-0.3509799999999999,0.28994,-0.652769325,0.73071102,0.096496335
1764505233.6922486,-3.25038,-0.3509799999999999,0.28994,-0.652769325,0.73071102,0.096496335
1764505233.6922486,-3.25038,-0.3509799999999999,0.28994,-0.652769325,0.73071102,0.096496335
1764505233.6932435,-3.25038,-0.3509799999999999,0.28994,-0.652769325,0.73071102,0.096496335
1764505233.7385485,-3.25038,-0.3509799999999999,0.28994,-0.652769325,0.73071102,0.096496335
1764505233.7385485,-3.25038,-0.3509799999999999,0.28994,-0.652769325,0.73071102,0.096496335
1764505233.7385485,-3.25038,-0.3509799999999999,0.28994,-0.652769325,0.73071102,0.096496335
1764505233.7385485,-3.25038,-0.3509799999999999,0.28994,-0.652769325,0.73071102,0.096496335
1764505233.7385485,-3.25038,-0.3509799999999999,0.28994,-0.652769325,0.73071102,0.096496335
1764505233.7385485,-3.25038,-0.3509799999999999,0.28994,-0.652769325,0.73071102,0.096496335
1764505233.7385485,-2.5942,-0.10682,0.79352,-0.6512434500000001,0.73327449,0.09692358
1764505233.7385485,-2.5942,-0.10682,0.79352,-0.6512434500000001,0.73327449,0.09692358
1764505233.7385485,-2.5942,-0.10682,0.79352,-0.6512434500000001,0.73327449,0.09692358
1764505233.7385485,-2.5942,-0.10682,0.79352,-0.6512434500000001,0.73327449,0.09692358
1764505233.7385485,-2.5942,-0.10682,0.79352,-0.6512434500000001,0.73327449,0.09692358
1764505233.7385485,-2.5942,-0.10682,0.79352,-0.6512434500000001,0.73327449,0.09692358
1764505233.7385485,-2.5942,-0.10682,0.79352,-0.6512434500000001,0.73327449,0.09692358
1764505233.7385485,-2.5942,-0.10682,0.79352,-0.6512434500000001,0.73327449,0.09692358
1764505233.7385485,-2.5942,-0.10682,0.79352,-0.6512434500000001,0.73327449,0.09692358
1764505233.7385485,-2.5942,-0.10682,0.79352,-0.6512434500000001,0.73327449,0.09692358
1764505233.7385485,-3.61662,1.12924,0.9919,-0.650449995,0.735654855,0.097594965
1764505233.7385485,-3.61662,1.12924,0.9919,-0.650449995,0.735654855,0.097594965
1764505233.7385485,-3.61662,1.12924,0.9919,-0.650449995,0.735654855,0.097594965
1764505233.7385485,-3.61662,1.12924,0.9919,-0.650449995,0.735654855,0.097594965
1764505233.7385485,-3.61662,1.12924,0.9919,-0.650449995,0.735654855,0.097594965
1764505233.7385485,-3.61662,1.12924,0.9919,-0.650449995,0.735654855,0.097594965
1764505233.7385485,-3.61662,1.12924,0.9919,-0.650449995,0.735654855,0.097594965
1764505233.7385485,-3.61662,1.12924,0.9919,-0.650449995,0.735654855,0.097594965
1764505233.7847967,-3.61662,1.12924,0.9919,-0.650449995,0.735654855,0.097594965
1764505233.7853055,-3.61662,1.12924,0.9919,-0.650449995,0.735654855,0.097594965
1764505233.7853055,-3.54032,1.4039199999999998,0.62566,-0.652403115,0.734312085,0.09741186
1764505233.7853055,-3.54032,1.4039199999999998,0.62566,-0.652403115,0.734312085,0.09741186
1764505233.7853055,-3.54032,1.4039199999999998,0.62566,-0.652403115,0.734312085,0.09741186
1764505233.7853055,-3.54032,1.4039199999999998,0.62566,-0.652403115,0.734312085,0.09741186
1764505233.7853055,-3.54032,1.4039199999999998,0.62566,-0.652403115,0.734312085,0.09741186
1764505233.7853055,-3.54032,1.4039199999999998,0.62566,-0.652403115,0.734312085,0.09741186
1764505233.7853055,-3.54032,1.4039199999999998,0.62566,-0.652403115,0.734312085,0.09741186
1764505233.7853055,-3.54032,1.4039199999999998,0.62566,-0.652403115,0.734312085,0.09741186
1764505233.7853055,-3.54032,1.4039199999999998,0.62566,-0.652403115,0.734312085,0.09741186
1764505233.7853055,-3.54032,1.4039199999999998,0.62566,-0.652403115,0.734312085,0.09741186
1764505233.7853055,-3.26564,1.00716,-0.25942,-0.653135535,0.73315242,0.098083245
1764505233.7853055,-3.26564,1.00716,-0.25942,-0.653135535,0.73315242,0.098083245
1764505233.7853055,-3.26564,1.00716,-0.25942,-0.653135535,0.73315242,0.098083245
1764505233.7853055,-3.26564,1.00716,-0.25942,-0.653135535,0.73315242,0.098083245
1764505233.7853055,-3.26564,1.00716,-0.25942,-0.653135535,0.73315242,0.098083245
1764505233.7853055,-3.26564,1.00716,-0.25942,-0.653135535,0.73315242,0.098083245
1764505233.7853055,-3.26564,1.00716,-0.25942,-0.653135535,0.73315242,0.098083245
1764505233.7853055,-3.26564,1.00716,-0.25942,-0.653135535,0.73315242,0.098083245
1764505233.7853055,-3.26564,1.00716,-0.25942,-0.653135535,0.73315242,0.098083245
1764505233.7853055,-3.26564,1.00716,-0.25942,-0.653135535,0.73315242,0.098083245
1764505233.8299875,-2.289,1.2208,-0.6867,-0.6533186400000001,0.731504475,0.09948705
1764505233.8299875,-2.289,1.2208,-0.6867,-0.6533186400000001,0.731504475,0.09948705
1764505233.8299875,-2.289,1.2208,-0.6867,-0.6533186400000001,0.731504475,0.09948705
1764505233.8299875,-2.289,1.2208,-0.6867,-0.6533186400000001,0.731504475,0.09948705
1764505233.8299875,-2.289,1.2208,-0.6867,-0.6533186400000001,0.731504475,0.09948705
1764505233.8305223,-2.289,1.2208,-0.6867,-0.6533186400000001,0.731504475,0.09948705
1764505233.8305223,-2.289,1.2208,-0.6867,-0.6533186400000001,0.731504475,0.09948705
1764505233.8305223,-2.289,1.2208,-0.6867,-0.6533186400000001,0.731504475,0.09948705
1764505233.8305223,-2.289,1.2208,-0.6867,-0.6533186400000001,0.731504475,0.09948705
1764505233.8305223,-2.289,1.2208,-0.6867,-0.6533186400000001,0.731504475,0.09948705
1764505233.8305223,-2.35004,0.5341,-0.3204599999999999,-0.65368485,0.731748615,0.09973119
1764505233.8305223,-2.35004,0.5341,-0.3204599999999999,-0.65368485,0.731748615,0.09973119
1764505233.8305223,-2.35004,0.5341,-0.3204599999999999,-0.65368485,0.731748615,0.09973119
1764505233.8305223,-2.35004,0.5341,-0.3204599999999999,-0.65368485,0.731748615,0.09973119
1764505233.8305223,-2.35004,0.5341,-0.3204599999999999,-0.65368485,0.731748615,0.09973119
1764505233.8305223,-2.35004,0.5341,-0.3204599999999999,-0.65368485,0.731748615,0.09973119
1764505233.8305223,-2.35004,0.5341,-0.3204599999999999,-0.65368485,0.731748615,0.09973119
1764505233.8305223,-2.35004,0.5341,-0.3204599999999999,-0.65368485,0.731748615,0.09973119
1764505233.8305223,-2.35004,0.5341,-0.3204599999999999,-0.65368485,0.731748615,0.09973119
1764505233.8305223,-2.35004,0.5341,-0.3204599999999999,-0.65368485,0.731748615,0.09973119
1764505233.8305223,-3.41824,0.1525999999999999,0.6103999999999999,-0.65441727,0.73071102,0.09875463
1764505233.8305223,-3.41824,0.1525999999999999,0.6103999999999999,-0.65441727,0.73071102,0.09875463
1764505233.876107,-3.41824,0.1525999999999999,0.6103999999999999,-0.65441727,0.73071102,0.09875463
1764505233.876107,-3.41824,0.1525999999999999,0.6103999999999999,-0.65441727,0.73071102,0.09875463
1764505233.876107,-3.41824,0.1525999999999999,0.6103999999999999,-0.65441727,0.73071102,0.09875463
1764505233.876107,-3.41824,0.1525999999999999,0.6103999999999999,-0.65441727,0.73071102,0.09875463
1764505233.876107,-3.41824,0.1525999999999999,0.6103999999999999,-0.65441727,0.73071102,0.09875463
1764505233.876107,-3.41824,0.1525999999999999,0.6103999999999999,-0.65441727,0.73071102,0.09875463
1764505233.876107,-3.41824,0.1525999999999999,0.6103999999999999,-0.65441727,0.73071102,0.09875463
1764505233.876107,-3.41824,0.1525999999999999,0.6103999999999999,-0.65441727,0.73071102,0.09875463
1764505233.876107,-2.68576,-0.1678599999999999,1.11398,-0.65453934,0.7298565300000001,0.099059805
1764505233.876107,-2.68576,-0.1678599999999999,1.11398,-0.65453934,0.7298565300000001,0.099059805
1764505233.876107,-2.68576,-0.1678599999999999,1.11398,-0.65453934,0.7298565300000001,0.099059805
1764505233.876107,-2.68576,-0.1678599999999999,1.11398,-0.65453934,0.7298565300000001,0.099059805
1764505233.876107,-2.68576,-0.1678599999999999,1.11398,-0.65453934,0.7298565300000001,0.099059805
1764505233.876107,-2.68576,-0.1678599999999999,1.11398,-0.65453934,0.7298565300000001,0.099059805
1764505233.877132,-2.68576,-0.1678599999999999,1.11398,-0.65453934,0.7298565300000001,0.099059805
1764505233.877132,-2.68576,-0.1678599999999999,1.11398,-0.65453934,0.7298565300000001,0.099059805
1764505233.877132,-2.68576,-0.1678599999999999,1.11398,-0.65453934,0.7298565300000001,0.099059805
1764505233.877132,-2.68576,-0.1678599999999999,1.11398,-0.65453934,0.7298565300000001,0.099059805
1764505233.877132,-1.32762,0.42728,0.8087799999999999,-0.65478348,0.730405845,0.09912084
1764505233.877132,-1.32762,0.42728,0.8087799999999999,-0.65478348,0.730405845,0.09912084
1764505233.877132,-1.32762,0.42728,0.8087799999999999,-0.65478348,0.730405845,0.09912084
1764505233.877132,-1.32762,0.42728,0.8087799999999999,-0.65478348,0.730405845,0.09912084
1764505233.877132,-1.32762,0.42728,0.8087799999999999,-0.65478348,0.730405845,0.09912084
1764505233.877132,-1.32762,0.42728,0.8087799999999999,-0.65478348,0.730405845,0.09912084
1764505233.9246552,-1.32762,0.42728,0.8087799999999999,-0.65478348,0.730405845,0.09912084
1764505233.9246552,-1.32762,0.42728,0.8087799999999999,-0.65478348,0.730405845,0.09912084
1764505233.9246552,-1.32762,0.42728,0.8087799999999999,-0.65478348,0.730405845,0.09912084
1764505233.9246552,-1.32762,0.42728,0.8087799999999999,-0.65478348,0.730405845,0.09912084
1764505233.9246552,-1.84646,0.763,-0.10682,-0.653623815,0.73254207,0.09814428
1764505233.9246552,-1.84646,0.763,-0.10682,-0.653623815,0.73254207,0.09814428
1764505233.925854,-1.84646,0.763,-0.10682,-0.653623815,0.73254207,0.09814428
1764505233.925854,-1.84646,0.763,-0.10682,-0.653623815,0.73254207,0.09814428
1764505233.925854,-1.84646,0.763,-0.10682,-0.653623815,0.73254207,0.09814428
1764505233.925854,-1.84646,0.763,-0.10682,-0.653623815,0.73254207,0.09814428
1764505233.925854,-1.84646,0.763,-0.10682,-0.653623815,0.73254207,0.09814428
1764505233.9266496,-1.84646,0.763,-0.10682,-0.653623815,0.73254207,0.09814428
1764505233.9266496,-1.84646,0.763,-0.10682,-0.653623815,0.73254207,0.09814428
1764505233.9266496,-1.84646,0.763,-0.10682,-0.653623815,0.73254207,0.09814428
1764505233.9266496,-2.5179,1.05294,0.09156,-0.653257605,0.733091385,0.09741186
1764505233.9274611,-2.5179,1.05294,0.09156,-0.653257605,0.733091385,0.09741186
1764505233.9274611,-2.5179,1.05294,0.09156,-0.653257605,0.733091385,0.09741186
1764505233.9274611,-2.5179,1.05294,0.09156,-0.653257605,0.733091385,0.09741186
1764505233.9274611,-2.5179,1.05294,0.09156,-0.653257605,0.733091385,0.09741186
1764505233.9274611,-2.5179,1.05294,0.09156,-0.653257605,0.733091385,0.09741186
1764505233.9274611,-2.5179,1.05294,0.09156,-0.653257605,0.733091385,0.09741186
1764505233.9274611,-2.5179,1.05294,0.09156,-0.653257605,0.733091385,0.09741186
1764505233.9274611,-2.5179,1.05294,0.09156,-0.653257605,0.733091385,0.09741186
1764505233.9274611,-2.5179,1.05294,0.09156,-0.653257605,0.733091385,0.09741186
1764505233.9699962,-2.4416,1.2055399999999998,0.2289,-0.65405106,0.73315242,0.09753393
1764505233.9699962,-2.4416,1.2055399999999998,0.2289,-0.65405106,0.73315242,0.09753393
1764505233.9699962,-2.4416,1.2055399999999998,0.2289,-0.65405106,0.73315242,0.09753393
1764505233.9699962,-2.4416,1.2055399999999998,0.2289,-0.65405106,0.73315242,0.09753393
1764505233.9699962,-2.4416,1.2055399999999998,0.2289,-0.65405106,0.73315242,0.09753393
1764505233.9699962,-2.4416,1.2055399999999998,0.2289,-0.65405106,0.73315242,0.09753393
1764505233.9699962,-2.4416,1.2055399999999998,0.2289,-0.65405106,0.73315242,0.09753393
1764505233.9705355,-2.4416,1.2055399999999998,0.2289,-0.65405106,0.73315242,0.09753393
1764505233.9705355,-2.4416,1.2055399999999998,0.2289,-0.65405106,0.73315242,0.09753393
1764505233.9705355,-2.4416,1.2055399999999998,0.2289,-0.65405106,0.73315242,0.09753393
1764505233.9705355,-2.38056,0.93086,0.51884,-0.654234165,0.734067945,0.09802221
1764505233.9705355,-2.38056,0.93086,0.51884,-0.654234165,0.734067945,0.09802221
1764505233.9705355,-2.38056,0.93086,0.51884,-0.654234165,0.734067945,0.09802221
1764505233.9705355,-2.38056,0.93086,0.51884,-0.654234165,0.734067945,0.09802221
1764505233.9705355,-2.38056,0.93086,0.51884,-0.654234165,0.734067945,0.09802221
1764505233.9705355,-2.38056,0.93086,0.51884,-0.654234165,0.734067945,0.09802221
1764505233.9705355,-2.38056,0.93086,0.51884,-0.654234165,0.734067945,0.09802221
1764505233.9705355,-2.38056,0.93086,0.51884,-0.654234165,0.734067945,0.09802221
1764505233.9705355,-2.38056,0.93086,0.51884,-0.654234165,0.734067945,0.09802221
1764505233.9705355,-2.38056,0.93086,0.51884,-0.654234165,0.734067945,0.09802221
1764505233.9705355,-3.14356,1.28184,0.19838,-0.65392899,0.735410715,0.099059805
1764505233.9705355,-3.14356,1.28184,0.19838,-0.65392899,0.735410715,0.099059805
1764505233.9705355,-3.14356,1.28184,0.19838,-0.65392899,0.735410715,0.099059805
1764505233.9705355,-3.14356,1.28184,0.19838,-0.65392899,0.735410715,0.099059805
1764505234.0166924,-3.14356,1.28184,0.19838,-0.65392899,0.735410715,0.099059805
1764505234.0176911,-3.14356,1.28184,0.19838,-0.65392899,0.735410715,0.099059805
1764505234.0176911,-3.14356,1.28184,0.19838,-0.65392899,0.735410715,0.099059805
1764505234.0176911,-3.14356,1.28184,0.19838,-0.65392899,0.735410715,0.099059805
1764505234.0176911,-3.14356,1.28184,0.19838,-0.65392899,0.735410715,0.099059805
1764505234.0176911,-3.14356,1.28184,0.19838,-0.65392899,0.735410715,0.099059805
1764505234.01869,-4.60852,1.6022999999999998,-0.1525999999999999,-0.65368485,0.734922435,0.09960912
1764505234.01869,-4.60852,1.6022999999999998,-0.1525999999999999,-0.65368485,0.734922435,0.09960912
1764505234.01869,-4.60852,1.6022999999999998,-0.1525999999999999,-0.65368485,0.734922435,0.09960912
1764505234.01869,-4.60852,1.6022999999999998,-0.1525999999999999,-0.65368485,0.734922435,0.09960912
1764505234.01869,-4.60852,1.6022999999999998,-0.1525999999999999,-0.65368485,0.734922435,0.09960912
1764505234.01869,-4.60852,1.6022999999999998,-0.1525999999999999,-0.65368485,0.734922435,0.09960912
1764505234.01869,-4.60852,1.6022999999999998,-0.1525999999999999,-0.65368485,0.734922435,0.09960912
1764505234.01869,-4.60852,1.6022999999999998,-0.1525999999999999,-0.65368485,0.734922435,0.09960912
1764505234.01869,-4.60852,1.6022999999999998,-0.1525999999999999,-0.65368485,0.734922435,0.09960912
1764505234.01869,-4.60852,1.6022999999999998,-0.1525999999999999,-0.65368485,0.734922435,0.09960912
1764505234.01869,-4.28806,0.77826,-0.51884,-0.65392899,0.73205379,0.099303945
1764505234.01869,-4.28806,0.77826,-0.51884,-0.65392899,0.73205379,0.099303945
1764505234.020753,-4.28806,0.77826,-0.51884,-0.65392899,0.73205379,0.099303945
1764505234.020753,-4.28806,0.77826,-0.51884,-0.65392899,0.73205379,0.099303945
1764505234.020753,-4.28806,0.77826,-0.51884,-0.65392899,0.73205379,0.099303945
1764505234.020753,-4.28806,0.77826,-0.51884,-0.65392899,0.73205379,0.099303945
1764505234.020753,-4.28806,0.77826,-0.51884,-0.65392899,0.73205379,0.099303945
1764505234.020753,-4.28806,0.77826,-0.51884,-0.65392899,0.73205379,0.099303945
1764505234.0644608,-4.28806,0.77826,-0.51884,-0.65392899,0.73205379,0.099303945
1764505234.0644608,-4.28806,0.77826,-0.51884,-0.65392899,0.73205379,0.099303945
1764505234.0644608,-3.90656,0.82404,-0.8698199999999999,-0.654722445,0.73083309,0.09826635
1764505234.0644608,-3.90656,0.82404,-0.8698199999999999,-0.654722445,0.73083309,0.09826635
1764505234.0644608,-3.90656,0.82404,-0.8698199999999999,-0.654722445,0.73083309,0.09826635
1764505234.0644608,-3.90656,0.82404,-0.8698199999999999,-0.654722445,0.73083309,0.09826635
1764505234.0644608,-3.90656,0.82404,-0.8698199999999999,-0.654722445,0.73083309,0.09826635
1764505234.0644608,-3.90656,0.82404,-0.8698199999999999,-0.654722445,0.73083309,0.09826635
1764505234.0644608,-3.90656,0.82404,-0.8698199999999999,-0.654722445,0.73083309,0.09826635
1764505234.0644608,-3.90656,0.82404,-0.8698199999999999,-0.654722445,0.73083309,0.09826635
1764505234.0644608,-3.90656,0.82404,-0.8698199999999999,-0.654722445,0.73083309,0.09826635
1764505234.0644608,-3.90656,0.82404,-0.8698199999999999,-0.654722445,0.73083309,0.09826635
1764505234.0644608,-3.83026,0.51884,-0.25942,-0.65563797,0.730039635,0.097350825
1764505234.0644608,-3.83026,0.51884,-0.25942,-0.65563797,0.730039635,0.097350825
1764505234.0644608,-3.83026,0.51884,-0.25942,-0.65563797,0.730039635,0.097350825
1764505234.0644608,-3.83026,0.51884,-0.25942,-0.65563797,0.730039635,0.097350825
1764505234.0644608,-3.83026,0.51884,-0.25942,-0.65563797,0.730039635,0.097350825
1764505234.0644608,-3.83026,0.51884,-0.25942,-0.65563797,0.730039635,0.097350825
1764505234.0644608,-3.83026,0.51884,-0.25942,-0.65563797,0.730039635,0.097350825
1764505234.0651577,-3.83026,0.51884,-0.25942,-0.65563797,0.730039635,0.097350825
1764505234.0651577,-3.83026,0.51884,-0.25942,-0.65563797,0.730039635,0.097350825
1764505234.0651577,-3.83026,0.51884,-0.25942,-0.65563797,0.730039635,0.097350825
1764505234.1106706,-3.75396,0.59514,0.2289,-0.654112095,0.7303448100000001,0.0964353
1764505234.1106706,-3.75396,0.59514,0.2289,-0.654112095,0.7303448100000001,0.0964353
1764505234.1106706,-3.75396,0.59514,0.2289,-0.654112095,0.7303448100000001,0.0964353
1764505234.1106706,-3.75396,0.59514,0.2289,-0.654112095,0.7303448100000001,0.0964353
1764505234.1106706,-3.75396,0.59514,0.2289,-0.654112095,0.7303448100000001,0.0964353
1764505234.1112113,-3.75396,0.59514,0.2289,-0.654112095,0.7303448100000001,0.0964353
1764505234.1112113,-3.75396,0.59514,0.2289,-0.654112095,0.7303448100000001,0.0964353
1764505234.1112113,-3.75396,0.59514,0.2289,-0.654112095,0.7303448100000001,0.0964353
1764505234.1122315,-3.75396,0.59514,0.2289,-0.654112095,0.7303448100000001,0.0964353
1764505234.1122315,-3.75396,0.59514,0.2289,-0.654112095,0.7303448100000001,0.0964353
1764505234.1122315,-3.34194,1.6022999999999998,0.2289,-0.653379675,0.731016195,0.09667944
1764505234.1122315,-3.34194,1.6022999999999998,0.2289,-0.653379675,0.731016195,0.09667944
1764505234.1122315,-3.34194,1.6022999999999998,0.2289,-0.653379675,0.731016195,0.09667944
1764505234.1122315,-3.34194,1.6022999999999998,0.2289,-0.653379675,0.731016195,0.09667944
1764505234.1132357,-3.34194,1.6022999999999998,0.2289,-0.653379675,0.731016195,0.09667944
1764505234.1132357,-3.34194,1.6022999999999998,0.2289,-0.653379675,0.731016195,0.09667944
1764505234.1132357,-3.34194,1.6022999999999998,0.2289,-0.653379675,0.731016195,0.09667944
1764505234.1132357,-3.34194,1.6022999999999998,0.2289,-0.653379675,0.731016195,0.09667944
1764505234.1132357,-3.34194,1.6022999999999998,0.2289,-0.653379675,0.731016195,0.09667944
1764505234.1132357,-3.34194,1.6022999999999998,0.2289,-0.653379675,0.731016195,0.09667944
1764505234.1142342,-4.6543,1.09872,0.47306,-0.653013465,0.732236895,0.09667944
1764505234.1142342,-4.6543,1.09872,0.47306,-0.653013465,0.732236895,0.09667944
1764505234.1588511,-4.6543,1.09872,0.47306,-0.653013465,0.732236895,0.09667944
1764505234.1588511,-4.6543,1.09872,0.47306,-0.653013465,0.732236895,0.09667944
1764505234.1588511,-4.6543,1.09872,0.47306,-0.653013465,0.732236895,0.09667944
1764505234.1588511,-4.6543,1.09872,0.47306,-0.653013465,0.732236895,0.09667944
1764505234.1588511,-4.6543,1.09872,0.47306,-0.653013465,0.732236895,0.09667944
1764505234.1588511,-4.6543,1.09872,0.47306,-0.653013465,0.732236895,0.09667944
1764505234.1588511,-4.6543,1.09872,0.47306,-0.653013465,0.732236895,0.09667944
1764505234.1588511,-4.6543,1.09872,0.47306,-0.653013465,0.732236895,0.09667944
1764505234.1588511,-5.82932,1.00716,0.56462,-0.6530745,0.7324810350000001,0.096496335
1764505234.1588511,-5.82932,1.00716,0.56462,-0.6530745,0.7324810350000001,0.096496335
1764505234.1588511,-5.82932,1.00716,0.56462,-0.6530745,0.7324810350000001,0.096496335
1764505234.1588511,-5.82932,1.00716,0.56462,-0.6530745,0.7324810350000001,0.096496335
1764505234.1588511,-5.82932,1.00716,0.56462,-0.6530745,0.7324810350000001,0.096496335
1764505234.1588511,-5.82932,1.00716,0.56462,-0.6530745,0.7324810350000001,0.096496335
1764505234.1588511,-5.82932,1.00716,0.56462,-0.6530745,0.7324810350000001,0.096496335
1764505234.1588511,-5.82932,1.00716,0.56462,-0.6530745,0.7324810350000001,0.096496335
1764505234.1588511,-5.82932,1.00716,0.56462,-0.6530745,0.7324810350000001,0.096496335
1764505234.1588511,-5.82932,1.00716,0.56462,-0.6530745,0.7324810350000001,0.096496335
1764505234.1588511,-6.104,1.99906,0.24416,-0.652647255,0.733335525,0.09680151
1764505234.1588511,-6.104,1.99906,0.24416,-0.652647255,0.733335525,0.09680151
1764505234.1588511,-6.104,1.99906,0.24416,-0.652647255,0.733335525,0.09680151
1764505234.1588511,-6.104,1.99906,0.24416,-0.652647255,0.733335525,0.09680151
1764505234.1588511,-6.104,1.99906,0.24416,-0.652647255,0.733335525,0.09680151
1764505234.1598487,-6.104,1.99906,0.24416,-0.652647255,0.733335525,0.09680151
1764505234.20301,-6.104,1.99906,0.24416,-0.652647255,0.733335525,0.09680151
1764505234.20301,-6.104,1.99906,0.24416,-0.652647255,0.733335525,0.09680151
1764505234.20301,-6.104,1.99906,0.24416,-0.652647255,0.733335525,0.09680151
1764505234.20301,-6.104,1.99906,0.24416,-0.652647255,0.733335525,0.09680151
1764505234.20301,-5.69198,2.18218,0.0762999999999999,-0.65209794,0.7324810350000001,0.097961175
1764505234.20301,-5.69198,2.18218,0.0762999999999999,-0.65209794,0.7324810350000001,0.097961175
1764505234.20301,-5.69198,2.18218,0.0762999999999999,-0.65209794,0.7324810350000001,0.097961175
1764505234.20301,-5.69198,2.18218,0.0762999999999999,-0.65209794,0.7324810350000001,0.097961175
1764505234.20301,-5.69198,2.18218,0.0762999999999999,-0.65209794,0.7324810350000001,0.097961175
1764505234.20301,-5.69198,2.18218,0.0762999999999999,-0.65209794,0.7324810350000001,0.097961175
1764505234.20301,-5.69198,2.18218,0.0762999999999999,-0.65209794,0.7324810350000001,0.097961175
1764505234.20301,-5.69198,2.18218,0.0762999999999999,-0.65209794,0.7324810350000001,0.097961175
1764505234.20301,-5.69198,2.18218,0.0762999999999999,-0.65209794,0.7324810350000001,0.097961175
1764505234.2049894,-5.69198,2.18218,0.0762999999999999,-0.65209794,0.7324810350000001,0.097961175
1764505234.2049894,-4.92898,2.07536,0.2289,-0.653745885,0.73156551,0.098083245
1764505234.2049894,-4.92898,2.07536,0.2289,-0.653745885,0.73156551,0.098083245
1764505234.2049894,-4.92898,2.07536,0.2289,-0.653745885,0.73156551,0.098083245
1764505234.2049894,-4.92898,2.07536,0.2289,-0.653745885,0.73156551,0.098083245
1764505234.2049894,-4.92898,2.07536,0.2289,-0.653745885,0.73156551,0.098083245
1764505234.2049894,-4.92898,2.07536,0.2289,-0.653745885,0.73156551,0.098083245
1764505234.2049894,-4.92898,2.07536,0.2289,-0.653745885,0.73156551,0.098083245
1764505234.2049894,-4.92898,2.07536,0.2289,-0.653745885,0.73156551,0.098083245
1764505234.2049894,-4.92898,2.07536,0.2289,-0.653745885,0.73156551,0.098083245
1764505234.2049894,-4.92898,2.07536,0.2289,-0.653745885,0.73156551,0.098083245
1764505234.2497308,-5.478339999999999,1.03768,0.6103999999999999,-0.656919705,0.73229793,0.097472895
1764505234.2497308,-5.478339999999999,1.03768,0.6103999999999999,-0.656919705,0.73229793,0.097472895
1764505234.2497308,-5.478339999999999,1.03768,0.6103999999999999,-0.656919705,0.73229793,0.097472895
1764505234.2497308,-5.478339999999999,1.03768,0.6103999999999999,-0.656919705,0.73229793,0.097472895
1764505234.2497308,-5.478339999999999,1.03768,0.6103999999999999,-0.656919705,0.73229793,0.097472895
1764505234.2497308,-5.478339999999999,1.03768,0.6103999999999999,-0.656919705,0.73229793,0.097472895
1764505234.2497308,-5.478339999999999,1.03768,0.6103999999999999,-0.656919705,0.73229793,0.097472895
1764505234.2497308,-5.478339999999999,1.03768,0.6103999999999999,-0.656919705,0.73229793,0.097472895
1764505234.2497308,-5.478339999999999,1.03768,0.6103999999999999,-0.656919705,0.73229793,0.097472895
1764505234.2497308,-5.478339999999999,1.03768,0.6103999999999999,-0.656919705,0.73229793,0.097472895
1764505234.2497308,-5.615679999999999,-0.2289,-0.74774,-0.65746902,0.7335186300000001,0.097717035
1764505234.250281,-5.615679999999999,-0.2289,-0.74774,-0.65746902,0.7335186300000001,0.097717035
1764505234.250281,-5.615679999999999,-0.2289,-0.74774,-0.65746902,0.7335186300000001,0.097717035
1764505234.250281,-5.615679999999999,-0.2289,-0.74774,-0.65746902,0.7335186300000001,0.097717035
1764505234.250281,-5.615679999999999,-0.2289,-0.74774,-0.65746902,0.7335186300000001,0.097717035
1764505234.250281,-5.615679999999999,-0.2289,-0.74774,-0.65746902,0.7335186300000001,0.097717035
1764505234.250281,-5.615679999999999,-0.2289,-0.74774,-0.65746902,0.7335186300000001,0.097717035
1764505234.250281,-5.615679999999999,-0.2289,-0.74774,-0.65746902,0.7335186300000001,0.097717035
1764505234.250816,-5.615679999999999,-0.2289,-0.74774,-0.65746902,0.7335186300000001,0.097717035
1764505234.250816,-5.615679999999999,-0.2289,-0.74774,-0.65746902,0.7335186300000001,0.097717035
1764505234.250816,-6.3329,1.1445,-0.85456,-0.655088655,0.733457595,0.098083245
1764505234.250816,-6.3329,1.1445,-0.85456,-0.655088655,0.733457595,0.098083245
1764505234.250816,-6.3329,1.1445,-0.85456,-0.655088655,0.733457595,0.098083245
1764505234.250816,-6.3329,1.1445,-0.85456,-0.655088655,0.733457595,0.098083245
1764505234.2959068,-6.3329,1.1445,-0.85456,-0.655088655,0.733457595,0.098083245
1764505234.296903,-6.3329,1.1445,-0.85456,-0.655088655,0.733457595,0.098083245
1764505234.296903,-6.3329,1.1445,-0.85456,-0.655088655,0.733457595,0.098083245
1764505234.296903,-6.3329,1.1445,-0.85456,-0.655088655,0.733457595,0.098083245
1764505234.2979035,-6.3329,1.1445,-0.85456,-0.655088655,0.733457595,0.098083245
1764505234.2979035,-6.3329,1.1445,-0.85456,-0.655088655,0.733457595,0.098083245
1764505234.2979035,-5.5699,1.78542,-0.18312,-0.65392899,0.73168758,0.09814428
1764505234.298469,-5.5699,1.78542,-0.18312,-0.65392899,0.73168758,0.09814428
1764505234.2986844,-5.5699,1.78542,-0.18312,-0.65392899,0.73168758,0.09814428
1764505234.2986844,-5.5699,1.78542,-0.18312,-0.65392899,0.73168758,0.09814428
1764505234.2986844,-5.5699,1.78542,-0.18312,-0.65392899,0.73168758,0.09814428
1764505234.2986844,-5.5699,1.78542,-0.18312,-0.65392899,0.73168758,0.09814428
1764505234.2986844,-5.5699,1.78542,-0.18312,-0.65392899,0.73168758,0.09814428
1764505234.2986844,-5.5699,1.78542,-0.18312,-0.65392899,0.73168758,0.09814428
1764505234.2986844,-5.5699,1.78542,-0.18312,-0.65392899,0.73168758,0.09814428
1764505234.2986844,-5.5699,1.78542,-0.18312,-0.65392899,0.73168758,0.09814428
1764505234.2986844,-4.99002,2.68576,0.8087799999999999,-0.654722445,0.731260335,0.09692358
1764505234.2996974,-4.99002,2.68576,0.8087799999999999,-0.654722445,0.731260335,0.09692358
1764505234.2996974,-4.99002,2.68576,0.8087799999999999,-0.654722445,0.731260335,0.09692358
1764505234.2996974,-4.99002,2.68576,0.8087799999999999,-0.654722445,0.731260335,0.09692358
1764505234.2996974,-4.99002,2.68576,0.8087799999999999,-0.654722445,0.731260335,0.09692358
1764505234.2996974,-4.99002,2.68576,0.8087799999999999,-0.654722445,0.731260335,0.09692358
1764505234.2996974,-4.99002,2.68576,0.8087799999999999,-0.654722445,0.731260335,0.09692358
1764505234.2996974,-4.99002,2.68576,0.8087799999999999,-0.654722445,0.731260335,0.09692358
1764505234.3427556,-4.99002,2.68576,0.8087799999999999,-0.654722445,0.731260335,0.09692358
1764505234.3427556,-4.99002,2.68576,0.8087799999999999,-0.654722445,0.731260335,0.09692358
1764505234.3427556,-6.027699999999999,1.7549,1.12924,-0.6533186400000001,0.733823805,0.096618405
1764505234.3427556,-6.027699999999999,1.7549,1.12924,-0.6533186400000001,0.733823805,0.096618405
1764505234.3427556,-6.027699999999999,1.7549,1.12924,-0.6533186400000001,0.733823805,0.096618405
1764505234.3427556,-6.027699999999999,1.7549,1.12924,-0.6533186400000001,0.733823805,0.096618405
1764505234.3437655,-6.027699999999999,1.7549,1.12924,-0.6533186400000001,0.733823805,0.096618405
1764505234.3437655,-6.027699999999999,1.7549,1.12924,-0.6533186400000001,0.733823805,0.096618405
1764505234.3437655,-6.027699999999999,1.7549,1.12924,-0.6533186400000001,0.733823805,0.096618405
1764505234.3437655,-6.027699999999999,1.7549,1.12924,-0.6533186400000001,0.733823805,0.096618405
1764505234.3437655,-6.027699999999999,1.7549,1.12924,-0.6533186400000001,0.733823805,0.096618405
1764505234.3437655,-6.027699999999999,1.7549,1.12924,-0.6533186400000001,0.733823805,0.096618405
1764505234.3437655,-7.67578,1.93802,1.08346,-0.65270829,0.733945875,0.097594965
1764505234.344765,-7.67578,1.93802,1.08346,-0.65270829,0.733945875,0.097594965
1764505234.344765,-7.67578,1.93802,1.08346,-0.65270829,0.733945875,0.097594965
1764505234.344765,-7.67578,1.93802,1.08346,-0.65270829,0.733945875,0.097594965
1764505234.344765,-7.67578,1.93802,1.08346,-0.65270829,0.733945875,0.097594965
1764505234.344765,-7.67578,1.93802,1.08346,-0.65270829,0.733945875,0.097594965
1764505234.344765,-7.67578,1.93802,1.08346,-0.65270829,0.733945875,0.097594965
1764505234.344765,-7.67578,1.93802,1.08346,-0.65270829,0.733945875,0.097594965
1764505234.344765,-7.67578,1.93802,1.08346,-0.65270829,0.733945875,0.097594965
1764505234.344765,-7.67578,1.93802,1.08346,-0.65270829,0.733945875,0.097594965
1764505234.344765,-8.82028,2.45686,0.3509799999999999,-0.65466141,0.73315242,0.0988767
1764505234.344765,-8.82028,2.45686,0.3509799999999999,-0.65466141,0.73315242,0.0988767
1764505234.3902638,-8.82028,2.45686,0.3509799999999999,-0.65466141,0.73315242,0.0988767
1764505234.3902638,-8.82028,2.45686,0.3509799999999999,-0.65466141,0.73315242,0.0988767
1764505234.3902638,-8.82028,2.45686,0.3509799999999999,-0.65466141,0.73315242,0.0988767
1764505234.3902638,-8.82028,2.45686,0.3509799999999999,-0.65466141,0.73315242,0.0988767
1764505234.3902638,-8.82028,2.45686,0.3509799999999999,-0.65466141,0.73315242,0.0988767
1764505234.3902638,-8.82028,2.45686,0.3509799999999999,-0.65466141,0.73315242,0.0988767
1764505234.3902638,-8.82028,2.45686,0.3509799999999999,-0.65466141,0.73315242,0.0988767
1764505234.3902638,-8.82028,2.45686,0.3509799999999999,-0.65466141,0.73315242,0.0988767
1764505234.3902638,-8.07254,2.18218,-0.54936,-0.65600418,0.73022274,0.09985326
1764505234.3902638,-8.07254,2.18218,-0.54936,-0.65600418,0.73022274,0.09985326
1764505234.3902638,-8.07254,2.18218,-0.54936,-0.65600418,0.73022274,0.09985326
1764505234.3902638,-8.07254,2.18218,-0.54936,-0.65600418,0.73022274,0.09985326
1764505234.3902638,-8.07254,2.18218,-0.54936,-0.65600418,0.73022274,0.09985326
1764505234.3902638,-8.07254,2.18218,-0.54936,-0.65600418,0.73022274,0.09985326
1764505234.3902638,-8.07254,2.18218,-0.54936,-0.65600418,0.73022274,0.09985326
1764505234.3902638,-8.07254,2.18218,-0.54936,-0.65600418,0.73022274,0.09985326
1764505234.3902638,-8.07254,2.18218,-0.54936,-0.65600418,0.73022274,0.09985326
1764505234.390794,-8.07254,2.18218,-0.54936,-0.65600418,0.73022274,0.09985326
1764505234.390794,-5.08158,1.38866,-0.48832,-0.655332795,0.72778134,0.09985326
1764505234.390794,-5.08158,1.38866,-0.48832,-0.655332795,0.72778134,0.09985326
1764505234.4364965,-5.08158,1.38866,-0.48832,-0.655332795,0.72778134,0.09985326
1764505234.4364965,-5.08158,1.38866,-0.48832,-0.655332795,0.72778134,0.09985326
1764505234.4375072,-5.08158,1.38866,-0.48832,-0.655332795,0.72778134,0.09985326
1764505234.4375072,-5.08158,1.38866,-0.48832,-0.655332795,0.72778134,0.09985326
1764505234.4375072,-5.08158,1.38866,-0.48832,-0.655332795,0.72778134,0.09985326
1764505234.4375072,-5.08158,1.38866,-0.48832,-0.655332795,0.72778134,0.09985326
1764505234.4375072,-5.08158,1.38866,-0.48832,-0.655332795,0.72778134,0.09985326
1764505234.4375072,-5.08158,1.38866,-0.48832,-0.655332795,0.72778134,0.09985326
1764505234.4375072,-3.83026,0.8392999999999999,-0.18312,-0.65466141,0.73010067,0.09973119
1764505234.4375072,-3.83026,0.8392999999999999,-0.18312,-0.65466141,0.73010067,0.09973119
1764505234.4375072,-3.83026,0.8392999999999999,-0.18312,-0.65466141,0.73010067,0.09973119
1764505234.4375072,-3.83026,0.8392999999999999,-0.18312,-0.65466141,0.73010067,0.09973119
1764505234.4375072,-3.83026,0.8392999999999999,-0.18312,-0.65466141,0.73010067,0.09973119
1764505234.4375072,-3.83026,0.8392999999999999,-0.18312,-0.65466141,0.73010067,0.09973119
1764505234.4375072,-3.83026,0.8392999999999999,-0.18312,-0.65466141,0.73010067,0.09973119
1764505234.4375072,-3.83026,0.8392999999999999,-0.18312,-0.65466141,0.73010067,0.09973119
1764505234.4375072,-3.83026,0.8392999999999999,-0.18312,-0.65466141,0.73010067,0.09973119
1764505234.4375072,-3.83026,0.8392999999999999,-0.18312,-0.65466141,0.73010067,0.09973119
1764505234.438511,-4.77638,0.77826,0.36624,-0.652403115,0.732725175,0.1000974
1764505234.438511,-4.77638,0.77826,0.36624,-0.652403115,0.732725175,0.1000974
1764505234.438511,-4.77638,0.77826,0.36624,-0.652403115,0.732725175,0.1000974
1764505234.438511,-4.77638,0.77826,0.36624,-0.652403115,0.732725175,0.1000974
1764505234.438511,-4.77638,0.77826,0.36624,-0.652403115,0.732725175,0.1000974
1764505234.438511,-4.77638,0.77826,0.36624,-0.652403115,0.732725175,0.1000974
1764505234.4863603,-4.77638,0.77826,0.36624,-0.652403115,0.732725175,0.1000974
1764505234.4868708,-4.77638,0.77826,0.36624,-0.652403115,0.732725175,0.1000974
1764505234.4868708,-4.77638,0.77826,0.36624,-0.652403115,0.732725175,0.1000974
1764505234.4868708,-4.77638,0.77826,0.36624,-0.652403115,0.732725175,0.1000974
1764505234.4868708,-5.78354,1.6786,1.03768,-0.652158975,0.733457595,0.09924291
1764505234.4868708,-5.78354,1.6786,1.03768,-0.652158975,0.733457595,0.09924291
1764505234.4868708,-5.78354,1.6786,1.03768,-0.652158975,0.733457595,0.09924291
1764505234.4868708,-5.78354,1.6786,1.03768,-0.652158975,0.733457595,0.09924291
1764505234.4868708,-5.78354,1.6786,1.03768,-0.652158975,0.733457595,0.09924291
1764505234.4868708,-5.78354,1.6786,1.03768,-0.652158975,0.733457595,0.09924291
1764505234.4868708,-5.78354,1.6786,1.03768,-0.652158975,0.733457595,0.09924291
1764505234.4868708,-5.78354,1.6786,1.03768,-0.652158975,0.733457595,0.09924291
1764505234.4868708,-5.78354,1.6786,1.03768,-0.652158975,0.733457595,0.09924291
1764505234.4868708,-5.78354,1.6786,1.03768,-0.652158975,0.733457595,0.09924291
1764505234.4868708,-5.82932,1.6633399999999998,0.8087799999999999,-0.65466141,0.73449519,0.099426015
1764505234.4868708,-5.82932,1.6633399999999998,0.8087799999999999,-0.65466141,0.73449519,0.099426015
1764505234.4868708,-5.82932,1.6633399999999998,0.8087799999999999,-0.65466141,0.73449519,0.099426015
1764505234.4868708,-5.82932,1.6633399999999998,0.8087799999999999,-0.65466141,0.73449519,0.099426015
1764505234.4868708,-5.82932,1.6633399999999998,0.8087799999999999,-0.65466141,0.73449519,0.099426015
1764505234.4868708,-5.82932,1.6633399999999998,0.8087799999999999,-0.65466141,0.73449519,0.099426015
1764505234.4868708,-5.82932,1.6633399999999998,0.8087799999999999,-0.65466141,0.73449519,0.099426015
1764505234.4868708,-5.82932,1.6633399999999998,0.8087799999999999,-0.65466141,0.73449519,0.099426015
1764505234.4868708,-5.82932,1.6633399999999998,0.8087799999999999,-0.65466141,0.73449519,0.099426015
1764505234.4868708,-5.82932,1.6633399999999998,0.8087799999999999,-0.65466141,0.73449519,0.099426015
1764505234.5328066,-7.309539999999999,1.02242,0.04578,-0.65392899,0.736509345,0.098815665
1764505234.5345206,-7.309539999999999,1.02242,0.04578,-0.65392899,0.736509345,0.098815665
1764505234.5345206,-7.309539999999999,1.02242,0.04578,-0.65392899,0.736509345,0.098815665
1764505234.5345206,-7.309539999999999,1.02242,0.04578,-0.65392899,0.736509345,0.098815665
1764505234.5345206,-7.309539999999999,1.02242,0.04578,-0.65392899,0.736509345,0.098815665
1764505234.5345206,-7.309539999999999,1.02242,0.04578,-0.65392899,0.736509345,0.098815665
1764505234.5345206,-7.309539999999999,1.02242,0.04578,-0.65392899,0.736509345,0.098815665
1764505234.5345206,-7.309539999999999,1.02242,0.04578,-0.65392899,0.736509345,0.098815665
1764505234.5345206,-7.309539999999999,1.02242,0.04578,-0.65392899,0.736509345,0.098815665
1764505234.5345206,-7.309539999999999,1.02242,0.04578,-0.65392899,0.736509345,0.098815665
1764505234.5345206,-8.469299999999999,2.45686,-0.12208,-0.651304485,0.7351055400000001,0.09948705
1764505234.5345206,-8.469299999999999,2.45686,-0.12208,-0.651304485,0.7351055400000001,0.09948705
1764505234.5345206,-8.469299999999999,2.45686,-0.12208,-0.651304485,0.7351055400000001,0.09948705
1764505234.5345206,-8.469299999999999,2.45686,-0.12208,-0.651304485,0.7351055400000001,0.09948705
1764505234.5345206,-8.469299999999999,2.45686,-0.12208,-0.651304485,0.7351055400000001,0.09948705
1764505234.5345206,-8.469299999999999,2.45686,-0.12208,-0.651304485,0.7351055400000001,0.09948705
1764505234.5345206,-8.469299999999999,2.45686,-0.12208,-0.651304485,0.7351055400000001,0.09948705
1764505234.5345206,-8.469299999999999,2.45686,-0.12208,-0.651304485,0.7351055400000001,0.09948705
1764505234.5361717,-8.469299999999999,2.45686,-0.12208,-0.651304485,0.7351055400000001,0.09948705
1764505234.5361717,-8.469299999999999,2.45686,-0.12208,-0.651304485,0.7351055400000001,0.09948705
1764505234.5361717,-8.89658,3.83026,0.28994,-0.652647255,0.730527915,0.100524645
1764505234.5361717,-8.89658,3.83026,0.28994,-0.652647255,0.730527915,0.100524645
1764505234.5361717,-8.89658,3.83026,0.28994,-0.652647255,0.730527915,0.100524645
1764505234.5361717,-8.89658,3.83026,0.28994,-0.652647255,0.730527915,0.100524645
1764505234.576391,-8.89658,3.83026,0.28994,-0.652647255,0.730527915,0.100524645
1764505234.576391,-8.89658,3.83026,0.28994,-0.652647255,0.730527915,0.100524645
1764505234.5774035,-8.89658,3.83026,0.28994,-0.652647255,0.730527915,0.100524645
1764505234.5774035,-8.89658,3.83026,0.28994,-0.652647255,0.730527915,0.100524645
1764505234.5774035,-8.89658,3.83026,0.28994,-0.652647255,0.730527915,0.100524645
1764505234.5774035,-8.89658,3.83026,0.28994,-0.652647255,0.730527915,0.100524645
1764505234.5774035,-7.828379999999999,3.32668,0.8698199999999999,-0.65502762,0.72570615,0.10058568
1764505234.5774035,-7.828379999999999,3.32668,0.8698199999999999,-0.65502762,0.72570615,0.10058568
1764505234.5774035,-7.828379999999999,3.32668,0.8698199999999999,-0.65502762,0.72570615,0.10058568
1764505234.5774035,-7.828379999999999,3.32668,0.8698199999999999,-0.65502762,0.72570615,0.10058568
1764505234.5774035,-7.828379999999999,3.32668,0.8698199999999999,-0.65502762,0.72570615,0.10058568
1764505234.5774035,-7.828379999999999,3.32668,0.8698199999999999,-0.65502762,0.72570615,0.10058568
1764505234.578655,-7.828379999999999,3.32668,0.8698199999999999,-0.65502762,0.72570615,0.10058568
1764505234.578655,-7.828379999999999,3.32668,0.8698199999999999,-0.65502762,0.72570615,0.10058568
1764505234.579502,-7.828379999999999,3.32668,0.8698199999999999,-0.65502762,0.72570615,0.10058568
1764505234.579624,-7.828379999999999,3.32668,0.8698199999999999,-0.65502762,0.72570615,0.10058568
1764505234.579683,-4.715339999999999,1.1445,1.00716,-0.6575300550000001,0.72363096,0.101623275
1764505234.579683,-4.715339999999999,1.1445,1.00716,-0.6575300550000001,0.72363096,0.101623275
1764505234.579683,-4.715339999999999,1.1445,1.00716,-0.6575300550000001,0.72363096,0.101623275
1764505234.579683,-4.715339999999999,1.1445,1.00716,-0.6575300550000001,0.72363096,0.101623275
1764505234.579683,-4.715339999999999,1.1445,1.00716,-0.6575300550000001,0.72363096,0.101623275
1764505234.579683,-4.715339999999999,1.1445,1.00716,-0.6575300550000001,0.72363096,0.101623275
1764505234.579683,-4.715339999999999,1.1445,1.00716,-0.6575300550000001,0.72363096,0.101623275
1764505234.579683,-4.715339999999999,1.1445,1.00716,-0.6575300550000001,0.72363096,0.101623275
1764505234.6244328,-4.715339999999999,1.1445,1.00716,-0.6575300550000001,0.72363096,0.101623275
1764505234.6244328,-4.715339999999999,1.1445,1.00716,-0.6575300550000001,0.72363096,0.101623275
1764505234.6244328,-3.18934,0.13734,0.79352,-0.6580183350000001,0.722715435,0.103454325
1764505234.6244328,-3.18934,0.13734,0.79352,-0.6580183350000001,0.722715435,0.103454325
1764505234.6244328,-3.18934,0.13734,0.79352,-0.6580183350000001,0.722715435,0.103454325
1764505234.6244328,-3.18934,0.13734,0.79352,-0.6580183350000001,0.722715435,0.103454325
1764505234.6244328,-3.18934,0.13734,0.79352,-0.6580183350000001,0.722715435,0.103454325
1764505234.6244328,-3.18934,0.13734,0.79352,-0.6580183350000001,0.722715435,0.103454325
1764505234.6254587,-3.18934,0.13734,0.79352,-0.6580183350000001,0.722715435,0.103454325
1764505234.6254587,-3.18934,0.13734,0.79352,-0.6580183350000001,0.722715435,0.103454325
1764505234.6254587,-3.18934,0.13734,0.79352,-0.6580183350000001,0.722715435,0.103454325
1764505234.6254587,-3.18934,0.13734,0.79352,-0.6580183350000001,0.722715435,0.103454325
1764505234.6254587,-3.75396,0.9919,1.12924,-0.6579573,0.722227155,0.10363743
1764505234.6254587,-3.75396,0.9919,1.12924,-0.6579573,0.722227155,0.10363743
1764505234.6254587,-3.75396,0.9919,1.12924,-0.6579573,0.722227155,0.10363743
1764505234.6254587,-3.75396,0.9919,1.12924,-0.6579573,0.722227155,0.10363743
1764505234.6254587,-3.75396,0.9919,1.12924,-0.6579573,0.722227155,0.10363743
1764505234.6254587,-3.75396,0.9919,1.12924,-0.6579573,0.722227155,0.10363743
1764505234.6264477,-3.75396,0.9919,1.12924,-0.6579573,0.722227155,0.10363743
1764505234.6264477,-3.75396,0.9919,1.12924,-0.6579573,0.722227155,0.10363743
1764505234.6274462,-3.75396,0.9919,1.12924,-0.6579573,0.722227155,0.10363743
1764505234.6274462,-3.75396,0.9919,1.12924,-0.6579573,0.722227155,0.10363743
1764505234.6274462,-4.8069,0.6867,1.26658,-0.65807937,0.72314268,0.10205052
1764505234.6274462,-4.8069,0.6867,1.26658,-0.65807937,0.72314268,0.10205052
1764505234.6717389,-4.8069,0.6867,1.26658,-0.65807937,0.72314268,0.10205052
1764505234.6717389,-4.8069,0.6867,1.26658,-0.65807937,0.72314268,0.10205052
1764505234.6717389,-4.8069,0.6867,1.26658,-0.65807937,0.72314268,0.10205052
1764505234.6717389,-4.8069,0.6867,1.26658,-0.65807937,0.72314268,0.10205052
1764505234.6717389,-4.8069,0.6867,1.26658,-0.65807937,0.72314268,0.10205052
1764505234.6717389,-4.8069,0.6867,1.26658,-0.65807937,0.72314268,0.10205052
1764505234.6717389,-4.8069,0.6867,1.26658,-0.65807937,0.72314268,0.10205052
1764505234.6717389,-4.8069,0.6867,1.26658,-0.65807937,0.72314268,0.10205052
1764505234.672251,-4.3491,-0.1525999999999999,1.9838,-0.65807937,0.725156835,0.101257065
1764505234.672251,-4.3491,-0.1525999999999999,1.9838,-0.65807937,0.725156835,0.101257065
1764505234.672251,-4.3491,-0.1525999999999999,1.9838,-0.65807937,0.725156835,0.101257065
1764505234.672251,-4.3491,-0.1525999999999999,1.9838,-0.65807937,0.725156835,0.101257065
1764505234.672251,-4.3491,-0.1525999999999999,1.9838,-0.65807937,0.725156835,0.101257065
1764505234.672251,-4.3491,-0.1525999999999999,1.9838,-0.65807937,0.725156835,0.101257065
1764505234.672251,-4.3491,-0.1525999999999999,1.9838,-0.65807937,0.725156835,0.101257065
1764505234.672251,-4.3491,-0.1525999999999999,1.9838,-0.65807937,0.725156835,0.101257065
1764505234.672251,-4.3491,-0.1525999999999999,1.9838,-0.65807937,0.725156835,0.101257065
1764505234.672251,-4.3491,-0.1525999999999999,1.9838,-0.65807937,0.725156835,0.101257065
1764505234.672251,-1.55652,0.93086,2.3653,-0.655210725,0.731260335,0.101134995
1764505234.672251,-1.55652,0.93086,2.3653,-0.655210725,0.731260335,0.101134995
1764505234.7162576,-1.55652,0.93086,2.3653,-0.655210725,0.731260335,0.101134995
1764505234.7162576,-1.55652,0.93086,2.3653,-0.655210725,0.731260335,0.101134995
1764505234.7162576,-1.55652,0.93086,2.3653,-0.655210725,0.731260335,0.101134995
1764505234.7162576,-1.55652,0.93086,2.3653,-0.655210725,0.731260335,0.101134995
1764505234.7172716,-1.55652,0.93086,2.3653,-0.655210725,0.731260335,0.101134995
1764505234.7172716,-1.55652,0.93086,2.3653,-0.655210725,0.731260335,0.101134995
1764505234.7172716,-1.55652,0.93086,2.3653,-0.655210725,0.731260335,0.101134995
1764505234.7172716,-1.55652,0.93086,2.3653,-0.655210725,0.731260335,0.101134995
1764505234.7172716,-1.34288,1.6786,2.07536,-0.65160966,0.73950006,0.10229466
1764505234.7172716,-1.34288,1.6786,2.07536,-0.65160966,0.73950006,0.10229466
1764505234.7172716,-1.34288,1.6786,2.07536,-0.65160966,0.73950006,0.10229466
1764505234.7172716,-1.34288,1.6786,2.07536,-0.65160966,0.73950006,0.10229466
1764505234.7172716,-1.34288,1.6786,2.07536,-0.65160966,0.73950006,0.10229466
1764505234.7172716,-1.34288,1.6786,2.07536,-0.65160966,0.73950006,0.10229466
1764505234.7172716,-1.34288,1.6786,2.07536,-0.65160966,0.73950006,0.10229466
1764505234.7172716,-1.34288,1.6786,2.07536,-0.65160966,0.73950006,0.10229466
1764505234.7172716,-1.34288,1.6786,2.07536,-0.65160966,0.73950006,0.10229466
1764505234.7172716,-1.34288,1.6786,2.07536,-0.65160966,0.73950006,0.10229466
1764505234.718302,-3.44876,1.48022,1.38866,-0.65002275,0.745664595,0.10363743
1764505234.718302,-3.44876,1.48022,1.38866,-0.65002275,0.745664595,0.10363743
1764505234.718302,-3.44876,1.48022,1.38866,-0.65002275,0.745664595,0.10363743
1764505234.718302,-3.44876,1.48022,1.38866,-0.65002275,0.745664595,0.10363743
1764505234.718302,-3.44876,1.48022,1.38866,-0.65002275,0.745664595,0.10363743
1764505234.718302,-3.44876,1.48022,1.38866,-0.65002275,0.745664595,0.10363743
1764505234.7636237,-3.44876,1.48022,1.38866,-0.65002275,0.745664595,0.10363743
1764505234.7636237,-3.44876,1.48022,1.38866,-0.65002275,0.745664595,0.10363743
1764505234.7636237,-3.44876,1.48022,1.38866,-0.65002275,0.745664595,0.10363743
1764505234.7636237,-3.44876,1.48022,1.38866,-0.65002275,0.745664595,0.10363743
1764505234.7636237,-5.8751,2.15166,1.12924,-0.649595505,0.746763225,0.104308815
1764505234.7636237,-5.8751,2.15166,1.12924,-0.649595505,0.746763225,0.104308815
1764505234.7636237,-5.8751,2.15166,1.12924,-0.649595505,0.746763225,0.104308815
1764505234.7636237,-5.8751,2.15166,1.12924,-0.649595505,0.746763225,0.104308815
1764505234.7636237,-5.8751,2.15166,1.12924,-0.649595505,0.746763225,0.104308815
1764505234.7636237,-5.8751,2.15166,1.12924,-0.649595505,0.746763225,0.104308815
1764505234.7656329,-5.8751,2.15166,1.12924,-0.649595505,0.746763225,0.104308815
1764505234.7656329,-5.8751,2.15166,1.12924,-0.649595505,0.746763225,0.104308815
1764505234.7656329,-5.8751,2.15166,1.12924,-0.649595505,0.746763225,0.104308815
1764505234.7656329,-5.8751,2.15166,1.12924,-0.649595505,0.746763225,0.104308815
1764505234.7656329,-9.3086,3.2046,0.763,-0.649961715,0.74377251,0.10400364
1764505234.7666314,-9.3086,3.2046,0.763,-0.649961715,0.74377251,0.10400364
1764505234.7666314,-9.3086,3.2046,0.763,-0.649961715,0.74377251,0.10400364
1764505234.7670865,-9.3086,3.2046,0.763,-0.649961715,0.74377251,0.10400364
1764505234.7670865,-9.3086,3.2046,0.763,-0.649961715,0.74377251,0.10400364
1764505234.7670865,-9.3086,3.2046,0.763,-0.649961715,0.74377251,0.10400364
1764505234.7670865,-9.3086,3.2046,0.763,-0.649961715,0.74377251,0.10400364
1764505234.7678878,-9.3086,3.2046,0.763,-0.649961715,0.74377251,0.10400364
1764505234.7680993,-9.3086,3.2046,0.763,-0.649961715,0.74377251,0.10400364
1764505234.7680993,-9.3086,3.2046,0.763,-0.649961715,0.74377251,0.10400364
1764505234.8136177,-9.72062,2.99096,-0.28994,-0.6533186400000001,0.737485905,0.10290501
1764505234.8136177,-9.72062,2.99096,-0.28994,-0.6533186400000001,0.737485905,0.10290501
1764505234.8136177,-9.72062,2.99096,-0.28994,-0.6533186400000001,0.737485905,0.10290501
1764505234.8136177,-9.72062,2.99096,-0.28994,-0.6533186400000001,0.737485905,0.10290501
1764505234.8136177,-9.72062,2.99096,-0.28994,-0.6533186400000001,0.737485905,0.10290501
1764505234.8136177,-9.72062,2.99096,-0.28994,-0.6533186400000001,0.737485905,0.10290501
1764505234.8136177,-9.72062,2.99096,-0.28994,-0.6533186400000001,0.737485905,0.10290501
1764505234.8136177,-9.72062,2.99096,-0.28994,-0.6533186400000001,0.737485905,0.10290501
1764505234.8136177,-9.72062,2.99096,-0.28994,-0.6533186400000001,0.737485905,0.10290501
1764505234.8136177,-9.72062,2.99096,-0.28994,-0.6533186400000001,0.737485905,0.10290501
1764505234.8136177,-7.507919999999999,2.02958,-1.17502,-0.655332795,0.73217586,0.102355695
1764505234.8136177,-7.507919999999999,2.02958,-1.17502,-0.655332795,0.73217586,0.102355695
1764505234.8136177,-7.507919999999999,2.02958,-1.17502,-0.655332795,0.73217586,0.102355695
1764505234.8136177,-7.507919999999999,2.02958,-1.17502,-0.655332795,0.73217586,0.102355695
1764505234.8136177,-7.507919999999999,2.02958,-1.17502,-0.655332795,0.73217586,0.102355695
1764505234.8136177,-7.507919999999999,2.02958,-1.17502,-0.655332795,0.73217586,0.102355695
1764505234.8136177,-7.507919999999999,2.02958,-1.17502,-0.655332795,0.73217586,0.102355695
1764505234.8136177,-7.507919999999999,2.02958,-1.17502,-0.655332795,0.73217586,0.102355695
1764505234.8136177,-7.507919999999999,2.02958,-1.17502,-0.655332795,0.73217586,0.102355695
1764505234.8136177,-7.507919999999999,2.02958,-1.17502,-0.655332795,0.73217586,0.102355695
1764505234.8136177,-3.11304,0.8698199999999999,-1.31236,-0.65637039,0.730283775,0.102233625
1764505234.8136177,-3.11304,0.8698199999999999,-1.31236,-0.65637039,0.730283775,0.102233625
1764505234.8136177,-3.11304,0.8698199999999999,-1.31236,-0.65637039,0.730283775,0.102233625
1764505234.8136177,-3.11304,0.8698199999999999,-1.31236,-0.65637039,0.730283775,0.102233625
1764505234.8586538,-3.11304,0.8698199999999999,-1.31236,-0.65637039,0.730283775,0.102233625
1764505234.8586538,-3.11304,0.8698199999999999,-1.31236,-0.65637039,0.730283775,0.102233625
1764505234.8586538,-3.11304,0.8698199999999999,-1.31236,-0.65637039,0.730283775,0.102233625
1764505234.8586538,-3.11304,0.8698199999999999,-1.31236,-0.65637039,0.730283775,0.102233625
1764505234.8586538,-3.11304,0.8698199999999999,-1.31236,-0.65637039,0.730283775,0.102233625
1764505234.8586538,-3.11304,0.8698199999999999,-1.31236,-0.65637039,0.730283775,0.102233625
1764505234.8586538,-2.6705,1.2055399999999998,-0.6714399999999999,-0.65563797,0.7303448100000001,0.101012925
1764505234.8586538,-2.6705,1.2055399999999998,-0.6714399999999999,-0.65563797,0.7303448100000001,0.101012925
1764505234.8586538,-2.6705,1.2055399999999998,-0.6714399999999999,-0.65563797,0.7303448100000001,0.101012925
1764505234.8586538,-2.6705,1.2055399999999998,-0.6714399999999999,-0.65563797,0.7303448100000001,0.101012925
1764505234.8586538,-2.6705,1.2055399999999998,-0.6714399999999999,-0.65563797,0.7303448100000001,0.101012925
1764505234.8586538,-2.6705,1.2055399999999998,-0.6714399999999999,-0.65563797,0.7303448100000001,0.101012925
1764505234.8586538,-2.6705,1.2055399999999998,-0.6714399999999999,-0.65563797,0.7303448100000001,0.101012925
1764505234.8586538,-2.6705,1.2055399999999998,-0.6714399999999999,-0.65563797,0.7303448100000001,0.101012925
1764505234.8586538,-2.6705,1.2055399999999998,-0.6714399999999999,-0.65563797,0.7303448100000001,0.101012925
1764505234.8586538,-2.6705,1.2055399999999998,-0.6714399999999999,-0.65563797,0.7303448100000001,0.101012925
1764505234.8586538,-4.02864,0.9919,0.71722,-0.655088655,0.7293072150000001,0.100768785
1764505234.8586538,-4.02864,0.9919,0.71722,-0.655088655,0.7293072150000001,0.100768785
1764505234.8586538,-4.02864,0.9919,0.71722,-0.655088655,0.7293072150000001,0.100768785
1764505234.8586538,-4.02864,0.9919,0.71722,-0.655088655,0.7293072150000001,0.100768785
1764505234.8586538,-4.02864,0.9919,0.71722,-0.655088655,0.7293072150000001,0.100768785
1764505234.8586538,-4.02864,0.9919,0.71722,-0.655088655,0.7293072150000001,0.100768785
1764505234.8586538,-4.02864,0.9919,0.71722,-0.655088655,0.7293072150000001,0.100768785
1764505234.8586538,-4.02864,0.9919,0.71722,-0.655088655,0.7293072150000001,0.100768785
1764505234.9097714,-4.02864,0.9919,0.71722,-0.655088655,0.7293072150000001,0.100768785
1764505234.9097714,-4.02864,0.9919,0.71722,-0.655088655,0.7293072150000001,0.100768785
1764505234.9097714,-5.21892,0.7019599999999999,1.35814,-0.654844515,0.727109955,0.10070775
1764505234.9097714,-5.21892,0.7019599999999999,1.35814,-0.654844515,0.727109955,0.10070775
1764505234.9097714,-5.21892,0.7019599999999999,1.35814,-0.654844515,0.727109955,0.10070775
1764505234.9097714,-5.21892,0.7019599999999999,1.35814,-0.654844515,0.727109955,0.10070775
1764505234.9097714,-5.21892,0.7019599999999999,1.35814,-0.654844515,0.727109955,0.10070775
1764505234.9097714,-5.21892,0.7019599999999999,1.35814,-0.654844515,0.727109955,0.10070775
1764505234.9097714,-5.21892,0.7019599999999999,1.35814,-0.654844515,0.727109955,0.10070775
1764505234.9097714,-5.21892,0.7019599999999999,1.35814,-0.654844515,0.727109955,0.10070775
1764505234.9097714,-5.21892,0.7019599999999999,1.35814,-0.654844515,0.727109955,0.10070775
1764505234.9097714,-5.21892,0.7019599999999999,1.35814,-0.654844515,0.727109955,0.10070775
1764505234.9097714,-4.8832,0.62566,0.42728,-0.653990025,0.7261944300000001,0.101134995
1764505234.9097714,-4.8832,0.62566,0.42728,-0.653990025,0.7261944300000001,0.101134995
1764505234.9097714,-4.8832,0.62566,0.42728,-0.653990025,0.7261944300000001,0.101134995
1764505234.9097714,-4.8832,0.62566,0.42728,-0.653990025,0.7261944300000001,0.101134995
1764505234.9097714,-4.8832,0.62566,0.42728,-0.653990025,0.7261944300000001,0.101134995
1764505234.9097714,-4.8832,0.62566,0.42728,-0.653990025,0.7261944300000001,0.101134995
1764505234.9097714,-4.8832,0.62566,0.42728,-0.653990025,0.7261944300000001,0.101134995
1764505234.9097714,-4.8832,0.62566,0.42728,-0.653990025,0.7261944300000001,0.101134995
1764505234.9097714,-4.8832,0.62566,0.42728,-0.653990025,0.7261944300000001,0.101134995
1764505234.9097714,-4.8832,0.62566,0.42728,-0.653990025,0.7261944300000001,0.101134995
1764505234.9097714,-4.6543,1.89224,-0.44254,-0.6517317300000001,0.72643857,0.101745345
1764505234.9097714,-4.6543,1.89224,-0.44254,-0.6517317300000001,0.72643857,0.101745345
1764505234.9568305,-4.6543,1.89224,-0.44254,-0.6517317300000001,0.72643857,0.101745345
1764505234.9568305,-4.6543,1.89224,-0.44254,-0.6517317300000001,0.72643857,0.101745345
1764505234.9568305,-4.6543,1.89224,-0.44254,-0.6517317300000001,0.72643857,0.101745345
1764505234.9568305,-4.6543,1.89224,-0.44254,-0.6517317300000001,0.72643857,0.101745345
1764505234.9568305,-4.6543,1.89224,-0.44254,-0.6517317300000001,0.72643857,0.101745345
1764505234.9568305,-4.6543,1.89224,-0.44254,-0.6517317300000001,0.72643857,0.101745345
1764505234.9568305,-4.6543,1.89224,-0.44254,-0.6517317300000001,0.72643857,0.101745345
1764505234.9568305,-4.6543,1.89224,-0.44254,-0.6517317300000001,0.72643857,0.101745345
1764505234.9568305,-5.15788,1.93802,-0.13734,-0.651182415,0.7256451150000001,0.102233625
1764505234.9568305,-5.15788,1.93802,-0.13734,-0.651182415,0.7256451150000001,0.102233625
1764505234.9568305,-5.15788,1.93802,-0.13734,-0.651182415,0.7256451150000001,0.102233625
1764505234.9568305,-5.15788,1.93802,-0.13734,-0.651182415,0.7256451150000001,0.102233625
1764505234.9568305,-5.15788,1.93802,-0.13734,-0.651182415,0.7256451150000001,0.102233625
1764505234.9568305,-5.15788,1.93802,-0.13734,-0.651182415,0.7256451150000001,0.102233625
1764505234.9568305,-5.15788,1.93802,-0.13734,-0.651182415,0.7256451150000001,0.102233625
1764505234.9568305,-5.15788,1.93802,-0.13734,-0.651182415,0.7256451150000001,0.102233625
1764505234.9568305,-5.15788,1.93802,-0.13734,-0.651182415,0.7256451150000001,0.102233625
1764505234.9578495,-5.15788,1.93802,-0.13734,-0.651182415,0.7256451150000001,0.102233625
1764505234.9588606,-1.09872,1.93802,1.2971,-0.65514969,0.72241026,0.1037595
1764505234.9588606,-1.09872,1.93802,1.2971,-0.65514969,0.72241026,0.1037595
1764505234.9588606,-1.09872,1.93802,1.2971,-0.65514969,0.72241026,0.1037595
1764505234.9588606,-1.09872,1.93802,1.2971,-0.65514969,0.72241026,0.1037595
1764505234.9588606,-1.09872,1.93802,1.2971,-0.65514969,0.72241026,0.1037595
1764505234.9588606,-1.09872,1.93802,1.2971,-0.65514969,0.72241026,0.1037595
1764505235.0033689,-1.09872,1.93802,1.2971,-0.65514969,0.72241026,0.1037595
1764505235.0033689,-1.09872,1.93802,1.2971,-0.65514969,0.72241026,0.1037595
1764505235.0033689,-1.09872,1.93802,1.2971,-0.65514969,0.72241026,0.1037595
1764505235.0033689,-1.09872,1.93802,1.2971,-0.65514969,0.72241026,0.1037595
1764505235.0033689,0.9919,0.41202,-0.27468,-0.65868972,0.721616805,0.104064675
1764505235.0033689,0.9919,0.41202,-0.27468,-0.65868972,0.721616805,0.104064675
1764505235.0033689,0.9919,0.41202,-0.27468,-0.65868972,0.721616805,0.104064675
1764505235.0033689,0.9919,0.41202,-0.27468,-0.65868972,0.721616805,0.104064675
1764505235.0033689,0.9919,0.41202,-0.27468,-0.65868972,0.721616805,0.104064675
1764505235.0033689,0.9919,0.41202,-0.27468,-0.65868972,0.721616805,0.104064675
1764505235.0033689,0.9919,0.41202,-0.27468,-0.65868972,0.721616805,0.104064675
1764505235.0033689,0.9919,0.41202,-0.27468,-0.65868972,0.721616805,0.104064675
1764505235.0033689,0.9919,0.41202,-0.27468,-0.65868972,0.721616805,0.104064675
1764505235.0033689,0.9919,0.41202,-0.27468,-0.65868972,0.721616805,0.104064675
1764505235.0033689,0.24416,0.50358,-2.5942,-0.659849385,0.72680478,0.101379135
1764505235.0033689,0.24416,0.50358,-2.5942,-0.659849385,0.72680478,0.101379135
1764505235.0033689,0.24416,0.50358,-2.5942,-0.659849385,0.72680478,0.101379135
1764505235.0033689,0.24416,0.50358,-2.5942,-0.659849385,0.72680478,0.101379135
1764505235.0033689,0.24416,0.50358,-2.5942,-0.659849385,0.72680478,0.101379135
1764505235.0033689,0.24416,0.50358,-2.5942,-0.659849385,0.72680478,0.101379135
1764505235.0033689,0.24416,0.50358,-2.5942,-0.659849385,0.72680478,0.101379135
1764505235.0033689,0.24416,0.50358,-2.5942,-0.659849385,0.72680478,0.101379135
1764505235.0033689,0.24416,0.50358,-2.5942,-0.659849385,0.72680478,0.101379135
1764505235.0033689,0.24416,0.50358,-2.5942,-0.659849385,0.72680478,0.101379135
1764505235.0494702,1.26658,-1.2208,-2.09062,-0.65978835,0.736631415,0.10021947
1764505235.0494702,1.26658,-1.2208,-2.09062,-0.65978835,0.736631415,0.10021947
1764505235.0494702,1.26658,-1.2208,-2.09062,-0.65978835,0.736631415,0.10021947
1764505235.0494702,1.26658,-1.2208,-2.09062,-0.65978835,0.736631415,0.10021947
1764505235.0494702,1.26658,-1.2208,-2.09062,-0.65978835,0.736631415,0.10021947
1764505235.0494702,1.26658,-1.2208,-2.09062,-0.65978835,0.736631415,0.10021947
1764505235.0494702,1.26658,-1.2208,-2.09062,-0.65978835,0.736631415,0.10021947
1764505235.0494702,1.26658,-1.2208,-2.09062,-0.65978835,0.736631415,0.10021947
1764505235.0494702,1.26658,-1.2208,-2.09062,-0.65978835,0.736631415,0.10021947
1764505235.0494702,1.26658,-1.2208,-2.09062,-0.65978835,0.736631415,0.10021947
1764505235.0494702,-1.03768,-1.49548,0.28994,-0.65588211,0.74316216,0.10070775
1764505235.0494702,-1.03768,-1.49548,0.28994,-0.65588211,0.74316216,0.10070775
1764505235.0494702,-1.03768,-1.49548,0.28994,-0.65588211,0.74316216,0.10070775
1764505235.0494702,-1.03768,-1.49548,0.28994,-0.65588211,0.74316216,0.10070775
1764505235.0494702,-1.03768,-1.49548,0.28994,-0.65588211,0.74316216,0.10070775
1764505235.0494702,-1.03768,-1.49548,0.28994,-0.65588211,0.74316216,0.10070775
1764505235.0494702,-1.03768,-1.49548,0.28994,-0.65588211,0.74316216,0.10070775
1764505235.0494702,-1.03768,-1.49548,0.28994,-0.65588211,0.74316216,0.10070775
1764505235.0494702,-1.03768,-1.49548,0.28994,-0.65588211,0.74316216,0.10070775
1764505235.0494702,-1.03768,-1.49548,0.28994,-0.65588211,0.74316216,0.10070775
1764505235.0494702,-3.7387,1.92276,2.7468,-0.653257605,0.74487114,0.10021947
1764505235.0494702,-3.7387,1.92276,2.7468,-0.653257605,0.74487114,0.10021947
1764505235.0934334,-3.7387,1.92276,2.7468,-0.653257605,0.74487114,0.10021947
1764505235.0934334,-3.7387,1.92276,2.7468,-0.653257605,0.74487114,0.10021947
1764505235.0934334,-3.7387,1.92276,2.7468,-0.653257605,0.74487114,0.10021947
1764505235.0934334,-3.7387,1.92276,2.7468,-0.653257605,0.74487114,0.10021947
1764505235.0944326,-3.7387,1.92276,2.7468,-0.653257605,0.74487114,0.10021947
1764505235.0944326,-3.7387,1.92276,2.7468,-0.653257605,0.74487114,0.10021947
1764505235.0944326,-3.7387,1.92276,2.7468,-0.653257605,0.74487114,0.10021947
1764505235.0954194,-3.7387,1.92276,2.7468,-0.653257605,0.74487114,0.10021947
1764505235.0956616,-7.66052,1.57178,1.8006799999999998,-0.650816205,0.747007365,0.099914295
1764505235.0956616,-7.66052,1.57178,1.8006799999999998,-0.650816205,0.747007365,0.099914295
1764505235.0956616,-7.66052,1.57178,1.8006799999999998,-0.650816205,0.747007365,0.099914295
1764505235.0956616,-7.66052,1.57178,1.8006799999999998,-0.650816205,0.747007365,0.099914295
1764505235.0956616,-7.66052,1.57178,1.8006799999999998,-0.650816205,0.747007365,0.099914295
1764505235.096644,-7.66052,1.57178,1.8006799999999998,-0.650816205,0.747007365,0.099914295
1764505235.096644,-7.66052,1.57178,1.8006799999999998,-0.650816205,0.747007365,0.099914295
1764505235.096969,-7.66052,1.57178,1.8006799999999998,-0.650816205,0.747007365,0.099914295
1764505235.096969,-7.66052,1.57178,1.8006799999999998,-0.650816205,0.747007365,0.099914295
1764505235.096969,-7.66052,1.57178,1.8006799999999998,-0.650816205,0.747007365,0.099914295
1764505235.096969,-9.43068,3.02148,0.59514,-0.6506941350000001,0.743345265,0.101012925
1764505235.0976524,-9.43068,3.02148,0.59514,-0.6506941350000001,0.743345265,0.101012925
1764505235.0976524,-9.43068,3.02148,0.59514,-0.6506941350000001,0.743345265,0.101012925
1764505235.0976524,-9.43068,3.02148,0.59514,-0.6506941350000001,0.743345265,0.101012925
1764505235.0976524,-9.43068,3.02148,0.59514,-0.6506941350000001,0.743345265,0.101012925
1764505235.0976524,-9.43068,3.02148,0.59514,-0.6506941350000001,0.743345265,0.101012925
1764505235.1409073,-9.43068,3.02148,0.59514,-0.6506941350000001,0.743345265,0.101012925
1764505235.1409073,-9.43068,3.02148,0.59514,-0.6506941350000001,0.743345265,0.101012925
1764505235.1409073,-9.43068,3.02148,0.59514,-0.6506941350000001,0.743345265,0.101012925
1764505235.1409073,-9.43068,3.02148,0.59514,-0.6506941350000001,0.743345265,0.101012925
1764505235.1409073,-9.156,3.69292,-1.46496,-0.651792765,0.7373028,0.10095189
1764505235.1409073,-9.156,3.69292,-1.46496,-0.651792765,0.7373028,0.10095189
1764505235.1409073,-9.156,3.69292,-1.46496,-0.651792765,0.7373028,0.10095189
1764505235.1409073,-9.156,3.69292,-1.46496,-0.651792765,0.7373028,0.10095189
1764505235.1409073,-9.156,3.69292,-1.46496,-0.651792765,0.7373028,0.10095189
1764505235.1409073,-9.156,3.69292,-1.46496,-0.651792765,0.7373028,0.10095189
1764505235.1409073,-9.156,3.69292,-1.46496,-0.651792765,0.7373028,0.10095189
1764505235.1409073,-9.156,3.69292,-1.46496,-0.651792765,0.7373028,0.10095189
1764505235.1409073,-9.156,3.69292,-1.46496,-0.651792765,0.7373028,0.10095189
1764505235.1409073,-9.156,3.69292,-1.46496,-0.651792765,0.7373028,0.10095189
1764505235.1409073,-8.530339999999999,2.01432,-1.00716,-0.653501745,0.732236895,0.099914295
1764505235.1409073,-8.530339999999999,2.01432,-1.00716,-0.653501745,0.732236895,0.099914295
1764505235.1409073,-8.530339999999999,2.01432,-1.00716,-0.653501745,0.732236895,0.099914295
1764505235.1409073,-8.530339999999999,2.01432,-1.00716,-0.653501745,0.732236895,0.099914295
1764505235.141921,-8.530339999999999,2.01432,-1.00716,-0.653501745,0.732236895,0.099914295
1764505235.141921,-8.530339999999999,2.01432,-1.00716,-0.653501745,0.732236895,0.099914295
1764505235.141921,-8.530339999999999,2.01432,-1.00716,-0.653501745,0.732236895,0.099914295
1764505235.141921,-8.530339999999999,2.01432,-1.00716,-0.653501745,0.732236895,0.099914295
1764505235.141921,-8.530339999999999,2.01432,-1.00716,-0.653501745,0.732236895,0.099914295
1764505235.141921,-8.530339999999999,2.01432,-1.00716,-0.653501745,0.732236895,0.099914295
1764505235.1866405,-5.67672,0.3815,0.01526,-0.65356278,0.729429285,0.10107396
1764505235.1866405,-5.67672,0.3815,0.01526,-0.65356278,0.729429285,0.10107396
1764505235.1876593,-5.67672,0.3815,0.01526,-0.65356278,0.729429285,0.10107396
1764505235.1876593,-5.67672,0.3815,0.01526,-0.65356278,0.729429285,0.10107396
1764505235.1876593,-5.67672,0.3815,0.01526,-0.65356278,0.729429285,0.10107396
1764505235.1876593,-5.67672,0.3815,0.01526,-0.65356278,0.729429285,0.10107396
1764505235.1876593,-5.67672,0.3815,0.01526,-0.65356278,0.729429285,0.10107396
1764505235.1876593,-5.67672,0.3815,0.01526,-0.65356278,0.729429285,0.10107396
1764505235.18865,-5.67672,0.3815,0.01526,-0.65356278,0.729429285,0.10107396
1764505235.18865,-5.67672,0.3815,0.01526,-0.65356278,0.729429285,0.10107396
1764505235.18865,-3.29616,0.03052,1.00716,-0.652525185,0.7266827100000001,0.10217259
1764505235.18865,-3.29616,0.03052,1.00716,-0.652525185,0.7266827100000001,0.10217259
1764505235.18865,-3.29616,0.03052,1.00716,-0.652525185,0.7266827100000001,0.10217259
1764505235.18865,-3.29616,0.03052,1.00716,-0.652525185,0.7266827100000001,0.10217259
1764505235.18865,-3.29616,0.03052,1.00716,-0.652525185,0.7266827100000001,0.10217259
1764505235.18865,-3.29616,0.03052,1.00716,-0.652525185,0.7266827100000001,0.10217259
1764505235.191307,-3.29616,0.03052,1.00716,-0.652525185,0.7266827100000001,0.10217259
1764505235.191307,-3.29616,0.03052,1.00716,-0.652525185,0.7266827100000001,0.10217259
1764505235.1923206,-3.29616,0.03052,1.00716,-0.652525185,0.7266827100000001,0.10217259
1764505235.1923206,-3.29616,0.03052,1.00716,-0.652525185,0.7266827100000001,0.10217259
1764505235.1923206,-2.85362,1.08346,0.5341,-0.65319657,0.7238751,0.10229466
1764505235.1923206,-2.85362,1.08346,0.5341,-0.65319657,0.7238751,0.10229466
1764505235.1923206,-2.85362,1.08346,0.5341,-0.65319657,0.7238751,0.10229466
1764505235.1923206,-2.85362,1.08346,0.5341,-0.65319657,0.7238751,0.10229466
1764505235.241375,-2.85362,1.08346,0.5341,-0.65319657,0.7238751,0.10229466
1764505235.241375,-2.85362,1.08346,0.5341,-0.65319657,0.7238751,0.10229466
1764505235.241375,-2.85362,1.08346,0.5341,-0.65319657,0.7238751,0.10229466
1764505235.241375,-2.85362,1.08346,0.5341,-0.65319657,0.7238751,0.10229466
1764505235.241375,-2.85362,1.08346,0.5341,-0.65319657,0.7238751,0.10229466
1764505235.241375,-2.85362,1.08346,0.5341,-0.65319657,0.7238751,0.10229466
1764505235.241375,-2.65524,0.28994,0.13734,-0.655454865,0.72570615,0.101501205
1764505235.241375,-2.65524,0.28994,0.13734,-0.655454865,0.72570615,0.101501205
1764505235.241375,-2.65524,0.28994,0.13734,-0.655454865,0.72570615,0.101501205
1764505235.241375,-2.65524,0.28994,0.13734,-0.655454865,0.72570615,0.101501205
1764505235.241375,-2.65524,0.28994,0.13734,-0.655454865,0.72570615,0.101501205
1764505235.241375,-2.65524,0.28994,0.13734,-0.655454865,0.72570615,0.101501205
1764505235.241375,-2.65524,0.28994,0.13734,-0.655454865,0.72570615,0.101501205
1764505235.241375,-2.65524,0.28994,0.13734,-0.655454865,0.72570615,0.101501205
1764505235.241375,-2.65524,0.28994,0.13734,-0.655454865,0.72570615,0.101501205
1764505235.241375,-2.65524,0.28994,0.13734,-0.655454865,0.72570615,0.101501205
1764505235.241375,-3.69292,0.0762999999999999,0.12208,-0.655699005,0.729429285,0.10070775
1764505235.241375,-3.69292,0.0762999999999999,0.12208,-0.655699005,0.729429285,0.10070775
1764505235.241375,-3.69292,0.0762999999999999,0.12208,-0.655699005,0.729429285,0.10070775
1764505235.241375,-3.69292,0.0762999999999999,0.12208,-0.655699005,0.729429285,0.10070775
1764505235.241375,-3.69292,0.0762999999999999,0.12208,-0.655699005,0.729429285,0.10070775
1764505235.241375,-3.69292,0.0762999999999999,0.12208,-0.655699005,0.729429285,0.10070775
1764505235.241375,-3.69292,0.0762999999999999,0.12208,-0.655699005,0.729429285,0.10070775
1764505235.241375,-3.69292,0.0762999999999999,0.12208,-0.655699005,0.729429285,0.10070775
1764505235.2848215,-3.69292,0.0762999999999999,0.12208,-0.655699005,0.729429285,0.10070775
1764505235.2848215,-3.69292,0.0762999999999999,0.12208,-0.655699005,0.729429285,0.10070775
1764505235.2848215,-5.7225,1.4497,-0.6867,-0.653745885,0.73217586,0.100890855
1764505235.2848215,-5.7225,1.4497,-0.6867,-0.653745885,0.73217586,0.100890855
1764505235.2848215,-5.7225,1.4497,-0.6867,-0.653745885,0.73217586,0.100890855
1764505235.2848215,-5.7225,1.4497,-0.6867,-0.653745885,0.73217586,0.100890855
1764505235.2848215,-5.7225,1.4497,-0.6867,-0.653745885,0.73217586,0.100890855
1764505235.2848215,-5.7225,1.4497,-0.6867,-0.653745885,0.73217586,0.100890855
1764505235.2848215,-5.7225,1.4497,-0.6867,-0.653745885,0.73217586,0.100890855
1764505235.2848215,-5.7225,1.4497,-0.6867,-0.653745885,0.73217586,0.100890855
1764505235.2848215,-5.7225,1.4497,-0.6867,-0.653745885,0.73217586,0.100890855
1764505235.2848215,-5.7225,1.4497,-0.6867,-0.653745885,0.73217586,0.100890855
1764505235.2848215,-6.22608,2.70102,-0.3204599999999999,-0.65356278,0.733457595,0.10095189
1764505235.2848215,-6.22608,2.70102,-0.3204599999999999,-0.65356278,0.733457595,0.10095189
1764505235.2848215,-6.22608,2.70102,-0.3204599999999999,-0.65356278,0.733457595,0.10095189
1764505235.2848215,-6.22608,2.70102,-0.3204599999999999,-0.65356278,0.733457595,0.10095189
1764505235.2848215,-6.22608,2.70102,-0.3204599999999999,-0.65356278,0.733457595,0.10095189
1764505235.2848215,-6.22608,2.70102,-0.3204599999999999,-0.65356278,0.733457595,0.10095189
1764505235.2848215,-6.22608,2.70102,-0.3204599999999999,-0.65356278,0.733457595,0.10095189
1764505235.2848215,-6.22608,2.70102,-0.3204599999999999,-0.65356278,0.733457595,0.10095189
1764505235.2848215,-6.22608,2.70102,-0.3204599999999999,-0.65356278,0.733457595,0.10095189
1764505235.2848215,-6.22608,2.70102,-0.3204599999999999,-0.65356278,0.733457595,0.10095189
1764505235.3283474,-5.63094,2.54842,0.36624,-0.655699005,0.733091385,0.10095189
1764505235.3283474,-5.63094,2.54842,0.36624,-0.655699005,0.733091385,0.10095189
1764505235.3283474,-5.63094,2.54842,0.36624,-0.655699005,0.733091385,0.10095189
1764505235.3283474,-5.63094,2.54842,0.36624,-0.655699005,0.733091385,0.10095189
1764505235.3283474,-5.63094,2.54842,0.36624,-0.655699005,0.733091385,0.10095189
1764505235.3283474,-5.63094,2.54842,0.36624,-0.655699005,0.733091385,0.10095189
1764505235.3283474,-5.63094,2.54842,0.36624,-0.655699005,0.733091385,0.10095189
1764505235.3283474,-5.63094,2.54842,0.36624,-0.655699005,0.733091385,0.10095189
1764505235.3293805,-5.63094,2.54842,0.36624,-0.655699005,0.733091385,0.10095189
1764505235.3293805,-5.63094,2.54842,0.36624,-0.655699005,0.733091385,0.10095189
1764505235.3293805,-3.54032,1.2055399999999998,0.3509799999999999,-0.65612625,0.73205379,0.10168431
1764505235.3293805,-3.54032,1.2055399999999998,0.3509799999999999,-0.65612625,0.73205379,0.10168431
1764505235.3293805,-3.54032,1.2055399999999998,0.3509799999999999,-0.65612625,0.73205379,0.10168431
1764505235.3293805,-3.54032,1.2055399999999998,0.3509799999999999,-0.65612625,0.73205379,0.10168431
1764505235.3293805,-3.54032,1.2055399999999998,0.3509799999999999,-0.65612625,0.73205379,0.10168431
1764505235.3293805,-3.54032,1.2055399999999998,0.3509799999999999,-0.65612625,0.73205379,0.10168431
1764505235.3293805,-3.54032,1.2055399999999998,0.3509799999999999,-0.65612625,0.73205379,0.10168431
1764505235.3293805,-3.54032,1.2055399999999998,0.3509799999999999,-0.65612625,0.73205379,0.10168431
1764505235.3319054,-3.54032,1.2055399999999998,0.3509799999999999,-0.65612625,0.73205379,0.10168431
1764505235.3319054,-3.54032,1.2055399999999998,0.3509799999999999,-0.65612625,0.73205379,0.10168431
1764505235.3319054,-3.38772,0.65618,0.57988,-0.65588211,0.731138265,0.101989485
1764505235.3319054,-3.38772,0.65618,0.57988,-0.65588211,0.731138265,0.101989485
1764505235.3319054,-3.38772,0.65618,0.57988,-0.65588211,0.731138265,0.101989485
1764505235.3319054,-3.38772,0.65618,0.57988,-0.65588211,0.731138265,0.101989485
1764505235.3771205,-3.38772,0.65618,0.57988,-0.65588211,0.731138265,0.101989485
1764505235.3771205,-3.38772,0.65618,0.57988,-0.65588211,0.731138265,0.101989485
1764505235.3771205,-3.38772,0.65618,0.57988,-0.65588211,0.731138265,0.101989485
1764505235.3771205,-3.38772,0.65618,0.57988,-0.65588211,0.731138265,0.101989485
1764505235.3771205,-3.38772,0.65618,0.57988,-0.65588211,0.731138265,0.101989485
1764505235.3771205,-3.38772,0.65618,0.57988,-0.65588211,0.731138265,0.101989485
1764505235.3771205,-4.10494,1.15976,0.763,-0.6549055500000001,0.731138265,0.10229466
1764505235.3771205,-4.10494,1.15976,0.763,-0.6549055500000001,0.731138265,0.10229466
1764505235.3781378,-4.10494,1.15976,0.763,-0.6549055500000001,0.731138265,0.10229466
1764505235.3781378,-4.10494,1.15976,0.763,-0.6549055500000001,0.731138265,0.10229466
1764505235.3781378,-4.10494,1.15976,0.763,-0.6549055500000001,0.731138265,0.10229466
1764505235.3781378,-4.10494,1.15976,0.763,-0.6549055500000001,0.731138265,0.10229466
1764505235.3781378,-4.10494,1.15976,0.763,-0.6549055500000001,0.731138265,0.10229466
1764505235.3781378,-4.10494,1.15976,0.763,-0.6549055500000001,0.731138265,0.10229466
1764505235.3781378,-4.10494,1.15976,0.763,-0.6549055500000001,0.731138265,0.10229466
1764505235.3781378,-4.10494,1.15976,0.763,-0.6549055500000001,0.731138265,0.10229466
1764505235.3781378,-4.852679999999999,1.09872,0.0762999999999999,-0.65405106,0.73132137,0.102233625
1764505235.3781378,-4.852679999999999,1.09872,0.0762999999999999,-0.65405106,0.73132137,0.102233625
1764505235.3781378,-4.852679999999999,1.09872,0.0762999999999999,-0.65405106,0.73132137,0.102233625
1764505235.3781378,-4.852679999999999,1.09872,0.0762999999999999,-0.65405106,0.73132137,0.102233625
1764505235.3781378,-4.852679999999999,1.09872,0.0762999999999999,-0.65405106,0.73132137,0.102233625
1764505235.3781378,-4.852679999999999,1.09872,0.0762999999999999,-0.65405106,0.73132137,0.102233625
1764505235.4228554,-4.852679999999999,1.09872,0.0762999999999999,-0.65405106,0.73132137,0.102233625
1764505235.4228554,-4.852679999999999,1.09872,0.0762999999999999,-0.65405106,0.73132137,0.102233625
1764505235.4228554,-4.852679999999999,1.09872,0.0762999999999999,-0.65405106,0.73132137,0.102233625
1764505235.4228554,-4.852679999999999,1.09872,0.0762999999999999,-0.65405106,0.73132137,0.102233625
1764505235.4228554,-5.096839999999999,1.73964,-0.01526,-0.6543562350000001,0.731626545,0.1013181
1764505235.4228554,-5.096839999999999,1.73964,-0.01526,-0.6543562350000001,0.731626545,0.1013181
1764505235.4228554,-5.096839999999999,1.73964,-0.01526,-0.6543562350000001,0.731626545,0.1013181
1764505235.4228554,-5.096839999999999,1.73964,-0.01526,-0.6543562350000001,0.731626545,0.1013181
1764505235.4238513,-5.096839999999999,1.73964,-0.01526,-0.6543562350000001,0.731626545,0.1013181
1764505235.4238513,-5.096839999999999,1.73964,-0.01526,-0.6543562350000001,0.731626545,0.1013181
1764505235.4248536,-5.096839999999999,1.73964,-0.01526,-0.6543562350000001,0.731626545,0.1013181
1764505235.4248536,-5.096839999999999,1.73964,-0.01526,-0.6543562350000001,0.731626545,0.1013181
1764505235.4248536,-5.096839999999999,1.73964,-0.01526,-0.6543562350000001,0.731626545,0.1013181
1764505235.4248536,-5.096839999999999,1.73964,-0.01526,-0.6543562350000001,0.731626545,0.1013181
1764505235.4248536,-5.17314,2.16692,-0.09156,-0.6542952,0.731992755,0.10095189
1764505235.4258437,-5.17314,2.16692,-0.09156,-0.6542952,0.731992755,0.10095189
1764505235.4258437,-5.17314,2.16692,-0.09156,-0.6542952,0.731992755,0.10095189
1764505235.4258437,-5.17314,2.16692,-0.09156,-0.6542952,0.731992755,0.10095189
1764505235.4258437,-5.17314,2.16692,-0.09156,-0.6542952,0.731992755,0.10095189
1764505235.4258437,-5.17314,2.16692,-0.09156,-0.6542952,0.731992755,0.10095189
1764505235.4258437,-5.17314,2.16692,-0.09156,-0.6542952,0.731992755,0.10095189
1764505235.4258437,-5.17314,2.16692,-0.09156,-0.6542952,0.731992755,0.10095189
1764505235.4258437,-5.17314,2.16692,-0.09156,-0.6542952,0.731992755,0.10095189
1764505235.4258437,-5.17314,2.16692,-0.09156,-0.6542952,0.731992755,0.10095189
1764505235.4701276,-4.02864,1.72438,0.48832,-0.656187285,0.731382405,0.1013181
1764505235.4701276,-4.02864,1.72438,0.48832,-0.656187285,0.731382405,0.1013181
1764505235.4701276,-4.02864,1.72438,0.48832,-0.656187285,0.731382405,0.1013181
1764505235.4701276,-4.02864,1.72438,0.48832,-0.656187285,0.731382405,0.1013181
1764505235.4701276,-4.02864,1.72438,0.48832,-0.656187285,0.731382405,0.1013181
1764505235.4701276,-4.02864,1.72438,0.48832,-0.656187285,0.731382405,0.1013181
1764505235.4701276,-4.02864,1.72438,0.48832,-0.656187285,0.731382405,0.1013181
1764505235.4701276,-4.02864,1.72438,0.48832,-0.656187285,0.731382405,0.1013181
1764505235.4701276,-4.02864,1.72438,0.48832,-0.656187285,0.731382405,0.1013181
1764505235.4701276,-4.02864,1.72438,0.48832,-0.656187285,0.731382405,0.1013181
1764505235.4701276,-4.18124,1.25132,0.42728,-0.65661453,0.73168758,0.102477765
1764505235.4701276,-4.18124,1.25132,0.42728,-0.65661453,0.73168758,0.102477765
1764505235.4701276,-4.18124,1.25132,0.42728,-0.65661453,0.73168758,0.102477765
1764505235.4701276,-4.18124,1.25132,0.42728,-0.65661453,0.73168758,0.102477765
1764505235.4701276,-4.18124,1.25132,0.42728,-0.65661453,0.73168758,0.102477765
1764505235.4701276,-4.18124,1.25132,0.42728,-0.65661453,0.73168758,0.102477765
1764505235.4701276,-4.18124,1.25132,0.42728,-0.65661453,0.73168758,0.102477765
1764505235.4701276,-4.18124,1.25132,0.42728,-0.65661453,0.73168758,0.102477765
1764505235.4701276,-4.18124,1.25132,0.42728,-0.65661453,0.73168758,0.102477765
1764505235.4701276,-4.18124,1.25132,0.42728,-0.65661453,0.73168758,0.102477765
1764505235.4701276,-4.92898,1.54126,0.44254,-0.6567366,0.73180965,0.10290501
1764505235.4701276,-4.92898,1.54126,0.44254,-0.6567366,0.73180965,0.10290501
1764505235.515116,-4.92898,1.54126,0.44254,-0.6567366,0.73180965,0.10290501
1764505235.515116,-4.92898,1.54126,0.44254,-0.6567366,0.73180965,0.10290501
1764505235.515116,-4.92898,1.54126,0.44254,-0.6567366,0.73180965,0.10290501
1764505235.515116,-4.92898,1.54126,0.44254,-0.6567366,0.73180965,0.10290501
1764505235.515116,-4.92898,1.54126,0.44254,-0.6567366,0.73180965,0.10290501
1764505235.515116,-4.92898,1.54126,0.44254,-0.6567366,0.73180965,0.10290501
1764505235.515116,-4.92898,1.54126,0.44254,-0.6567366,0.73180965,0.10290501
1764505235.515116,-4.92898,1.54126,0.44254,-0.6567366,0.73180965,0.10290501
1764505235.515116,-5.70724,1.26658,0.6409199999999999,-0.65661453,0.731138265,0.10314915
1764505235.515116,-5.70724,1.26658,0.6409199999999999,-0.65661453,0.731138265,0.10314915
1764505235.515116,-5.70724,1.26658,0.6409199999999999,-0.65661453,0.731138265,0.10314915
1764505235.515116,-5.70724,1.26658,0.6409199999999999,-0.65661453,0.731138265,0.10314915
1764505235.515116,-5.70724,1.26658,0.6409199999999999,-0.65661453,0.731138265,0.10314915
1764505235.515116,-5.70724,1.26658,0.6409199999999999,-0.65661453,0.731138265,0.10314915
1764505235.515116,-5.70724,1.26658,0.6409199999999999,-0.65661453,0.731138265,0.10314915
1764505235.5161352,-5.70724,1.26658,0.6409199999999999,-0.65661453,0.731138265,0.10314915
1764505235.5161352,-5.70724,1.26658,0.6409199999999999,-0.65661453,0.731138265,0.10314915
1764505235.5161352,-5.70724,1.26658,0.6409199999999999,-0.65661453,0.731138265,0.10314915
1764505235.5161352,-5.753019999999999,0.8698199999999999,0.48832,-0.65649246,0.731992755,0.102843975
1764505235.5161352,-5.753019999999999,0.8698199999999999,0.48832,-0.65649246,0.731992755,0.102843975
1764505235.5161352,-5.753019999999999,0.8698199999999999,0.48832,-0.65649246,0.731992755,0.102843975
1764505235.5161352,-5.753019999999999,0.8698199999999999,0.48832,-0.65649246,0.731992755,0.102843975
1764505235.5161352,-5.753019999999999,0.8698199999999999,0.48832,-0.65649246,0.731992755,0.102843975
1764505235.5161352,-5.753019999999999,0.8698199999999999,0.48832,-0.65649246,0.731992755,0.102843975
1764505235.5621529,-5.753019999999999,0.8698199999999999,0.48832,-0.65649246,0.731992755,0.102843975
1764505235.5621529,-5.753019999999999,0.8698199999999999,0.48832,-0.65649246,0.731992755,0.102843975
1764505235.5621529,-5.753019999999999,0.8698199999999999,0.48832,-0.65649246,0.731992755,0.102843975
1764505235.5621529,-5.753019999999999,0.8698199999999999,0.48832,-0.65649246,0.731992755,0.102843975
1764505235.5621529,-4.15072,0.74774,-0.41202,-0.655699005,0.7311993,0.10314915
1764505235.5647273,-4.15072,0.74774,-0.41202,-0.655699005,0.7311993,0.10314915
1764505235.5647273,-4.15072,0.74774,-0.41202,-0.655699005,0.7311993,0.10314915
1764505235.5647273,-4.15072,0.74774,-0.41202,-0.655699005,0.7311993,0.10314915
1764505235.5647273,-4.15072,0.74774,-0.41202,-0.655699005,0.7311993,0.10314915
1764505235.5647273,-4.15072,0.74774,-0.41202,-0.655699005,0.7311993,0.10314915
1764505235.5647273,-4.15072,0.74774,-0.41202,-0.655699005,0.7311993,0.10314915
1764505235.5647273,-4.15072,0.74774,-0.41202,-0.655699005,0.7311993,0.10314915
1764505235.5647273,-4.15072,0.74774,-0.41202,-0.655699005,0.7311993,0.10314915
1764505235.5647273,-4.15072,0.74774,-0.41202,-0.655699005,0.7311993,0.10314915
1764505235.5647273,-2.88414,0.42728,-0.763,-0.654844515,0.731016195,0.1037595
1764505235.5647273,-2.88414,0.42728,-0.763,-0.654844515,0.731016195,0.1037595
1764505235.5647273,-2.88414,0.42728,-0.763,-0.654844515,0.731016195,0.1037595
1764505235.5647273,-2.88414,0.42728,-0.763,-0.654844515,0.731016195,0.1037595
1764505235.5647273,-2.88414,0.42728,-0.763,-0.654844515,0.731016195,0.1037595
1764505235.5647273,-2.88414,0.42728,-0.763,-0.654844515,0.731016195,0.1037595
1764505235.5647273,-2.88414,0.42728,-0.763,-0.654844515,0.731016195,0.1037595
1764505235.5647273,-2.88414,0.42728,-0.763,-0.654844515,0.731016195,0.1037595
1764505235.5647273,-2.88414,0.42728,-0.763,-0.654844515,0.731016195,0.1037595
1764505235.5647273,-2.88414,0.42728,-0.763,-0.654844515,0.731016195,0.1037595
1764505235.615806,-4.1202,0.93086,0.3509799999999999,-0.655088655,0.73095516,0.102843975
1764505235.615806,-4.1202,0.93086,0.3509799999999999,-0.655088655,0.73095516,0.102843975
1764505235.615806,-4.1202,0.93086,0.3509799999999999,-0.655088655,0.73095516,0.102843975
1764505235.6161275,-4.1202,0.93086,0.3509799999999999,-0.655088655,0.73095516,0.102843975
1764505235.6161275,-4.1202,0.93086,0.3509799999999999,-0.655088655,0.73095516,0.102843975
1764505235.6161275,-4.1202,0.93086,0.3509799999999999,-0.655088655,0.73095516,0.102843975
1764505235.6161275,-4.1202,0.93086,0.3509799999999999,-0.655088655,0.73095516,0.102843975
1764505235.6161275,-4.1202,0.93086,0.3509799999999999,-0.655088655,0.73095516,0.102843975
1764505235.6161275,-4.1202,0.93086,0.3509799999999999,-0.655088655,0.73095516,0.102843975
1764505235.6161275,-4.1202,0.93086,0.3509799999999999,-0.655088655,0.73095516,0.102843975
1764505235.6161275,-5.890359999999999,0.3051999999999999,0.3815,-0.655210725,0.7314434400000001,0.1025388
1764505235.6161275,-5.890359999999999,0.3051999999999999,0.3815,-0.655210725,0.7314434400000001,0.1025388
1764505235.6161275,-5.890359999999999,0.3051999999999999,0.3815,-0.655210725,0.7314434400000001,0.1025388
1764505235.6161275,-5.890359999999999,0.3051999999999999,0.3815,-0.655210725,0.7314434400000001,0.1025388
1764505235.6161275,-5.890359999999999,0.3051999999999999,0.3815,-0.655210725,0.7314434400000001,0.1025388
1764505235.6161275,-5.890359999999999,0.3051999999999999,0.3815,-0.655210725,0.7314434400000001,0.1025388
1764505235.6161275,-5.890359999999999,0.3051999999999999,0.3815,-0.655210725,0.7314434400000001,0.1025388
1764505235.6161275,-5.890359999999999,0.3051999999999999,0.3815,-0.655210725,0.7314434400000001,0.1025388
1764505235.6161275,-5.890359999999999,0.3051999999999999,0.3815,-0.655210725,0.7314434400000001,0.1025388
1764505235.6161275,-5.890359999999999,0.3051999999999999,0.3815,-0.655210725,0.7314434400000001,0.1025388
1764505235.6161275,-6.62284,0.27468,0.3051999999999999,-0.65453934,0.732236895,0.10266087
1764505235.6161275,-6.62284,0.27468,0.3051999999999999,-0.65453934,0.732236895,0.10266087
1764505235.6161275,-6.62284,0.27468,0.3051999999999999,-0.65453934,0.732236895,0.10266087
1764505235.6161275,-6.62284,0.27468,0.3051999999999999,-0.65453934,0.732236895,0.10266087
1764505235.6564493,-6.62284,0.27468,0.3051999999999999,-0.65453934,0.732236895,0.10266087
1764505235.656987,-6.62284,0.27468,0.3051999999999999,-0.65453934,0.732236895,0.10266087
1764505235.656987,-6.62284,0.27468,0.3051999999999999,-0.65453934,0.732236895,0.10266087
1764505235.656987,-6.62284,0.27468,0.3051999999999999,-0.65453934,0.732236895,0.10266087
1764505235.656987,-6.62284,0.27468,0.3051999999999999,-0.65453934,0.732236895,0.10266087
1764505235.656987,-6.62284,0.27468,0.3051999999999999,-0.65453934,0.732236895,0.10266087
1764505235.656987,-5.7225,0.71722,0.27468,-0.65380692,0.73046688,0.10290501
1764505235.656987,-5.7225,0.71722,0.27468,-0.65380692,0.73046688,0.10290501
1764505235.656987,-5.7225,0.71722,0.27468,-0.65380692,0.73046688,0.10290501
1764505235.656987,-5.7225,0.71722,0.27468,-0.65380692,0.73046688,0.10290501
1764505235.656987,-5.7225,0.71722,0.27468,-0.65380692,0.73046688,0.10290501
1764505235.656987,-5.7225,0.71722,0.27468,-0.65380692,0.73046688,0.10290501
1764505235.656987,-5.7225,0.71722,0.27468,-0.65380692,0.73046688,0.10290501
1764505235.657999,-5.7225,0.71722,0.27468,-0.65380692,0.73046688,0.10290501
1764505235.657999,-5.7225,0.71722,0.27468,-0.65380692,0.73046688,0.10290501
1764505235.657999,-5.7225,0.71722,0.27468,-0.65380692,0.73046688,0.10290501
1764505235.657999,-4.16598,1.2208,0.7019599999999999,-0.65368485,0.727720305,0.102721905
1764505235.657999,-4.16598,1.2208,0.7019599999999999,-0.65368485,0.727720305,0.102721905
1764505235.657999,-4.16598,1.2208,0.7019599999999999,-0.65368485,0.727720305,0.102721905
1764505235.657999,-4.16598,1.2208,0.7019599999999999,-0.65368485,0.727720305,0.102721905
1764505235.657999,-4.16598,1.2208,0.7019599999999999,-0.65368485,0.727720305,0.102721905
1764505235.657999,-4.16598,1.2208,0.7019599999999999,-0.65368485,0.727720305,0.102721905
1764505235.6595104,-4.16598,1.2208,0.7019599999999999,-0.65368485,0.727720305,0.102721905
1764505235.6595104,-4.16598,1.2208,0.7019599999999999,-0.65368485,0.727720305,0.102721905
1764505235.7069232,-4.16598,1.2208,0.7019599999999999,-0.65368485,0.727720305,0.102721905
1764505235.7069232,-4.16598,1.2208,0.7019599999999999,-0.65368485,0.727720305,0.102721905
1764505235.7077577,-4.059159999999999,0.3051999999999999,0.27468,-0.653990025,0.726011325,0.102233625
1764505235.7077577,-4.059159999999999,0.3051999999999999,0.27468,-0.653990025,0.726011325,0.102233625
1764505235.7077577,-4.059159999999999,0.3051999999999999,0.27468,-0.653990025,0.726011325,0.102233625
1764505235.7077577,-4.059159999999999,0.3051999999999999,0.27468,-0.653990025,0.726011325,0.102233625
1764505235.7077577,-4.059159999999999,0.3051999999999999,0.27468,-0.653990025,0.726011325,0.102233625
1764505235.7077577,-4.059159999999999,0.3051999999999999,0.27468,-0.653990025,0.726011325,0.102233625
1764505235.7077577,-4.059159999999999,0.3051999999999999,0.27468,-0.653990025,0.726011325,0.102233625
1764505235.7077577,-4.059159999999999,0.3051999999999999,0.27468,-0.653990025,0.726011325,0.102233625
1764505235.7077577,-4.059159999999999,0.3051999999999999,0.27468,-0.653990025,0.726011325,0.102233625
1764505235.7077577,-4.059159999999999,0.3051999999999999,0.27468,-0.653990025,0.726011325,0.102233625
1764505235.7077577,-3.38772,1.73964,0.04578,-0.65234208,0.725889255,0.10302708
1764505235.7077577,-3.38772,1.73964,0.04578,-0.65234208,0.725889255,0.10302708
1764505235.7077577,-3.38772,1.73964,0.04578,-0.65234208,0.725889255,0.10302708
1764505235.7077577,-3.38772,1.73964,0.04578,-0.65234208,0.725889255,0.10302708
1764505235.7077577,-3.38772,1.73964,0.04578,-0.65234208,0.725889255,0.10302708
1764505235.7077577,-3.38772,1.73964,0.04578,-0.65234208,0.725889255,0.10302708
1764505235.7077577,-3.38772,1.73964,0.04578,-0.65234208,0.725889255,0.10302708
1764505235.7077577,-3.38772,1.73964,0.04578,-0.65234208,0.725889255,0.10302708
1764505235.7077577,-3.38772,1.73964,0.04578,-0.65234208,0.725889255,0.10302708
1764505235.7077577,-3.38772,1.73964,0.04578,-0.65234208,0.725889255,0.10302708
1764505235.7077577,-3.06726,3.21986,0.6867,-0.651182415,0.72680478,0.102111555
1764505235.7077577,-3.06726,3.21986,0.6867,-0.651182415,0.72680478,0.102111555
1764505235.755489,-3.06726,3.21986,0.6867,-0.651182415,0.72680478,0.102111555
1764505235.755489,-3.06726,3.21986,0.6867,-0.651182415,0.72680478,0.102111555
1764505235.755489,-3.06726,3.21986,0.6867,-0.651182415,0.72680478,0.102111555
1764505235.755489,-3.06726,3.21986,0.6867,-0.651182415,0.72680478,0.102111555
1764505235.7570477,-3.06726,3.21986,0.6867,-0.651182415,0.72680478,0.102111555
1764505235.7570477,-3.06726,3.21986,0.6867,-0.651182415,0.72680478,0.102111555
1764505235.7570477,-3.06726,3.21986,0.6867,-0.651182415,0.72680478,0.102111555
1764505235.7570477,-3.06726,3.21986,0.6867,-0.651182415,0.72680478,0.102111555
1764505235.7570477,-2.71628,1.99906,2.10588,-0.6530745,0.72704892,0.101867415
1764505235.7570477,-2.71628,1.99906,2.10588,-0.6530745,0.72704892,0.101867415
1764505235.7570477,-2.71628,1.99906,2.10588,-0.6530745,0.72704892,0.101867415
1764505235.7570477,-2.71628,1.99906,2.10588,-0.6530745,0.72704892,0.101867415
1764505235.7570477,-2.71628,1.99906,2.10588,-0.6530745,0.72704892,0.101867415
1764505235.7570477,-2.71628,1.99906,2.10588,-0.6530745,0.72704892,0.101867415
1764505235.7580595,-2.71628,1.99906,2.10588,-0.6530745,0.72704892,0.101867415
1764505235.7580595,-2.71628,1.99906,2.10588,-0.6530745,0.72704892,0.101867415
1764505235.7580595,-2.71628,1.99906,2.10588,-0.6530745,0.72704892,0.101867415
1764505235.7580595,-2.71628,1.99906,2.10588,-0.6530745,0.72704892,0.101867415
1764505235.7580595,-3.09778,1.526,1.70912,-0.6555159,0.72802548,0.102111555
1764505235.7580595,-3.09778,1.526,1.70912,-0.6555159,0.72802548,0.102111555
1764505235.7580595,-3.09778,1.526,1.70912,-0.6555159,0.72802548,0.102111555
1764505235.7580595,-3.09778,1.526,1.70912,-0.6555159,0.72802548,0.102111555
1764505235.7580595,-3.09778,1.526,1.70912,-0.6555159,0.72802548,0.102111555
1764505235.7580595,-3.09778,1.526,1.70912,-0.6555159,0.72802548,0.102111555
1764505235.801787,-3.09778,1.526,1.70912,-0.6555159,0.72802548,0.102111555
1764505235.801787,-3.09778,1.526,1.70912,-0.6555159,0.72802548,0.102111555
1764505235.801787,-3.09778,1.526,1.70912,-0.6555159,0.72802548,0.102111555
1764505235.801787,-3.09778,1.526,1.70912,-0.6555159,0.72802548,0.102111555
1764505235.801787,-2.38056,1.89224,-0.42728,-0.655821075,0.72949032,0.10168431
1764505235.801787,-2.38056,1.89224,-0.42728,-0.655821075,0.72949032,0.10168431
1764505235.801787,-2.38056,1.89224,-0.42728,-0.655821075,0.72949032,0.10168431
1764505235.801787,-2.38056,1.89224,-0.42728,-0.655821075,0.72949032,0.10168431
1764505235.801787,-2.38056,1.89224,-0.42728,-0.655821075,0.72949032,0.10168431
1764505235.801787,-2.38056,1.89224,-0.42728,-0.655821075,0.72949032,0.10168431
1764505235.801787,-2.38056,1.89224,-0.42728,-0.655821075,0.72949032,0.10168431
1764505235.801787,-2.38056,1.89224,-0.42728,-0.655821075,0.72949032,0.10168431
1764505235.801787,-2.38056,1.89224,-0.42728,-0.655821075,0.72949032,0.10168431
1764505235.801787,-2.38056,1.89224,-0.42728,-0.655821075,0.72949032,0.10168431
1764505235.80236,-0.93086,2.86888,-1.3734,-0.656065215,0.73254207,0.101745345
1764505235.80236,-0.93086,2.86888,-1.3734,-0.656065215,0.73254207,0.101745345
1764505235.80236,-0.93086,2.86888,-1.3734,-0.656065215,0.73254207,0.101745345
1764505235.80236,-0.93086,2.86888,-1.3734,-0.656065215,0.73254207,0.101745345
1764505235.80236,-0.93086,2.86888,-1.3734,-0.656065215,0.73254207,0.101745345
1764505235.80236,-0.93086,2.86888,-1.3734,-0.656065215,0.73254207,0.101745345
1764505235.80236,-0.93086,2.86888,-1.3734,-0.656065215,0.73254207,0.101745345
1764505235.80236,-0.93086,2.86888,-1.3734,-0.656065215,0.73254207,0.101745345
1764505235.8454108,-0.93086,2.86888,-1.3734,-0.656065215,0.73254207,0.101745345
1764505235.8464515,-0.93086,2.86888,-1.3734,-0.656065215,0.73254207,0.101745345
1764505235.8464515,-2.02958,2.4416,-0.3357199999999999,-0.656797635,0.735166575,0.101623275
1764505235.8464515,-2.02958,2.4416,-0.3357199999999999,-0.656797635,0.735166575,0.101623275
1764505235.8464515,-2.02958,2.4416,-0.3357199999999999,-0.656797635,0.735166575,0.101623275
1764505235.8464515,-2.02958,2.4416,-0.3357199999999999,-0.656797635,0.735166575,0.101623275
1764505235.8464515,-2.02958,2.4416,-0.3357199999999999,-0.656797635,0.735166575,0.101623275
1764505235.8464515,-2.02958,2.4416,-0.3357199999999999,-0.656797635,0.735166575,0.101623275
1764505235.8464515,-2.02958,2.4416,-0.3357199999999999,-0.656797635,0.735166575,0.101623275
1764505235.8464515,-2.02958,2.4416,-0.3357199999999999,-0.656797635,0.735166575,0.101623275
1764505235.8464515,-2.02958,2.4416,-0.3357199999999999,-0.656797635,0.735166575,0.101623275
1764505235.8464515,-2.02958,2.4416,-0.3357199999999999,-0.656797635,0.735166575,0.101623275
1764505235.8464515,-3.3572,1.32762,1.51074,-0.6567366,0.73596003,0.101745345
1764505235.8464515,-3.3572,1.32762,1.51074,-0.6567366,0.73596003,0.101745345
1764505235.8464515,-3.3572,1.32762,1.51074,-0.6567366,0.73596003,0.101745345
1764505235.8464515,-3.3572,1.32762,1.51074,-0.6567366,0.73596003,0.101745345
1764505235.8464515,-3.3572,1.32762,1.51074,-0.6567366,0.73596003,0.101745345
1764505235.8464515,-3.3572,1.32762,1.51074,-0.6567366,0.73596003,0.101745345
1764505235.847426,-3.3572,1.32762,1.51074,-0.6567366,0.73596003,0.101745345
1764505235.847426,-3.3572,1.32762,1.51074,-0.6567366,0.73596003,0.101745345
1764505235.847426,-3.3572,1.32762,1.51074,-0.6567366,0.73596003,0.101745345
1764505235.847426,-3.3572,1.32762,1.51074,-0.6567366,0.73596003,0.101745345
1764505235.8927834,-4.39488,1.2055399999999998,2.16692,-0.656919705,0.7351055400000001,0.1025388
1764505235.8927834,-4.39488,1.2055399999999998,2.16692,-0.656919705,0.7351055400000001,0.1025388
1764505235.8927834,-4.39488,1.2055399999999998,2.16692,-0.656919705,0.7351055400000001,0.1025388
1764505235.8927834,-4.39488,1.2055399999999998,2.16692,-0.656919705,0.7351055400000001,0.1025388
1764505235.8927834,-4.39488,1.2055399999999998,2.16692,-0.656919705,0.7351055400000001,0.1025388
1764505235.8927834,-4.39488,1.2055399999999998,2.16692,-0.656919705,0.7351055400000001,0.1025388
1764505235.8927834,-4.39488,1.2055399999999998,2.16692,-0.656919705,0.7351055400000001,0.1025388
1764505235.8927834,-4.39488,1.2055399999999998,2.16692,-0.656919705,0.7351055400000001,0.1025388
1764505235.8927834,-4.39488,1.2055399999999998,2.16692,-0.656919705,0.7351055400000001,0.1025388
1764505235.8927834,-4.39488,1.2055399999999998,2.16692,-0.656919705,0.7351055400000001,0.1025388
1764505235.8927834,-5.35626,1.31236,1.26658,-0.6567366,0.73425105,0.10327122
1764505235.8943176,-5.35626,1.31236,1.26658,-0.6567366,0.73425105,0.10327122
1764505235.8943176,-5.35626,1.31236,1.26658,-0.6567366,0.73425105,0.10327122
1764505235.8943176,-5.35626,1.31236,1.26658,-0.6567366,0.73425105,0.10327122
1764505235.8943176,-5.35626,1.31236,1.26658,-0.6567366,0.73425105,0.10327122
1764505235.8943176,-5.35626,1.31236,1.26658,-0.6567366,0.73425105,0.10327122
1764505235.8943176,-5.35626,1.31236,1.26658,-0.6567366,0.73425105,0.10327122
1764505235.8943176,-5.35626,1.31236,1.26658,-0.6567366,0.73425105,0.10327122
1764505235.8943176,-5.35626,1.31236,1.26658,-0.6567366,0.73425105,0.10327122
1764505235.8943176,-5.35626,1.31236,1.26658,-0.6567366,0.73425105,0.10327122
1764505235.8943176,-4.92898,1.93802,-0.06104,-0.656553495,0.7319317200000001,0.103210185
1764505235.8943176,-4.92898,1.93802,-0.06104,-0.656553495,0.7319317200000001,0.103210185
1764505235.895332,-4.92898,1.93802,-0.06104,-0.656553495,0.7319317200000001,0.103210185
1764505235.895332,-4.92898,1.93802,-0.06104,-0.656553495,0.7319317200000001,0.103210185
1764505235.9408262,-4.92898,1.93802,-0.06104,-0.656553495,0.7319317200000001,0.103210185
1764505235.9408262,-4.92898,1.93802,-0.06104,-0.656553495,0.7319317200000001,0.103210185
1764505235.9408262,-4.92898,1.93802,-0.06104,-0.656553495,0.7319317200000001,0.103210185
1764505235.9408262,-4.92898,1.93802,-0.06104,-0.656553495,0.7319317200000001,0.103210185
1764505235.941836,-4.92898,1.93802,-0.06104,-0.656553495,0.7319317200000001,0.103210185
1764505235.941836,-4.92898,1.93802,-0.06104,-0.656553495,0.7319317200000001,0.103210185
1764505235.941836,-3.41824,1.64808,-0.42728,-0.65612625,0.73180965,0.10119603
1764505235.941836,-3.41824,1.64808,-0.42728,-0.65612625,0.73180965,0.10119603
1764505235.941836,-3.41824,1.64808,-0.42728,-0.65612625,0.73180965,0.10119603
1764505235.941836,-3.41824,1.64808,-0.42728,-0.65612625,0.73180965,0.10119603
1764505235.941836,-3.41824,1.64808,-0.42728,-0.65612625,0.73180965,0.10119603
1764505235.941836,-3.41824,1.64808,-0.42728,-0.65612625,0.73180965,0.10119603
1764505235.941836,-3.41824,1.64808,-0.42728,-0.65612625,0.73180965,0.10119603
1764505235.941836,-3.41824,1.64808,-0.42728,-0.65612625,0.73180965,0.10119603
1764505235.941836,-3.41824,1.64808,-0.42728,-0.65612625,0.73180965,0.10119603
1764505235.941836,-3.41824,1.64808,-0.42728,-0.65612625,0.73180965,0.10119603
1764505235.941836,-2.04484,0.65618,-0.12208,-0.655210725,0.732358965,0.10082982
1764505235.941836,-2.04484,0.65618,-0.12208,-0.655210725,0.732358965,0.10082982
1764505235.941836,-2.04484,0.65618,-0.12208,-0.655210725,0.732358965,0.10082982
1764505235.941836,-2.04484,0.65618,-0.12208,-0.655210725,0.732358965,0.10082982
1764505235.941836,-2.04484,0.65618,-0.12208,-0.655210725,0.732358965,0.10082982
1764505235.941836,-2.04484,0.65618,-0.12208,-0.655210725,0.732358965,0.10082982
1764505235.941836,-2.04484,0.65618,-0.12208,-0.655210725,0.732358965,0.10082982
1764505235.941836,-2.04484,0.65618,-0.12208,-0.655210725,0.732358965,0.10082982
1764505235.9893236,-2.04484,0.65618,-0.12208,-0.655210725,0.732358965,0.10082982
1764505235.9893236,-2.04484,0.65618,-0.12208,-0.655210725,0.732358965,0.10082982
1764505235.9893236,-2.4416,0.57988,-0.24416,-0.653257605,0.73217586,0.101257065
1764505235.9893236,-2.4416,0.57988,-0.24416,-0.653257605,0.73217586,0.101257065
1764505235.9893236,-2.4416,0.57988,-0.24416,-0.653257605,0.73217586,0.101257065
1764505235.9893236,-2.4416,0.57988,-0.24416,-0.653257605,0.73217586,0.101257065
1764505235.9893236,-2.4416,0.57988,-0.24416,-0.653257605,0.73217586,0.101257065
1764505235.9893236,-2.4416,0.57988,-0.24416,-0.653257605,0.73217586,0.101257065
1764505235.9893236,-2.4416,0.57988,-0.24416,-0.653257605,0.73217586,0.101257065
1764505235.9893236,-2.4416,0.57988,-0.24416,-0.653257605,0.73217586,0.101257065
1764505235.9893236,-2.4416,0.57988,-0.24416,-0.653257605,0.73217586,0.101257065
1764505235.990874,-2.4416,0.57988,-0.24416,-0.653257605,0.73217586,0.101257065
1764505235.990874,-3.18934,1.1445,0.1678599999999999,-0.65234208,0.730527915,0.100524645
1764505235.990874,-3.18934,1.1445,0.1678599999999999,-0.65234208,0.730527915,0.100524645
1764505235.990874,-3.18934,1.1445,0.1678599999999999,-0.65234208,0.730527915,0.100524645
1764505235.990874,-3.18934,1.1445,0.1678599999999999,-0.65234208,0.730527915,0.100524645
1764505235.990874,-3.18934,1.1445,0.1678599999999999,-0.65234208,0.730527915,0.100524645
1764505235.990874,-3.18934,1.1445,0.1678599999999999,-0.65234208,0.730527915,0.100524645
1764505235.990874,-3.18934,1.1445,0.1678599999999999,-0.65234208,0.730527915,0.100524645
1764505235.990874,-3.18934,1.1445,0.1678599999999999,-0.65234208,0.730527915,0.100524645
1764505235.990874,-3.18934,1.1445,0.1678599999999999,-0.65234208,0.730527915,0.100524645
1764505235.990874,-3.18934,1.1445,0.1678599999999999,-0.65234208,0.730527915,0.100524645
1764505235.990874,-3.1283,0.88508,0.71722,-0.65356278,0.7298565300000001,0.099303945
1764505235.990874,-3.1283,0.88508,0.71722,-0.65356278,0.7298565300000001,0.099303945
1764505236.0363116,-3.1283,0.88508,0.71722,-0.65356278,0.7298565300000001,0.099303945
1764505236.0363116,-3.1283,0.88508,0.71722,-0.65356278,0.7298565300000001,0.099303945
1764505236.0363116,-3.1283,0.88508,0.71722,-0.65356278,0.7298565300000001,0.099303945
1764505236.0363116,-3.1283,0.88508,0.71722,-0.65356278,0.7298565300000001,0.099303945
1764505236.0363116,-3.1283,0.88508,0.71722,-0.65356278,0.7298565300000001,0.099303945
1764505236.0363116,-3.1283,0.88508,0.71722,-0.65356278,0.7298565300000001,0.099303945
1764505236.0363116,-3.1283,0.88508,0.71722,-0.65356278,0.7298565300000001,0.099303945
1764505236.0363116,-3.1283,0.88508,0.71722,-0.65356278,0.7298565300000001,0.099303945
1764505236.0363116,-3.02148,0.54936,0.7019599999999999,-0.654844515,0.729673425,0.09875463
1764505236.0363116,-3.02148,0.54936,0.7019599999999999,-0.654844515,0.729673425,0.09875463
1764505236.0363116,-3.02148,0.54936,0.7019599999999999,-0.654844515,0.729673425,0.09875463
1764505236.0363116,-3.02148,0.54936,0.7019599999999999,-0.654844515,0.729673425,0.09875463
1764505236.0363116,-3.02148,0.54936,0.7019599999999999,-0.654844515,0.729673425,0.09875463
1764505236.0363116,-3.02148,0.54936,0.7019599999999999,-0.654844515,0.729673425,0.09875463
1764505236.0363116,-3.02148,0.54936,0.7019599999999999,-0.654844515,0.729673425,0.09875463
1764505236.0363116,-3.02148,0.54936,0.7019599999999999,-0.654844515,0.729673425,0.09875463
1764505236.0363116,-3.02148,0.54936,0.7019599999999999,-0.654844515,0.729673425,0.09875463
1764505236.0363116,-3.02148,0.54936,0.7019599999999999,-0.654844515,0.729673425,0.09875463
1764505236.0378232,-3.11304,0.74774,0.41202,-0.65527176,0.73071102,0.099059805
1764505236.0378232,-3.11304,0.74774,0.41202,-0.65527176,0.73071102,0.099059805
1764505236.0378232,-3.11304,0.74774,0.41202,-0.65527176,0.73071102,0.099059805
1764505236.0378232,-3.11304,0.74774,0.41202,-0.65527176,0.73071102,0.099059805
1764505236.0378232,-3.11304,0.74774,0.41202,-0.65527176,0.73071102,0.099059805
1764505236.0378232,-3.11304,0.74774,0.41202,-0.65527176,0.73071102,0.099059805
1764505236.081981,-3.11304,0.74774,0.41202,-0.65527176,0.73071102,0.099059805
1764505236.081981,-3.11304,0.74774,0.41202,-0.65527176,0.73071102,0.099059805
1764505236.0830128,-3.11304,0.74774,0.41202,-0.65527176,0.73071102,0.099059805
1764505236.0830128,-3.11304,0.74774,0.41202,-0.65527176,0.73071102,0.099059805
1764505236.0830128,-3.6624,0.71722,0.48832,-0.65466141,0.731870685,0.10021947
1764505236.0830128,-3.6624,0.71722,0.48832,-0.65466141,0.731870685,0.10021947
1764505236.0830128,-3.6624,0.71722,0.48832,-0.65466141,0.731870685,0.10021947
1764505236.0830128,-3.6624,0.71722,0.48832,-0.65466141,0.731870685,0.10021947
1764505236.0830128,-3.6624,0.71722,0.48832,-0.65466141,0.731870685,0.10021947
1764505236.0830128,-3.6624,0.71722,0.48832,-0.65466141,0.731870685,0.10021947
1764505236.0830128,-3.6624,0.71722,0.48832,-0.65466141,0.731870685,0.10021947
1764505236.0830128,-3.6624,0.71722,0.48832,-0.65466141,0.731870685,0.10021947
1764505236.0830128,-3.6624,0.71722,0.48832,-0.65466141,0.731870685,0.10021947
1764505236.0830128,-3.6624,0.71722,0.48832,-0.65466141,0.731870685,0.10021947
1764505236.0830128,-5.508859999999999,1.19028,0.82404,-0.65466141,0.7298565300000001,0.09973119
1764505236.0830128,-5.508859999999999,1.19028,0.82404,-0.65466141,0.7298565300000001,0.09973119
1764505236.084011,-5.508859999999999,1.19028,0.82404,-0.65466141,0.7298565300000001,0.09973119
1764505236.0850203,-5.508859999999999,1.19028,0.82404,-0.65466141,0.7298565300000001,0.09973119
1764505236.0850203,-5.508859999999999,1.19028,0.82404,-0.65466141,0.7298565300000001,0.09973119
1764505236.0850203,-5.508859999999999,1.19028,0.82404,-0.65466141,0.7298565300000001,0.09973119
1764505236.0850203,-5.508859999999999,1.19028,0.82404,-0.65466141,0.7298565300000001,0.09973119
1764505236.0850203,-5.508859999999999,1.19028,0.82404,-0.65466141,0.7298565300000001,0.09973119
1764505236.0860193,-5.508859999999999,1.19028,0.82404,-0.65466141,0.7298565300000001,0.09973119
1764505236.0860193,-5.508859999999999,1.19028,0.82404,-0.65466141,0.7298565300000001,0.09973119
1764505236.1282046,-4.715339999999999,0.3815,1.08346,-0.65514969,0.72802548,0.09863256
1764505236.1282046,-4.715339999999999,0.3815,1.08346,-0.65514969,0.72802548,0.09863256
1764505236.1282046,-4.715339999999999,0.3815,1.08346,-0.65514969,0.72802548,0.09863256
1764505236.1282046,-4.715339999999999,0.3815,1.08346,-0.65514969,0.72802548,0.09863256
1764505236.1282046,-4.715339999999999,0.3815,1.08346,-0.65514969,0.72802548,0.09863256
1764505236.1282046,-4.715339999999999,0.3815,1.08346,-0.65514969,0.72802548,0.09863256
1764505236.1282046,-4.715339999999999,0.3815,1.08346,-0.65514969,0.72802548,0.09863256
1764505236.1297429,-4.715339999999999,0.3815,1.08346,-0.65514969,0.72802548,0.09863256
1764505236.1297429,-4.715339999999999,0.3815,1.08346,-0.65514969,0.72802548,0.09863256
1764505236.1297429,-4.715339999999999,0.3815,1.08346,-0.65514969,0.72802548,0.09863256
1764505236.1297429,-3.70818,-0.3357199999999999,1.526,-0.65527176,0.72778134,0.09802221
1764505236.1297429,-3.70818,-0.3357199999999999,1.526,-0.65527176,0.72778134,0.09802221
1764505236.1297429,-3.70818,-0.3357199999999999,1.526,-0.65527176,0.72778134,0.09802221
1764505236.1297429,-3.70818,-0.3357199999999999,1.526,-0.65527176,0.72778134,0.09802221
1764505236.1297429,-3.70818,-0.3357199999999999,1.526,-0.65527176,0.72778134,0.09802221
1764505236.1297429,-3.70818,-0.3357199999999999,1.526,-0.65527176,0.72778134,0.09802221
1764505236.1297429,-3.70818,-0.3357199999999999,1.526,-0.65527176,0.72778134,0.09802221
1764505236.1297429,-3.70818,-0.3357199999999999,1.526,-0.65527176,0.72778134,0.09802221
1764505236.1297429,-3.70818,-0.3357199999999999,1.526,-0.65527176,0.72778134,0.09802221
1764505236.1297429,-3.70818,-0.3357199999999999,1.526,-0.65527176,0.72778134,0.09802221
1764505236.1770382,-1.99906,0.01526,2.35004,-0.655210725,0.728208585,0.098449455
1764505236.1770382,-1.99906,0.01526,2.35004,-0.655210725,0.728208585,0.098449455
1764505236.1770382,-1.99906,0.01526,2.35004,-0.655210725,0.728208585,0.098449455
1764505236.1770382,-1.99906,0.01526,2.35004,-0.655210725,0.728208585,0.098449455
1764505236.1780362,-1.99906,0.01526,2.35004,-0.655210725,0.728208585,0.098449455
1764505236.1780362,-1.99906,0.01526,2.35004,-0.655210725,0.728208585,0.098449455
1764505236.1780362,-1.99906,0.01526,2.35004,-0.655210725,0.728208585,0.098449455
1764505236.1780362,-1.99906,0.01526,2.35004,-0.655210725,0.728208585,0.098449455
1764505236.1780362,-1.99906,0.01526,2.35004,-0.655210725,0.728208585,0.098449455
1764505236.1780362,-1.99906,0.01526,2.35004,-0.655210725,0.728208585,0.098449455
1764505236.1780362,-2.30426,0.3357199999999999,2.68576,-0.6549055500000001,0.728696865,0.099670155
1764505236.1780362,-2.30426,0.3357199999999999,2.68576,-0.6549055500000001,0.728696865,0.099670155
1764505236.1780362,-2.30426,0.3357199999999999,2.68576,-0.6549055500000001,0.728696865,0.099670155
1764505236.1780362,-2.30426,0.3357199999999999,2.68576,-0.6549055500000001,0.728696865,0.099670155
1764505236.1780362,-2.30426,0.3357199999999999,2.68576,-0.6549055500000001,0.728696865,0.099670155
1764505236.179544,-2.30426,0.3357199999999999,2.68576,-0.6549055500000001,0.728696865,0.099670155
1764505236.179544,-2.30426,0.3357199999999999,2.68576,-0.6549055500000001,0.728696865,0.099670155
1764505236.179544,-2.30426,0.3357199999999999,2.68576,-0.6549055500000001,0.728696865,0.099670155
1764505236.179544,-2.30426,0.3357199999999999,2.68576,-0.6549055500000001,0.728696865,0.099670155
1764505236.179544,-2.30426,0.3357199999999999,2.68576,-0.6549055500000001,0.728696865,0.099670155
1764505236.179544,-5.29522,0.9156,2.85362,-0.6538679550000001,0.731748615,0.098083245
1764505236.179544,-5.29522,0.9156,2.85362,-0.6538679550000001,0.731748615,0.098083245
1764505236.179544,-5.29522,0.9156,2.85362,-0.6538679550000001,0.731748615,0.098083245
1764505236.179544,-5.29522,0.9156,2.85362,-0.6538679550000001,0.731748615,0.098083245
1764505236.2235856,-5.29522,0.9156,2.85362,-0.6538679550000001,0.731748615,0.098083245
1764505236.2235856,-5.29522,0.9156,2.85362,-0.6538679550000001,0.731748615,0.098083245
1764505236.2235856,-5.29522,0.9156,2.85362,-0.6538679550000001,0.731748615,0.098083245
1764505236.2235856,-5.29522,0.9156,2.85362,-0.6538679550000001,0.731748615,0.098083245
1764505236.2235856,-5.29522,0.9156,2.85362,-0.6538679550000001,0.731748615,0.098083245
1764505236.2250578,-5.29522,0.9156,2.85362,-0.6538679550000001,0.731748615,0.098083245
1764505236.2250578,-5.096839999999999,1.2055399999999998,3.40298,-0.6533186400000001,0.732358965,0.097961175
1764505236.2250578,-5.096839999999999,1.2055399999999998,3.40298,-0.6533186400000001,0.732358965,0.097961175
1764505236.2250578,-5.096839999999999,1.2055399999999998,3.40298,-0.6533186400000001,0.732358965,0.097961175
1764505236.2250578,-5.096839999999999,1.2055399999999998,3.40298,-0.6533186400000001,0.732358965,0.097961175
1764505236.2250578,-5.096839999999999,1.2055399999999998,3.40298,-0.6533186400000001,0.732358965,0.097961175
1764505236.2250578,-5.096839999999999,1.2055399999999998,3.40298,-0.6533186400000001,0.732358965,0.097961175
1764505236.2250578,-5.096839999999999,1.2055399999999998,3.40298,-0.6533186400000001,0.732358965,0.097961175
1764505236.2250578,-5.096839999999999,1.2055399999999998,3.40298,-0.6533186400000001,0.732358965,0.097961175
1764505236.2250578,-5.096839999999999,1.2055399999999998,3.40298,-0.6533186400000001,0.732358965,0.097961175
1764505236.2250578,-5.096839999999999,1.2055399999999998,3.40298,-0.6533186400000001,0.732358965,0.097961175
1764505236.2250578,-3.72344,1.25132,1.6786,-0.65197587,0.732236895,0.09997533
1764505236.2250578,-3.72344,1.25132,1.6786,-0.65197587,0.732236895,0.09997533
1764505236.2250578,-3.72344,1.25132,1.6786,-0.65197587,0.732236895,0.09997533
1764505236.2250578,-3.72344,1.25132,1.6786,-0.65197587,0.732236895,0.09997533
1764505236.2250578,-3.72344,1.25132,1.6786,-0.65197587,0.732236895,0.09997533
1764505236.2250578,-3.72344,1.25132,1.6786,-0.65197587,0.732236895,0.09997533
1764505236.2250578,-3.72344,1.25132,1.6786,-0.65197587,0.732236895,0.09997533
1764505236.2250578,-3.72344,1.25132,1.6786,-0.65197587,0.732236895,0.09997533
1764505236.2671266,-3.72344,1.25132,1.6786,-0.65197587,0.732236895,0.09997533
1764505236.2671266,-3.72344,1.25132,1.6786,-0.65197587,0.732236895,0.09997533
1764505236.2671266,-5.31048,2.57894,0.71722,-0.65099931,0.73242,0.10095189
1764505236.2671266,-5.31048,2.57894,0.71722,-0.65099931,0.73242,0.10095189
1764505236.2671266,-5.31048,2.57894,0.71722,-0.65099931,0.73242,0.10095189
1764505236.2671266,-5.31048,2.57894,0.71722,-0.65099931,0.73242,0.10095189
1764505236.2671266,-5.31048,2.57894,0.71722,-0.65099931,0.73242,0.10095189
1764505236.2671266,-5.31048,2.57894,0.71722,-0.65099931,0.73242,0.10095189
1764505236.2677965,-5.31048,2.57894,0.71722,-0.65099931,0.73242,0.10095189
1764505236.2677965,-5.31048,2.57894,0.71722,-0.65099931,0.73242,0.10095189
1764505236.2677965,-5.31048,2.57894,0.71722,-0.65099931,0.73242,0.10095189
1764505236.2677965,-5.31048,2.57894,0.71722,-0.65099931,0.73242,0.10095189
1764505236.2677965,-5.90562,2.1364,-0.3509799999999999,-0.650449995,0.73058895,0.102599835
1764505236.2677965,-5.90562,2.1364,-0.3509799999999999,-0.650449995,0.73058895,0.102599835
1764505236.2677965,-5.90562,2.1364,-0.3509799999999999,-0.650449995,0.73058895,0.102599835
1764505236.2677965,-5.90562,2.1364,-0.3509799999999999,-0.650449995,0.73058895,0.102599835
1764505236.2677965,-5.90562,2.1364,-0.3509799999999999,-0.650449995,0.73058895,0.102599835
1764505236.2677965,-5.90562,2.1364,-0.3509799999999999,-0.650449995,0.73058895,0.102599835
1764505236.2677965,-5.90562,2.1364,-0.3509799999999999,-0.650449995,0.73058895,0.102599835
1764505236.2677965,-5.90562,2.1364,-0.3509799999999999,-0.650449995,0.73058895,0.102599835
1764505236.2677965,-5.90562,2.1364,-0.3509799999999999,-0.650449995,0.73058895,0.102599835
1764505236.2677965,-5.90562,2.1364,-0.3509799999999999,-0.650449995,0.73058895,0.102599835
1764505236.2677965,-8.89658,2.9757,-3.02148,-0.648374805,0.727598235,0.10082982
1764505236.2677965,-8.89658,2.9757,-3.02148,-0.648374805,0.727598235,0.10082982
1764505236.3163238,-8.89658,2.9757,-3.02148,-0.648374805,0.727598235,0.10082982
1764505236.3163238,-8.89658,2.9757,-3.02148,-0.648374805,0.727598235,0.10082982
1764505236.3163238,-8.89658,2.9757,-3.02148,-0.648374805,0.727598235,0.10082982
1764505236.3163238,-8.89658,2.9757,-3.02148,-0.648374805,0.727598235,0.10082982
1764505236.3163238,-8.89658,2.9757,-3.02148,-0.648374805,0.727598235,0.10082982
1764505236.3163238,-8.89658,2.9757,-3.02148,-0.648374805,0.727598235,0.10082982
1764505236.3163238,-8.89658,2.9757,-3.02148,-0.648374805,0.727598235,0.10082982
1764505236.3163238,-8.89658,2.9757,-3.02148,-0.648374805,0.727598235,0.10082982
1764505236.3173225,-7.18746,4.62378,-2.65524,-0.649473435,0.725034765,0.098571525
1764505236.3173225,-7.18746,4.62378,-2.65524,-0.649473435,0.725034765,0.098571525
1764505236.3173225,-7.18746,4.62378,-2.65524,-0.649473435,0.725034765,0.098571525
1764505236.3173225,-7.18746,4.62378,-2.65524,-0.649473435,0.725034765,0.098571525
1764505236.3173225,-7.18746,4.62378,-2.65524,-0.649473435,0.725034765,0.098571525
1764505236.3185174,-7.18746,4.62378,-2.65524,-0.649473435,0.725034765,0.098571525
1764505236.3185174,-7.18746,4.62378,-2.65524,-0.649473435,0.725034765,0.098571525
1764505236.3185174,-7.18746,4.62378,-2.65524,-0.649473435,0.725034765,0.098571525
1764505236.3185174,-7.18746,4.62378,-2.65524,-0.649473435,0.725034765,0.098571525
1764505236.3185174,-7.18746,4.62378,-2.65524,-0.649473435,0.725034765,0.098571525
1764505236.3195257,-1.77016,3.11304,0.44254,-0.65466141,0.72692685,0.097472895
1764505236.3195257,-1.77016,3.11304,0.44254,-0.65466141,0.72692685,0.097472895
1764505236.3195257,-1.77016,3.11304,0.44254,-0.65466141,0.72692685,0.097472895
1764505236.3195257,-1.77016,3.11304,0.44254,-0.65466141,0.72692685,0.097472895
1764505236.3195257,-1.77016,3.11304,0.44254,-0.65466141,0.72692685,0.097472895
1764505236.3195257,-1.77016,3.11304,0.44254,-0.65466141,0.72692685,0.097472895
1764505236.3640418,-1.77016,3.11304,0.44254,-0.65466141,0.72692685,0.097472895
1764505236.3640418,-1.77016,3.11304,0.44254,-0.65466141,0.72692685,0.097472895
1764505236.3640418,-1.77016,3.11304,0.44254,-0.65466141,0.72692685,0.097472895
1764505236.3640418,-1.77016,3.11304,0.44254,-0.65466141,0.72692685,0.097472895
1764505236.3640418,2.5179,-0.06104,5.2647,-0.659727315,0.7314434400000001,0.09948705
1764505236.3640418,2.5179,-0.06104,5.2647,-0.659727315,0.7314434400000001,0.09948705
1764505236.3640418,2.5179,-0.06104,5.2647,-0.659727315,0.7314434400000001,0.09948705
1764505236.3640418,2.5179,-0.06104,5.2647,-0.659727315,0.7314434400000001,0.09948705
1764505236.3640418,2.5179,-0.06104,5.2647,-0.659727315,0.7314434400000001,0.09948705
1764505236.3640418,2.5179,-0.06104,5.2647,-0.659727315,0.7314434400000001,0.09948705
1764505236.3640418,2.5179,-0.06104,5.2647,-0.659727315,0.7314434400000001,0.09948705
1764505236.3640418,2.5179,-0.06104,5.2647,-0.659727315,0.7314434400000001,0.09948705
1764505236.3640418,2.5179,-0.06104,5.2647,-0.659727315,0.7314434400000001,0.09948705
1764505236.3640418,2.5179,-0.06104,5.2647,-0.659727315,0.7314434400000001,0.09948705
1764505236.3640418,-0.50358,-1.86172,6.22608,-0.6601545600000001,0.735898995,0.1025388
1764505236.3640418,-0.50358,-1.86172,6.22608,-0.6601545600000001,0.735898995,0.1025388
1764505236.3640418,-0.50358,-1.86172,6.22608,-0.6601545600000001,0.735898995,0.1025388
1764505236.3640418,-0.50358,-1.86172,6.22608,-0.6601545600000001,0.735898995,0.1025388
1764505236.3640418,-0.50358,-1.86172,6.22608,-0.6601545600000001,0.735898995,0.1025388
1764505236.364644,-0.50358,-1.86172,6.22608,-0.6601545600000001,0.735898995,0.1025388
1764505236.364644,-0.50358,-1.86172,6.22608,-0.6601545600000001,0.735898995,0.1025388
1764505236.364644,-0.50358,-1.86172,6.22608,-0.6601545600000001,0.735898995,0.1025388
1764505236.364644,-0.50358,-1.86172,6.22608,-0.6601545600000001,0.735898995,0.1025388
1764505236.364644,-0.50358,-1.86172,6.22608,-0.6601545600000001,0.735898995,0.1025388
1764505236.414214,-4.92898,-2.99096,4.99002,-0.657896265,0.736997625,0.10534641
1764505236.414214,-4.92898,-2.99096,4.99002,-0.657896265,0.736997625,0.10534641
1764505236.414214,-4.92898,-2.99096,4.99002,-0.657896265,0.736997625,0.10534641
1764505236.414214,-4.92898,-2.99096,4.99002,-0.657896265,0.736997625,0.10534641
1764505236.415205,-4.92898,-2.99096,4.99002,-0.657896265,0.736997625,0.10534641
1764505236.4153724,-4.92898,-2.99096,4.99002,-0.657896265,0.736997625,0.10534641
1764505236.4153724,-4.92898,-2.99096,4.99002,-0.657896265,0.736997625,0.10534641
1764505236.4153724,-4.92898,-2.99096,4.99002,-0.657896265,0.736997625,0.10534641
1764505236.4153724,-4.92898,-2.99096,4.99002,-0.657896265,0.736997625,0.10534641
1764505236.4153724,-4.92898,-2.99096,4.99002,-0.657896265,0.736997625,0.10534641
1764505236.4163806,-9.32386,-2.88414,1.54126,-0.65466141,0.73779108,0.108092985
1764505236.4163806,-9.32386,-2.88414,1.54126,-0.65466141,0.73779108,0.108092985
1764505236.4163806,-9.32386,-2.88414,1.54126,-0.65466141,0.73779108,0.108092985
1764505236.4168942,-9.32386,-2.88414,1.54126,-0.65466141,0.73779108,0.108092985
1764505236.4168942,-9.32386,-2.88414,1.54126,-0.65466141,0.73779108,0.108092985
1764505236.4168942,-9.32386,-2.88414,1.54126,-0.65466141,0.73779108,0.108092985
1764505236.4168942,-9.32386,-2.88414,1.54126,-0.65466141,0.73779108,0.108092985
1764505236.4168942,-9.32386,-2.88414,1.54126,-0.65466141,0.73779108,0.108092985
1764505236.4168942,-9.32386,-2.88414,1.54126,-0.65466141,0.73779108,0.108092985
1764505236.4168942,-9.32386,-2.88414,1.54126,-0.65466141,0.73779108,0.108092985
1764505236.4179077,-8.667679999999999,-1.31236,-0.71722,-0.65319657,0.734434155,0.110046105
1764505236.4179077,-8.667679999999999,-1.31236,-0.71722,-0.65319657,0.734434155,0.110046105
1764505236.4581814,-8.667679999999999,-1.31236,-0.71722,-0.65319657,0.734434155,0.110046105
1764505236.4581814,-8.667679999999999,-1.31236,-0.71722,-0.65319657,0.734434155,0.110046105
1764505236.4581814,-8.667679999999999,-1.31236,-0.71722,-0.65319657,0.734434155,0.110046105
1764505236.4581814,-8.667679999999999,-1.31236,-0.71722,-0.65319657,0.734434155,0.110046105
1764505236.4581814,-8.667679999999999,-1.31236,-0.71722,-0.65319657,0.734434155,0.110046105
1764505236.4581814,-8.667679999999999,-1.31236,-0.71722,-0.65319657,0.734434155,0.110046105
1764505236.4581814,-8.667679999999999,-1.31236,-0.71722,-0.65319657,0.734434155,0.110046105
1764505236.4581814,-8.667679999999999,-1.31236,-0.71722,-0.65319657,0.734434155,0.110046105
1764505236.4592066,-3.46402,-0.51884,-1.8312,-0.65563797,0.72643857,0.10998507
1764505236.4592066,-3.46402,-0.51884,-1.8312,-0.65563797,0.72643857,0.10998507
1764505236.4592066,-3.46402,-0.51884,-1.8312,-0.65563797,0.72643857,0.10998507
1764505236.4592066,-3.46402,-0.51884,-1.8312,-0.65563797,0.72643857,0.10998507
1764505236.4597173,-3.46402,-0.51884,-1.8312,-0.65563797,0.72643857,0.10998507
1764505236.4597173,-3.46402,-0.51884,-1.8312,-0.65563797,0.72643857,0.10998507
1764505236.4597173,-3.46402,-0.51884,-1.8312,-0.65563797,0.72643857,0.10998507
1764505236.4597173,-3.46402,-0.51884,-1.8312,-0.65563797,0.72643857,0.10998507
1764505236.4597173,-3.46402,-0.51884,-1.8312,-0.65563797,0.72643857,0.10998507
1764505236.4597173,-3.46402,-0.51884,-1.8312,-0.65563797,0.72643857,0.10998507
1764505236.4597173,-2.22796,-0.3815,-3.34194,-0.65807937,0.722227155,0.10607883
1764505236.4597173,-2.22796,-0.3815,-3.34194,-0.65807937,0.722227155,0.10607883
1764505236.4597173,-2.22796,-0.3815,-3.34194,-0.65807937,0.722227155,0.10607883
1764505236.4597173,-2.22796,-0.3815,-3.34194,-0.65807937,0.722227155,0.10607883
1764505236.4597173,-2.22796,-0.3815,-3.34194,-0.65807937,0.722227155,0.10607883
1764505236.4597173,-2.22796,-0.3815,-3.34194,-0.65807937,0.722227155,0.10607883
1764505236.4597173,-2.22796,-0.3815,-3.34194,-0.65807937,0.722227155,0.10607883
1764505236.461239,-2.22796,-0.3815,-3.34194,-0.65807937,0.722227155,0.10607883
1764505236.5066118,-2.22796,-0.3815,-3.34194,-0.65807937,0.722227155,0.10607883
1764505236.5066118,-2.22796,-0.3815,-3.34194,-0.65807937,0.722227155,0.10607883
1764505236.5066118,-4.79164,-2.01432,-4.39488,-0.6542952,0.72497373,0.101501205
1764505236.5066118,-4.79164,-2.01432,-4.39488,-0.6542952,0.72497373,0.101501205
1764505236.5066118,-4.79164,-2.01432,-4.39488,-0.6542952,0.72497373,0.101501205
1764505236.5076234,-4.79164,-2.01432,-4.39488,-0.6542952,0.72497373,0.101501205
1764505236.5076234,-4.79164,-2.01432,-4.39488,-0.6542952,0.72497373,0.101501205
1764505236.5076234,-4.79164,-2.01432,-4.39488,-0.6542952,0.72497373,0.101501205
1764505236.5076234,-4.79164,-2.01432,-4.39488,-0.6542952,0.72497373,0.101501205
1764505236.5076234,-4.79164,-2.01432,-4.39488,-0.6542952,0.72497373,0.101501205
1764505236.5076234,-4.79164,-2.01432,-4.39488,-0.6542952,0.72497373,0.101501205
1764505236.5076234,-4.79164,-2.01432,-4.39488,-0.6542952,0.72497373,0.101501205
1764505236.5086226,-3.67766,-3.75396,-2.22796,-0.65148759,0.729917565,0.09985326
1764505236.5086226,-3.67766,-3.75396,-2.22796,-0.65148759,0.729917565,0.09985326
1764505236.5086226,-3.67766,-3.75396,-2.22796,-0.65148759,0.729917565,0.09985326
1764505236.5086226,-3.67766,-3.75396,-2.22796,-0.65148759,0.729917565,0.09985326
1764505236.5086226,-3.67766,-3.75396,-2.22796,-0.65148759,0.729917565,0.09985326
1764505236.5086226,-3.67766,-3.75396,-2.22796,-0.65148759,0.729917565,0.09985326
1764505236.5086226,-3.67766,-3.75396,-2.22796,-0.65148759,0.729917565,0.09985326
1764505236.5096242,-3.67766,-3.75396,-2.22796,-0.65148759,0.729917565,0.09985326
1764505236.5096242,-3.67766,-3.75396,-2.22796,-0.65148759,0.729917565,0.09985326
1764505236.5096242,-3.67766,-3.75396,-2.22796,-0.65148759,0.729917565,0.09985326
1764505236.5525706,1.00716,-5.66146,1.46496,-0.6538679550000001,0.733213455,0.101989485
1764505236.5525706,1.00716,-5.66146,1.46496,-0.6538679550000001,0.733213455,0.101989485
1764505236.5525706,1.00716,-5.66146,1.46496,-0.6538679550000001,0.733213455,0.101989485
1764505236.5525706,1.00716,-5.66146,1.46496,-0.6538679550000001,0.733213455,0.101989485
1764505236.5531068,1.00716,-5.66146,1.46496,-0.6538679550000001,0.733213455,0.101989485
1764505236.5531068,1.00716,-5.66146,1.46496,-0.6538679550000001,0.733213455,0.101989485
1764505236.5531068,1.00716,-5.66146,1.46496,-0.6538679550000001,0.733213455,0.101989485
1764505236.5531068,1.00716,-5.66146,1.46496,-0.6538679550000001,0.733213455,0.101989485
1764505236.5531068,1.00716,-5.66146,1.46496,-0.6538679550000001,0.733213455,0.101989485
1764505236.5531068,1.00716,-5.66146,1.46496,-0.6538679550000001,0.733213455,0.101989485
1764505236.5531068,2.18218,-6.43972,3.2046,-0.65649246,0.73339656,0.10412571
1764505236.5531068,2.18218,-6.43972,3.2046,-0.65649246,0.73339656,0.10412571
1764505236.5531068,2.18218,-6.43972,3.2046,-0.65649246,0.73339656,0.10412571
1764505236.5531068,2.18218,-6.43972,3.2046,-0.65649246,0.73339656,0.10412571
1764505236.5531068,2.18218,-6.43972,3.2046,-0.65649246,0.73339656,0.10412571
1764505236.5531068,2.18218,-6.43972,3.2046,-0.65649246,0.73339656,0.10412571
1764505236.5531068,2.18218,-6.43972,3.2046,-0.65649246,0.73339656,0.10412571
1764505236.5531068,2.18218,-6.43972,3.2046,-0.65649246,0.73339656,0.10412571
1764505236.5531068,2.18218,-6.43972,3.2046,-0.65649246,0.73339656,0.10412571
1764505236.5531068,2.18218,-6.43972,3.2046,-0.65649246,0.73339656,0.10412571
1764505236.5531068,0.6714399999999999,-9.40016,0.1678599999999999,-0.65868972,0.730527915,0.10790988
1764505236.5531068,0.6714399999999999,-9.40016,0.1678599999999999,-0.65868972,0.730527915,0.10790988
1764505236.6022713,0.6714399999999999,-9.40016,0.1678599999999999,-0.65868972,0.730527915,0.10790988
1764505236.6022713,0.6714399999999999,-9.40016,0.1678599999999999,-0.65868972,0.730527915,0.10790988
1764505236.6022713,0.6714399999999999,-9.40016,0.1678599999999999,-0.65868972,0.730527915,0.10790988
1764505236.6022713,0.6714399999999999,-9.40016,0.1678599999999999,-0.65868972,0.730527915,0.10790988
1764505236.6022713,0.6714399999999999,-9.40016,0.1678599999999999,-0.65868972,0.730527915,0.10790988
1764505236.6022713,0.6714399999999999,-9.40016,0.1678599999999999,-0.65868972,0.730527915,0.10790988
1764505236.6022713,0.6714399999999999,-9.40016,0.1678599999999999,-0.65868972,0.730527915,0.10790988
1764505236.6022713,0.6714399999999999,-9.40016,0.1678599999999999,-0.65868972,0.730527915,0.10790988
1764505236.6022713,-0.19838,-10.26998,-3.4335,-0.664365975,0.719419545,0.112121295
1764505236.6022713,-0.19838,-10.26998,-3.4335,-0.664365975,0.719419545,0.112121295
1764505236.6022713,-0.19838,-10.26998,-3.4335,-0.664365975,0.719419545,0.112121295
1764505236.6022713,-0.19838,-10.26998,-3.4335,-0.664365975,0.719419545,0.112121295
1764505236.6022713,-0.19838,-10.26998,-3.4335,-0.664365975,0.719419545,0.112121295
1764505236.6022713,-0.19838,-10.26998,-3.4335,-0.664365975,0.719419545,0.112121295
1764505236.6022713,-0.19838,-10.26998,-3.4335,-0.664365975,0.719419545,0.112121295
1764505236.6022713,-0.19838,-10.26998,-3.4335,-0.664365975,0.719419545,0.112121295
1764505236.6022713,-0.19838,-10.26998,-3.4335,-0.664365975,0.719419545,0.112121295
1764505236.6022713,-0.19838,-10.26998,-3.4335,-0.664365975,0.719419545,0.112121295
1764505236.6022713,-1.46496,-7.59948,-11.71968,-0.66491529,0.69848454,0.109801965
1764505236.6022713,-1.46496,-7.59948,-11.71968,-0.66491529,0.69848454,0.109801965
1764505236.6022713,-1.46496,-7.59948,-11.71968,-0.66491529,0.69848454,0.109801965
1764505236.6022713,-1.46496,-7.59948,-11.71968,-0.66491529,0.69848454,0.109801965
1764505236.6022713,-1.46496,-7.59948,-11.71968,-0.66491529,0.69848454,0.109801965
1764505236.6022713,-1.46496,-7.59948,-11.71968,-0.66491529,0.69848454,0.109801965
1764505236.6497548,-1.46496,-7.59948,-11.71968,-0.66491529,0.69848454,0.109801965
1764505236.6497548,-1.46496,-7.59948,-11.71968,-0.66491529,0.69848454,0.109801965
1764505236.6497548,-1.46496,-7.59948,-11.71968,-0.66491529,0.69848454,0.109801965
1764505236.6497548,-1.46496,-7.59948,-11.71968,-0.66491529,0.69848454,0.109801965
1764505236.6497548,-6.683879999999999,-0.763,-21.02828,-0.6616194,0.68273751,0.10095189
1764505236.6497548,-6.683879999999999,-0.763,-21.02828,-0.6616194,0.68273751,0.10095189
1764505236.6497548,-6.683879999999999,-0.763,-21.02828,-0.6616194,0.68273751,0.10095189
1764505236.6497548,-6.683879999999999,-0.763,-21.02828,-0.6616194,0.68273751,0.10095189
1764505236.6512742,-6.683879999999999,-0.763,-21.02828,-0.6616194,0.68273751,0.10095189
1764505236.6512742,-6.683879999999999,-0.763,-21.02828,-0.6616194,0.68273751,0.10095189
1764505236.6512742,-6.683879999999999,-0.763,-21.02828,-0.6616194,0.68273751,0.10095189
1764505236.6512742,-6.683879999999999,-0.763,-21.02828,-0.6616194,0.68273751,0.10095189
1764505236.6512742,-6.683879999999999,-0.763,-21.02828,-0.6616194,0.68273751,0.10095189
1764505236.6512742,-6.683879999999999,-0.763,-21.02828,-0.6616194,0.68273751,0.10095189
1764505236.6512742,0.36624,2.8994,-24.32444,-0.66174147,0.669248775,0.097839105
1764505236.6512742,0.36624,2.8994,-24.32444,-0.66174147,0.669248775,0.097839105
1764505236.6512742,0.36624,2.8994,-24.32444,-0.66174147,0.669248775,0.097839105
1764505236.6512742,0.36624,2.8994,-24.32444,-0.66174147,0.669248775,0.097839105
1764505236.6512742,0.36624,2.8994,-24.32444,-0.66174147,0.669248775,0.097839105
1764505236.6512742,0.36624,2.8994,-24.32444,-0.66174147,0.669248775,0.097839105
1764505236.6512742,0.36624,2.8994,-24.32444,-0.66174147,0.669248775,0.097839105
1764505236.6512742,0.36624,2.8994,-24.32444,-0.66174147,0.669248775,0.097839105
1764505236.6512742,0.36624,2.8994,-24.32444,-0.66174147,0.669248775,0.097839105
1764505236.652299,0.36624,2.8994,-24.32444,-0.66174147,0.669248775,0.097839105
1764505236.6935878,16.45028,-0.28994,-24.29392,-0.67175121,0.656675565,0.10266087
1764505236.6935878,16.45028,-0.28994,-24.29392,-0.67175121,0.656675565,0.10266087
1764505236.6935878,16.45028,-0.28994,-24.29392,-0.67175121,0.656675565,0.10266087
1764505236.6935878,16.45028,-0.28994,-24.29392,-0.67175121,0.656675565,0.10266087
1764505236.6935878,16.45028,-0.28994,-24.29392,-0.67175121,0.656675565,0.10266087
1764505236.6935878,16.45028,-0.28994,-24.29392,-0.67175121,0.656675565,0.10266087
1764505236.6935878,16.45028,-0.28994,-24.29392,-0.67175121,0.656675565,0.10266087
1764505236.6935878,16.45028,-0.28994,-24.29392,-0.67175121,0.656675565,0.10266087
1764505236.6935878,16.45028,-0.28994,-24.29392,-0.67175121,0.656675565,0.10266087
1764505236.6935878,16.45028,-0.28994,-24.29392,-0.67175121,0.656675565,0.10266087
1764505236.6935878,29.71122,-5.06632,-28.87192,-0.681699915,0.640928535,0.10815402
1764505236.6935878,29.71122,-5.06632,-28.87192,-0.681699915,0.640928535,0.10815402
1764505236.6935878,29.71122,-5.06632,-28.87192,-0.681699915,0.640928535,0.10815402
1764505236.6935878,29.71122,-5.06632,-28.87192,-0.681699915,0.640928535,0.10815402
1764505236.6935878,29.71122,-5.06632,-28.87192,-0.681699915,0.640928535,0.10815402
1764505236.6935878,29.71122,-5.06632,-28.87192,-0.681699915,0.640928535,0.10815402
1764505236.6935878,29.71122,-5.06632,-28.87192,-0.681699915,0.640928535,0.10815402
1764505236.6935878,29.71122,-5.06632,-28.87192,-0.681699915,0.640928535,0.10815402
1764505236.6935878,29.71122,-5.06632,-28.87192,-0.681699915,0.640928535,0.10815402
1764505236.6935878,29.71122,-5.06632,-28.87192,-0.681699915,0.640928535,0.10815402
1764505236.6935878,33.08368,-6.271859999999999,-37.17336,-0.690855165,0.629576025,0.10925265
1764505236.6935878,33.08368,-6.271859999999999,-37.17336,-0.690855165,0.629576025,0.10925265
1764505236.6935878,33.08368,-6.271859999999999,-37.17336,-0.690855165,0.629576025,0.10925265
1764505236.6935878,33.08368,-6.271859999999999,-37.17336,-0.690855165,0.629576025,0.10925265
1764505236.7421088,33.08368,-6.271859999999999,-37.17336,-0.690855165,0.629576025,0.10925265
1764505236.7421088,33.08368,-6.271859999999999,-37.17336,-0.690855165,0.629576025,0.10925265
1764505236.7421088,33.08368,-6.271859999999999,-37.17336,-0.690855165,0.629576025,0.10925265
1764505236.7436316,33.08368,-6.271859999999999,-37.17336,-0.690855165,0.629576025,0.10925265
1764505236.7436316,33.08368,-6.271859999999999,-37.17336,-0.690855165,0.629576025,0.10925265
1764505236.7436316,33.08368,-6.271859999999999,-37.17336,-0.690855165,0.629576025,0.10925265
1764505236.7446506,38.94352,-8.86606,-42.07182,-0.70373355,0.631407075,0.10510227
1764505236.7446506,38.94352,-8.86606,-42.07182,-0.70373355,0.631407075,0.10510227
1764505236.7454848,38.94352,-8.86606,-42.07182,-0.70373355,0.631407075,0.10510227
1764505236.7454848,38.94352,-8.86606,-42.07182,-0.70373355,0.631407075,0.10510227
1764505236.7454848,38.94352,-8.86606,-42.07182,-0.70373355,0.631407075,0.10510227
1764505236.7454848,38.94352,-8.86606,-42.07182,-0.70373355,0.631407075,0.10510227
1764505236.7454848,38.94352,-8.86606,-42.07182,-0.70373355,0.631407075,0.10510227
1764505236.7454848,38.94352,-8.86606,-42.07182,-0.70373355,0.631407075,0.10510227
1764505236.7454848,38.94352,-8.86606,-42.07182,-0.70373355,0.631407075,0.10510227
1764505236.7454848,38.94352,-8.86606,-42.07182,-0.70373355,0.631407075,0.10510227
1764505236.7454848,46.71086,-14.48174,-46.37514,-0.716367795,0.64147785,0.101379135
1764505236.7454848,46.71086,-14.48174,-46.37514,-0.716367795,0.64147785,0.101379135
1764505236.7454848,46.71086,-14.48174,-46.37514,-0.716367795,0.64147785,0.101379135
1764505236.7454848,46.71086,-14.48174,-46.37514,-0.716367795,0.64147785,0.101379135
1764505236.7454848,46.71086,-14.48174,-46.37514,-0.716367795,0.64147785,0.101379135
1764505236.7454848,46.71086,-14.48174,-46.37514,-0.716367795,0.64147785,0.101379135
1764505236.7454848,46.71086,-14.48174,-46.37514,-0.716367795,0.64147785,0.101379135
1764505236.7454848,46.71086,-14.48174,-46.37514,-0.716367795,0.64147785,0.101379135
1764505236.7921088,46.71086,-14.48174,-46.37514,-0.716367795,0.64147785,0.101379135
1764505236.7921088,46.71086,-14.48174,-46.37514,-0.716367795,0.64147785,0.101379135
1764505236.7921088,52.43336,-20.84516,-52.05186,-0.725156835,0.652525185,0.10119603
1764505236.7921088,52.43336,-20.84516,-52.05186,-0.725156835,0.652525185,0.10119603
1764505236.7921088,52.43336,-20.84516,-52.05186,-0.725156835,0.652525185,0.10119603
1764505236.7921088,52.43336,-20.84516,-52.05186,-0.725156835,0.652525185,0.10119603
1764505236.7921088,52.43336,-20.84516,-52.05186,-0.725156835,0.652525185,0.10119603
1764505236.7921088,52.43336,-20.84516,-52.05186,-0.725156835,0.652525185,0.10119603
1764505236.7921088,52.43336,-20.84516,-52.05186,-0.725156835,0.652525185,0.10119603
1764505236.7921088,52.43336,-20.84516,-52.05186,-0.725156835,0.652525185,0.10119603
1764505236.7921088,52.43336,-20.84516,-52.05186,-0.725156835,0.652525185,0.10119603
1764505236.7921088,52.43336,-20.84516,-52.05186,-0.725156835,0.652525185,0.10119603
1764505236.7921088,53.0285,-25.52998,-58.0643,-0.73693659,0.659483175,0.103698465
1764505236.7921088,53.0285,-25.52998,-58.0643,-0.73693659,0.659483175,0.103698465
1764505236.7921088,53.0285,-25.52998,-58.0643,-0.73693659,0.659483175,0.103698465
1764505236.7936292,53.0285,-25.52998,-58.0643,-0.73693659,0.659483175,0.103698465
1764505236.7936292,53.0285,-25.52998,-58.0643,-0.73693659,0.659483175,0.103698465
1764505236.7936292,53.0285,-25.52998,-58.0643,-0.73693659,0.659483175,0.103698465
1764505236.7936292,53.0285,-25.52998,-58.0643,-0.73693659,0.659483175,0.103698465
1764505236.7936292,53.0285,-25.52998,-58.0643,-0.73693659,0.659483175,0.103698465
1764505236.7936292,53.0285,-25.52998,-58.0643,-0.73693659,0.659483175,0.103698465
1764505236.7936292,53.0285,-25.52998,-58.0643,-0.73693659,0.659483175,0.103698465
1764505236.7936292,51.74666,-31.84762,-66.381,-0.74841117,0.661680435,0.104675025
1764505236.7936292,51.74666,-31.84762,-66.381,-0.74841117,0.661680435,0.104675025
1764505236.834921,51.74666,-31.84762,-66.381,-0.74841117,0.661680435,0.104675025
1764505236.834921,51.74666,-31.84762,-66.381,-0.74841117,0.661680435,0.104675025
1764505236.834921,51.74666,-31.84762,-66.381,-0.74841117,0.661680435,0.104675025
1764505236.834921,51.74666,-31.84762,-66.381,-0.74841117,0.661680435,0.104675025
1764505236.834921,51.74666,-31.84762,-66.381,-0.74841117,0.661680435,0.104675025
1764505236.834921,51.74666,-31.84762,-66.381,-0.74841117,0.661680435,0.104675025
1764505236.834921,51.74666,-31.84762,-66.381,-0.74841117,0.661680435,0.104675025
1764505236.834921,51.74666,-31.84762,-66.381,-0.74841117,0.661680435,0.104675025
1764505236.834921,45.0933,-39.9812,-71.21842,-0.75988575,0.66479322,0.10583469
1764505236.834921,45.0933,-39.9812,-71.21842,-0.75988575,0.66479322,0.10583469
1764505236.834921,45.0933,-39.9812,-71.21842,-0.75988575,0.66479322,0.10583469
1764505236.834921,45.0933,-39.9812,-71.21842,-0.75988575,0.66479322,0.10583469
1764505236.8359313,45.0933,-39.9812,-71.21842,-0.75988575,0.66479322,0.10583469
1764505236.8359313,45.0933,-39.9812,-71.21842,-0.75988575,0.66479322,0.10583469
1764505236.8359313,45.0933,-39.9812,-71.21842,-0.75988575,0.66479322,0.10583469
1764505236.8359313,45.0933,-39.9812,-71.21842,-0.75988575,0.66479322,0.10583469
1764505236.8359313,45.0933,-39.9812,-71.21842,-0.75988575,0.66479322,0.10583469
1764505236.8359313,45.0933,-39.9812,-71.21842,-0.75988575,0.66479322,0.10583469
1764505236.8359313,41.84292,-41.98026,-72.92754,-0.76147266,0.672666735,0.103454325
1764505236.8359313,41.84292,-41.98026,-72.92754,-0.76147266,0.672666735,0.103454325
1764505236.8359313,41.84292,-41.98026,-72.92754,-0.76147266,0.672666735,0.103454325
1764505236.8359313,41.84292,-41.98026,-72.92754,-0.76147266,0.672666735,0.103454325
1764505236.8359313,41.84292,-41.98026,-72.92754,-0.76147266,0.672666735,0.103454325
1764505236.8359313,41.84292,-41.98026,-72.92754,-0.76147266,0.672666735,0.103454325
1764505236.882696,41.84292,-41.98026,-72.92754,-0.76147266,0.672666735,0.103454325
1764505236.882696,41.84292,-41.98026,-72.92754,-0.76147266,0.672666735,0.103454325
1764505236.882696,41.84292,-41.98026,-72.92754,-0.76147266,0.672666735,0.103454325
1764505236.882696,41.84292,-41.98026,-72.92754,-0.76147266,0.672666735,0.103454325
1764505236.882696,40.16432,-43.01794,-75.90324,-0.757139175,0.678159885,0.09997533
1764505236.882696,40.16432,-43.01794,-75.90324,-0.757139175,0.678159885,0.09997533
1764505236.882696,40.16432,-43.01794,-75.90324,-0.757139175,0.678159885,0.09997533
1764505236.882696,40.16432,-43.01794,-75.90324,-0.757139175,0.678159885,0.09997533
1764505236.882696,40.16432,-43.01794,-75.90324,-0.757139175,0.678159885,0.09997533
1764505236.882696,40.16432,-43.01794,-75.90324,-0.757139175,0.678159885,0.09997533
1764505236.882696,40.16432,-43.01794,-75.90324,-0.757139175,0.678159885,0.09997533
1764505236.882696,40.16432,-43.01794,-75.90324,-0.757139175,0.678159885,0.09997533
1764505236.882696,40.16432,-43.01794,-75.90324,-0.757139175,0.678159885,0.09997533
1764505236.882696,40.16432,-43.01794,-75.90324,-0.757139175,0.678159885,0.09997533
1764505236.882696,35.4795,-44.7881,-77.73443999999999,-0.754087425,0.677305395,0.09716772
1764505236.882696,35.4795,-44.7881,-77.73443999999999,-0.754087425,0.677305395,0.09716772
1764505236.882696,35.4795,-44.7881,-77.73443999999999,-0.754087425,0.677305395,0.09716772
1764505236.882696,35.4795,-44.7881,-77.73443999999999,-0.754087425,0.677305395,0.09716772
1764505236.882696,35.4795,-44.7881,-77.73443999999999,-0.754087425,0.677305395,0.09716772
1764505236.882696,35.4795,-44.7881,-77.73443999999999,-0.754087425,0.677305395,0.09716772
1764505236.882696,35.4795,-44.7881,-77.73443999999999,-0.754087425,0.677305395,0.09716772
1764505236.882696,35.4795,-44.7881,-77.73443999999999,-0.754087425,0.677305395,0.09716772
1764505236.930742,35.4795,-44.7881,-77.73443999999999,-0.754087425,0.677305395,0.09716772
1764505236.930742,35.4795,-44.7881,-77.73443999999999,-0.754087425,0.677305395,0.09716772
1764505236.930742,28.62776,-42.40754,-75.64381999999999,-0.751401885,0.67455882,0.08923317
1764505236.930742,28.62776,-42.40754,-75.64381999999999,-0.751401885,0.67455882,0.08923317
1764505236.930742,28.62776,-42.40754,-75.64381999999999,-0.751401885,0.67455882,0.08923317
1764505236.930742,28.62776,-42.40754,-75.64381999999999,-0.751401885,0.67455882,0.08923317
1764505236.930742,28.62776,-42.40754,-75.64381999999999,-0.751401885,0.67455882,0.08923317
1764505236.9312534,28.62776,-42.40754,-75.64381999999999,-0.751401885,0.67455882,0.08923317
1764505236.9312534,28.62776,-42.40754,-75.64381999999999,-0.751401885,0.67455882,0.08923317
1764505236.9312534,28.62776,-42.40754,-75.64381999999999,-0.751401885,0.67455882,0.08923317
1764505236.9312534,28.62776,-42.40754,-75.64381999999999,-0.751401885,0.67455882,0.08923317
1764505236.9312534,28.62776,-42.40754,-75.64381999999999,-0.751401885,0.67455882,0.08923317
1764505236.9312534,36.94446,-38.9893,-71.08108,-0.751279815,0.667539795,0.07861308
1764505236.9312534,36.94446,-38.9893,-71.08108,-0.751279815,0.667539795,0.07861308
1764505236.9312534,36.94446,-38.9893,-71.08108,-0.751279815,0.667539795,0.07861308
1764505236.9312534,36.94446,-38.9893,-71.08108,-0.751279815,0.667539795,0.07861308
1764505236.9312534,36.94446,-38.9893,-71.08108,-0.751279815,0.667539795,0.07861308
1764505236.9312534,36.94446,-38.9893,-71.08108,-0.751279815,0.667539795,0.07861308
1764505236.9312534,36.94446,-38.9893,-71.08108,-0.751279815,0.667539795,0.07861308
1764505236.9312534,36.94446,-38.9893,-71.08108,-0.751279815,0.667539795,0.07861308
1764505236.9312534,36.94446,-38.9893,-71.08108,-0.751279815,0.667539795,0.07861308
1764505236.9312534,36.94446,-38.9893,-71.08108,-0.751279815,0.667539795,0.07861308
1764505236.9318006,36.71556,-45.96312,-76.39156,-0.75793263,0.6555159,0.075866505
1764505236.9318006,36.71556,-45.96312,-76.39156,-0.75793263,0.6555159,0.075866505
1764505236.9760346,36.71556,-45.96312,-76.39156,-0.75793263,0.6555159,0.075866505
1764505236.9760346,36.71556,-45.96312,-76.39156,-0.75793263,0.6555159,0.075866505
1764505236.9760346,36.71556,-45.96312,-76.39156,-0.75793263,0.6555159,0.075866505
1764505236.9760346,36.71556,-45.96312,-76.39156,-0.75793263,0.6555159,0.075866505
1764505236.9760346,36.71556,-45.96312,-76.39156,-0.75793263,0.6555159,0.075866505
1764505236.9760346,36.71556,-45.96312,-76.39156,-0.75793263,0.6555159,0.075866505
1764505236.9770465,36.71556,-45.96312,-76.39156,-0.75793263,0.6555159,0.075866505
1764505236.9770465,36.71556,-45.96312,-76.39156,-0.75793263,0.6555159,0.075866505
1764505236.9770465,36.60874,-53.89832,-76.97144,-0.76525683,0.6445296,0.07983378
1764505236.9770465,36.60874,-53.89832,-76.97144,-0.76525683,0.6445296,0.07983378
1764505236.9770465,36.60874,-53.89832,-76.97144,-0.76525683,0.6445296,0.07983378
1764505236.9770465,36.60874,-53.89832,-76.97144,-0.76525683,0.6445296,0.07983378
1764505236.9770465,36.60874,-53.89832,-76.97144,-0.76525683,0.6445296,0.07983378
1764505236.9770465,36.60874,-53.89832,-76.97144,-0.76525683,0.6445296,0.07983378
1764505236.9770465,36.60874,-53.89832,-76.97144,-0.76525683,0.6445296,0.07983378
1764505236.9770465,36.60874,-53.89832,-76.97144,-0.76525683,0.6445296,0.07983378
1764505236.9790444,36.60874,-53.89832,-76.97144,-0.76525683,0.6445296,0.07983378
1764505236.9790444,36.60874,-53.89832,-76.97144,-0.76525683,0.6445296,0.07983378
1764505236.980044,40.65264,-52.7996,-75.72012,-0.76867479,0.6323226,0.08044413
1764505236.980044,40.65264,-52.7996,-75.72012,-0.76867479,0.6323226,0.08044413
1764505236.980044,40.65264,-52.7996,-75.72012,-0.76867479,0.6323226,0.08044413
1764505236.980044,40.65264,-52.7996,-75.72012,-0.76867479,0.6323226,0.08044413
1764505237.0221083,40.65264,-52.7996,-75.72012,-0.76867479,0.6323226,0.08044413
1764505237.0221083,40.65264,-52.7996,-75.72012,-0.76867479,0.6323226,0.08044413
1764505237.0221083,40.65264,-52.7996,-75.72012,-0.76867479,0.6323226,0.08044413
1764505237.0221083,40.65264,-52.7996,-75.72012,-0.76867479,0.6323226,0.08044413
1764505237.0221083,40.65264,-52.7996,-75.72012,-0.76867479,0.6323226,0.08044413
1764505237.0221083,40.65264,-52.7996,-75.72012,-0.76867479,0.6323226,0.08044413
1764505237.0221083,46.95502,-48.64888,-75.3844,-0.77319138,0.62475426,0.079040325
1764505237.0221083,46.95502,-48.64888,-75.3844,-0.77319138,0.62475426,0.079040325
1764505237.0221083,46.95502,-48.64888,-75.3844,-0.77319138,0.62475426,0.079040325
1764505237.0221083,46.95502,-48.64888,-75.3844,-0.77319138,0.62475426,0.079040325
1764505237.0221083,46.95502,-48.64888,-75.3844,-0.77319138,0.62475426,0.079040325
1764505237.0221083,46.95502,-48.64888,-75.3844,-0.77319138,0.62475426,0.079040325
1764505237.0221083,46.95502,-48.64888,-75.3844,-0.77319138,0.62475426,0.079040325
1764505237.0221083,46.95502,-48.64888,-75.3844,-0.77319138,0.62475426,0.079040325
1764505237.0221083,46.95502,-48.64888,-75.3844,-0.77319138,0.62475426,0.079040325
1764505237.023672,46.95502,-48.64888,-75.3844,-0.77319138,0.62475426,0.079040325
1764505237.023672,47.94692,-44.74232,-73.49216,-0.77721969,0.62267907,0.073180965
1764505237.023672,47.94692,-44.74232,-73.49216,-0.77721969,0.62267907,0.073180965
1764505237.023672,47.94692,-44.74232,-73.49216,-0.77721969,0.62267907,0.073180965
1764505237.023672,47.94692,-44.74232,-73.49216,-0.77721969,0.62267907,0.073180965
1764505237.023672,47.94692,-44.74232,-73.49216,-0.77721969,0.62267907,0.073180965
1764505237.023672,47.94692,-44.74232,-73.49216,-0.77721969,0.62267907,0.073180965
1764505237.023672,47.94692,-44.74232,-73.49216,-0.77721969,0.62267907,0.073180965
1764505237.023672,47.94692,-44.74232,-73.49216,-0.77721969,0.62267907,0.073180965
1764505237.0687027,47.94692,-44.74232,-73.49216,-0.77721969,0.62267907,0.073180965
1764505237.0687027,47.94692,-44.74232,-73.49216,-0.77721969,0.62267907,0.073180965
1764505237.0687027,40.95784,-40.5916,-69.23461999999999,-0.77038377,0.62890464,0.065856765
1764505237.0687027,40.95784,-40.5916,-69.23461999999999,-0.77038377,0.62890464,0.065856765
1764505237.0687027,40.95784,-40.5916,-69.23461999999999,-0.77038377,0.62890464,0.065856765
1764505237.0697222,40.95784,-40.5916,-69.23461999999999,-0.77038377,0.62890464,0.065856765
1764505237.0697222,40.95784,-40.5916,-69.23461999999999,-0.77038377,0.62890464,0.065856765
1764505237.0697222,40.95784,-40.5916,-69.23461999999999,-0.77038377,0.62890464,0.065856765
1764505237.0697222,40.95784,-40.5916,-69.23461999999999,-0.77038377,0.62890464,0.065856765
1764505237.0697222,40.95784,-40.5916,-69.23461999999999,-0.77038377,0.62890464,0.065856765
1764505237.0702364,40.95784,-40.5916,-69.23461999999999,-0.77038377,0.62890464,0.065856765
1764505237.0702364,40.95784,-40.5916,-69.23461999999999,-0.77038377,0.62890464,0.065856765
1764505237.0702364,30.52,-36.36458,-65.0839,-0.7586650500000001,0.635191245,0.061706385
1764505237.0702364,30.52,-36.36458,-65.0839,-0.7586650500000001,0.635191245,0.061706385
1764505237.0702364,30.52,-36.36458,-65.0839,-0.7586650500000001,0.635191245,0.061706385
1764505237.0702364,30.52,-36.36458,-65.0839,-0.7586650500000001,0.635191245,0.061706385
1764505237.0702364,30.52,-36.36458,-65.0839,-0.7586650500000001,0.635191245,0.061706385
1764505237.0702364,30.52,-36.36458,-65.0839,-0.7586650500000001,0.635191245,0.061706385
1764505237.0712514,30.52,-36.36458,-65.0839,-0.7586650500000001,0.635191245,0.061706385
1764505237.0712514,30.52,-36.36458,-65.0839,-0.7586650500000001,0.635191245,0.061706385
1764505237.0728052,30.52,-36.36458,-65.0839,-0.7586650500000001,0.635191245,0.061706385
1764505237.0728052,30.52,-36.36458,-65.0839,-0.7586650500000001,0.635191245,0.061706385
1764505237.0728052,22.79844,-29.43654,-60.15492,-0.75121878,0.638487135,0.05712876
1764505237.0728052,22.79844,-29.43654,-60.15492,-0.75121878,0.638487135,0.05712876
1764505237.1183696,22.79844,-29.43654,-60.15492,-0.75121878,0.638487135,0.05712876
1764505237.1183696,22.79844,-29.43654,-60.15492,-0.75121878,0.638487135,0.05712876
1764505237.1183696,22.79844,-29.43654,-60.15492,-0.75121878,0.638487135,0.05712876
1764505237.1183696,22.79844,-29.43654,-60.15492,-0.75121878,0.638487135,0.05712876
1764505237.1183696,22.79844,-29.43654,-60.15492,-0.75121878,0.638487135,0.05712876
1764505237.1193678,22.79844,-29.43654,-60.15492,-0.75121878,0.638487135,0.05712876
1764505237.1193678,22.79844,-29.43654,-60.15492,-0.75121878,0.638487135,0.05712876
1764505237.1193678,22.79844,-29.43654,-60.15492,-0.75121878,0.638487135,0.05712876
1764505237.1193678,22.95104,-24.24814,-56.9198,-0.75219534,0.631529145,0.05554185
1764505237.1193678,22.95104,-24.24814,-56.9198,-0.75219534,0.631529145,0.05554185
1764505237.1193678,22.95104,-24.24814,-56.9198,-0.75219534,0.631529145,0.05554185
1764505237.1193678,22.95104,-24.24814,-56.9198,-0.75219534,0.631529145,0.05554185
1764505237.1193678,22.95104,-24.24814,-56.9198,-0.75219534,0.631529145,0.05554185
1764505237.1193678,22.95104,-24.24814,-56.9198,-0.75219534,0.631529145,0.05554185
1764505237.1203675,22.95104,-24.24814,-56.9198,-0.75219534,0.631529145,0.05554185
1764505237.1203675,22.95104,-24.24814,-56.9198,-0.75219534,0.631529145,0.05554185
1764505237.1203675,22.95104,-24.24814,-56.9198,-0.75219534,0.631529145,0.05554185
1764505237.1203675,22.95104,-24.24814,-56.9198,-0.75219534,0.631529145,0.05554185
1764505237.1203675,21.71498,-16.633399999999998,-55.9279,-0.76000782,0.6201156,0.05078112
1764505237.1203675,21.71498,-16.633399999999998,-55.9279,-0.76000782,0.6201156,0.05078112
1764505237.1203675,21.71498,-16.633399999999998,-55.9279,-0.76000782,0.6201156,0.05078112
1764505237.1203675,21.71498,-16.633399999999998,-55.9279,-0.76000782,0.6201156,0.05078112
1764505237.1203675,21.71498,-16.633399999999998,-55.9279,-0.76000782,0.6201156,0.05078112
1764505237.1203675,21.71498,-16.633399999999998,-55.9279,-0.76000782,0.6201156,0.05078112
1764505237.165273,21.71498,-16.633399999999998,-55.9279,-0.76000782,0.6201156,0.05078112
1764505237.165273,21.71498,-16.633399999999998,-55.9279,-0.76000782,0.6201156,0.05078112
1764505237.165273,21.71498,-16.633399999999998,-55.9279,-0.76000782,0.6201156,0.05078112
1764505237.165273,21.71498,-16.633399999999998,-55.9279,-0.76000782,0.6201156,0.05078112
1764505237.165273,13.41354,-10.89564,-52.86064,-0.76733202,0.609678615,0.04577625
1764505237.165273,13.41354,-10.89564,-52.86064,-0.76733202,0.609678615,0.04577625
1764505237.165273,13.41354,-10.89564,-52.86064,-0.76733202,0.609678615,0.04577625
1764505237.165273,13.41354,-10.89564,-52.86064,-0.76733202,0.609678615,0.04577625
1764505237.165273,13.41354,-10.89564,-52.86064,-0.76733202,0.609678615,0.04577625
1764505237.165273,13.41354,-10.89564,-52.86064,-0.76733202,0.609678615,0.04577625
1764505237.165273,13.41354,-10.89564,-52.86064,-0.76733202,0.609678615,0.04577625
1764505237.165273,13.41354,-10.89564,-52.86064,-0.76733202,0.609678615,0.04577625
1764505237.165273,13.41354,-10.89564,-52.86064,-0.76733202,0.609678615,0.04577625
1764505237.165273,13.41354,-10.89564,-52.86064,-0.76733202,0.609678615,0.04577625
1764505237.165273,12.77262,-5.31048,-47.35178,-0.7707499800000001,0.600767505,0.046081425
1764505237.165273,12.77262,-5.31048,-47.35178,-0.7707499800000001,0.600767505,0.046081425
1764505237.165273,12.77262,-5.31048,-47.35178,-0.7707499800000001,0.600767505,0.046081425
1764505237.1661134,12.77262,-5.31048,-47.35178,-0.7707499800000001,0.600767505,0.046081425
1764505237.1663375,12.77262,-5.31048,-47.35178,-0.7707499800000001,0.600767505,0.046081425
1764505237.1664891,12.77262,-5.31048,-47.35178,-0.7707499800000001,0.600767505,0.046081425
1764505237.1664891,12.77262,-5.31048,-47.35178,-0.7707499800000001,0.600767505,0.046081425
1764505237.1664891,12.77262,-5.31048,-47.35178,-0.7707499800000001,0.600767505,0.046081425
1764505237.1664891,12.77262,-5.31048,-47.35178,-0.7707499800000001,0.600767505,0.046081425
1764505237.1664891,12.77262,-5.31048,-47.35178,-0.7707499800000001,0.600767505,0.046081425
1764505237.209735,17.686339999999998,1.64808,-42.22442,-0.778135215,0.59008638,0.05102526
1764505237.209735,17.686339999999998,1.64808,-42.22442,-0.778135215,0.59008638,0.05102526
1764505237.209735,17.686339999999998,1.64808,-42.22442,-0.778135215,0.59008638,0.05102526
1764505237.209735,17.686339999999998,1.64808,-42.22442,-0.778135215,0.59008638,0.05102526
1764505237.209735,17.686339999999998,1.64808,-42.22442,-0.778135215,0.59008638,0.05102526
1764505237.209735,17.686339999999998,1.64808,-42.22442,-0.778135215,0.59008638,0.05102526
1764505237.209735,17.686339999999998,1.64808,-42.22442,-0.778135215,0.59008638,0.05102526
1764505237.209735,17.686339999999998,1.64808,-42.22442,-0.778135215,0.59008638,0.05102526
1764505237.209735,17.686339999999998,1.64808,-42.22442,-0.778135215,0.59008638,0.05102526
1764505237.2112455,17.686339999999998,1.64808,-42.22442,-0.778135215,0.59008638,0.05102526
1764505237.2112455,20.34158,5.78354,-36.76134,-0.78808392,0.582701145,0.050598015
1764505237.2112455,20.34158,5.78354,-36.76134,-0.78808392,0.582701145,0.050598015
1764505237.2112455,20.34158,5.78354,-36.76134,-0.78808392,0.582701145,0.050598015
1764505237.2112455,20.34158,5.78354,-36.76134,-0.78808392,0.582701145,0.050598015
1764505237.2122574,20.34158,5.78354,-36.76134,-0.78808392,0.582701145,0.050598015
1764505237.2122574,20.34158,5.78354,-36.76134,-0.78808392,0.582701145,0.050598015
1764505237.2122574,20.34158,5.78354,-36.76134,-0.78808392,0.582701145,0.050598015
1764505237.2122574,20.34158,5.78354,-36.76134,-0.78808392,0.582701145,0.050598015
1764505237.2122574,20.34158,5.78354,-36.76134,-0.78808392,0.582701145,0.050598015
1764505237.2122574,20.34158,5.78354,-36.76134,-0.78808392,0.582701145,0.050598015
1764505237.2122574,23.97346,7.12642,-32.38172,-0.793455,0.57263037,0.051818715
1764505237.2122574,23.97346,7.12642,-32.38172,-0.793455,0.57263037,0.051818715
1764505237.256365,23.97346,7.12642,-32.38172,-0.793455,0.57263037,0.051818715
1764505237.256365,23.97346,7.12642,-32.38172,-0.793455,0.57263037,0.051818715
1764505237.256365,23.97346,7.12642,-32.38172,-0.793455,0.57263037,0.051818715
1764505237.256365,23.97346,7.12642,-32.38172,-0.793455,0.57263037,0.051818715
1764505237.256365,23.97346,7.12642,-32.38172,-0.793455,0.57263037,0.051818715
1764505237.256365,23.97346,7.12642,-32.38172,-0.793455,0.57263037,0.051818715
1764505237.256365,23.97346,7.12642,-32.38172,-0.793455,0.57263037,0.051818715
1764505237.256365,23.97346,7.12642,-32.38172,-0.793455,0.57263037,0.051818715
1764505237.256365,26.67448,7.43162,-27.14754,-0.80309853,0.562559595,0.05346666
1764505237.256365,26.67448,7.43162,-27.14754,-0.80309853,0.562559595,0.05346666
1764505237.256365,26.67448,7.43162,-27.14754,-0.80309853,0.562559595,0.05346666
1764505237.256365,26.67448,7.43162,-27.14754,-0.80309853,0.562559595,0.05346666
1764505237.256365,26.67448,7.43162,-27.14754,-0.80309853,0.562559595,0.05346666
1764505237.256365,26.67448,7.43162,-27.14754,-0.80309853,0.562559595,0.05346666
1764505237.256365,26.67448,7.43162,-27.14754,-0.80309853,0.562559595,0.05346666
1764505237.256365,26.67448,7.43162,-27.14754,-0.80309853,0.562559595,0.05346666
1764505237.256365,26.67448,7.43162,-27.14754,-0.80309853,0.562559595,0.05346666
1764505237.256365,26.67448,7.43162,-27.14754,-0.80309853,0.562559595,0.05346666
1764505237.2573917,25.83518,5.70724,-23.30202,-0.811948605,0.55602885,0.05480943
1764505237.2573917,25.83518,5.70724,-23.30202,-0.811948605,0.55602885,0.05480943
1764505237.2573917,25.83518,5.70724,-23.30202,-0.811948605,0.55602885,0.05480943
1764505237.2573917,25.83518,5.70724,-23.30202,-0.811948605,0.55602885,0.05480943
1764505237.303367,25.83518,5.70724,-23.30202,-0.811948605,0.55602885,0.05480943
1764505237.303367,25.83518,5.70724,-23.30202,-0.811948605,0.55602885,0.05480943
1764505237.303367,25.83518,5.70724,-23.30202,-0.811948605,0.55602885,0.05480943
1764505237.303367,25.83518,5.70724,-23.30202,-0.811948605,0.55602885,0.05480943
1764505237.303367,25.83518,5.70724,-23.30202,-0.811948605,0.55602885,0.05480943
1764505237.30437,25.83518,5.70724,-23.30202,-0.811948605,0.55602885,0.05480943
1764505237.30437,21.60816,8.68294,-20.38736,-0.815244495,0.554014695,0.054138045
1764505237.30437,21.60816,8.68294,-20.38736,-0.815244495,0.554014695,0.054138045
1764505237.306363,21.60816,8.68294,-20.38736,-0.815244495,0.554014695,0.054138045
1764505237.306363,21.60816,8.68294,-20.38736,-0.815244495,0.554014695,0.054138045
1764505237.306363,21.60816,8.68294,-20.38736,-0.815244495,0.554014695,0.054138045
1764505237.306363,21.60816,8.68294,-20.38736,-0.815244495,0.554014695,0.054138045
1764505237.306363,21.60816,8.68294,-20.38736,-0.815244495,0.554014695,0.054138045
1764505237.306363,21.60816,8.68294,-20.38736,-0.815244495,0.554014695,0.054138045
1764505237.306363,21.60816,8.68294,-20.38736,-0.815244495,0.554014695,0.054138045
1764505237.306363,21.60816,8.68294,-20.38736,-0.815244495,0.554014695,0.054138045
1764505237.306363,13.32198,9.56802,-18.52564,-0.8163431250000001,0.55969095,0.05346666
1764505237.306363,13.32198,9.56802,-18.52564,-0.8163431250000001,0.55969095,0.05346666
1764505237.306363,13.32198,9.56802,-18.52564,-0.8163431250000001,0.55969095,0.05346666
1764505237.306363,13.32198,9.56802,-18.52564,-0.8163431250000001,0.55969095,0.05346666
1764505237.306363,13.32198,9.56802,-18.52564,-0.8163431250000001,0.55969095,0.05346666
1764505237.306363,13.32198,9.56802,-18.52564,-0.8163431250000001,0.55969095,0.05346666
1764505237.306363,13.32198,9.56802,-18.52564,-0.8163431250000001,0.55969095,0.05346666
1764505237.306363,13.32198,9.56802,-18.52564,-0.8163431250000001,0.55969095,0.05346666
1764505237.3529649,13.32198,9.56802,-18.52564,-0.8163431250000001,0.55969095,0.05346666
1764505237.3529649,13.32198,9.56802,-18.52564,-0.8163431250000001,0.55969095,0.05346666
1764505237.3529649,3.00622,13.06256,-16.29768,-0.819761085,0.564268575,0.055480815
1764505237.3529649,3.00622,13.06256,-16.29768,-0.819761085,0.564268575,0.055480815
1764505237.3529649,3.00622,13.06256,-16.29768,-0.819761085,0.564268575,0.055480815
1764505237.3539803,3.00622,13.06256,-16.29768,-0.819761085,0.564268575,0.055480815
1764505237.3539803,3.00622,13.06256,-16.29768,-0.819761085,0.564268575,0.055480815
1764505237.3539803,3.00622,13.06256,-16.29768,-0.819761085,0.564268575,0.055480815
1764505237.3539803,3.00622,13.06256,-16.29768,-0.819761085,0.564268575,0.055480815
1764505237.3539803,3.00622,13.06256,-16.29768,-0.819761085,0.564268575,0.055480815
1764505237.3539803,3.00622,13.06256,-16.29768,-0.819761085,0.564268575,0.055480815
1764505237.3539803,3.00622,13.06256,-16.29768,-0.819761085,0.564268575,0.055480815
1764505237.3539803,-11.07876,17.35062,-16.5571,-0.82385043,0.56335305,0.055724955
1764505237.3539803,-11.07876,17.35062,-16.5571,-0.82385043,0.56335305,0.055724955
1764505237.3539803,-11.07876,17.35062,-16.5571,-0.82385043,0.56335305,0.055724955
1764505237.3539803,-11.07876,17.35062,-16.5571,-0.82385043,0.56335305,0.055724955
1764505237.3539803,-11.07876,17.35062,-16.5571,-0.82385043,0.56335305,0.055724955
1764505237.3539803,-11.07876,17.35062,-16.5571,-0.82385043,0.56335305,0.055724955
1764505237.3539803,-11.07876,17.35062,-16.5571,-0.82385043,0.56335305,0.055724955
1764505237.3539803,-11.07876,17.35062,-16.5571,-0.82385043,0.56335305,0.055724955
1764505237.3539803,-11.07876,17.35062,-16.5571,-0.82385043,0.56335305,0.055724955
1764505237.3539803,-11.07876,17.35062,-16.5571,-0.82385043,0.56335305,0.055724955
1764505237.3539803,-19.73118,19.3039,-16.14508,-0.828428055,0.55505229,0.054015975
1764505237.3539803,-19.73118,19.3039,-16.14508,-0.828428055,0.55505229,0.054015975
1764505237.39807,-19.73118,19.3039,-16.14508,-0.828428055,0.55505229,0.054015975
1764505237.39807,-19.73118,19.3039,-16.14508,-0.828428055,0.55505229,0.054015975
1764505237.39807,-19.73118,19.3039,-16.14508,-0.828428055,0.55505229,0.054015975
1764505237.39807,-19.73118,19.3039,-16.14508,-0.828428055,0.55505229,0.054015975
1764505237.39807,-19.73118,19.3039,-16.14508,-0.828428055,0.55505229,0.054015975
1764505237.39807,-19.73118,19.3039,-16.14508,-0.828428055,0.55505229,0.054015975
1764505237.39807,-19.73118,19.3039,-16.14508,-0.828428055,0.55505229,0.054015975
1764505237.3990877,-19.73118,19.3039,-16.14508,-0.828428055,0.55505229,0.054015975
1764505237.3990877,-18.87662,18.96818,-10.95668,-0.838804005,0.544493235,0.053893905
1764505237.3990877,-18.87662,18.96818,-10.95668,-0.838804005,0.544493235,0.053893905
1764505237.3990877,-18.87662,18.96818,-10.95668,-0.838804005,0.544493235,0.053893905
1764505237.3990877,-18.87662,18.96818,-10.95668,-0.838804005,0.544493235,0.053893905
1764505237.3990877,-18.87662,18.96818,-10.95668,-0.838804005,0.544493235,0.053893905
1764505237.3990877,-18.87662,18.96818,-10.95668,-0.838804005,0.544493235,0.053893905
1764505237.3990877,-18.87662,18.96818,-10.95668,-0.838804005,0.544493235,0.053893905
1764505237.3990877,-18.87662,18.96818,-10.95668,-0.838804005,0.544493235,0.053893905
1764505237.3990877,-18.87662,18.96818,-10.95668,-0.838804005,0.544493235,0.053893905
1764505237.3990877,-18.87662,18.96818,-10.95668,-0.838804005,0.544493235,0.053893905
1764505237.3990877,-18.87662,13.59666,-4.91372,-0.84972927,0.53979354,0.05712876
1764505237.3990877,-18.87662,13.59666,-4.91372,-0.84972927,0.53979354,0.05712876
1764505237.3990877,-18.87662,13.59666,-4.91372,-0.84972927,0.53979354,0.05712876
1764505237.3990877,-18.87662,13.59666,-4.91372,-0.84972927,0.53979354,0.05712876
1764505237.3990877,-18.87662,13.59666,-4.91372,-0.84972927,0.53979354,0.05712876
1764505237.3990877,-18.87662,13.59666,-4.91372,-0.84972927,0.53979354,0.05712876
1764505237.4424458,-18.87662,13.59666,-4.91372,-0.84972927,0.53979354,0.05712876
1764505237.4424458,-18.87662,13.59666,-4.91372,-0.84972927,0.53979354,0.05712876
1764505237.4424458,-18.87662,13.59666,-4.91372,-0.84972927,0.53979354,0.05712876
1764505237.4424458,-18.87662,13.59666,-4.91372,-0.84972927,0.53979354,0.05712876
1764505237.4424458,-23.75982,10.63622,1.38866,-0.853086195,0.541441485,0.06237777
1764505237.4424458,-23.75982,10.63622,1.38866,-0.853086195,0.541441485,0.06237777
1764505237.4441617,-23.75982,10.63622,1.38866,-0.853086195,0.541441485,0.06237777
1764505237.4441617,-23.75982,10.63622,1.38866,-0.853086195,0.541441485,0.06237777
1764505237.4441617,-23.75982,10.63622,1.38866,-0.853086195,0.541441485,0.06237777
1764505237.4441617,-23.75982,10.63622,1.38866,-0.853086195,0.541441485,0.06237777
1764505237.4441617,-23.75982,10.63622,1.38866,-0.853086195,0.541441485,0.06237777
1764505237.4441617,-23.75982,10.63622,1.38866,-0.853086195,0.541441485,0.06237777
1764505237.4441617,-23.75982,10.63622,1.38866,-0.853086195,0.541441485,0.06237777
1764505237.4441617,-23.75982,10.63622,1.38866,-0.853086195,0.541441485,0.06237777
1764505237.4441617,-29.65018,9.14074,5.73776,-0.852719985,0.544004955,0.06567366
1764505237.4441617,-29.65018,9.14074,5.73776,-0.852719985,0.544004955,0.06567366
1764505237.4441617,-29.65018,9.14074,5.73776,-0.852719985,0.544004955,0.06567366
1764505237.4441617,-29.65018,9.14074,5.73776,-0.852719985,0.544004955,0.06567366
1764505237.445175,-29.65018,9.14074,5.73776,-0.852719985,0.544004955,0.06567366
1764505237.445175,-29.65018,9.14074,5.73776,-0.852719985,0.544004955,0.06567366
1764505237.445175,-29.65018,9.14074,5.73776,-0.852719985,0.544004955,0.06567366
1764505237.445175,-29.65018,9.14074,5.73776,-0.852719985,0.544004955,0.06567366
1764505237.445175,-29.65018,9.14074,5.73776,-0.852719985,0.544004955,0.06567366
1764505237.445175,-29.65018,9.14074,5.73776,-0.852719985,0.544004955,0.06567366
1764505237.4912324,-36.99024,8.469299999999999,6.24134,-0.85009548,0.54357771,0.06628401
1764505237.4912324,-36.99024,8.469299999999999,6.24134,-0.85009548,0.54357771,0.06628401
1764505237.492247,-36.99024,8.469299999999999,6.24134,-0.85009548,0.54357771,0.06628401
1764505237.492247,-36.99024,8.469299999999999,6.24134,-0.85009548,0.54357771,0.06628401
1764505237.492247,-36.99024,8.469299999999999,6.24134,-0.85009548,0.54357771,0.06628401
1764505237.492247,-36.99024,8.469299999999999,6.24134,-0.85009548,0.54357771,0.06628401
1764505237.492247,-36.99024,8.469299999999999,6.24134,-0.85009548,0.54357771,0.06628401
1764505237.492247,-36.99024,8.469299999999999,6.24134,-0.85009548,0.54357771,0.06628401
1764505237.492247,-36.99024,8.469299999999999,6.24134,-0.85009548,0.54357771,0.06628401
1764505237.492247,-36.99024,8.469299999999999,6.24134,-0.85009548,0.54357771,0.06628401
1764505237.492247,-40.25588,9.26282,4.02864,-0.85009548,0.5346666,0.065978835
1764505237.492247,-40.25588,9.26282,4.02864,-0.85009548,0.5346666,0.065978835
1764505237.492247,-40.25588,9.26282,4.02864,-0.85009548,0.5346666,0.065978835
1764505237.492617,-40.25588,9.26282,4.02864,-0.85009548,0.5346666,0.065978835
1764505237.492617,-40.25588,9.26282,4.02864,-0.85009548,0.5346666,0.065978835
1764505237.492617,-40.25588,9.26282,4.02864,-0.85009548,0.5346666,0.065978835
1764505237.492617,-40.25588,9.26282,4.02864,-0.85009548,0.5346666,0.065978835
1764505237.492617,-40.25588,9.26282,4.02864,-0.85009548,0.5346666,0.065978835
1764505237.492617,-40.25588,9.26282,4.02864,-0.85009548,0.5346666,0.065978835
1764505237.492617,-40.25588,9.26282,4.02864,-0.85009548,0.5346666,0.065978835
1764505237.492617,-35.99834,12.00962,5.44782,-0.854673105,0.5159898900000001,0.06823713
1764505237.492617,-35.99834,12.00962,5.44782,-0.854673105,0.5159898900000001,0.06823713
1764505237.5375574,-35.99834,12.00962,5.44782,-0.854673105,0.5159898900000001,0.06823713
1764505237.5375574,-35.99834,12.00962,5.44782,-0.854673105,0.5159898900000001,0.06823713
1764505237.538558,-35.99834,12.00962,5.44782,-0.854673105,0.5159898900000001,0.06823713
1764505237.538558,-35.99834,12.00962,5.44782,-0.854673105,0.5159898900000001,0.06823713
1764505237.538558,-35.99834,12.00962,5.44782,-0.854673105,0.5159898900000001,0.06823713
1764505237.538558,-35.99834,12.00962,5.44782,-0.854673105,0.5159898900000001,0.06823713
1764505237.538558,-35.99834,12.00962,5.44782,-0.854673105,0.5159898900000001,0.06823713
1764505237.538558,-35.99834,12.00962,5.44782,-0.854673105,0.5159898900000001,0.06823713
1764505237.538558,-32.64114,12.46742,6.91278,-0.8569314,0.50305047,0.067077465
1764505237.5395532,-32.64114,12.46742,6.91278,-0.8569314,0.50305047,0.067077465
1764505237.5395532,-32.64114,12.46742,6.91278,-0.8569314,0.50305047,0.067077465
1764505237.5395532,-32.64114,12.46742,6.91278,-0.8569314,0.50305047,0.067077465
1764505237.5395532,-32.64114,12.46742,6.91278,-0.8569314,0.50305047,0.067077465
1764505237.5395532,-32.64114,12.46742,6.91278,-0.8569314,0.50305047,0.067077465
1764505237.5395532,-32.64114,12.46742,6.91278,-0.8569314,0.50305047,0.067077465
1764505237.5395532,-32.64114,12.46742,6.91278,-0.8569314,0.50305047,0.067077465
1764505237.5395532,-32.64114,12.46742,6.91278,-0.8569314,0.50305047,0.067077465
1764505237.5395532,-32.64114,12.46742,6.91278,-0.8569314,0.50305047,0.067077465
1764505237.5395532,-30.58104,8.51508,10.17842,-0.85412379,0.499449405,0.06811506
1764505237.5395532,-30.58104,8.51508,10.17842,-0.85412379,0.499449405,0.06811506
1764505237.5395532,-30.58104,8.51508,10.17842,-0.85412379,0.499449405,0.06811506
1764505237.5395532,-30.58104,8.51508,10.17842,-0.85412379,0.499449405,0.06811506
1764505237.5841336,-30.58104,8.51508,10.17842,-0.85412379,0.499449405,0.06811506
1764505237.5841336,-30.58104,8.51508,10.17842,-0.85412379,0.499449405,0.06811506
1764505237.5841336,-30.58104,8.51508,10.17842,-0.85412379,0.499449405,0.06811506
1764505237.5841336,-30.58104,8.51508,10.17842,-0.85412379,0.499449405,0.06811506
1764505237.5841336,-30.58104,8.51508,10.17842,-0.85412379,0.499449405,0.06811506
1764505237.5841336,-30.58104,8.51508,10.17842,-0.85412379,0.499449405,0.06811506
1764505237.5841336,-29.81804,8.63716,15.794099999999998,-0.851255145,0.50244012,0.068786445
1764505237.5841336,-29.81804,8.63716,15.794099999999998,-0.851255145,0.50244012,0.068786445
1764505237.5841336,-29.81804,8.63716,15.794099999999998,-0.851255145,0.50244012,0.068786445
1764505237.5841336,-29.81804,8.63716,15.794099999999998,-0.851255145,0.50244012,0.068786445
1764505237.5841336,-29.81804,8.63716,15.794099999999998,-0.851255145,0.50244012,0.068786445
1764505237.5841336,-29.81804,8.63716,15.794099999999998,-0.851255145,0.50244012,0.068786445
1764505237.5841336,-29.81804,8.63716,15.794099999999998,-0.851255145,0.50244012,0.068786445
1764505237.5841336,-29.81804,8.63716,15.794099999999998,-0.851255145,0.50244012,0.068786445
1764505237.5861342,-29.81804,8.63716,15.794099999999998,-0.851255145,0.50244012,0.068786445
1764505237.5861342,-29.81804,8.63716,15.794099999999998,-0.851255145,0.50244012,0.068786445
1764505237.5861342,-33.09894,9.04918,18.9987,-0.8471658,0.508360515,0.06616194
1764505237.5861342,-33.09894,9.04918,18.9987,-0.8471658,0.508360515,0.06616194
1764505237.5861342,-33.09894,9.04918,18.9987,-0.8471658,0.508360515,0.06616194
1764505237.5861342,-33.09894,9.04918,18.9987,-0.8471658,0.508360515,0.06616194
1764505237.5861342,-33.09894,9.04918,18.9987,-0.8471658,0.508360515,0.06616194
1764505237.5861342,-33.09894,9.04918,18.9987,-0.8471658,0.508360515,0.06616194
1764505237.5861342,-33.09894,9.04918,18.9987,-0.8471658,0.508360515,0.06616194
1764505237.5861342,-33.09894,9.04918,18.9987,-0.8471658,0.508360515,0.06616194
1764505237.631367,-33.09894,9.04918,18.9987,-0.8471658,0.508360515,0.06616194
1764505237.6318877,-33.09894,9.04918,18.9987,-0.8471658,0.508360515,0.06616194
1764505237.6318877,-34.54864,4.959499999999999,18.96818,-0.842588175,0.5123277900000001,0.067565745
1764505237.6318877,-34.54864,4.959499999999999,18.96818,-0.842588175,0.5123277900000001,0.067565745
1764505237.6318877,-34.54864,4.959499999999999,18.96818,-0.842588175,0.5123277900000001,0.067565745
1764505237.6318877,-34.54864,4.959499999999999,18.96818,-0.842588175,0.5123277900000001,0.067565745
1764505237.6328886,-34.54864,4.959499999999999,18.96818,-0.842588175,0.5123277900000001,0.067565745
1764505237.6328886,-34.54864,4.959499999999999,18.96818,-0.842588175,0.5123277900000001,0.067565745
1764505237.6328886,-34.54864,4.959499999999999,18.96818,-0.842588175,0.5123277900000001,0.067565745
1764505237.6328886,-34.54864,4.959499999999999,18.96818,-0.842588175,0.5123277900000001,0.067565745
1764505237.6328886,-34.54864,4.959499999999999,18.96818,-0.842588175,0.5123277900000001,0.067565745
1764505237.6337154,-34.54864,4.959499999999999,18.96818,-0.842588175,0.5123277900000001,0.067565745
1764505237.6337154,-37.21914,7.35532,15.88566,-0.84020781,0.51086295,0.07116681
1764505237.6337154,-37.21914,7.35532,15.88566,-0.84020781,0.51086295,0.07116681
1764505237.6337154,-37.21914,7.35532,15.88566,-0.84020781,0.51086295,0.07116681
1764505237.6337154,-37.21914,7.35532,15.88566,-0.84020781,0.51086295,0.07116681
1764505237.6347234,-37.21914,7.35532,15.88566,-0.84020781,0.51086295,0.07116681
1764505237.6347234,-37.21914,7.35532,15.88566,-0.84020781,0.51086295,0.07116681
1764505237.6347234,-37.21914,7.35532,15.88566,-0.84020781,0.51086295,0.07116681
1764505237.6347234,-37.21914,7.35532,15.88566,-0.84020781,0.51086295,0.07116681
1764505237.6347234,-37.21914,7.35532,15.88566,-0.84020781,0.51086295,0.07116681
1764505237.6353505,-37.21914,7.35532,15.88566,-0.84020781,0.51086295,0.07116681
1764505237.6353505,-32.22912,7.3248,14.45122,-0.84155058,0.507261885,0.075378225
1764505237.6353505,-32.22912,7.3248,14.45122,-0.84155058,0.507261885,0.075378225
1764505237.680476,-32.22912,7.3248,14.45122,-0.84155058,0.507261885,0.075378225
1764505237.680476,-32.22912,7.3248,14.45122,-0.84155058,0.507261885,0.075378225
1764505237.680476,-32.22912,7.3248,14.45122,-0.84155058,0.507261885,0.075378225
1764505237.680476,-32.22912,7.3248,14.45122,-0.84155058,0.507261885,0.075378225
1764505237.680476,-32.22912,7.3248,14.45122,-0.84155058,0.507261885,0.075378225
1764505237.680476,-32.22912,7.3248,14.45122,-0.84155058,0.507261885,0.075378225
1764505237.680476,-32.22912,7.3248,14.45122,-0.84155058,0.507261885,0.075378225
1764505237.680476,-32.22912,7.3248,14.45122,-0.84155058,0.507261885,0.075378225
1764505237.680476,-30.41318,7.14168,10.94142,-0.84155058,0.50720085,0.082092075
1764505237.680476,-30.41318,7.14168,10.94142,-0.84155058,0.50720085,0.082092075
1764505237.680476,-30.41318,7.14168,10.94142,-0.84155058,0.50720085,0.082092075
1764505237.680476,-30.41318,7.14168,10.94142,-0.84155058,0.50720085,0.082092075
1764505237.680476,-30.41318,7.14168,10.94142,-0.84155058,0.50720085,0.082092075
1764505237.680476,-30.41318,7.14168,10.94142,-0.84155058,0.50720085,0.082092075
1764505237.680476,-30.41318,7.14168,10.94142,-0.84155058,0.50720085,0.082092075
1764505237.680476,-30.41318,7.14168,10.94142,-0.84155058,0.50720085,0.082092075
1764505237.680476,-30.41318,7.14168,10.94142,-0.84155058,0.50720085,0.082092075
1764505237.680476,-30.41318,7.14168,10.94142,-0.84155058,0.50720085,0.082092075
1764505237.680476,-35.876259999999995,7.84364,2.71628,-0.835996395,0.50463738,0.08325174
1764505237.680476,-35.876259999999995,7.84364,2.71628,-0.835996395,0.50463738,0.08325174
1764505237.680476,-35.876259999999995,7.84364,2.71628,-0.835996395,0.50463738,0.08325174
1764505237.680476,-35.876259999999995,7.84364,2.71628,-0.835996395,0.50463738,0.08325174
1764505237.680476,-35.876259999999995,7.84364,2.71628,-0.835996395,0.50463738,0.08325174
1764505237.681489,-35.876259999999995,7.84364,2.71628,-0.835996395,0.50463738,0.08325174
1764505237.7243211,-35.876259999999995,7.84364,2.71628,-0.835996395,0.50463738,0.08325174
1764505237.7243211,-35.876259999999995,7.84364,2.71628,-0.835996395,0.50463738,0.08325174
1764505237.7253544,-35.876259999999995,7.84364,2.71628,-0.835996395,0.50463738,0.08325174
1764505237.7253544,-35.876259999999995,7.84364,2.71628,-0.835996395,0.50463738,0.08325174
1764505237.7253544,-44.57446,15.00058,-6.91278,-0.830076,0.49621455,0.083434845
1764505237.7253544,-44.57446,15.00058,-6.91278,-0.830076,0.49621455,0.083434845
1764505237.7253544,-44.57446,15.00058,-6.91278,-0.830076,0.49621455,0.083434845
1764505237.7253544,-44.57446,15.00058,-6.91278,-0.830076,0.49621455,0.083434845
1764505237.7253544,-44.57446,15.00058,-6.91278,-0.830076,0.49621455,0.083434845
1764505237.7253544,-44.57446,15.00058,-6.91278,-0.830076,0.49621455,0.083434845
1764505237.7253544,-44.57446,15.00058,-6.91278,-0.830076,0.49621455,0.083434845
1764505237.7253544,-44.57446,15.00058,-6.91278,-0.830076,0.49621455,0.083434845
1764505237.7253544,-44.57446,15.00058,-6.91278,-0.830076,0.49621455,0.083434845
1764505237.7253544,-44.57446,15.00058,-6.91278,-0.830076,0.49621455,0.083434845
1764505237.7253544,-40.45426,24.73646,-10.81934,-0.834531555,0.47302125,0.078185835
1764505237.7253544,-40.45426,24.73646,-10.81934,-0.834531555,0.47302125,0.078185835
1764505237.7258697,-40.45426,24.73646,-10.81934,-0.834531555,0.47302125,0.078185835
1764505237.7258697,-40.45426,24.73646,-10.81934,-0.834531555,0.47302125,0.078185835
1764505237.7258697,-40.45426,24.73646,-10.81934,-0.834531555,0.47302125,0.078185835
1764505237.7258697,-40.45426,24.73646,-10.81934,-0.834531555,0.47302125,0.078185835
1764505237.7258697,-40.45426,24.73646,-10.81934,-0.834531555,0.47302125,0.078185835
1764505237.7258697,-40.45426,24.73646,-10.81934,-0.834531555,0.47302125,0.078185835
1764505237.7258697,-40.45426,24.73646,-10.81934,-0.834531555,0.47302125,0.078185835
1764505237.7258697,-40.45426,24.73646,-10.81934,-0.834531555,0.47302125,0.078185835
1764505237.769391,-23.43936,22.85948,-8.118319999999999,-0.84655545,0.452574525,0.074279595
1764505237.769391,-23.43936,22.85948,-8.118319999999999,-0.84655545,0.452574525,0.074279595
1764505237.769391,-23.43936,22.85948,-8.118319999999999,-0.84655545,0.452574525,0.074279595
1764505237.769391,-23.43936,22.85948,-8.118319999999999,-0.84655545,0.452574525,0.074279595
1764505237.769391,-23.43936,22.85948,-8.118319999999999,-0.84655545,0.452574525,0.074279595
1764505237.7704208,-23.43936,22.85948,-8.118319999999999,-0.84655545,0.452574525,0.074279595
1764505237.7704208,-23.43936,22.85948,-8.118319999999999,-0.84655545,0.452574525,0.074279595
1764505237.7704208,-23.43936,22.85948,-8.118319999999999,-0.84655545,0.452574525,0.074279595
1764505237.7704208,-23.43936,22.85948,-8.118319999999999,-0.84655545,0.452574525,0.074279595
1764505237.7704208,-23.43936,22.85948,-8.118319999999999,-0.84655545,0.452574525,0.074279595
1764505237.7714322,-8.02676,14.22232,-0.93086,-0.864438705,0.457457325,0.077941695
1764505237.7714322,-8.02676,14.22232,-0.93086,-0.864438705,0.457457325,0.077941695
1764505237.7714322,-8.02676,14.22232,-0.93086,-0.864438705,0.457457325,0.077941695
1764505237.7714322,-8.02676,14.22232,-0.93086,-0.864438705,0.457457325,0.077941695
1764505237.7714322,-8.02676,14.22232,-0.93086,-0.864438705,0.457457325,0.077941695
1764505237.7714322,-8.02676,14.22232,-0.93086,-0.864438705,0.457457325,0.077941695
1764505237.7714322,-8.02676,14.22232,-0.93086,-0.864438705,0.457457325,0.077941695
1764505237.7714322,-8.02676,14.22232,-0.93086,-0.864438705,0.457457325,0.077941695
1764505237.773734,-8.02676,14.22232,-0.93086,-0.864438705,0.457457325,0.077941695
1764505237.773734,-8.02676,14.22232,-0.93086,-0.864438705,0.457457325,0.077941695
1764505237.773734,5.8751,-3.31142,8.75924,-0.874326375,0.476622315,0.085143825
1764505237.773734,5.8751,-3.31142,8.75924,-0.874326375,0.476622315,0.085143825
1764505237.818401,5.8751,-3.31142,8.75924,-0.874326375,0.476622315,0.085143825
1764505237.818401,5.8751,-3.31142,8.75924,-0.874326375,0.476622315,0.085143825
1764505237.818401,5.8751,-3.31142,8.75924,-0.874326375,0.476622315,0.085143825
1764505237.818401,5.8751,-3.31142,8.75924,-0.874326375,0.476622315,0.085143825
1764505237.818401,5.8751,-3.31142,8.75924,-0.874326375,0.476622315,0.085143825
1764505237.818401,5.8751,-3.31142,8.75924,-0.874326375,0.476622315,0.085143825
1764505237.818401,5.8751,-3.31142,8.75924,-0.874326375,0.476622315,0.085143825
1764505237.818401,5.8751,-3.31142,8.75924,-0.874326375,0.476622315,0.085143825
1764505237.818401,9.65958,-12.62002,16.80126,-0.87206808,0.501646665,0.089172135
1764505237.818401,9.65958,-12.62002,16.80126,-0.87206808,0.501646665,0.089172135
1764505237.818401,9.65958,-12.62002,16.80126,-0.87206808,0.501646665,0.089172135
1764505237.818401,9.65958,-12.62002,16.80126,-0.87206808,0.501646665,0.089172135
1764505237.818401,9.65958,-12.62002,16.80126,-0.87206808,0.501646665,0.089172135
1764505237.818401,9.65958,-12.62002,16.80126,-0.87206808,0.501646665,0.089172135
1764505237.818401,9.65958,-12.62002,16.80126,-0.87206808,0.501646665,0.089172135
1764505237.818401,9.65958,-12.62002,16.80126,-0.87206808,0.501646665,0.089172135
1764505237.818401,9.65958,-12.62002,16.80126,-0.87206808,0.501646665,0.089172135
1764505237.818401,9.65958,-12.62002,16.80126,-0.87206808,0.501646665,0.089172135
1764505237.818401,4.15072,-10.9872,20.66204,-0.856870365,0.52795275,0.090392835
1764505237.818401,4.15072,-10.9872,20.66204,-0.856870365,0.52795275,0.090392835
1764505237.818401,4.15072,-10.9872,20.66204,-0.856870365,0.52795275,0.090392835
1764505237.818401,4.15072,-10.9872,20.66204,-0.856870365,0.52795275,0.090392835
1764505237.8664677,4.15072,-10.9872,20.66204,-0.856870365,0.52795275,0.090392835
1764505237.8664677,4.15072,-10.9872,20.66204,-0.856870365,0.52795275,0.090392835
1764505237.8664677,4.15072,-10.9872,20.66204,-0.856870365,0.52795275,0.090392835
1764505237.8664677,4.15072,-10.9872,20.66204,-0.856870365,0.52795275,0.090392835
1764505237.8664677,4.15072,-10.9872,20.66204,-0.856870365,0.52795275,0.090392835
1764505237.8664677,4.15072,-10.9872,20.66204,-0.856870365,0.52795275,0.090392835
1764505237.8664677,-7.11116,-1.72438,20.15846,-0.841611615,0.55029156,0.08654763
1764505237.8664677,-7.11116,-1.72438,20.15846,-0.841611615,0.55029156,0.08654763
1764505237.8664677,-7.11116,-1.72438,20.15846,-0.841611615,0.55029156,0.08654763
1764505237.8664677,-7.11116,-1.72438,20.15846,-0.841611615,0.55029156,0.08654763
1764505237.8664677,-7.11116,-1.72438,20.15846,-0.841611615,0.55029156,0.08654763
1764505237.8664677,-7.11116,-1.72438,20.15846,-0.841611615,0.55029156,0.08654763
1764505237.8664677,-7.11116,-1.72438,20.15846,-0.841611615,0.55029156,0.08654763
1764505237.8664677,-7.11116,-1.72438,20.15846,-0.841611615,0.55029156,0.08654763
1764505237.8664677,-7.11116,-1.72438,20.15846,-0.841611615,0.55029156,0.08654763
1764505237.8664677,-7.11116,-1.72438,20.15846,-0.841611615,0.55029156,0.08654763
1764505237.8664677,-23.56144,4.24228,17.0912,-0.82543734,0.565123065,0.077209275
1764505237.8664677,-23.56144,4.24228,17.0912,-0.82543734,0.565123065,0.077209275
1764505237.8664677,-23.56144,4.24228,17.0912,-0.82543734,0.565123065,0.077209275
1764505237.8664677,-23.56144,4.24228,17.0912,-0.82543734,0.565123065,0.077209275
1764505237.8664677,-23.56144,4.24228,17.0912,-0.82543734,0.565123065,0.077209275
1764505237.8674705,-23.56144,4.24228,17.0912,-0.82543734,0.565123065,0.077209275
1764505237.8674705,-23.56144,4.24228,17.0912,-0.82543734,0.565123065,0.077209275
1764505237.8674705,-23.56144,4.24228,17.0912,-0.82543734,0.565123065,0.077209275
1764505237.9105282,-23.56144,4.24228,17.0912,-0.82543734,0.565123065,0.077209275
1764505237.9105282,-23.56144,4.24228,17.0912,-0.82543734,0.565123065,0.077209275
1764505237.9105282,-36.15094,9.65958,12.10118,-0.810849975,0.563658225,0.070495425
1764505237.9105282,-36.15094,9.65958,12.10118,-0.810849975,0.563658225,0.070495425
1764505237.9105282,-36.15094,9.65958,12.10118,-0.810849975,0.563658225,0.070495425
1764505237.9105282,-36.15094,9.65958,12.10118,-0.810849975,0.563658225,0.070495425
1764505237.9105282,-36.15094,9.65958,12.10118,-0.810849975,0.563658225,0.070495425
1764505237.9115374,-36.15094,9.65958,12.10118,-0.810849975,0.563658225,0.070495425
1764505237.9115374,-36.15094,9.65958,12.10118,-0.810849975,0.563658225,0.070495425
1764505237.9115374,-36.15094,9.65958,12.10118,-0.810849975,0.563658225,0.070495425
1764505237.9115374,-36.15094,9.65958,12.10118,-0.810849975,0.563658225,0.070495425
1764505237.9135494,-36.15094,9.65958,12.10118,-0.810849975,0.563658225,0.070495425
1764505237.9135494,-48.05374,17.82368,7.81312,-0.81042273,0.554747115,0.070373355
1764505237.9135494,-48.05374,17.82368,7.81312,-0.81042273,0.554747115,0.070373355
1764505237.9135494,-48.05374,17.82368,7.81312,-0.81042273,0.554747115,0.070373355
1764505237.9135494,-48.05374,17.82368,7.81312,-0.81042273,0.554747115,0.070373355
1764505237.9135494,-48.05374,17.82368,7.81312,-0.81042273,0.554747115,0.070373355
1764505237.9135494,-48.05374,17.82368,7.81312,-0.81042273,0.554747115,0.070373355
1764505237.9135494,-48.05374,17.82368,7.81312,-0.81042273,0.554747115,0.070373355
1764505237.9135494,-48.05374,17.82368,7.81312,-0.81042273,0.554747115,0.070373355
1764505237.9135494,-48.05374,17.82368,7.81312,-0.81042273,0.554747115,0.070373355
1764505237.9135494,-48.05374,17.82368,7.81312,-0.81042273,0.554747115,0.070373355
1764505237.9150565,-50.8158,18.6935,2.85362,-0.817563825,0.5364366150000001,0.075744435
1764505237.9150565,-50.8158,18.6935,2.85362,-0.817563825,0.5364366150000001,0.075744435
1764505237.960431,-50.8158,18.6935,2.85362,-0.817563825,0.5364366150000001,0.075744435
1764505237.960431,-50.8158,18.6935,2.85362,-0.817563825,0.5364366150000001,0.075744435
1764505237.960431,-50.8158,18.6935,2.85362,-0.817563825,0.5364366150000001,0.075744435
1764505237.960431,-50.8158,18.6935,2.85362,-0.817563825,0.5364366150000001,0.075744435
1764505237.960431,-50.8158,18.6935,2.85362,-0.817563825,0.5364366150000001,0.075744435
1764505237.960431,-50.8158,18.6935,2.85362,-0.817563825,0.5364366150000001,0.075744435
1764505237.960431,-50.8158,18.6935,2.85362,-0.817563825,0.5364366150000001,0.075744435
1764505237.960431,-50.8158,18.6935,2.85362,-0.817563825,0.5364366150000001,0.075744435
1764505237.960431,-44.1777,11.50604,-2.50264,-0.828305985,0.510801915,0.090148695
1764505237.960431,-44.1777,11.50604,-2.50264,-0.828305985,0.510801915,0.090148695
1764505237.960431,-44.1777,11.50604,-2.50264,-0.828305985,0.510801915,0.090148695
1764505237.960431,-44.1777,11.50604,-2.50264,-0.828305985,0.510801915,0.090148695
1764505237.9614303,-44.1777,11.50604,-2.50264,-0.828305985,0.510801915,0.090148695
1764505237.9614303,-44.1777,11.50604,-2.50264,-0.828305985,0.510801915,0.090148695
1764505237.9614303,-44.1777,11.50604,-2.50264,-0.828305985,0.510801915,0.090148695
1764505237.9614303,-44.1777,11.50604,-2.50264,-0.828305985,0.510801915,0.090148695
1764505237.9614303,-44.1777,11.50604,-2.50264,-0.828305985,0.510801915,0.090148695
1764505237.9614303,-44.1777,11.50604,-2.50264,-0.828305985,0.510801915,0.090148695
1764505237.9614303,-30.71838,7.84364,-3.815,-0.842588175,0.47582886,0.105163305
1764505237.9614303,-30.71838,7.84364,-3.815,-0.842588175,0.47582886,0.105163305
1764505237.9614303,-30.71838,7.84364,-3.815,-0.842588175,0.47582886,0.105163305
1764505237.9614303,-30.71838,7.84364,-3.815,-0.842588175,0.47582886,0.105163305
1764505237.9614303,-30.71838,7.84364,-3.815,-0.842588175,0.47582886,0.105163305
1764505237.9614303,-30.71838,7.84364,-3.815,-0.842588175,0.47582886,0.105163305
1764505238.0056183,-30.71838,7.84364,-3.815,-0.842588175,0.47582886,0.105163305
1764505238.0061336,-30.71838,7.84364,-3.815,-0.842588175,0.47582886,0.105163305
1764505238.0061336,-30.71838,7.84364,-3.815,-0.842588175,0.47582886,0.105163305
1764505238.0061336,-30.71838,7.84364,-3.815,-0.842588175,0.47582886,0.105163305
1764505238.0061336,-8.28618,4.59326,-6.76018,-0.853330335,0.43554576,0.112365435
1764505238.0061336,-8.28618,4.59326,-6.76018,-0.853330335,0.43554576,0.112365435
1764505238.0061336,-8.28618,4.59326,-6.76018,-0.853330335,0.43554576,0.112365435
1764505238.0061336,-8.28618,4.59326,-6.76018,-0.853330335,0.43554576,0.112365435
1764505238.0061336,-8.28618,4.59326,-6.76018,-0.853330335,0.43554576,0.112365435
1764505238.0061336,-8.28618,4.59326,-6.76018,-0.853330335,0.43554576,0.112365435
1764505238.0061336,-8.28618,4.59326,-6.76018,-0.853330335,0.43554576,0.112365435
1764505238.0061336,-8.28618,4.59326,-6.76018,-0.853330335,0.43554576,0.112365435
1764505238.0061336,-8.28618,4.59326,-6.76018,-0.853330335,0.43554576,0.112365435
1764505238.0066433,-8.28618,4.59326,-6.76018,-0.853330335,0.43554576,0.112365435
1764505238.0066433,15.0311,1.78542,-10.78882,-0.86169213,0.40209858,0.112365435
1764505238.0066433,15.0311,1.78542,-10.78882,-0.86169213,0.40209858,0.112365435
1764505238.0066433,15.0311,1.78542,-10.78882,-0.86169213,0.40209858,0.112365435
1764505238.0066433,15.0311,1.78542,-10.78882,-0.86169213,0.40209858,0.112365435
1764505238.0066433,15.0311,1.78542,-10.78882,-0.86169213,0.40209858,0.112365435
1764505238.0066433,15.0311,1.78542,-10.78882,-0.86169213,0.40209858,0.112365435
1764505238.0066433,15.0311,1.78542,-10.78882,-0.86169213,0.40209858,0.112365435
1764505238.0066433,15.0311,1.78542,-10.78882,-0.86169213,0.40209858,0.112365435
1764505238.0066433,15.0311,1.78542,-10.78882,-0.86169213,0.40209858,0.112365435
1764505238.0066433,15.0311,1.78542,-10.78882,-0.86169213,0.40209858,0.112365435
1764505238.0495882,30.56578,1.32762,-13.26094,-0.866269755,0.39099021,0.10021947
1764505238.0495882,30.56578,1.32762,-13.26094,-0.866269755,0.39099021,0.10021947
1764505238.0506003,30.56578,1.32762,-13.26094,-0.866269755,0.39099021,0.10021947
1764505238.0506003,30.56578,1.32762,-13.26094,-0.866269755,0.39099021,0.10021947
1764505238.0506003,30.56578,1.32762,-13.26094,-0.866269755,0.39099021,0.10021947
1764505238.0506003,30.56578,1.32762,-13.26094,-0.866269755,0.39099021,0.10021947
1764505238.0506003,30.56578,1.32762,-13.26094,-0.866269755,0.39099021,0.10021947
1764505238.0506003,30.56578,1.32762,-13.26094,-0.866269755,0.39099021,0.10021947
1764505238.0506003,30.56578,1.32762,-13.26094,-0.866269755,0.39099021,0.10021947
1764505238.0506003,30.56578,1.32762,-13.26094,-0.866269755,0.39099021,0.10021947
1764505238.05111,38.56202,0.77826,-12.80314,-0.8654763,0.404112735,0.082092075
1764505238.05111,38.56202,0.77826,-12.80314,-0.8654763,0.404112735,0.082092075
1764505238.05111,38.56202,0.77826,-12.80314,-0.8654763,0.404112735,0.082092075
1764505238.05111,38.56202,0.77826,-12.80314,-0.8654763,0.404112735,0.082092075
1764505238.05111,38.56202,0.77826,-12.80314,-0.8654763,0.404112735,0.082092075
1764505238.05111,38.56202,0.77826,-12.80314,-0.8654763,0.404112735,0.082092075
1764505238.05111,38.56202,0.77826,-12.80314,-0.8654763,0.404112735,0.082092075
1764505238.0521183,38.56202,0.77826,-12.80314,-0.8654763,0.404112735,0.082092075
1764505238.0521183,38.56202,0.77826,-12.80314,-0.8654763,0.404112735,0.082092075
1764505238.0521183,38.56202,0.77826,-12.80314,-0.8654763,0.404112735,0.082092075
1764505238.0521183,49.09142,-5.70724,-5.93614,-0.8619362700000001,0.43408092,0.07482891
1764505238.0521183,49.09142,-5.70724,-5.93614,-0.8619362700000001,0.43408092,0.07482891
1764505238.0990322,49.09142,-5.70724,-5.93614,-0.8619362700000001,0.43408092,0.07482891
1764505238.0990322,49.09142,-5.70724,-5.93614,-0.8619362700000001,0.43408092,0.07482891
1764505238.0990322,49.09142,-5.70724,-5.93614,-0.8619362700000001,0.43408092,0.07482891
1764505238.0990322,49.09142,-5.70724,-5.93614,-0.8619362700000001,0.43408092,0.07482891
1764505238.1000578,49.09142,-5.70724,-5.93614,-0.8619362700000001,0.43408092,0.07482891
1764505238.1000578,49.09142,-5.70724,-5.93614,-0.8619362700000001,0.43408092,0.07482891
1764505238.1000578,49.09142,-5.70724,-5.93614,-0.8619362700000001,0.43408092,0.07482891
1764505238.1000578,49.09142,-5.70724,-5.93614,-0.8619362700000001,0.43408092,0.07482891
1764505238.1000578,55.18016,-13.94764,-0.13734,-0.860776605,0.47094606,0.0805662
1764505238.1000578,55.18016,-13.94764,-0.13734,-0.860776605,0.47094606,0.0805662
1764505238.1000578,55.18016,-13.94764,-0.13734,-0.860776605,0.47094606,0.0805662
1764505238.1000578,55.18016,-13.94764,-0.13734,-0.860776605,0.47094606,0.0805662
1764505238.1000578,55.18016,-13.94764,-0.13734,-0.860776605,0.47094606,0.0805662
1764505238.1000578,55.18016,-13.94764,-0.13734,-0.860776605,0.47094606,0.0805662
1764505238.1000578,55.18016,-13.94764,-0.13734,-0.860776605,0.47094606,0.0805662
1764505238.1000578,55.18016,-13.94764,-0.13734,-0.860776605,0.47094606,0.0805662
1764505238.1000578,55.18016,-13.94764,-0.13734,-0.860776605,0.47094606,0.0805662
1764505238.1000578,55.18016,-13.94764,-0.13734,-0.860776605,0.47094606,0.0805662
1764505238.1000578,51.31938,-14.63434,-0.79352,-0.854795175,0.50219598,0.08959938
1764505238.1000578,51.31938,-14.63434,-0.79352,-0.854795175,0.50219598,0.08959938
1764505238.1000578,51.31938,-14.63434,-0.79352,-0.854795175,0.50219598,0.08959938
1764505238.1000578,51.31938,-14.63434,-0.79352,-0.854795175,0.50219598,0.08959938
1764505238.1438951,51.31938,-14.63434,-0.79352,-0.854795175,0.50219598,0.08959938
1764505238.1438951,51.31938,-14.63434,-0.79352,-0.854795175,0.50219598,0.08959938
1764505238.1438951,51.31938,-14.63434,-0.79352,-0.854795175,0.50219598,0.08959938
1764505238.1438951,51.31938,-14.63434,-0.79352,-0.854795175,0.50219598,0.08959938
1764505238.1438951,51.31938,-14.63434,-0.79352,-0.854795175,0.50219598,0.08959938
1764505238.1438951,51.31938,-14.63434,-0.79352,-0.854795175,0.50219598,0.08959938
1764505238.1438951,38.25682,-10.89564,-4.39488,-0.84924099,0.528379995,0.093200445
1764505238.1438951,38.25682,-10.89564,-4.39488,-0.84924099,0.528379995,0.093200445
1764505238.1438951,38.25682,-10.89564,-4.39488,-0.84924099,0.528379995,0.093200445
1764505238.1438951,38.25682,-10.89564,-4.39488,-0.84924099,0.528379995,0.093200445
1764505238.1438951,38.25682,-10.89564,-4.39488,-0.84924099,0.528379995,0.093200445
1764505238.1438951,38.25682,-10.89564,-4.39488,-0.84924099,0.528379995,0.093200445
1764505238.1438951,38.25682,-10.89564,-4.39488,-0.84924099,0.528379995,0.093200445
1764505238.1438951,38.25682,-10.89564,-4.39488,-0.84924099,0.528379995,0.093200445
1764505238.1438951,38.25682,-10.89564,-4.39488,-0.84924099,0.528379995,0.093200445
1764505238.1454763,38.25682,-10.89564,-4.39488,-0.84924099,0.528379995,0.093200445
1764505238.1454763,25.7131,-6.653359999999999,-5.371519999999999,-0.84667752,0.54333357,0.08801247
1764505238.1454763,25.7131,-6.653359999999999,-5.371519999999999,-0.84667752,0.54333357,0.08801247
1764505238.1454763,25.7131,-6.653359999999999,-5.371519999999999,-0.84667752,0.54333357,0.08801247
1764505238.1454763,25.7131,-6.653359999999999,-5.371519999999999,-0.84667752,0.54333357,0.08801247
1764505238.1464856,25.7131,-6.653359999999999,-5.371519999999999,-0.84667752,0.54333357,0.08801247
1764505238.1464856,25.7131,-6.653359999999999,-5.371519999999999,-0.84667752,0.54333357,0.08801247
1764505238.1464856,25.7131,-6.653359999999999,-5.371519999999999,-0.84667752,0.54333357,0.08801247
1764505238.147279,25.7131,-6.653359999999999,-5.371519999999999,-0.84667752,0.54333357,0.08801247
1764505238.19211,25.7131,-6.653359999999999,-5.371519999999999,-0.84667752,0.54333357,0.08801247
1764505238.19211,25.7131,-6.653359999999999,-5.371519999999999,-0.84667752,0.54333357,0.08801247
1764505238.19211,21.88284,-7.05012,-6.05822,-0.84582303,0.547544985,0.083190705
1764505238.19211,21.88284,-7.05012,-6.05822,-0.84582303,0.547544985,0.083190705
1764505238.19211,21.88284,-7.05012,-6.05822,-0.84582303,0.547544985,0.083190705
1764505238.19211,21.88284,-7.05012,-6.05822,-0.84582303,0.547544985,0.083190705
1764505238.19211,21.88284,-7.05012,-6.05822,-0.84582303,0.547544985,0.083190705
1764505238.19211,21.88284,-7.05012,-6.05822,-0.84582303,0.547544985,0.083190705
1764505238.19211,21.88284,-7.05012,-6.05822,-0.84582303,0.547544985,0.083190705
1764505238.19211,21.88284,-7.05012,-6.05822,-0.84582303,0.547544985,0.083190705
1764505238.19211,21.88284,-7.05012,-6.05822,-0.84582303,0.547544985,0.083190705
1764505238.19211,21.88284,-7.05012,-6.05822,-0.84582303,0.547544985,0.083190705
1764505238.19211,26.1709,-11.65864,-10.46836,-0.8459451,0.537291105,0.084899685
1764505238.19211,26.1709,-11.65864,-10.46836,-0.8459451,0.537291105,0.084899685
1764505238.19211,26.1709,-11.65864,-10.46836,-0.8459451,0.537291105,0.084899685
1764505238.19211,26.1709,-11.65864,-10.46836,-0.8459451,0.537291105,0.084899685
1764505238.19211,26.1709,-11.65864,-10.46836,-0.8459451,0.537291105,0.084899685
1764505238.19211,26.1709,-11.65864,-10.46836,-0.8459451,0.537291105,0.084899685
1764505238.19211,26.1709,-11.65864,-10.46836,-0.8459451,0.537291105,0.084899685
1764505238.19211,26.1709,-11.65864,-10.46836,-0.8459451,0.537291105,0.084899685
1764505238.19211,26.1709,-11.65864,-10.46836,-0.8459451,0.537291105,0.084899685
1764505238.19211,26.1709,-11.65864,-10.46836,-0.8459451,0.537291105,0.084899685
1764505238.19211,25.19426,-9.85796,-17.411659999999998,-0.842466105,0.52233753,0.08044413
1764505238.1931376,25.19426,-9.85796,-17.411659999999998,-0.842466105,0.52233753,0.08044413
1764505238.237206,25.19426,-9.85796,-17.411659999999998,-0.842466105,0.52233753,0.08044413
1764505238.237206,25.19426,-9.85796,-17.411659999999998,-0.842466105,0.52233753,0.08044413
1764505238.237206,25.19426,-9.85796,-17.411659999999998,-0.842466105,0.52233753,0.08044413
1764505238.237206,25.19426,-9.85796,-17.411659999999998,-0.842466105,0.52233753,0.08044413
1764505238.237206,25.19426,-9.85796,-17.411659999999998,-0.842466105,0.52233753,0.08044413
1764505238.237206,25.19426,-9.85796,-17.411659999999998,-0.842466105,0.52233753,0.08044413
1764505238.237206,25.19426,-9.85796,-17.411659999999998,-0.842466105,0.52233753,0.08044413
1764505238.237206,25.19426,-9.85796,-17.411659999999998,-0.842466105,0.52233753,0.08044413
1764505238.237206,24.44652,-3.72344,-24.12606,-0.83703399,0.505186695,0.069763005
1764505238.237206,24.44652,-3.72344,-24.12606,-0.83703399,0.505186695,0.069763005
1764505238.237206,24.44652,-3.72344,-24.12606,-0.83703399,0.505186695,0.069763005
1764505238.237206,24.44652,-3.72344,-24.12606,-0.83703399,0.505186695,0.069763005
1764505238.237206,24.44652,-3.72344,-24.12606,-0.83703399,0.505186695,0.069763005
1764505238.237206,24.44652,-3.72344,-24.12606,-0.83703399,0.505186695,0.069763005
1764505238.237206,24.44652,-3.72344,-24.12606,-0.83703399,0.505186695,0.069763005
1764505238.237206,24.44652,-3.72344,-24.12606,-0.83703399,0.505186695,0.069763005
1764505238.237206,24.44652,-3.72344,-24.12606,-0.83703399,0.505186695,0.069763005
1764505238.237206,24.44652,-3.72344,-24.12606,-0.83703399,0.505186695,0.069763005
1764505238.2392366,26.41506,5.1121,-26.35402,-0.833677065,0.487364475,0.053649765
1764505238.2392366,26.41506,5.1121,-26.35402,-0.833677065,0.487364475,0.053649765
1764505238.2392366,26.41506,5.1121,-26.35402,-0.833677065,0.487364475,0.053649765
1764505238.2392366,26.41506,5.1121,-26.35402,-0.833677065,0.487364475,0.053649765
1764505238.2392366,26.41506,5.1121,-26.35402,-0.833677065,0.487364475,0.053649765
1764505238.2392366,26.41506,5.1121,-26.35402,-0.833677065,0.487364475,0.053649765
1764505238.2879217,26.41506,5.1121,-26.35402,-0.833677065,0.487364475,0.053649765
1764505238.2879217,26.41506,5.1121,-26.35402,-0.833677065,0.487364475,0.053649765
1764505238.2879217,26.41506,5.1121,-26.35402,-0.833677065,0.487364475,0.053649765
1764505238.2879217,26.41506,5.1121,-26.35402,-0.833677065,0.487364475,0.053649765
1764505238.2879217,36.99024,7.14168,-20.32632,-0.83849883,0.47473023,0.04101552
1764505238.2879217,36.99024,7.14168,-20.32632,-0.83849883,0.47473023,0.04101552
1764505238.2879217,36.99024,7.14168,-20.32632,-0.83849883,0.47473023,0.04101552
1764505238.2879217,36.99024,7.14168,-20.32632,-0.83849883,0.47473023,0.04101552
1764505238.2879217,36.99024,7.14168,-20.32632,-0.83849883,0.47473023,0.04101552
1764505238.2879217,36.99024,7.14168,-20.32632,-0.83849883,0.47473023,0.04101552
1764505238.2879217,36.99024,7.14168,-20.32632,-0.83849883,0.47473023,0.04101552
1764505238.2879217,36.99024,7.14168,-20.32632,-0.83849883,0.47473023,0.04101552
1764505238.2879217,36.99024,7.14168,-20.32632,-0.83849883,0.47473023,0.04101552
1764505238.2879217,36.99024,7.14168,-20.32632,-0.83849883,0.47473023,0.04101552
1764505238.2879217,41.7361,-0.25942,-9.67484,-0.843198525,0.48242064,0.033630285
1764505238.2879217,41.7361,-0.25942,-9.67484,-0.843198525,0.48242064,0.033630285
1764505238.2889426,41.7361,-0.25942,-9.67484,-0.843198525,0.48242064,0.033630285
1764505238.2889426,41.7361,-0.25942,-9.67484,-0.843198525,0.48242064,0.033630285
1764505238.2889426,41.7361,-0.25942,-9.67484,-0.843198525,0.48242064,0.033630285
1764505238.2889426,41.7361,-0.25942,-9.67484,-0.843198525,0.48242064,0.033630285
1764505238.2889426,41.7361,-0.25942,-9.67484,-0.843198525,0.48242064,0.033630285
1764505238.2889426,41.7361,-0.25942,-9.67484,-0.843198525,0.48242064,0.033630285
1764505238.3297422,41.7361,-0.25942,-9.67484,-0.843198525,0.48242064,0.033630285
1764505238.3297422,41.7361,-0.25942,-9.67484,-0.843198525,0.48242064,0.033630285
1764505238.3297422,36.25776,-3.75396,1.46496,-0.839658495,0.511656405,0.0305175
1764505238.3297422,36.25776,-3.75396,1.46496,-0.839658495,0.511656405,0.0305175
1764505238.3297422,36.25776,-3.75396,1.46496,-0.839658495,0.511656405,0.0305175
1764505238.3297422,36.25776,-3.75396,1.46496,-0.839658495,0.511656405,0.0305175
1764505238.3297422,36.25776,-3.75396,1.46496,-0.839658495,0.511656405,0.0305175
1764505238.3297422,36.25776,-3.75396,1.46496,-0.839658495,0.511656405,0.0305175
1764505238.3297422,36.25776,-3.75396,1.46496,-0.839658495,0.511656405,0.0305175
1764505238.3297422,36.25776,-3.75396,1.46496,-0.839658495,0.511656405,0.0305175
1764505238.3297422,36.25776,-3.75396,1.46496,-0.839658495,0.511656405,0.0305175
1764505238.3297422,36.25776,-3.75396,1.46496,-0.839658495,0.511656405,0.0305175
1764505238.3297422,21.95914,-0.57988,15.35156,-0.83276154,0.5584702500000001,0.028259205
1764505238.3297422,21.95914,-0.57988,15.35156,-0.83276154,0.5584702500000001,0.028259205
1764505238.3297422,21.95914,-0.57988,15.35156,-0.83276154,0.5584702500000001,0.028259205
1764505238.3297422,21.95914,-0.57988,15.35156,-0.83276154,0.5584702500000001,0.028259205
1764505238.3323183,21.95914,-0.57988,15.35156,-0.83276154,0.5584702500000001,0.028259205
1764505238.3323183,21.95914,-0.57988,15.35156,-0.83276154,0.5584702500000001,0.028259205
1764505238.3323183,21.95914,-0.57988,15.35156,-0.83276154,0.5584702500000001,0.028259205
1764505238.3323183,21.95914,-0.57988,15.35156,-0.83276154,0.5584702500000001,0.028259205
1764505238.3323183,21.95914,-0.57988,15.35156,-0.83276154,0.5584702500000001,0.028259205
1764505238.3323183,21.95914,-0.57988,15.35156,-0.83276154,0.5584702500000001,0.028259205
1764505238.377278,3.84552,-1.55652,27.07124,-0.8276346,0.60766446,0.03466788
1764505238.377278,3.84552,-1.55652,27.07124,-0.8276346,0.60766446,0.03466788
1764505238.377278,3.84552,-1.55652,27.07124,-0.8276346,0.60766446,0.03466788
1764505238.377278,3.84552,-1.55652,27.07124,-0.8276346,0.60766446,0.03466788
1764505238.377278,3.84552,-1.55652,27.07124,-0.8276346,0.60766446,0.03466788
1764505238.377278,3.84552,-1.55652,27.07124,-0.8276346,0.60766446,0.03466788
1764505238.3783042,3.84552,-1.55652,27.07124,-0.8276346,0.60766446,0.03466788
1764505238.3783042,3.84552,-1.55652,27.07124,-0.8276346,0.60766446,0.03466788
1764505238.3783042,3.84552,-1.55652,27.07124,-0.8276346,0.60766446,0.03466788
1764505238.3783042,3.84552,-1.55652,27.07124,-0.8276346,0.60766446,0.03466788
1764505238.3783042,-31.17618,-0.97664,35.83048,-0.82018833,0.65087724,0.04663074
1764505238.3783042,-31.17618,-0.97664,35.83048,-0.82018833,0.65087724,0.04663074
1764505238.3783042,-31.17618,-0.97664,35.83048,-0.82018833,0.65087724,0.04663074
1764505238.3783042,-31.17618,-0.97664,35.83048,-0.82018833,0.65087724,0.04663074
1764505238.3783042,-31.17618,-0.97664,35.83048,-0.82018833,0.65087724,0.04663074
1764505238.3783042,-31.17618,-0.97664,35.83048,-0.82018833,0.65087724,0.04663074
1764505238.3783042,-31.17618,-0.97664,35.83048,-0.82018833,0.65087724,0.04663074
1764505238.3783042,-31.17618,-0.97664,35.83048,-0.82018833,0.65087724,0.04663074
1764505238.3783042,-31.17618,-0.97664,35.83048,-0.82018833,0.65087724,0.04663074
1764505238.3783042,-31.17618,-0.97664,35.83048,-0.82018833,0.65087724,0.04663074
1764505238.3793037,-61.32994,9.29334,40.16432,-0.809018925,0.674863995,0.05200182
1764505238.3793037,-61.32994,9.29334,40.16432,-0.809018925,0.674863995,0.05200182
1764505238.3793037,-61.32994,9.29334,40.16432,-0.809018925,0.674863995,0.05200182
1764505238.3793037,-61.32994,9.29334,40.16432,-0.809018925,0.674863995,0.05200182
1764505238.4268663,-61.32994,9.29334,40.16432,-0.809018925,0.674863995,0.05200182
1764505238.4268663,-61.32994,9.29334,40.16432,-0.809018925,0.674863995,0.05200182
1764505238.4268663,-61.32994,9.29334,40.16432,-0.809018925,0.674863995,0.05200182
1764505238.427277,-61.32994,9.29334,40.16432,-0.809018925,0.674863995,0.05200182
1764505238.427277,-61.32994,9.29334,40.16432,-0.809018925,0.674863995,0.05200182
1764505238.427277,-61.32994,9.29334,40.16432,-0.809018925,0.674863995,0.05200182
1764505238.427277,-84.9982,16.587619999999998,47.26022,-0.80431923,0.678892305,0.04931628
1764505238.427277,-84.9982,16.587619999999998,47.26022,-0.80431923,0.678892305,0.04931628
1764505238.427277,-84.9982,16.587619999999998,47.26022,-0.80431923,0.678892305,0.04931628
1764505238.427277,-84.9982,16.587619999999998,47.26022,-0.80431923,0.678892305,0.04931628
1764505238.427277,-84.9982,16.587619999999998,47.26022,-0.80431923,0.678892305,0.04931628
1764505238.427277,-84.9982,16.587619999999998,47.26022,-0.80431923,0.678892305,0.04931628
1764505238.427277,-84.9982,16.587619999999998,47.26022,-0.80431923,0.678892305,0.04931628
1764505238.427277,-84.9982,16.587619999999998,47.26022,-0.80431923,0.678892305,0.04931628
1764505238.427277,-84.9982,16.587619999999998,47.26022,-0.80431923,0.678892305,0.04931628
1764505238.427277,-84.9982,16.587619999999998,47.26022,-0.80431923,0.678892305,0.04931628
1764505238.427277,-99.29682,15.74832,54.60028,-0.803647845,0.66699048,0.046325565
1764505238.427277,-99.29682,15.74832,54.60028,-0.803647845,0.66699048,0.046325565
1764505238.427277,-99.29682,15.74832,54.60028,-0.803647845,0.66699048,0.046325565
1764505238.427277,-99.29682,15.74832,54.60028,-0.803647845,0.66699048,0.046325565
1764505238.427277,-99.29682,15.74832,54.60028,-0.803647845,0.66699048,0.046325565
1764505238.4282794,-99.29682,15.74832,54.60028,-0.803647845,0.66699048,0.046325565
1764505238.4282794,-99.29682,15.74832,54.60028,-0.803647845,0.66699048,0.046325565
1764505238.4282794,-99.29682,15.74832,54.60028,-0.803647845,0.66699048,0.046325565
1764505238.4715507,-99.29682,15.74832,54.60028,-0.803647845,0.66699048,0.046325565
1764505238.4715507,-99.29682,15.74832,54.60028,-0.803647845,0.66699048,0.046325565
1764505238.4715507,-104.57678,11.96384,61.10104,-0.804136125,0.64501788,0.04724109
1764505238.4715507,-104.57678,11.96384,61.10104,-0.804136125,0.64501788,0.04724109
1764505238.4715507,-104.57678,11.96384,61.10104,-0.804136125,0.64501788,0.04724109
1764505238.4715507,-104.57678,11.96384,61.10104,-0.804136125,0.64501788,0.04724109
1764505238.4715507,-104.57678,11.96384,61.10104,-0.804136125,0.64501788,0.04724109
1764505238.4715507,-104.57678,11.96384,61.10104,-0.804136125,0.64501788,0.04724109
1764505238.4715507,-104.57678,11.96384,61.10104,-0.804136125,0.64501788,0.04724109
1764505238.4715507,-104.57678,11.96384,61.10104,-0.804136125,0.64501788,0.04724109
1764505238.4715507,-104.57678,11.96384,61.10104,-0.804136125,0.64501788,0.04724109
1764505238.4715507,-104.57678,11.96384,61.10104,-0.804136125,0.64501788,0.04724109
1764505238.4715507,-98.3507,6.45498,65.25175999999999,-0.80615028,0.618467655,0.05310045
1764505238.4715507,-98.3507,6.45498,65.25175999999999,-0.80615028,0.618467655,0.05310045
1764505238.4715507,-98.3507,6.45498,65.25175999999999,-0.80615028,0.618467655,0.05310045
1764505238.4715507,-98.3507,6.45498,65.25175999999999,-0.80615028,0.618467655,0.05310045
1764505238.4725783,-98.3507,6.45498,65.25175999999999,-0.80615028,0.618467655,0.05310045
1764505238.4725783,-98.3507,6.45498,65.25175999999999,-0.80615028,0.618467655,0.05310045
1764505238.4725783,-98.3507,6.45498,65.25175999999999,-0.80615028,0.618467655,0.05310045
1764505238.4725783,-98.3507,6.45498,65.25175999999999,-0.80615028,0.618467655,0.05310045
1764505238.473563,-98.3507,6.45498,65.25175999999999,-0.80615028,0.618467655,0.05310045
1764505238.473563,-98.3507,6.45498,65.25175999999999,-0.80615028,0.618467655,0.05310045
1764505238.473563,-82.31244,6.104,70.37912,-0.809018925,0.59155122,0.060241545
1764505238.473563,-82.31244,6.104,70.37912,-0.809018925,0.59155122,0.060241545
1764505238.5173502,-82.31244,6.104,70.37912,-0.809018925,0.59155122,0.060241545
1764505238.5173502,-82.31244,6.104,70.37912,-0.809018925,0.59155122,0.060241545
1764505238.5173502,-82.31244,6.104,70.37912,-0.809018925,0.59155122,0.060241545
1764505238.5173502,-82.31244,6.104,70.37912,-0.809018925,0.59155122,0.060241545
1764505238.5173502,-82.31244,6.104,70.37912,-0.809018925,0.59155122,0.060241545
1764505238.5173502,-82.31244,6.104,70.37912,-0.809018925,0.59155122,0.060241545
1764505238.518375,-82.31244,6.104,70.37912,-0.809018925,0.59155122,0.060241545
1764505238.518375,-82.31244,6.104,70.37912,-0.809018925,0.59155122,0.060241545
1764505238.518375,-68.42584,4.36436,74.54509999999999,-0.809995485,0.56921241,0.065978835
1764505238.518375,-68.42584,4.36436,74.54509999999999,-0.809995485,0.56921241,0.065978835
1764505238.518375,-68.42584,4.36436,74.54509999999999,-0.809995485,0.56921241,0.065978835
1764505238.518375,-68.42584,4.36436,74.54509999999999,-0.809995485,0.56921241,0.065978835
1764505238.518375,-68.42584,4.36436,74.54509999999999,-0.809995485,0.56921241,0.065978835
1764505238.518375,-68.42584,4.36436,74.54509999999999,-0.809995485,0.56921241,0.065978835
1764505238.518375,-68.42584,4.36436,74.54509999999999,-0.809995485,0.56921241,0.065978835
1764505238.518375,-68.42584,4.36436,74.54509999999999,-0.809995485,0.56921241,0.065978835
1764505238.518375,-68.42584,4.36436,74.54509999999999,-0.809995485,0.56921241,0.065978835
1764505238.518375,-68.42584,4.36436,74.54509999999999,-0.809995485,0.56921241,0.065978835
1764505238.518375,-50.92262,3.69292,80.78644,-0.80737098,0.551939505,0.068054025
1764505238.518375,-50.92262,3.69292,80.78644,-0.80737098,0.551939505,0.068054025
1764505238.518375,-50.92262,3.69292,80.78644,-0.80737098,0.551939505,0.068054025
1764505238.518375,-50.92262,3.69292,80.78644,-0.80737098,0.551939505,0.068054025
1764505238.518375,-50.92262,3.69292,80.78644,-0.80737098,0.551939505,0.068054025
1764505238.518375,-50.92262,3.69292,80.78644,-0.80737098,0.551939505,0.068054025
1764505238.5662403,-50.92262,3.69292,80.78644,-0.80737098,0.551939505,0.068054025
1764505238.5662403,-50.92262,3.69292,80.78644,-0.80737098,0.551939505,0.068054025
1764505238.5662403,-50.92262,3.69292,80.78644,-0.80737098,0.551939505,0.068054025
1764505238.5662403,-50.92262,3.69292,80.78644,-0.80737098,0.551939505,0.068054025
1764505238.5672483,-31.11514,5.15788,88.32488,-0.803159565,0.544127025,0.066222975
1764505238.5672483,-31.11514,5.15788,88.32488,-0.803159565,0.544127025,0.066222975
1764505238.5672483,-31.11514,5.15788,88.32488,-0.803159565,0.544127025,0.066222975
1764505238.5672483,-31.11514,5.15788,88.32488,-0.803159565,0.544127025,0.066222975
1764505238.5672483,-31.11514,5.15788,88.32488,-0.803159565,0.544127025,0.066222975
1764505238.5672483,-31.11514,5.15788,88.32488,-0.803159565,0.544127025,0.066222975
1764505238.5672483,-31.11514,5.15788,88.32488,-0.803159565,0.544127025,0.066222975
1764505238.5672483,-31.11514,5.15788,88.32488,-0.803159565,0.544127025,0.066222975
1764505238.5672483,-31.11514,5.15788,88.32488,-0.803159565,0.544127025,0.066222975
1764505238.5672483,-31.11514,5.15788,88.32488,-0.803159565,0.544127025,0.066222975
1764505238.5672483,-12.62002,6.22608,88.73689999999999,-0.795591225,0.55187847,0.064636065
1764505238.5672483,-12.62002,6.22608,88.73689999999999,-0.795591225,0.55187847,0.064636065
1764505238.5672483,-12.62002,6.22608,88.73689999999999,-0.795591225,0.55187847,0.064636065
1764505238.5672483,-12.62002,6.22608,88.73689999999999,-0.795591225,0.55187847,0.064636065
1764505238.5672483,-12.62002,6.22608,88.73689999999999,-0.795591225,0.55187847,0.064636065
1764505238.5672483,-12.62002,6.22608,88.73689999999999,-0.795591225,0.55187847,0.064636065
1764505238.5672483,-12.62002,6.22608,88.73689999999999,-0.795591225,0.55187847,0.064636065
1764505238.5672483,-12.62002,6.22608,88.73689999999999,-0.795591225,0.55187847,0.064636065
1764505238.5672483,-12.62002,6.22608,88.73689999999999,-0.795591225,0.55187847,0.064636065
1764505238.5672483,-12.62002,6.22608,88.73689999999999,-0.795591225,0.55187847,0.064636065
1764505238.6165233,-3.23512,9.55276,82.31244,-0.7859476950000001,0.56994483,0.064758135
1764505238.6165233,-3.23512,9.55276,82.31244,-0.7859476950000001,0.56994483,0.064758135
1764505238.6165233,-3.23512,9.55276,82.31244,-0.7859476950000001,0.56994483,0.064758135
1764505238.6165233,-3.23512,9.55276,82.31244,-0.7859476950000001,0.56994483,0.064758135
1764505238.6165233,-3.23512,9.55276,82.31244,-0.7859476950000001,0.56994483,0.064758135
1764505238.6165233,-3.23512,9.55276,82.31244,-0.7859476950000001,0.56994483,0.064758135
1764505238.6165233,-3.23512,9.55276,82.31244,-0.7859476950000001,0.56994483,0.064758135
1764505238.6165233,-3.23512,9.55276,82.31244,-0.7859476950000001,0.56994483,0.064758135
1764505238.6165233,-3.23512,9.55276,82.31244,-0.7859476950000001,0.56994483,0.064758135
1764505238.6168327,-3.23512,9.55276,82.31244,-0.7859476950000001,0.56994483,0.064758135
1764505238.6168327,-4.92898,12.45216,73.75157999999999,-0.781309035,0.58703463,0.068786445
1764505238.6168327,-4.92898,12.45216,73.75157999999999,-0.781309035,0.58703463,0.068786445
1764505238.6168327,-4.92898,12.45216,73.75157999999999,-0.781309035,0.58703463,0.068786445
1764505238.6168327,-4.92898,12.45216,73.75157999999999,-0.781309035,0.58703463,0.068786445
1764505238.6168327,-4.92898,12.45216,73.75157999999999,-0.781309035,0.58703463,0.068786445
1764505238.6168327,-4.92898,12.45216,73.75157999999999,-0.781309035,0.58703463,0.068786445
1764505238.6168327,-4.92898,12.45216,73.75157999999999,-0.781309035,0.58703463,0.068786445
1764505238.6168327,-4.92898,12.45216,73.75157999999999,-0.781309035,0.58703463,0.068786445
1764505238.6168327,-4.92898,12.45216,73.75157999999999,-0.781309035,0.58703463,0.068786445
1764505238.6168327,-4.92898,12.45216,73.75157999999999,-0.781309035,0.58703463,0.068786445
1764505238.6168327,-12.17748,12.1317,67.66284,-0.778745565,0.60021819,0.078307905
1764505238.6168327,-12.17748,12.1317,67.66284,-0.778745565,0.60021819,0.078307905
1764505238.6581235,-12.17748,12.1317,67.66284,-0.778745565,0.60021819,0.078307905
1764505238.6581235,-12.17748,12.1317,67.66284,-0.778745565,0.60021819,0.078307905
1764505238.6591384,-12.17748,12.1317,67.66284,-0.778745565,0.60021819,0.078307905
1764505238.6591384,-12.17748,12.1317,67.66284,-0.778745565,0.60021819,0.078307905
1764505238.6591384,-12.17748,12.1317,67.66284,-0.778745565,0.60021819,0.078307905
1764505238.6591384,-12.17748,12.1317,67.66284,-0.778745565,0.60021819,0.078307905
1764505238.6591384,-12.17748,12.1317,67.66284,-0.778745565,0.60021819,0.078307905
1764505238.6591384,-12.17748,12.1317,67.66284,-0.778745565,0.60021819,0.078307905
1764505238.6591384,-24.29392,14.32914,62.32184,-0.77343552,0.612364155,0.089904555
1764505238.6591384,-24.29392,14.32914,62.32184,-0.77343552,0.612364155,0.089904555
1764505238.6591384,-24.29392,14.32914,62.32184,-0.77343552,0.612364155,0.089904555
1764505238.6591384,-24.29392,14.32914,62.32184,-0.77343552,0.612364155,0.089904555
1764505238.6591384,-24.29392,14.32914,62.32184,-0.77343552,0.612364155,0.089904555
1764505238.6591384,-24.29392,14.32914,62.32184,-0.77343552,0.612364155,0.089904555
1764505238.6591384,-24.29392,14.32914,62.32184,-0.77343552,0.612364155,0.089904555
1764505238.6591384,-24.29392,14.32914,62.32184,-0.77343552,0.612364155,0.089904555
1764505238.6591384,-24.29392,14.32914,62.32184,-0.77343552,0.612364155,0.089904555
1764505238.6591384,-24.29392,14.32914,62.32184,-0.77343552,0.612364155,0.089904555
1764505238.6591384,-39.93542,20.23476,55.82108,-0.7678203,0.61962732,0.097228755
1764505238.6591384,-39.93542,20.23476,55.82108,-0.7678203,0.61962732,0.097228755
1764505238.66065,-39.93542,20.23476,55.82108,-0.7678203,0.61962732,0.097228755
1764505238.66065,-39.93542,20.23476,55.82108,-0.7678203,0.61962732,0.097228755
1764505238.66065,-39.93542,20.23476,55.82108,-0.7678203,0.61962732,0.097228755
1764505238.66065,-39.93542,20.23476,55.82108,-0.7678203,0.61962732,0.097228755
1764505238.708081,-39.93542,20.23476,55.82108,-0.7678203,0.61962732,0.097228755
1764505238.708081,-39.93542,20.23476,55.82108,-0.7678203,0.61962732,0.097228755
1764505238.708081,-39.93542,20.23476,55.82108,-0.7678203,0.61962732,0.097228755
1764505238.708081,-39.93542,20.23476,55.82108,-0.7678203,0.61962732,0.097228755
1764505238.708081,-50.29696,26.29298,47.74854,-0.765317865,0.62219079,0.100524645
1764505238.708081,-50.29696,26.29298,47.74854,-0.765317865,0.62219079,0.100524645
1764505238.708081,-50.29696,26.29298,47.74854,-0.765317865,0.62219079,0.100524645
1764505238.708081,-50.29696,26.29298,47.74854,-0.765317865,0.62219079,0.100524645
1764505238.708081,-50.29696,26.29298,47.74854,-0.765317865,0.62219079,0.100524645
1764505238.708081,-50.29696,26.29298,47.74854,-0.765317865,0.62219079,0.100524645
1764505238.708081,-50.29696,26.29298,47.74854,-0.765317865,0.62219079,0.100524645
1764505238.708081,-50.29696,26.29298,47.74854,-0.765317865,0.62219079,0.100524645
1764505238.708081,-50.29696,26.29298,47.74854,-0.765317865,0.62219079,0.100524645
1764505238.708081,-50.29696,26.29298,47.74854,-0.765317865,0.62219079,0.100524645
1764505238.708081,-55.79056,28.44464,39.676,-0.762632325,0.62023767,0.10485813
1764505238.70968,-55.79056,28.44464,39.676,-0.762632325,0.62023767,0.10485813
1764505238.70968,-55.79056,28.44464,39.676,-0.762632325,0.62023767,0.10485813
1764505238.70968,-55.79056,28.44464,39.676,-0.762632325,0.62023767,0.10485813
1764505238.70968,-55.79056,28.44464,39.676,-0.762632325,0.62023767,0.10485813
1764505238.70968,-55.79056,28.44464,39.676,-0.762632325,0.62023767,0.10485813
1764505238.70968,-55.79056,28.44464,39.676,-0.762632325,0.62023767,0.10485813
1764505238.70968,-55.79056,28.44464,39.676,-0.762632325,0.62023767,0.10485813
1764505238.755118,-55.79056,28.44464,39.676,-0.762632325,0.62023767,0.10485813
1764505238.755118,-55.79056,28.44464,39.676,-0.762632325,0.62023767,0.10485813
1764505238.755118,-61.90982,31.0541,30.87098,-0.75842091,0.614073135,0.10595676
1764505238.755118,-61.90982,31.0541,30.87098,-0.75842091,0.614073135,0.10595676
1764505238.755118,-61.90982,31.0541,30.87098,-0.75842091,0.614073135,0.10595676
1764505238.755118,-61.90982,31.0541,30.87098,-0.75842091,0.614073135,0.10595676
1764505238.755118,-61.90982,31.0541,30.87098,-0.75842091,0.614073135,0.10595676
1764505238.755118,-61.90982,31.0541,30.87098,-0.75842091,0.614073135,0.10595676
1764505238.755118,-61.90982,31.0541,30.87098,-0.75842091,0.614073135,0.10595676
1764505238.755118,-61.90982,31.0541,30.87098,-0.75842091,0.614073135,0.10595676
1764505238.755118,-61.90982,31.0541,30.87098,-0.75842091,0.614073135,0.10595676
1764505238.755118,-61.90982,31.0541,30.87098,-0.75842091,0.614073135,0.10595676
1764505238.755118,-59.40718,32.48854,26.73552,-0.75634572,0.60583341,0.105651585
1764505238.755118,-59.40718,32.48854,26.73552,-0.75634572,0.60583341,0.105651585
1764505238.755118,-59.40718,32.48854,26.73552,-0.75634572,0.60583341,0.105651585
1764505238.755118,-59.40718,32.48854,26.73552,-0.75634572,0.60583341,0.105651585
1764505238.755118,-59.40718,32.48854,26.73552,-0.75634572,0.60583341,0.105651585
1764505238.755118,-59.40718,32.48854,26.73552,-0.75634572,0.60583341,0.105651585
1764505238.755118,-59.40718,32.48854,26.73552,-0.75634572,0.60583341,0.105651585
1764505238.755118,-59.40718,32.48854,26.73552,-0.75634572,0.60583341,0.105651585
1764505238.755118,-59.40718,32.48854,26.73552,-0.75634572,0.60583341,0.105651585
1764505238.755118,-59.40718,32.48854,26.73552,-0.75634572,0.60583341,0.105651585
1764505238.755118,-51.1973,26.67448,24.00398,-0.757261245,0.6008895750000001,0.10681125
1764505238.756117,-51.1973,26.67448,24.00398,-0.757261245,0.6008895750000001,0.10681125
1764505238.7996306,-51.1973,26.67448,24.00398,-0.757261245,0.6008895750000001,0.10681125
1764505238.8007436,-51.1973,26.67448,24.00398,-0.757261245,0.6008895750000001,0.10681125
1764505238.8007436,-51.1973,26.67448,24.00398,-0.757261245,0.6008895750000001,0.10681125
1764505238.8007436,-51.1973,26.67448,24.00398,-0.757261245,0.6008895750000001,0.10681125
1764505238.8007436,-51.1973,26.67448,24.00398,-0.757261245,0.6008895750000001,0.10681125
1764505238.8007436,-51.1973,26.67448,24.00398,-0.757261245,0.6008895750000001,0.10681125
1764505238.8007436,-51.1973,26.67448,24.00398,-0.757261245,0.6008895750000001,0.10681125
1764505238.8017287,-51.1973,26.67448,24.00398,-0.757261245,0.6008895750000001,0.10681125
1764505238.8017287,-39.79808,20.66204,22.44746,-0.758726085,0.5957016,0.1086423
1764505238.8017287,-39.79808,20.66204,22.44746,-0.758726085,0.5957016,0.1086423
1764505238.8017287,-39.79808,20.66204,22.44746,-0.758726085,0.5957016,0.1086423
1764505238.8017287,-39.79808,20.66204,22.44746,-0.758726085,0.5957016,0.1086423
1764505238.8017287,-39.79808,20.66204,22.44746,-0.758726085,0.5957016,0.1086423
1764505238.8017287,-39.79808,20.66204,22.44746,-0.758726085,0.5957016,0.1086423
1764505238.8028162,-39.79808,20.66204,22.44746,-0.758726085,0.5957016,0.1086423
1764505238.8028162,-39.79808,20.66204,22.44746,-0.758726085,0.5957016,0.1086423
1764505238.8028162,-39.79808,20.66204,22.44746,-0.758726085,0.5957016,0.1086423
1764505238.8028162,-39.79808,20.66204,22.44746,-0.758726085,0.5957016,0.1086423
1764505238.8028162,-28.3836,16.05352,17.97628,-0.755796405,0.59179536,0.110046105
1764505238.8028162,-28.3836,16.05352,17.97628,-0.755796405,0.59179536,0.110046105
1764505238.8028162,-28.3836,16.05352,17.97628,-0.755796405,0.59179536,0.110046105
1764505238.8028162,-28.3836,16.05352,17.97628,-0.755796405,0.59179536,0.110046105
1764505238.8028162,-28.3836,16.05352,17.97628,-0.755796405,0.59179536,0.110046105
1764505238.8028162,-28.3836,16.05352,17.97628,-0.755796405,0.59179536,0.110046105
1764505238.846066,-28.3836,16.05352,17.97628,-0.755796405,0.59179536,0.110046105
1764505238.846066,-28.3836,16.05352,17.97628,-0.755796405,0.59179536,0.110046105
1764505238.846066,-28.3836,16.05352,17.97628,-0.755796405,0.59179536,0.110046105
1764505238.846066,-28.3836,16.05352,17.97628,-0.755796405,0.59179536,0.110046105
1764505238.846066,-16.54184,14.10024,11.91806,-0.751523955,0.5856918600000001,0.114562695
1764505238.846066,-16.54184,14.10024,11.91806,-0.751523955,0.5856918600000001,0.114562695
1764505238.846066,-16.54184,14.10024,11.91806,-0.751523955,0.5856918600000001,0.114562695
1764505238.846066,-16.54184,14.10024,11.91806,-0.751523955,0.5856918600000001,0.114562695
1764505238.846066,-16.54184,14.10024,11.91806,-0.751523955,0.5856918600000001,0.114562695
1764505238.846066,-16.54184,14.10024,11.91806,-0.751523955,0.5856918600000001,0.114562695
1764505238.846066,-16.54184,14.10024,11.91806,-0.751523955,0.5856918600000001,0.114562695
1764505238.846066,-16.54184,14.10024,11.91806,-0.751523955,0.5856918600000001,0.114562695
1764505238.846066,-16.54184,14.10024,11.91806,-0.751523955,0.5856918600000001,0.114562695
1764505238.846599,-16.54184,14.10024,11.91806,-0.751523955,0.5856918600000001,0.114562695
1764505238.846599,-11.18558,14.51226,6.80596,-0.74853324,0.5862411750000001,0.118835145
1764505238.846599,-11.18558,14.51226,6.80596,-0.74853324,0.5862411750000001,0.118835145
1764505238.846599,-11.18558,14.51226,6.80596,-0.74853324,0.5862411750000001,0.118835145
1764505238.846599,-11.18558,14.51226,6.80596,-0.74853324,0.5862411750000001,0.118835145
1764505238.846599,-11.18558,14.51226,6.80596,-0.74853324,0.5862411750000001,0.118835145
1764505238.846599,-11.18558,14.51226,6.80596,-0.74853324,0.5862411750000001,0.118835145
1764505238.846599,-11.18558,14.51226,6.80596,-0.74853324,0.5862411750000001,0.118835145
1764505238.846599,-11.18558,14.51226,6.80596,-0.74853324,0.5862411750000001,0.118835145
1764505238.8476293,-11.18558,14.51226,6.80596,-0.74853324,0.5862411750000001,0.118835145
1764505238.8476293,-11.18558,14.51226,6.80596,-0.74853324,0.5862411750000001,0.118835145
1764505238.894927,-7.63,13.15412,2.54842,-0.745542525,0.5969223,0.123473805
1764505238.894927,-7.63,13.15412,2.54842,-0.745542525,0.5969223,0.123473805
1764505238.894927,-7.63,13.15412,2.54842,-0.745542525,0.5969223,0.123473805
1764505238.894927,-7.63,13.15412,2.54842,-0.745542525,0.5969223,0.123473805
1764505238.894927,-7.63,13.15412,2.54842,-0.745542525,0.5969223,0.123473805
1764505238.894927,-7.63,13.15412,2.54842,-0.745542525,0.5969223,0.123473805
1764505238.894927,-7.63,13.15412,2.54842,-0.745542525,0.5969223,0.123473805
1764505238.894927,-7.63,13.15412,2.54842,-0.745542525,0.5969223,0.123473805
1764505238.894927,-7.63,13.15412,2.54842,-0.745542525,0.5969223,0.123473805
1764505238.894927,-7.63,13.15412,2.54842,-0.745542525,0.5969223,0.123473805
1764505238.894927,-5.35626,10.92616,0.9156,-0.74352837,0.61181484,0.131286285
1764505238.894927,-5.35626,10.92616,0.9156,-0.74352837,0.61181484,0.131286285
1764505238.894927,-5.35626,10.92616,0.9156,-0.74352837,0.61181484,0.131286285
1764505238.894927,-5.35626,10.92616,0.9156,-0.74352837,0.61181484,0.131286285
1764505238.894927,-5.35626,10.92616,0.9156,-0.74352837,0.61181484,0.131286285
1764505238.894927,-5.35626,10.92616,0.9156,-0.74352837,0.61181484,0.131286285
1764505238.894927,-5.35626,10.92616,0.9156,-0.74352837,0.61181484,0.131286285
1764505238.894927,-5.35626,10.92616,0.9156,-0.74352837,0.61181484,0.131286285
1764505238.894927,-5.35626,10.92616,0.9156,-0.74352837,0.61181484,0.131286285
1764505238.894927,-5.35626,10.92616,0.9156,-0.74352837,0.61181484,0.131286285
1764505238.894927,-9.56802,11.03298,-0.9919,-0.7398052350000001,0.62573082,0.134826315
1764505238.894927,-9.56802,11.03298,-0.9919,-0.7398052350000001,0.62573082,0.134826315
1764505238.9398625,-9.56802,11.03298,-0.9919,-0.7398052350000001,0.62573082,0.134826315
1764505238.9398625,-9.56802,11.03298,-0.9919,-0.7398052350000001,0.62573082,0.134826315
1764505238.9398625,-9.56802,11.03298,-0.9919,-0.7398052350000001,0.62573082,0.134826315
1764505238.9398625,-9.56802,11.03298,-0.9919,-0.7398052350000001,0.62573082,0.134826315
1764505238.9398625,-9.56802,11.03298,-0.9919,-0.7398052350000001,0.62573082,0.134826315
1764505238.9398625,-9.56802,11.03298,-0.9919,-0.7398052350000001,0.62573082,0.134826315
1764505238.9398625,-9.56802,11.03298,-0.9919,-0.7398052350000001,0.62573082,0.134826315
1764505238.9398625,-9.56802,11.03298,-0.9919,-0.7398052350000001,0.62573082,0.134826315
1764505238.9398625,-13.33724,8.743979999999999,-2.3653,-0.7392559200000001,0.63879231,0.13366665
1764505238.9398625,-13.33724,8.743979999999999,-2.3653,-0.7392559200000001,0.63879231,0.13366665
1764505238.9398625,-13.33724,8.743979999999999,-2.3653,-0.7392559200000001,0.63879231,0.13366665
1764505238.9398625,-13.33724,8.743979999999999,-2.3653,-0.7392559200000001,0.63879231,0.13366665
1764505238.9398625,-13.33724,8.743979999999999,-2.3653,-0.7392559200000001,0.63879231,0.13366665
1764505238.9398625,-13.33724,8.743979999999999,-2.3653,-0.7392559200000001,0.63879231,0.13366665
1764505238.9398625,-13.33724,8.743979999999999,-2.3653,-0.7392559200000001,0.63879231,0.13366665
1764505238.9398625,-13.33724,8.743979999999999,-2.3653,-0.7392559200000001,0.63879231,0.13366665
1764505238.9398625,-13.33724,8.743979999999999,-2.3653,-0.7392559200000001,0.63879231,0.13366665
1764505238.9398625,-13.33724,8.743979999999999,-2.3653,-0.7392559200000001,0.63879231,0.13366665
1764505238.9398625,-13.29146,5.20366,-2.56368,-0.7398052350000001,0.649961715,0.130065585
1764505238.9398625,-13.29146,5.20366,-2.56368,-0.7398052350000001,0.649961715,0.130065585
1764505238.9398625,-13.29146,5.20366,-2.56368,-0.7398052350000001,0.649961715,0.130065585
1764505238.9398625,-13.29146,5.20366,-2.56368,-0.7398052350000001,0.649961715,0.130065585
1764505238.941391,-13.29146,5.20366,-2.56368,-0.7398052350000001,0.649961715,0.130065585
1764505238.941391,-13.29146,5.20366,-2.56368,-0.7398052350000001,0.649961715,0.130065585
1764505238.985753,-13.29146,5.20366,-2.56368,-0.7398052350000001,0.649961715,0.130065585
1764505238.985753,-13.29146,5.20366,-2.56368,-0.7398052350000001,0.649961715,0.130065585
1764505238.985753,-13.29146,5.20366,-2.56368,-0.7398052350000001,0.649961715,0.130065585
1764505238.985753,-13.29146,5.20366,-2.56368,-0.7398052350000001,0.649961715,0.130065585
1764505238.985753,-11.76546,1.48022,-2.85362,-0.73815729,0.6559431450000001,0.12609831
1764505238.985753,-11.76546,1.48022,-2.85362,-0.73815729,0.6559431450000001,0.12609831
1764505238.985753,-11.76546,1.48022,-2.85362,-0.73815729,0.6559431450000001,0.12609831
1764505238.985753,-11.76546,1.48022,-2.85362,-0.73815729,0.6559431450000001,0.12609831
1764505238.985753,-11.76546,1.48022,-2.85362,-0.73815729,0.6559431450000001,0.12609831
1764505238.985753,-11.76546,1.48022,-2.85362,-0.73815729,0.6559431450000001,0.12609831
1764505238.985753,-11.76546,1.48022,-2.85362,-0.73815729,0.6559431450000001,0.12609831
1764505238.985753,-11.76546,1.48022,-2.85362,-0.73815729,0.6559431450000001,0.12609831
1764505238.985753,-11.76546,1.48022,-2.85362,-0.73815729,0.6559431450000001,0.12609831
1764505238.985753,-11.76546,1.48022,-2.85362,-0.73815729,0.6559431450000001,0.12609831
1764505238.985753,-7.721559999999999,1.38866,-3.9676,-0.73315242,0.65466141,0.12280242
1764505238.985753,-7.721559999999999,1.38866,-3.9676,-0.73315242,0.65466141,0.12280242
1764505238.9867668,-7.721559999999999,1.38866,-3.9676,-0.73315242,0.65466141,0.12280242
1764505238.9867668,-7.721559999999999,1.38866,-3.9676,-0.73315242,0.65466141,0.12280242
1764505238.9867668,-7.721559999999999,1.38866,-3.9676,-0.73315242,0.65466141,0.12280242
1764505238.9867668,-7.721559999999999,1.38866,-3.9676,-0.73315242,0.65466141,0.12280242
1764505238.9867668,-7.721559999999999,1.38866,-3.9676,-0.73315242,0.65466141,0.12280242
1764505238.9867668,-7.721559999999999,1.38866,-3.9676,-0.73315242,0.65466141,0.12280242
1764505239.0338032,-7.721559999999999,1.38866,-3.9676,-0.73315242,0.65466141,0.12280242
1764505239.0338032,-7.721559999999999,1.38866,-3.9676,-0.73315242,0.65466141,0.12280242
1764505239.0338032,-5.0358,2.88414,-3.86078,-0.73083309,0.650572065,0.12023895
1764505239.0338032,-5.0358,2.88414,-3.86078,-0.73083309,0.650572065,0.12023895
1764505239.0350788,-5.0358,2.88414,-3.86078,-0.73083309,0.650572065,0.12023895
1764505239.0350788,-5.0358,2.88414,-3.86078,-0.73083309,0.650572065,0.12023895
1764505239.0350788,-5.0358,2.88414,-3.86078,-0.73083309,0.650572065,0.12023895
1764505239.0360897,-5.0358,2.88414,-3.86078,-0.73083309,0.650572065,0.12023895
1764505239.0363858,-5.0358,2.88414,-3.86078,-0.73083309,0.650572065,0.12023895
1764505239.0363858,-5.0358,2.88414,-3.86078,-0.73083309,0.650572065,0.12023895
1764505239.0363858,-5.0358,2.88414,-3.86078,-0.73083309,0.650572065,0.12023895
1764505239.0363858,-5.0358,2.88414,-3.86078,-0.73083309,0.650572065,0.12023895
1764505239.0363858,-2.42634,1.4497,-2.33478,-0.730649985,0.64892412,0.1171872
1764505239.0363858,-2.42634,1.4497,-2.33478,-0.730649985,0.64892412,0.1171872
1764505239.0373986,-2.42634,1.4497,-2.33478,-0.730649985,0.64892412,0.1171872
1764505239.0373986,-2.42634,1.4497,-2.33478,-0.730649985,0.64892412,0.1171872
1764505239.0373986,-2.42634,1.4497,-2.33478,-0.730649985,0.64892412,0.1171872
1764505239.0373986,-2.42634,1.4497,-2.33478,-0.730649985,0.64892412,0.1171872
1764505239.0373986,-2.42634,1.4497,-2.33478,-0.730649985,0.64892412,0.1171872
1764505239.0373986,-2.42634,1.4497,-2.33478,-0.730649985,0.64892412,0.1171872
1764505239.0383985,-2.42634,1.4497,-2.33478,-0.730649985,0.64892412,0.1171872
1764505239.0383985,-2.42634,1.4497,-2.33478,-0.730649985,0.64892412,0.1171872
1764505239.0383985,-0.3815,-0.6867,0.25942,-0.730161705,0.651060345,0.11657685
1764505239.0383985,-0.3815,-0.6867,0.25942,-0.730161705,0.651060345,0.11657685
1764505239.0814116,-0.3815,-0.6867,0.25942,-0.730161705,0.651060345,0.11657685
1764505239.0814116,-0.3815,-0.6867,0.25942,-0.730161705,0.651060345,0.11657685
1764505239.0814116,-0.3815,-0.6867,0.25942,-0.730161705,0.651060345,0.11657685
1764505239.0820136,-0.3815,-0.6867,0.25942,-0.730161705,0.651060345,0.11657685
1764505239.0820136,-0.3815,-0.6867,0.25942,-0.730161705,0.651060345,0.11657685
1764505239.0820136,-0.3815,-0.6867,0.25942,-0.730161705,0.651060345,0.11657685
1764505239.0820136,-0.3815,-0.6867,0.25942,-0.730161705,0.651060345,0.11657685
1764505239.0820136,-0.3815,-0.6867,0.25942,-0.730161705,0.651060345,0.11657685
1764505239.0820136,-1.15976,-1.0682,0.6103999999999999,-0.728574795,0.654966585,0.115905465
1764505239.0820136,-1.15976,-1.0682,0.6103999999999999,-0.728574795,0.654966585,0.115905465
1764505239.0820136,-1.15976,-1.0682,0.6103999999999999,-0.728574795,0.654966585,0.115905465
1764505239.0820136,-1.15976,-1.0682,0.6103999999999999,-0.728574795,0.654966585,0.115905465
1764505239.0820136,-1.15976,-1.0682,0.6103999999999999,-0.728574795,0.654966585,0.115905465
1764505239.0820136,-1.15976,-1.0682,0.6103999999999999,-0.728574795,0.654966585,0.115905465
1764505239.0820136,-1.15976,-1.0682,0.6103999999999999,-0.728574795,0.654966585,0.115905465
1764505239.0820136,-1.15976,-1.0682,0.6103999999999999,-0.728574795,0.654966585,0.115905465
1764505239.0820136,-1.15976,-1.0682,0.6103999999999999,-0.728574795,0.654966585,0.115905465
1764505239.0820136,-1.15976,-1.0682,0.6103999999999999,-0.728574795,0.654966585,0.115905465
1764505239.0820136,-2.09062,-0.57988,-0.25942,-0.72558408,0.6585676500000001,0.11535615
1764505239.0820136,-2.09062,-0.57988,-0.25942,-0.72558408,0.6585676500000001,0.11535615
1764505239.0820136,-2.09062,-0.57988,-0.25942,-0.72558408,0.6585676500000001,0.11535615
1764505239.0820136,-2.09062,-0.57988,-0.25942,-0.72558408,0.6585676500000001,0.11535615
1764505239.0820136,-2.09062,-0.57988,-0.25942,-0.72558408,0.6585676500000001,0.11535615
1764505239.0820136,-2.09062,-0.57988,-0.25942,-0.72558408,0.6585676500000001,0.11535615
1764505239.1279795,-2.09062,-0.57988,-0.25942,-0.72558408,0.6585676500000001,0.11535615
1764505239.1279795,-2.09062,-0.57988,-0.25942,-0.72558408,0.6585676500000001,0.11535615
1764505239.1279795,-2.09062,-0.57988,-0.25942,-0.72558408,0.6585676500000001,0.11535615
1764505239.1279795,-2.09062,-0.57988,-0.25942,-0.72558408,0.6585676500000001,0.11535615
1764505239.1279795,-3.17408,-0.51884,-1.03768,-0.722837505,0.65868972,0.116149605
1764505239.1279795,-3.17408,-0.51884,-1.03768,-0.722837505,0.65868972,0.116149605
1764505239.1279795,-3.17408,-0.51884,-1.03768,-0.722837505,0.65868972,0.116149605
1764505239.1279795,-3.17408,-0.51884,-1.03768,-0.722837505,0.65868972,0.116149605
1764505239.1279795,-3.17408,-0.51884,-1.03768,-0.722837505,0.65868972,0.116149605
1764505239.1279795,-3.17408,-0.51884,-1.03768,-0.722837505,0.65868972,0.116149605
1764505239.1279795,-3.17408,-0.51884,-1.03768,-0.722837505,0.65868972,0.116149605
1764505239.1279795,-3.17408,-0.51884,-1.03768,-0.722837505,0.65868972,0.116149605
1764505239.1279795,-3.17408,-0.51884,-1.03768,-0.722837505,0.65868972,0.116149605
1764505239.1279795,-3.17408,-0.51884,-1.03768,-0.722837505,0.65868972,0.116149605
1764505239.1279795,-1.9075,0.65618,-0.65618,-0.721738875,0.657652125,0.116515815
1764505239.1279795,-1.9075,0.65618,-0.65618,-0.721738875,0.657652125,0.116515815
1764505239.1279795,-1.9075,0.65618,-0.65618,-0.721738875,0.657652125,0.116515815
1764505239.1279795,-1.9075,0.65618,-0.65618,-0.721738875,0.657652125,0.116515815
1764505239.1279795,-1.9075,0.65618,-0.65618,-0.721738875,0.657652125,0.116515815
1764505239.1279795,-1.9075,0.65618,-0.65618,-0.721738875,0.657652125,0.116515815
1764505239.1279795,-1.9075,0.65618,-0.65618,-0.721738875,0.657652125,0.116515815
1764505239.1279795,-1.9075,0.65618,-0.65618,-0.721738875,0.657652125,0.116515815
1764505239.1279795,-1.9075,0.65618,-0.65618,-0.721738875,0.657652125,0.116515815
1764505239.1279795,-1.9075,0.65618,-0.65618,-0.721738875,0.657652125,0.116515815
1764505239.1766026,-0.74774,0.3051999999999999,-0.12208,-0.72192198,0.65624832,0.11486787
1764505239.1766026,-0.74774,0.3051999999999999,-0.12208,-0.72192198,0.65624832,0.11486787
1764505239.1766026,-0.74774,0.3051999999999999,-0.12208,-0.72192198,0.65624832,0.11486787
1764505239.1766026,-0.74774,0.3051999999999999,-0.12208,-0.72192198,0.65624832,0.11486787
1764505239.1766026,-0.74774,0.3051999999999999,-0.12208,-0.72192198,0.65624832,0.11486787
1764505239.1766026,-0.74774,0.3051999999999999,-0.12208,-0.72192198,0.65624832,0.11486787
1764505239.1766026,-0.74774,0.3051999999999999,-0.12208,-0.72192198,0.65624832,0.11486787
1764505239.1766026,-0.74774,0.3051999999999999,-0.12208,-0.72192198,0.65624832,0.11486787
1764505239.1785965,-0.74774,0.3051999999999999,-0.12208,-0.72192198,0.65624832,0.11486787
1764505239.1795926,-0.74774,0.3051999999999999,-0.12208,-0.72192198,0.65624832,0.11486787
1764505239.1795926,-2.12114,0.763,-0.47306,-0.721738875,0.65576004,0.11303682
1764505239.1795926,-2.12114,0.763,-0.47306,-0.721738875,0.65576004,0.11303682
1764505239.1795926,-2.12114,0.763,-0.47306,-0.721738875,0.65576004,0.11303682
1764505239.1795926,-2.12114,0.763,-0.47306,-0.721738875,0.65576004,0.11303682
1764505239.1795926,-2.12114,0.763,-0.47306,-0.721738875,0.65576004,0.11303682
1764505239.1795926,-2.12114,0.763,-0.47306,-0.721738875,0.65576004,0.11303682
1764505239.1795926,-2.12114,0.763,-0.47306,-0.721738875,0.65576004,0.11303682
1764505239.1795926,-2.12114,0.763,-0.47306,-0.721738875,0.65576004,0.11303682
1764505239.1795926,-2.12114,0.763,-0.47306,-0.721738875,0.65576004,0.11303682
1764505239.1795926,-2.12114,0.763,-0.47306,-0.721738875,0.65576004,0.11303682
1764505239.1795926,-4.577999999999999,1.43444,-1.0682,-0.721494735,0.6579573,0.111633015
1764505239.1795926,-4.577999999999999,1.43444,-1.0682,-0.721494735,0.6579573,0.111633015
1764505239.2229974,-4.577999999999999,1.43444,-1.0682,-0.721494735,0.6579573,0.111633015
1764505239.2229974,-4.577999999999999,1.43444,-1.0682,-0.721494735,0.6579573,0.111633015
1764505239.2229974,-4.577999999999999,1.43444,-1.0682,-0.721494735,0.6579573,0.111633015
1764505239.2229974,-4.577999999999999,1.43444,-1.0682,-0.721494735,0.6579573,0.111633015
1764505239.2229974,-4.577999999999999,1.43444,-1.0682,-0.721494735,0.6579573,0.111633015
1764505239.2229974,-4.577999999999999,1.43444,-1.0682,-0.721494735,0.6579573,0.111633015
1764505239.2229974,-4.577999999999999,1.43444,-1.0682,-0.721494735,0.6579573,0.111633015
1764505239.2229974,-4.577999999999999,1.43444,-1.0682,-0.721494735,0.6579573,0.111633015
1764505239.224008,-6.08874,2.47212,-0.8698199999999999,-0.721494735,0.6601545600000001,0.110290245
1764505239.224008,-6.08874,2.47212,-0.8698199999999999,-0.721494735,0.6601545600000001,0.110290245
1764505239.224008,-6.08874,2.47212,-0.8698199999999999,-0.721494735,0.6601545600000001,0.110290245
1764505239.224008,-6.08874,2.47212,-0.8698199999999999,-0.721494735,0.6601545600000001,0.110290245
1764505239.224008,-6.08874,2.47212,-0.8698199999999999,-0.721494735,0.6601545600000001,0.110290245
1764505239.224008,-6.08874,2.47212,-0.8698199999999999,-0.721494735,0.6601545600000001,0.110290245
1764505239.224008,-6.08874,2.47212,-0.8698199999999999,-0.721494735,0.6601545600000001,0.110290245
1764505239.224008,-6.08874,2.47212,-0.8698199999999999,-0.721494735,0.6601545600000001,0.110290245
1764505239.224008,-6.08874,2.47212,-0.8698199999999999,-0.721494735,0.6601545600000001,0.110290245
1764505239.224008,-6.08874,2.47212,-0.8698199999999999,-0.721494735,0.6601545600000001,0.110290245
1764505239.224008,-7.065379999999999,2.92992,-0.42728,-0.72277647,0.66186354,0.108459195
1764505239.224008,-7.065379999999999,2.92992,-0.42728,-0.72277647,0.66186354,0.108459195
1764505239.224008,-7.065379999999999,2.92992,-0.42728,-0.72277647,0.66186354,0.108459195
1764505239.224008,-7.065379999999999,2.92992,-0.42728,-0.72277647,0.66186354,0.108459195
1764505239.224008,-7.065379999999999,2.92992,-0.42728,-0.72277647,0.66186354,0.108459195
1764505239.224008,-7.065379999999999,2.92992,-0.42728,-0.72277647,0.66186354,0.108459195
1764505239.265743,-7.065379999999999,2.92992,-0.42728,-0.72277647,0.66186354,0.108459195
1764505239.265743,-7.065379999999999,2.92992,-0.42728,-0.72277647,0.66186354,0.108459195
1764505239.2667613,-7.065379999999999,2.92992,-0.42728,-0.72277647,0.66186354,0.108459195
1764505239.2667613,-7.065379999999999,2.92992,-0.42728,-0.72277647,0.66186354,0.108459195
1764505239.2667613,-7.73682,3.5098,0.01526,-0.72338682,0.66296217,0.10668918
1764505239.2667613,-7.73682,3.5098,0.01526,-0.72338682,0.66296217,0.10668918
1764505239.2667613,-7.73682,3.5098,0.01526,-0.72338682,0.66296217,0.10668918
1764505239.2667613,-7.73682,3.5098,0.01526,-0.72338682,0.66296217,0.10668918
1764505239.2683043,-7.73682,3.5098,0.01526,-0.72338682,0.66296217,0.10668918
1764505239.2683043,-7.73682,3.5098,0.01526,-0.72338682,0.66296217,0.10668918
1764505239.2683043,-7.73682,3.5098,0.01526,-0.72338682,0.66296217,0.10668918
1764505239.2683043,-7.73682,3.5098,0.01526,-0.72338682,0.66296217,0.10668918
1764505239.2683043,-7.73682,3.5098,0.01526,-0.72338682,0.66296217,0.10668918
1764505239.2683043,-7.73682,3.5098,0.01526,-0.72338682,0.66296217,0.10668918
1764505239.2683043,-7.507919999999999,3.54032,0.3204599999999999,-0.72375303,0.6640608,0.10681125
1764505239.2683043,-7.507919999999999,3.54032,0.3204599999999999,-0.72375303,0.6640608,0.10681125
1764505239.2683043,-7.507919999999999,3.54032,0.3204599999999999,-0.72375303,0.6640608,0.10681125
1764505239.2683043,-7.507919999999999,3.54032,0.3204599999999999,-0.72375303,0.6640608,0.10681125
1764505239.26931,-7.507919999999999,3.54032,0.3204599999999999,-0.72375303,0.6640608,0.10681125
1764505239.26931,-7.507919999999999,3.54032,0.3204599999999999,-0.72375303,0.6640608,0.10681125
1764505239.26931,-7.507919999999999,3.54032,0.3204599999999999,-0.72375303,0.6640608,0.10681125
1764505239.26931,-7.507919999999999,3.54032,0.3204599999999999,-0.72375303,0.6640608,0.10681125
1764505239.26931,-7.507919999999999,3.54032,0.3204599999999999,-0.72375303,0.6640608,0.10681125
1764505239.26931,-7.507919999999999,3.54032,0.3204599999999999,-0.72375303,0.6640608,0.10681125
1764505239.317617,-7.56896,4.3491,-0.18312,-0.72375303,0.663023205,0.10790988
1764505239.317617,-7.56896,4.3491,-0.18312,-0.72375303,0.663023205,0.10790988
1764505239.3186362,-7.56896,4.3491,-0.18312,-0.72375303,0.663023205,0.10790988
1764505239.3186362,-7.56896,4.3491,-0.18312,-0.72375303,0.663023205,0.10790988
1764505239.3186362,-7.56896,4.3491,-0.18312,-0.72375303,0.663023205,0.10790988
1764505239.3186362,-7.56896,4.3491,-0.18312,-0.72375303,0.663023205,0.10790988
1764505239.3186362,-7.56896,4.3491,-0.18312,-0.72375303,0.663023205,0.10790988
1764505239.3186362,-7.56896,4.3491,-0.18312,-0.72375303,0.663023205,0.10790988
1764505239.3186362,-7.56896,4.3491,-0.18312,-0.72375303,0.663023205,0.10790988
1764505239.3186362,-7.56896,4.3491,-0.18312,-0.72375303,0.663023205,0.10790988
1764505239.3186362,-7.90468,4.45592,-1.00716,-0.724546485,0.6622297500000001,0.108947475
1764505239.3186362,-7.90468,4.45592,-1.00716,-0.724546485,0.6622297500000001,0.108947475
1764505239.3186362,-7.90468,4.45592,-1.00716,-0.724546485,0.6622297500000001,0.108947475
1764505239.3186362,-7.90468,4.45592,-1.00716,-0.724546485,0.6622297500000001,0.108947475
1764505239.3186362,-7.90468,4.45592,-1.00716,-0.724546485,0.6622297500000001,0.108947475
1764505239.3186362,-7.90468,4.45592,-1.00716,-0.724546485,0.6622297500000001,0.108947475
1764505239.3186362,-7.90468,4.45592,-1.00716,-0.724546485,0.6622297500000001,0.108947475
1764505239.3186362,-7.90468,4.45592,-1.00716,-0.724546485,0.6622297500000001,0.108947475
1764505239.3186362,-7.90468,4.45592,-1.00716,-0.724546485,0.6622297500000001,0.108947475
1764505239.3186362,-7.90468,4.45592,-1.00716,-0.724546485,0.6622297500000001,0.108947475
1764505239.3186362,-6.867,4.47118,-0.8087799999999999,-0.7250958,0.66088698,0.110534385
1764505239.3186362,-6.867,4.47118,-0.8087799999999999,-0.7250958,0.66088698,0.110534385
1764505239.3186362,-6.867,4.47118,-0.8087799999999999,-0.7250958,0.66088698,0.110534385
1764505239.3186362,-6.867,4.47118,-0.8087799999999999,-0.7250958,0.66088698,0.110534385
1764505239.3632324,-6.867,4.47118,-0.8087799999999999,-0.7250958,0.66088698,0.110534385
1764505239.36476,-6.867,4.47118,-0.8087799999999999,-0.7250958,0.66088698,0.110534385
1764505239.36476,-6.867,4.47118,-0.8087799999999999,-0.7250958,0.66088698,0.110534385
1764505239.36476,-6.867,4.47118,-0.8087799999999999,-0.7250958,0.66088698,0.110534385
1764505239.36476,-6.867,4.47118,-0.8087799999999999,-0.7250958,0.66088698,0.110534385
1764505239.36476,-6.867,4.47118,-0.8087799999999999,-0.7250958,0.66088698,0.110534385
1764505239.36476,-7.340059999999999,4.54748,-0.3357199999999999,-0.7266827100000001,0.659971455,0.110046105
1764505239.36476,-7.340059999999999,4.54748,-0.3357199999999999,-0.7266827100000001,0.659971455,0.110046105
1764505239.36476,-7.340059999999999,4.54748,-0.3357199999999999,-0.7266827100000001,0.659971455,0.110046105
1764505239.36476,-7.340059999999999,4.54748,-0.3357199999999999,-0.7266827100000001,0.659971455,0.110046105
1764505239.36476,-7.340059999999999,4.54748,-0.3357199999999999,-0.7266827100000001,0.659971455,0.110046105
1764505239.36476,-7.340059999999999,4.54748,-0.3357199999999999,-0.7266827100000001,0.659971455,0.110046105
1764505239.36476,-7.340059999999999,4.54748,-0.3357199999999999,-0.7266827100000001,0.659971455,0.110046105
1764505239.36476,-7.340059999999999,4.54748,-0.3357199999999999,-0.7266827100000001,0.659971455,0.110046105
1764505239.36578,-7.340059999999999,4.54748,-0.3357199999999999,-0.7266827100000001,0.659971455,0.110046105
1764505239.36578,-7.340059999999999,4.54748,-0.3357199999999999,-0.7266827100000001,0.659971455,0.110046105
1764505239.36578,-7.81312,4.08968,-0.47306,-0.72790341,0.660581805,0.10949679
1764505239.36578,-7.81312,4.08968,-0.47306,-0.72790341,0.660581805,0.10949679
1764505239.36578,-7.81312,4.08968,-0.47306,-0.72790341,0.660581805,0.10949679
1764505239.36578,-7.81312,4.08968,-0.47306,-0.72790341,0.660581805,0.10949679
1764505239.36578,-7.81312,4.08968,-0.47306,-0.72790341,0.660581805,0.10949679
1764505239.36578,-7.81312,4.08968,-0.47306,-0.72790341,0.660581805,0.10949679
1764505239.409067,-7.81312,4.08968,-0.47306,-0.72790341,0.660581805,0.10949679
1764505239.409067,-7.81312,4.08968,-0.47306,-0.72790341,0.660581805,0.10949679
1764505239.409067,-7.81312,4.08968,-0.47306,-0.72790341,0.660581805,0.10949679
1764505239.409067,-7.81312,4.08968,-0.47306,-0.72790341,0.660581805,0.10949679
1764505239.409067,-6.6381,2.77732,0.7019599999999999,-0.72765927,0.660337665,0.10998507
1764505239.409067,-6.6381,2.77732,0.7019599999999999,-0.72765927,0.660337665,0.10998507
1764505239.409067,-6.6381,2.77732,0.7019599999999999,-0.72765927,0.660337665,0.10998507
1764505239.409067,-6.6381,2.77732,0.7019599999999999,-0.72765927,0.660337665,0.10998507
1764505239.409067,-6.6381,2.77732,0.7019599999999999,-0.72765927,0.660337665,0.10998507
1764505239.409067,-6.6381,2.77732,0.7019599999999999,-0.72765927,0.660337665,0.10998507
1764505239.409067,-6.6381,2.77732,0.7019599999999999,-0.72765927,0.660337665,0.10998507
1764505239.409067,-6.6381,2.77732,0.7019599999999999,-0.72765927,0.660337665,0.10998507
1764505239.409067,-6.6381,2.77732,0.7019599999999999,-0.72765927,0.660337665,0.10998507
1764505239.409067,-6.6381,2.77732,0.7019599999999999,-0.72765927,0.660337665,0.10998507
1764505239.409067,-6.45498,3.00622,1.08346,-0.726743745,0.66003249,0.11022921
1764505239.409067,-6.45498,3.00622,1.08346,-0.726743745,0.66003249,0.11022921
1764505239.409067,-6.45498,3.00622,1.08346,-0.726743745,0.66003249,0.11022921
1764505239.409067,-6.45498,3.00622,1.08346,-0.726743745,0.66003249,0.11022921
1764505239.409067,-6.45498,3.00622,1.08346,-0.726743745,0.66003249,0.11022921
1764505239.409067,-6.45498,3.00622,1.08346,-0.726743745,0.66003249,0.11022921
1764505239.409067,-6.45498,3.00622,1.08346,-0.726743745,0.66003249,0.11022921
1764505239.409067,-6.45498,3.00622,1.08346,-0.726743745,0.66003249,0.11022921
1764505239.409067,-6.45498,3.00622,1.08346,-0.726743745,0.66003249,0.11022921
1764505239.409067,-6.45498,3.00622,1.08346,-0.726743745,0.66003249,0.11022921
1764505239.4551153,-7.21798,2.63998,1.46496,-0.725889255,0.660581805,0.11010714
1764505239.4551153,-7.21798,2.63998,1.46496,-0.725889255,0.660581805,0.11010714
1764505239.4551153,-7.21798,2.63998,1.46496,-0.725889255,0.660581805,0.11010714
1764505239.4556437,-7.21798,2.63998,1.46496,-0.725889255,0.660581805,0.11010714
1764505239.4556437,-7.21798,2.63998,1.46496,-0.725889255,0.660581805,0.11010714
1764505239.4556437,-7.21798,2.63998,1.46496,-0.725889255,0.660581805,0.11010714
1764505239.4556437,-7.21798,2.63998,1.46496,-0.725889255,0.660581805,0.11010714
1764505239.4556437,-7.21798,2.63998,1.46496,-0.725889255,0.660581805,0.11010714
1764505239.4556437,-7.21798,2.63998,1.46496,-0.725889255,0.660581805,0.11010714
1764505239.4556437,-7.21798,2.63998,1.46496,-0.725889255,0.660581805,0.11010714
1764505239.4556437,-7.9352,3.2809,1.69386,-0.7261944300000001,0.66027663,0.111510945
1764505239.4556437,-7.9352,3.2809,1.69386,-0.7261944300000001,0.66027663,0.111510945
1764505239.4556437,-7.9352,3.2809,1.69386,-0.7261944300000001,0.66027663,0.111510945
1764505239.4556437,-7.9352,3.2809,1.69386,-0.7261944300000001,0.66027663,0.111510945
1764505239.4571793,-7.9352,3.2809,1.69386,-0.7261944300000001,0.66027663,0.111510945
1764505239.4571793,-7.9352,3.2809,1.69386,-0.7261944300000001,0.66027663,0.111510945
1764505239.4571793,-7.9352,3.2809,1.69386,-0.7261944300000001,0.66027663,0.111510945
1764505239.4571793,-7.9352,3.2809,1.69386,-0.7261944300000001,0.66027663,0.111510945
1764505239.4571793,-7.9352,3.2809,1.69386,-0.7261944300000001,0.66027663,0.111510945
1764505239.4571793,-7.9352,3.2809,1.69386,-0.7261944300000001,0.66027663,0.111510945
1764505239.4571793,-8.7745,3.4335,1.2971,-0.72570615,0.66052077,0.1110837
1764505239.4571793,-8.7745,3.4335,1.2971,-0.72570615,0.66052077,0.1110837
1764505239.4571793,-8.7745,3.4335,1.2971,-0.72570615,0.66052077,0.1110837
1764505239.4571793,-8.7745,3.4335,1.2971,-0.72570615,0.66052077,0.1110837
1764505239.50614,-8.7745,3.4335,1.2971,-0.72570615,0.66052077,0.1110837
1764505239.50614,-8.7745,3.4335,1.2971,-0.72570615,0.66052077,0.1110837
1764505239.50614,-8.7745,3.4335,1.2971,-0.72570615,0.66052077,0.1110837
1764505239.50614,-8.7745,3.4335,1.2971,-0.72570615,0.66052077,0.1110837
1764505239.50614,-8.7745,3.4335,1.2971,-0.72570615,0.66052077,0.1110837
1764505239.50614,-8.7745,3.4335,1.2971,-0.72570615,0.66052077,0.1110837
1764505239.50614,-8.942359999999999,2.86888,0.57988,-0.72497373,0.65930007,0.111266805
1764505239.50614,-8.942359999999999,2.86888,0.57988,-0.72497373,0.65930007,0.111266805
1764505239.50614,-8.942359999999999,2.86888,0.57988,-0.72497373,0.65930007,0.111266805
1764505239.50614,-8.942359999999999,2.86888,0.57988,-0.72497373,0.65930007,0.111266805
1764505239.5071414,-8.942359999999999,2.86888,0.57988,-0.72497373,0.65930007,0.111266805
1764505239.5071414,-8.942359999999999,2.86888,0.57988,-0.72497373,0.65930007,0.111266805
1764505239.5071414,-8.942359999999999,2.86888,0.57988,-0.72497373,0.65930007,0.111266805
1764505239.5071414,-8.942359999999999,2.86888,0.57988,-0.72497373,0.65930007,0.111266805
1764505239.5071414,-8.942359999999999,2.86888,0.57988,-0.72497373,0.65930007,0.111266805
1764505239.5071414,-8.942359999999999,2.86888,0.57988,-0.72497373,0.65930007,0.111266805
1764505239.5071414,-8.83554,3.75396,0.3815,-0.72485166,0.656675565,0.1123044
1764505239.5071414,-8.83554,3.75396,0.3815,-0.72485166,0.656675565,0.1123044
1764505239.5071414,-8.83554,3.75396,0.3815,-0.72485166,0.656675565,0.1123044
1764505239.5071414,-8.83554,3.75396,0.3815,-0.72485166,0.656675565,0.1123044
1764505239.5071414,-8.83554,3.75396,0.3815,-0.72485166,0.656675565,0.1123044
1764505239.5071414,-8.83554,3.75396,0.3815,-0.72485166,0.656675565,0.1123044
1764505239.5071414,-8.83554,3.75396,0.3815,-0.72485166,0.656675565,0.1123044
1764505239.5071414,-8.83554,3.75396,0.3815,-0.72485166,0.656675565,0.1123044
1764505239.5503817,-8.83554,3.75396,0.3815,-0.72485166,0.656675565,0.1123044
1764505239.5503817,-8.83554,3.75396,0.3815,-0.72485166,0.656675565,0.1123044
1764505239.5503817,-7.66052,3.34194,0.59514,-0.725523045,0.654478305,0.11181612
1764505239.5503817,-7.66052,3.34194,0.59514,-0.725523045,0.654478305,0.11181612
1764505239.5503817,-7.66052,3.34194,0.59514,-0.725523045,0.654478305,0.11181612
1764505239.5503817,-7.66052,3.34194,0.59514,-0.725523045,0.654478305,0.11181612
1764505239.5513802,-7.66052,3.34194,0.59514,-0.725523045,0.654478305,0.11181612
1764505239.5513802,-7.66052,3.34194,0.59514,-0.725523045,0.654478305,0.11181612
1764505239.5513802,-7.66052,3.34194,0.59514,-0.725523045,0.654478305,0.11181612
1764505239.5513802,-7.66052,3.34194,0.59514,-0.725523045,0.654478305,0.11181612
1764505239.5513802,-7.66052,3.34194,0.59514,-0.725523045,0.654478305,0.11181612
1764505239.5521886,-7.66052,3.34194,0.59514,-0.725523045,0.654478305,0.11181612
1764505239.5521886,-7.446879999999999,3.49454,1.12924,-0.726255465,0.65356278,0.112121295
1764505239.5521886,-7.446879999999999,3.49454,1.12924,-0.726255465,0.65356278,0.112121295
1764505239.5521886,-7.446879999999999,3.49454,1.12924,-0.726255465,0.65356278,0.112121295
1764505239.5521886,-7.446879999999999,3.49454,1.12924,-0.726255465,0.65356278,0.112121295
1764505239.5521886,-7.446879999999999,3.49454,1.12924,-0.726255465,0.65356278,0.112121295
1764505239.5521886,-7.446879999999999,3.49454,1.12924,-0.726255465,0.65356278,0.112121295
1764505239.5521886,-7.446879999999999,3.49454,1.12924,-0.726255465,0.65356278,0.112121295
1764505239.5521886,-7.446879999999999,3.49454,1.12924,-0.726255465,0.65356278,0.112121295
1764505239.5521886,-7.446879999999999,3.49454,1.12924,-0.726255465,0.65356278,0.112121295
1764505239.5521886,-7.446879999999999,3.49454,1.12924,-0.726255465,0.65356278,0.112121295
1764505239.5962958,-7.2485,3.5098,0.94612,-0.726377535,0.6543562350000001,0.112853715
1764505239.5962958,-7.2485,3.5098,0.94612,-0.726377535,0.6543562350000001,0.112853715
1764505239.5962958,-7.2485,3.5098,0.94612,-0.726377535,0.6543562350000001,0.112853715
1764505239.5962958,-7.2485,3.5098,0.94612,-0.726377535,0.6543562350000001,0.112853715
1764505239.5962958,-7.2485,3.5098,0.94612,-0.726377535,0.6543562350000001,0.112853715
1764505239.5962958,-7.2485,3.5098,0.94612,-0.726377535,0.6543562350000001,0.112853715
1764505239.597278,-7.2485,3.5098,0.94612,-0.726377535,0.6543562350000001,0.112853715
1764505239.597278,-7.2485,3.5098,0.94612,-0.726377535,0.6543562350000001,0.112853715
1764505239.597278,-7.2485,3.5098,0.94612,-0.726377535,0.6543562350000001,0.112853715
1764505239.598508,-7.2485,3.5098,0.94612,-0.726377535,0.6543562350000001,0.112853715
1764505239.598508,-7.87416,3.52506,0.763,-0.72680478,0.654966585,0.113464065
1764505239.598508,-7.87416,3.52506,0.763,-0.72680478,0.654966585,0.113464065
1764505239.598508,-7.87416,3.52506,0.763,-0.72680478,0.654966585,0.113464065
1764505239.598508,-7.87416,3.52506,0.763,-0.72680478,0.654966585,0.113464065
1764505239.598508,-7.87416,3.52506,0.763,-0.72680478,0.654966585,0.113464065
1764505239.598508,-7.87416,3.52506,0.763,-0.72680478,0.654966585,0.113464065
1764505239.599512,-7.87416,3.52506,0.763,-0.72680478,0.654966585,0.113464065
1764505239.5998802,-7.87416,3.52506,0.763,-0.72680478,0.654966585,0.113464065
1764505239.5998802,-7.87416,3.52506,0.763,-0.72680478,0.654966585,0.113464065
1764505239.5998802,-7.87416,3.52506,0.763,-0.72680478,0.654966585,0.113464065
1764505239.5998802,-7.98098,2.18218,0.56462,-0.72778134,0.6542952,0.115173045
1764505239.6008902,-7.98098,2.18218,0.56462,-0.72778134,0.6542952,0.115173045
1764505239.6008902,-7.98098,2.18218,0.56462,-0.72778134,0.6542952,0.115173045
1764505239.6014,-7.98098,2.18218,0.56462,-0.72778134,0.6542952,0.115173045
1764505239.6443694,-7.98098,2.18218,0.56462,-0.72778134,0.6542952,0.115173045
1764505239.6443694,-7.98098,2.18218,0.56462,-0.72778134,0.6542952,0.115173045
1764505239.6443694,-7.98098,2.18218,0.56462,-0.72778134,0.6542952,0.115173045
1764505239.6443694,-7.98098,2.18218,0.56462,-0.72778134,0.6542952,0.115173045
1764505239.6443694,-7.98098,2.18218,0.56462,-0.72778134,0.6542952,0.115173045
1764505239.6443694,-7.98098,2.18218,0.56462,-0.72778134,0.6542952,0.115173045
1764505239.6443694,-8.316699999999999,2.83836,-0.3509799999999999,-0.7272320250000001,0.65405106,0.115905465
1764505239.6448815,-8.316699999999999,2.83836,-0.3509799999999999,-0.7272320250000001,0.65405106,0.115905465
1764505239.6448815,-8.316699999999999,2.83836,-0.3509799999999999,-0.7272320250000001,0.65405106,0.115905465
1764505239.6448815,-8.316699999999999,2.83836,-0.3509799999999999,-0.7272320250000001,0.65405106,0.115905465
1764505239.6448815,-8.316699999999999,2.83836,-0.3509799999999999,-0.7272320250000001,0.65405106,0.115905465
1764505239.6448815,-8.316699999999999,2.83836,-0.3509799999999999,-0.7272320250000001,0.65405106,0.115905465
1764505239.6448815,-8.316699999999999,2.83836,-0.3509799999999999,-0.7272320250000001,0.65405106,0.115905465
1764505239.6448815,-8.316699999999999,2.83836,-0.3509799999999999,-0.7272320250000001,0.65405106,0.115905465
1764505239.6448815,-8.316699999999999,2.83836,-0.3509799999999999,-0.7272320250000001,0.65405106,0.115905465
1764505239.6448815,-8.316699999999999,2.83836,-0.3509799999999999,-0.7272320250000001,0.65405106,0.115905465
1764505239.6448815,-9.17126,4.10494,-1.2208,-0.72680478,0.65246415,0.116149605
1764505239.6448815,-9.17126,4.10494,-1.2208,-0.72680478,0.65246415,0.116149605
1764505239.6448815,-9.17126,4.10494,-1.2208,-0.72680478,0.65246415,0.116149605
1764505239.6448815,-9.17126,4.10494,-1.2208,-0.72680478,0.65246415,0.116149605
1764505239.6448815,-9.17126,4.10494,-1.2208,-0.72680478,0.65246415,0.116149605
1764505239.6448815,-9.17126,4.10494,-1.2208,-0.72680478,0.65246415,0.116149605
1764505239.68863,-9.17126,4.10494,-1.2208,-0.72680478,0.65246415,0.116149605
1764505239.68863,-9.17126,4.10494,-1.2208,-0.72680478,0.65246415,0.116149605
1764505239.68863,-9.17126,4.10494,-1.2208,-0.72680478,0.65246415,0.116149605
1764505239.68863,-9.17126,4.10494,-1.2208,-0.72680478,0.65246415,0.116149605
1764505239.68863,-8.83554,5.1121,-0.85456,-0.728086515,0.651914835,0.115173045
1764505239.68863,-8.83554,5.1121,-0.85456,-0.728086515,0.651914835,0.115173045
1764505239.689647,-8.83554,5.1121,-0.85456,-0.728086515,0.651914835,0.115173045
1764505239.689647,-8.83554,5.1121,-0.85456,-0.728086515,0.651914835,0.115173045
1764505239.689647,-8.83554,5.1121,-0.85456,-0.728086515,0.651914835,0.115173045
1764505239.689647,-8.83554,5.1121,-0.85456,-0.728086515,0.651914835,0.115173045
1764505239.689647,-8.83554,5.1121,-0.85456,-0.728086515,0.651914835,0.115173045
1764505239.689647,-8.83554,5.1121,-0.85456,-0.728086515,0.651914835,0.115173045
1764505239.689647,-8.83554,5.1121,-0.85456,-0.728086515,0.651914835,0.115173045
1764505239.689647,-8.83554,5.1121,-0.85456,-0.728086515,0.651914835,0.115173045
1764505239.689647,-6.867,3.14356,-0.3051999999999999,-0.731382405,0.65209794,0.115173045
1764505239.689647,-6.867,3.14356,-0.3051999999999999,-0.731382405,0.65209794,0.115173045
1764505239.689647,-6.867,3.14356,-0.3051999999999999,-0.731382405,0.65209794,0.115173045
1764505239.689647,-6.867,3.14356,-0.3051999999999999,-0.731382405,0.65209794,0.115173045
1764505239.689647,-6.867,3.14356,-0.3051999999999999,-0.731382405,0.65209794,0.115173045
1764505239.690644,-6.867,3.14356,-0.3051999999999999,-0.731382405,0.65209794,0.115173045
1764505239.6915717,-6.867,3.14356,-0.3051999999999999,-0.731382405,0.65209794,0.115173045
1764505239.6915717,-6.867,3.14356,-0.3051999999999999,-0.731382405,0.65209794,0.115173045
1764505239.6915717,-6.867,3.14356,-0.3051999999999999,-0.731382405,0.65209794,0.115173045
1764505239.6915717,-6.867,3.14356,-0.3051999999999999,-0.731382405,0.65209794,0.115173045
1764505239.7354002,-6.47024,1.15976,-0.8698199999999999,-0.73327449,0.65136552,0.11608857
1764505239.7354002,-6.47024,1.15976,-0.8698199999999999,-0.73327449,0.65136552,0.11608857
1764505239.7354002,-6.47024,1.15976,-0.8698199999999999,-0.73327449,0.65136552,0.11608857
1764505239.7354002,-6.47024,1.15976,-0.8698199999999999,-0.73327449,0.65136552,0.11608857
1764505239.7354002,-6.47024,1.15976,-0.8698199999999999,-0.73327449,0.65136552,0.11608857
1764505239.7354002,-6.47024,1.15976,-0.8698199999999999,-0.73327449,0.65136552,0.11608857
1764505239.7354002,-6.47024,1.15976,-0.8698199999999999,-0.73327449,0.65136552,0.11608857
1764505239.7354002,-6.47024,1.15976,-0.8698199999999999,-0.73327449,0.65136552,0.11608857
1764505239.7354002,-6.47024,1.15976,-0.8698199999999999,-0.73327449,0.65136552,0.11608857
1764505239.7354002,-6.47024,1.15976,-0.8698199999999999,-0.73327449,0.65136552,0.11608857
1764505239.7354002,-5.52412,1.43444,-1.526,-0.73168758,0.65087724,0.11730927
1764505239.7354002,-5.52412,1.43444,-1.526,-0.73168758,0.65087724,0.11730927
1764505239.7354002,-5.52412,1.43444,-1.526,-0.73168758,0.65087724,0.11730927
1764505239.7354002,-5.52412,1.43444,-1.526,-0.73168758,0.65087724,0.11730927
1764505239.7354002,-5.52412,1.43444,-1.526,-0.73168758,0.65087724,0.11730927
1764505239.7354002,-5.52412,1.43444,-1.526,-0.73168758,0.65087724,0.11730927
1764505239.7364142,-5.52412,1.43444,-1.526,-0.73168758,0.65087724,0.11730927
1764505239.7364142,-5.52412,1.43444,-1.526,-0.73168758,0.65087724,0.11730927
1764505239.7364142,-5.52412,1.43444,-1.526,-0.73168758,0.65087724,0.11730927
1764505239.7364142,-5.52412,1.43444,-1.526,-0.73168758,0.65087724,0.11730927
1764505239.7364142,-5.2647,2.3653,-1.92276,-0.730772055,0.649839645,0.11682099
1764505239.7364142,-5.2647,2.3653,-1.92276,-0.730772055,0.649839645,0.11682099
1764505239.7364142,-5.2647,2.3653,-1.92276,-0.730772055,0.649839645,0.11682099
1764505239.7364142,-5.2647,2.3653,-1.92276,-0.730772055,0.649839645,0.11682099
1764505239.7852929,-5.2647,2.3653,-1.92276,-0.730772055,0.649839645,0.11682099
1764505239.7852929,-5.2647,2.3653,-1.92276,-0.730772055,0.649839645,0.11682099
1764505239.7852929,-5.2647,2.3653,-1.92276,-0.730772055,0.649839645,0.11682099
1764505239.7860613,-5.2647,2.3653,-1.92276,-0.730772055,0.649839645,0.11682099
1764505239.7860613,-5.2647,2.3653,-1.92276,-0.730772055,0.649839645,0.11682099
1764505239.7860613,-5.2647,2.3653,-1.92276,-0.730772055,0.649839645,0.11682099
1764505239.7860613,-4.45592,1.61756,-1.70912,-0.729795495,0.65087724,0.11608857
1764505239.7860613,-4.45592,1.61756,-1.70912,-0.729795495,0.65087724,0.11608857
1764505239.7860613,-4.45592,1.61756,-1.70912,-0.729795495,0.65087724,0.11608857
1764505239.7870696,-4.45592,1.61756,-1.70912,-0.729795495,0.65087724,0.11608857
1764505239.7870696,-4.45592,1.61756,-1.70912,-0.729795495,0.65087724,0.11608857
1764505239.7870696,-4.45592,1.61756,-1.70912,-0.729795495,0.65087724,0.11608857
1764505239.7876449,-4.45592,1.61756,-1.70912,-0.729795495,0.65087724,0.11608857
1764505239.7876449,-4.45592,1.61756,-1.70912,-0.729795495,0.65087724,0.11608857
1764505239.7876449,-4.45592,1.61756,-1.70912,-0.729795495,0.65087724,0.11608857
1764505239.7880683,-4.45592,1.61756,-1.70912,-0.729795495,0.65087724,0.11608857
1764505239.7880683,-3.5861,-0.1678599999999999,-0.8392999999999999,-0.730161705,0.65222001,0.114562695
1764505239.7880683,-3.5861,-0.1678599999999999,-0.8392999999999999,-0.730161705,0.65222001,0.114562695
1764505239.7880683,-3.5861,-0.1678599999999999,-0.8392999999999999,-0.730161705,0.65222001,0.114562695
1764505239.7880683,-3.5861,-0.1678599999999999,-0.8392999999999999,-0.730161705,0.65222001,0.114562695
1764505239.7880683,-3.5861,-0.1678599999999999,-0.8392999999999999,-0.730161705,0.65222001,0.114562695
1764505239.7880683,-3.5861,-0.1678599999999999,-0.8392999999999999,-0.730161705,0.65222001,0.114562695
1764505239.7880683,-3.5861,-0.1678599999999999,-0.8392999999999999,-0.730161705,0.65222001,0.114562695
1764505239.7880683,-3.5861,-0.1678599999999999,-0.8392999999999999,-0.730161705,0.65222001,0.114562695
1764505239.8291938,-3.5861,-0.1678599999999999,-0.8392999999999999,-0.730161705,0.65222001,0.114562695
1764505239.8291938,-3.5861,-0.1678599999999999,-0.8392999999999999,-0.730161705,0.65222001,0.114562695
1764505239.8302205,-2.42634,-0.3357199999999999,-0.24416,-0.7299786,0.6542952,0.11401338
1764505239.8302205,-2.42634,-0.3357199999999999,-0.24416,-0.7299786,0.6542952,0.11401338
1764505239.8302205,-2.42634,-0.3357199999999999,-0.24416,-0.7299786,0.6542952,0.11401338
1764505239.8302205,-2.42634,-0.3357199999999999,-0.24416,-0.7299786,0.6542952,0.11401338
1764505239.8302205,-2.42634,-0.3357199999999999,-0.24416,-0.7299786,0.6542952,0.11401338
1764505239.8302205,-2.42634,-0.3357199999999999,-0.24416,-0.7299786,0.6542952,0.11401338
1764505239.8302205,-2.42634,-0.3357199999999999,-0.24416,-0.7299786,0.6542952,0.11401338
1764505239.8302205,-2.42634,-0.3357199999999999,-0.24416,-0.7299786,0.6542952,0.11401338
1764505239.8302205,-2.42634,-0.3357199999999999,-0.24416,-0.7299786,0.6542952,0.11401338
1764505239.8302205,-2.42634,-0.3357199999999999,-0.24416,-0.7299786,0.6542952,0.11401338
1764505239.8302205,-1.63282,0.01526,-0.8087799999999999,-0.7293072150000001,0.657285915,0.11560029
1764505239.8302205,-1.63282,0.01526,-0.8087799999999999,-0.7293072150000001,0.657285915,0.11560029
1764505239.832997,-1.63282,0.01526,-0.8087799999999999,-0.7293072150000001,0.657285915,0.11560029
1764505239.832997,-1.63282,0.01526,-0.8087799999999999,-0.7293072150000001,0.657285915,0.11560029
1764505239.832997,-1.63282,0.01526,-0.8087799999999999,-0.7293072150000001,0.657285915,0.11560029
1764505239.8339949,-1.63282,0.01526,-0.8087799999999999,-0.7293072150000001,0.657285915,0.11560029
1764505239.8339949,-1.63282,0.01526,-0.8087799999999999,-0.7293072150000001,0.657285915,0.11560029
1764505239.8339949,-1.63282,0.01526,-0.8087799999999999,-0.7293072150000001,0.657285915,0.11560029
1764505239.8339949,-1.63282,0.01526,-0.8087799999999999,-0.7293072150000001,0.657285915,0.11560029
1764505239.8339949,-1.63282,0.01526,-0.8087799999999999,-0.7293072150000001,0.657285915,0.11560029
1764505239.876432,-3.99812,0.8698199999999999,-1.26658,-0.72900204,0.661558365,0.115783395
1764505239.876432,-3.99812,0.8698199999999999,-1.26658,-0.72900204,0.661558365,0.115783395
1764505239.876432,-3.99812,0.8698199999999999,-1.26658,-0.72900204,0.661558365,0.115783395
1764505239.8774693,-3.99812,0.8698199999999999,-1.26658,-0.72900204,0.661558365,0.115783395
1764505239.8774693,-3.99812,0.8698199999999999,-1.26658,-0.72900204,0.661558365,0.115783395
1764505239.8774693,-3.99812,0.8698199999999999,-1.26658,-0.72900204,0.661558365,0.115783395
1764505239.8774693,-3.99812,0.8698199999999999,-1.26658,-0.72900204,0.661558365,0.115783395
1764505239.8774693,-3.99812,0.8698199999999999,-1.26658,-0.72900204,0.661558365,0.115783395
1764505239.8774693,-3.99812,0.8698199999999999,-1.26658,-0.72900204,0.661558365,0.115783395
1764505239.8774693,-3.99812,0.8698199999999999,-1.26658,-0.72900204,0.661558365,0.115783395
1764505239.8774693,-4.89846,0.56462,-2.09062,-0.730283775,0.665220465,0.114318555
1764505239.8774693,-4.89846,0.56462,-2.09062,-0.730283775,0.665220465,0.114318555
1764505239.8774693,-4.89846,0.56462,-2.09062,-0.730283775,0.665220465,0.114318555
1764505239.8774693,-4.89846,0.56462,-2.09062,-0.730283775,0.665220465,0.114318555
1764505239.8774693,-4.89846,0.56462,-2.09062,-0.730283775,0.665220465,0.114318555
1764505239.8779838,-4.89846,0.56462,-2.09062,-0.730283775,0.665220465,0.114318555
1764505239.8779838,-4.89846,0.56462,-2.09062,-0.730283775,0.665220465,0.114318555
1764505239.8779838,-4.89846,0.56462,-2.09062,-0.730283775,0.665220465,0.114318555
1764505239.8779838,-4.89846,0.56462,-2.09062,-0.730283775,0.665220465,0.114318555
1764505239.8779838,-4.89846,0.56462,-2.09062,-0.730283775,0.665220465,0.114318555
1764505239.8779838,-5.27996,-0.74774,-2.4416,-0.730039635,0.668638425,0.11462373
1764505239.8779838,-5.27996,-0.74774,-2.4416,-0.730039635,0.668638425,0.11462373
1764505239.8779838,-5.27996,-0.74774,-2.4416,-0.730039635,0.668638425,0.11462373
1764505239.8779838,-5.27996,-0.74774,-2.4416,-0.730039635,0.668638425,0.11462373
1764505239.9258697,-5.27996,-0.74774,-2.4416,-0.730039635,0.668638425,0.11462373
1764505239.9258697,-5.27996,-0.74774,-2.4416,-0.730039635,0.668638425,0.11462373
1764505239.9258697,-5.27996,-0.74774,-2.4416,-0.730039635,0.668638425,0.11462373
1764505239.9258697,-5.27996,-0.74774,-2.4416,-0.730039635,0.668638425,0.11462373
1764505239.9258697,-5.27996,-0.74774,-2.4416,-0.730039635,0.668638425,0.11462373
1764505239.9258697,-5.27996,-0.74774,-2.4416,-0.730039635,0.668638425,0.11462373
1764505239.9258697,-6.88226,-0.9003399999999999,-3.95234,-0.72778134,0.66930981,0.116393745
1764505239.9258697,-6.88226,-0.9003399999999999,-3.95234,-0.72778134,0.66930981,0.116393745
1764505239.9258697,-6.88226,-0.9003399999999999,-3.95234,-0.72778134,0.66930981,0.116393745
1764505239.9258697,-6.88226,-0.9003399999999999,-3.95234,-0.72778134,0.66930981,0.116393745
1764505239.9258697,-6.88226,-0.9003399999999999,-3.95234,-0.72778134,0.66930981,0.116393745
1764505239.9258697,-6.88226,-0.9003399999999999,-3.95234,-0.72778134,0.66930981,0.116393745
1764505239.9258697,-6.88226,-0.9003399999999999,-3.95234,-0.72778134,0.66930981,0.116393745
1764505239.9258697,-6.88226,-0.9003399999999999,-3.95234,-0.72778134,0.66930981,0.116393745
1764505239.9258697,-6.88226,-0.9003399999999999,-3.95234,-0.72778134,0.66930981,0.116393745
1764505239.9258697,-6.88226,-0.9003399999999999,-3.95234,-0.72778134,0.66930981,0.116393745
1764505239.9258697,-10.17842,2.289,-3.64714,-0.72741513,0.669248775,0.11645478
1764505239.9258697,-10.17842,2.289,-3.64714,-0.72741513,0.669248775,0.11645478
1764505239.9258697,-10.17842,2.289,-3.64714,-0.72741513,0.669248775,0.11645478
1764505239.9258697,-10.17842,2.289,-3.64714,-0.72741513,0.669248775,0.11645478
1764505239.9268775,-10.17842,2.289,-3.64714,-0.72741513,0.669248775,0.11645478
1764505239.9268775,-10.17842,2.289,-3.64714,-0.72741513,0.669248775,0.11645478
1764505239.9706385,-10.17842,2.289,-3.64714,-0.72741513,0.669248775,0.11645478
1764505239.9706385,-10.17842,2.289,-3.64714,-0.72741513,0.669248775,0.11645478
1764505239.971171,-10.17842,2.289,-3.64714,-0.72741513,0.669248775,0.11645478
1764505239.971171,-10.17842,2.289,-3.64714,-0.72741513,0.669248775,0.11645478
1764505239.971171,-14.43596,2.31952,-4.33384,-0.728208585,0.67162914,0.114806835
1764505239.971171,-14.43596,2.31952,-4.33384,-0.728208585,0.67162914,0.114806835
1764505239.971171,-14.43596,2.31952,-4.33384,-0.728208585,0.67162914,0.114806835
1764505239.971171,-14.43596,2.31952,-4.33384,-0.728208585,0.67162914,0.114806835
1764505239.971171,-14.43596,2.31952,-4.33384,-0.728208585,0.67162914,0.114806835
1764505239.971171,-14.43596,2.31952,-4.33384,-0.728208585,0.67162914,0.114806835
1764505239.971171,-14.43596,2.31952,-4.33384,-0.728208585,0.67162914,0.114806835
1764505239.971171,-14.43596,2.31952,-4.33384,-0.728208585,0.67162914,0.114806835
1764505239.971171,-14.43596,2.31952,-4.33384,-0.728208585,0.67162914,0.114806835
1764505239.971171,-14.43596,2.31952,-4.33384,-0.728208585,0.67162914,0.114806835
1764505239.971171,-18.41882,2.2127,-6.867,-0.725767185,0.67297191,0.11572236
1764505239.971171,-18.41882,2.2127,-6.867,-0.725767185,0.67297191,0.11572236
1764505239.971709,-18.41882,2.2127,-6.867,-0.725767185,0.67297191,0.11572236
1764505239.971709,-18.41882,2.2127,-6.867,-0.725767185,0.67297191,0.11572236
1764505239.971709,-18.41882,2.2127,-6.867,-0.725767185,0.67297191,0.11572236
1764505239.971709,-18.41882,2.2127,-6.867,-0.725767185,0.67297191,0.11572236
1764505239.971709,-18.41882,2.2127,-6.867,-0.725767185,0.67297191,0.11572236
1764505239.971709,-18.41882,2.2127,-6.867,-0.725767185,0.67297191,0.11572236
1764505239.971709,-18.41882,2.2127,-6.867,-0.725767185,0.67297191,0.11572236
1764505239.971709,-18.41882,2.2127,-6.867,-0.725767185,0.67297191,0.11572236
1764505240.017209,-22.79844,5.08158,-7.95046,-0.723936135,0.669981195,0.114806835
1764505240.017209,-22.79844,5.08158,-7.95046,-0.723936135,0.669981195,0.114806835
1764505240.017209,-22.79844,5.08158,-7.95046,-0.723936135,0.669981195,0.114806835
1764505240.017209,-22.79844,5.08158,-7.95046,-0.723936135,0.669981195,0.114806835
1764505240.017209,-22.79844,5.08158,-7.95046,-0.723936135,0.669981195,0.114806835
1764505240.017209,-22.79844,5.08158,-7.95046,-0.723936135,0.669981195,0.114806835
1764505240.017209,-22.79844,5.08158,-7.95046,-0.723936135,0.669981195,0.114806835
1764505240.017209,-22.79844,5.08158,-7.95046,-0.723936135,0.669981195,0.114806835
1764505240.017209,-22.79844,5.08158,-7.95046,-0.723936135,0.669981195,0.114806835
1764505240.017209,-22.79844,5.08158,-7.95046,-0.723936135,0.669981195,0.114806835
1764505240.017209,-24.38548,7.9352,-6.89752,-0.7226544,0.661314225,0.11547822
1764505240.017209,-24.38548,7.9352,-6.89752,-0.7226544,0.661314225,0.11547822
1764505240.017209,-24.38548,7.9352,-6.89752,-0.7226544,0.661314225,0.11547822
1764505240.017209,-24.38548,7.9352,-6.89752,-0.7226544,0.661314225,0.11547822
1764505240.017209,-24.38548,7.9352,-6.89752,-0.7226544,0.661314225,0.11547822
1764505240.017209,-24.38548,7.9352,-6.89752,-0.7226544,0.661314225,0.11547822
1764505240.017209,-24.38548,7.9352,-6.89752,-0.7226544,0.661314225,0.11547822
1764505240.017209,-24.38548,7.9352,-6.89752,-0.7226544,0.661314225,0.11547822
1764505240.017209,-24.38548,7.9352,-6.89752,-0.7226544,0.661314225,0.11547822
1764505240.017209,-24.38548,7.9352,-6.89752,-0.7226544,0.661314225,0.11547822
1764505240.017209,-22.41694,8.6982,-4.62378,-0.72375303,0.649839645,0.116027535
1764505240.017209,-22.41694,8.6982,-4.62378,-0.72375303,0.649839645,0.116027535
1764505240.017209,-22.41694,8.6982,-4.62378,-0.72375303,0.649839645,0.116027535
1764505240.017209,-22.41694,8.6982,-4.62378,-0.72375303,0.649839645,0.116027535
1764505240.0657327,-22.41694,8.6982,-4.62378,-0.72375303,0.649839645,0.116027535
1764505240.0657327,-22.41694,8.6982,-4.62378,-0.72375303,0.649839645,0.116027535
1764505240.0657327,-22.41694,8.6982,-4.62378,-0.72375303,0.649839645,0.116027535
1764505240.0657327,-22.41694,8.6982,-4.62378,-0.72375303,0.649839645,0.116027535
1764505240.0657327,-22.41694,8.6982,-4.62378,-0.72375303,0.649839645,0.116027535
1764505240.0657327,-22.41694,8.6982,-4.62378,-0.72375303,0.649839645,0.116027535
1764505240.0657327,-19.6854,7.065379999999999,-1.77016,-0.7266827100000001,0.640928535,0.11572236
1764505240.0657327,-19.6854,7.065379999999999,-1.77016,-0.7266827100000001,0.640928535,0.11572236
1764505240.0657327,-19.6854,7.065379999999999,-1.77016,-0.7266827100000001,0.640928535,0.11572236
1764505240.0657327,-19.6854,7.065379999999999,-1.77016,-0.7266827100000001,0.640928535,0.11572236
1764505240.0657327,-19.6854,7.065379999999999,-1.77016,-0.7266827100000001,0.640928535,0.11572236
1764505240.0657327,-19.6854,7.065379999999999,-1.77016,-0.7266827100000001,0.640928535,0.11572236
1764505240.0657327,-19.6854,7.065379999999999,-1.77016,-0.7266827100000001,0.640928535,0.11572236
1764505240.0657327,-19.6854,7.065379999999999,-1.77016,-0.7266827100000001,0.640928535,0.11572236
1764505240.0657327,-19.6854,7.065379999999999,-1.77016,-0.7266827100000001,0.640928535,0.11572236
1764505240.0657327,-19.6854,7.065379999999999,-1.77016,-0.7266827100000001,0.640928535,0.11572236
1764505240.0667372,-15.1837,6.22608,-0.44254,-0.728696865,0.63488607,0.115661325
1764505240.0667372,-15.1837,6.22608,-0.44254,-0.728696865,0.63488607,0.115661325
1764505240.0667372,-15.1837,6.22608,-0.44254,-0.728696865,0.63488607,0.115661325
1764505240.0667372,-15.1837,6.22608,-0.44254,-0.728696865,0.63488607,0.115661325
1764505240.0667372,-15.1837,6.22608,-0.44254,-0.728696865,0.63488607,0.115661325
1764505240.0667372,-15.1837,6.22608,-0.44254,-0.728696865,0.63488607,0.115661325
1764505240.1116672,-15.1837,6.22608,-0.44254,-0.728696865,0.63488607,0.115661325
1764505240.1116672,-15.1837,6.22608,-0.44254,-0.728696865,0.63488607,0.115661325
1764505240.1116672,-15.1837,6.22608,-0.44254,-0.728696865,0.63488607,0.115661325
1764505240.1116672,-15.1837,6.22608,-0.44254,-0.728696865,0.63488607,0.115661325
1764505240.1116672,-9.18652,3.75396,0.97664,-0.73132137,0.63244467,0.117492375
1764505240.1116672,-9.18652,3.75396,0.97664,-0.73132137,0.63244467,0.117492375
1764505240.1116672,-9.18652,3.75396,0.97664,-0.73132137,0.63244467,0.117492375
1764505240.1116672,-9.18652,3.75396,0.97664,-0.73132137,0.63244467,0.117492375
1764505240.1116672,-9.18652,3.75396,0.97664,-0.73132137,0.63244467,0.117492375
1764505240.1116672,-9.18652,3.75396,0.97664,-0.73132137,0.63244467,0.117492375
1764505240.1116672,-9.18652,3.75396,0.97664,-0.73132137,0.63244467,0.117492375
1764505240.1116672,-9.18652,3.75396,0.97664,-0.73132137,0.63244467,0.117492375
1764505240.1116672,-9.18652,3.75396,0.97664,-0.73132137,0.63244467,0.117492375
1764505240.1116672,-9.18652,3.75396,0.97664,-0.73132137,0.63244467,0.117492375
1764505240.1116672,-3.09778,1.7549,2.79258,-0.7336407,0.63134604,0.118835145
1764505240.1116672,-3.09778,1.7549,2.79258,-0.7336407,0.63134604,0.118835145
1764505240.1116672,-3.09778,1.7549,2.79258,-0.7336407,0.63134604,0.118835145
1764505240.1116672,-3.09778,1.7549,2.79258,-0.7336407,0.63134604,0.118835145
1764505240.1116672,-3.09778,1.7549,2.79258,-0.7336407,0.63134604,0.118835145
1764505240.1116672,-3.09778,1.7549,2.79258,-0.7336407,0.63134604,0.118835145
1764505240.1116672,-3.09778,1.7549,2.79258,-0.7336407,0.63134604,0.118835145
1764505240.1116672,-3.09778,1.7549,2.79258,-0.7336407,0.63134604,0.118835145
1764505240.1116672,-3.09778,1.7549,2.79258,-0.7336407,0.63134604,0.118835145
1764505240.1116672,-3.09778,1.7549,2.79258,-0.7336407,0.63134604,0.118835145
1764505240.1601467,-1.6022999999999998,1.41918,3.02148,-0.735166575,0.63366537,0.11901825
1764505240.1601467,-1.6022999999999998,1.41918,3.02148,-0.735166575,0.63366537,0.11901825
1764505240.1601467,-1.6022999999999998,1.41918,3.02148,-0.735166575,0.63366537,0.11901825
1764505240.1601467,-1.6022999999999998,1.41918,3.02148,-0.735166575,0.63366537,0.11901825
1764505240.1601467,-1.6022999999999998,1.41918,3.02148,-0.735166575,0.63366537,0.11901825
1764505240.1601467,-1.6022999999999998,1.41918,3.02148,-0.735166575,0.63366537,0.11901825
1764505240.1601467,-1.6022999999999998,1.41918,3.02148,-0.735166575,0.63366537,0.11901825
1764505240.1601467,-1.6022999999999998,1.41918,3.02148,-0.735166575,0.63366537,0.11901825
1764505240.1601467,-1.6022999999999998,1.41918,3.02148,-0.735166575,0.63366537,0.11901825
1764505240.1601467,-1.6022999999999998,1.41918,3.02148,-0.735166575,0.63366537,0.11901825
1764505240.161662,-0.79352,2.96044,2.8994,-0.73534968,0.636900225,0.120055845
1764505240.161662,-0.79352,2.96044,2.8994,-0.73534968,0.636900225,0.120055845
1764505240.161662,-0.79352,2.96044,2.8994,-0.73534968,0.636900225,0.120055845
1764505240.161662,-0.79352,2.96044,2.8994,-0.73534968,0.636900225,0.120055845
1764505240.161662,-0.79352,2.96044,2.8994,-0.73534968,0.636900225,0.120055845
1764505240.161662,-0.79352,2.96044,2.8994,-0.73534968,0.636900225,0.120055845
1764505240.161662,-0.79352,2.96044,2.8994,-0.73534968,0.636900225,0.120055845
1764505240.161662,-0.79352,2.96044,2.8994,-0.73534968,0.636900225,0.120055845
1764505240.161662,-0.79352,2.96044,2.8994,-0.73534968,0.636900225,0.120055845
1764505240.161662,-0.79352,2.96044,2.8994,-0.73534968,0.636900225,0.120055845
1764505240.161662,-1.73964,3.83026,2.12114,-0.73547175,0.6408675,0.122131035
1764505240.161662,-1.73964,3.83026,2.12114,-0.73547175,0.6408675,0.122131035
1764505240.161662,-1.73964,3.83026,2.12114,-0.73547175,0.6408675,0.122131035
1764505240.161662,-1.73964,3.83026,2.12114,-0.73547175,0.6408675,0.122131035
1764505240.2023368,-1.73964,3.83026,2.12114,-0.73547175,0.6408675,0.122131035
1764505240.2028658,-1.73964,3.83026,2.12114,-0.73547175,0.6408675,0.122131035
1764505240.2038784,-1.73964,3.83026,2.12114,-0.73547175,0.6408675,0.122131035
1764505240.2038784,-1.73964,3.83026,2.12114,-0.73547175,0.6408675,0.122131035
1764505240.2038784,-1.73964,3.83026,2.12114,-0.73547175,0.6408675,0.122131035
1764505240.2038784,-1.73964,3.83026,2.12114,-0.73547175,0.6408675,0.122131035
1764505240.2038784,-3.815,4.715339999999999,1.63282,-0.734800365,0.6445296,0.12499968
1764505240.2038784,-3.815,4.715339999999999,1.63282,-0.734800365,0.6445296,0.12499968
1764505240.2038784,-3.815,4.715339999999999,1.63282,-0.734800365,0.6445296,0.12499968
1764505240.2053838,-3.815,4.715339999999999,1.63282,-0.734800365,0.6445296,0.12499968
1764505240.2053838,-3.815,4.715339999999999,1.63282,-0.734800365,0.6445296,0.12499968
1764505240.2053838,-3.815,4.715339999999999,1.63282,-0.734800365,0.6445296,0.12499968
1764505240.2053838,-3.815,4.715339999999999,1.63282,-0.734800365,0.6445296,0.12499968
1764505240.206391,-3.815,4.715339999999999,1.63282,-0.734800365,0.6445296,0.12499968
1764505240.206391,-3.815,4.715339999999999,1.63282,-0.734800365,0.6445296,0.12499968
1764505240.206391,-3.815,4.715339999999999,1.63282,-0.734800365,0.6445296,0.12499968
1764505240.207392,-6.57706,5.69198,1.78542,-0.73449519,0.647764455,0.127013835
1764505240.207392,-6.57706,5.69198,1.78542,-0.73449519,0.647764455,0.127013835
1764505240.207392,-6.57706,5.69198,1.78542,-0.73449519,0.647764455,0.127013835
1764505240.207392,-6.57706,5.69198,1.78542,-0.73449519,0.647764455,0.127013835
1764505240.208422,-6.57706,5.69198,1.78542,-0.73449519,0.647764455,0.127013835
1764505240.208422,-6.57706,5.69198,1.78542,-0.73449519,0.647764455,0.127013835
1764505240.2527592,-6.57706,5.69198,1.78542,-0.73449519,0.647764455,0.127013835
1764505240.2527592,-6.57706,5.69198,1.78542,-0.73449519,0.647764455,0.127013835
1764505240.2527592,-6.57706,5.69198,1.78542,-0.73449519,0.647764455,0.127013835
1764505240.2527592,-6.57706,5.69198,1.78542,-0.73449519,0.647764455,0.127013835
1764505240.2527592,-8.22514,4.08968,1.61756,-0.7371807300000001,0.6486189450000001,0.1293942
1764505240.2527592,-8.22514,4.08968,1.61756,-0.7371807300000001,0.6486189450000001,0.1293942
1764505240.2527592,-8.22514,4.08968,1.61756,-0.7371807300000001,0.6486189450000001,0.1293942
1764505240.2527592,-8.22514,4.08968,1.61756,-0.7371807300000001,0.6486189450000001,0.1293942
1764505240.2527592,-8.22514,4.08968,1.61756,-0.7371807300000001,0.6486189450000001,0.1293942
1764505240.2527592,-8.22514,4.08968,1.61756,-0.7371807300000001,0.6486189450000001,0.1293942
1764505240.2527592,-8.22514,4.08968,1.61756,-0.7371807300000001,0.6486189450000001,0.1293942
1764505240.2527592,-8.22514,4.08968,1.61756,-0.7371807300000001,0.6486189450000001,0.1293942
1764505240.2527592,-8.22514,4.08968,1.61756,-0.7371807300000001,0.6486189450000001,0.1293942
1764505240.2527592,-8.22514,4.08968,1.61756,-0.7371807300000001,0.6486189450000001,0.1293942
1764505240.2527592,-7.66052,2.39582,1.19028,-0.737974185,0.64648272,0.130187655
1764505240.2527592,-7.66052,2.39582,1.19028,-0.737974185,0.64648272,0.130187655
1764505240.2527592,-7.66052,2.39582,1.19028,-0.737974185,0.64648272,0.130187655
1764505240.2527592,-7.66052,2.39582,1.19028,-0.737974185,0.64648272,0.130187655
1764505240.2527592,-7.66052,2.39582,1.19028,-0.737974185,0.64648272,0.130187655
1764505240.2527592,-7.66052,2.39582,1.19028,-0.737974185,0.64648272,0.130187655
1764505240.2527592,-7.66052,2.39582,1.19028,-0.737974185,0.64648272,0.130187655
1764505240.2527592,-7.66052,2.39582,1.19028,-0.737974185,0.64648272,0.130187655
1764505240.2527592,-7.66052,2.39582,1.19028,-0.737974185,0.64648272,0.130187655
1764505240.2527592,-7.66052,2.39582,1.19028,-0.737974185,0.64648272,0.130187655
1764505240.3017545,-6.88226,2.91466,1.54126,-0.7377300450000001,0.644346495,0.129455235
1764505240.3027642,-6.88226,2.91466,1.54126,-0.7377300450000001,0.644346495,0.129455235
1764505240.3027642,-6.88226,2.91466,1.54126,-0.7377300450000001,0.644346495,0.129455235
1764505240.303096,-6.88226,2.91466,1.54126,-0.7377300450000001,0.644346495,0.129455235
1764505240.303096,-6.88226,2.91466,1.54126,-0.7377300450000001,0.644346495,0.129455235
1764505240.3034751,-6.88226,2.91466,1.54126,-0.7377300450000001,0.644346495,0.129455235
1764505240.3034751,-6.88226,2.91466,1.54126,-0.7377300450000001,0.644346495,0.129455235
1764505240.3034751,-6.88226,2.91466,1.54126,-0.7377300450000001,0.644346495,0.129455235
1764505240.3034751,-6.88226,2.91466,1.54126,-0.7377300450000001,0.644346495,0.129455235
1764505240.3034751,-6.88226,2.91466,1.54126,-0.7377300450000001,0.644346495,0.129455235
1764505240.3034751,-5.08158,1.87698,1.6633399999999998,-0.7382183250000001,0.643492005,0.12805143
1764505240.3034751,-5.08158,1.87698,1.6633399999999998,-0.7382183250000001,0.643492005,0.12805143
1764505240.3044837,-5.08158,1.87698,1.6633399999999998,-0.7382183250000001,0.643492005,0.12805143
1764505240.3044837,-5.08158,1.87698,1.6633399999999998,-0.7382183250000001,0.643492005,0.12805143
1764505240.3044837,-5.08158,1.87698,1.6633399999999998,-0.7382183250000001,0.643492005,0.12805143
1764505240.3044837,-5.08158,1.87698,1.6633399999999998,-0.7382183250000001,0.643492005,0.12805143
1764505240.3044837,-5.08158,1.87698,1.6633399999999998,-0.7382183250000001,0.643492005,0.12805143
1764505240.3044837,-5.08158,1.87698,1.6633399999999998,-0.7382183250000001,0.643492005,0.12805143
1764505240.3044837,-5.08158,1.87698,1.6633399999999998,-0.7382183250000001,0.643492005,0.12805143
1764505240.305482,-5.08158,1.87698,1.6633399999999998,-0.7382183250000001,0.643492005,0.12805143
1764505240.305482,-4.91372,1.64808,1.34288,-0.737485905,0.644224425,0.126891765
1764505240.3063128,-4.91372,1.64808,1.34288,-0.737485905,0.644224425,0.126891765
1764505240.3063128,-4.91372,1.64808,1.34288,-0.737485905,0.644224425,0.126891765
1764505240.3063128,-4.91372,1.64808,1.34288,-0.737485905,0.644224425,0.126891765
1764505240.348663,-4.91372,1.64808,1.34288,-0.737485905,0.644224425,0.126891765
1764505240.348663,-4.91372,1.64808,1.34288,-0.737485905,0.644224425,0.126891765
1764505240.3495266,-4.91372,1.64808,1.34288,-0.737485905,0.644224425,0.126891765
1764505240.3497398,-4.91372,1.64808,1.34288,-0.737485905,0.644224425,0.126891765
1764505240.3499677,-4.91372,1.64808,1.34288,-0.737485905,0.644224425,0.126891765
1764505240.3499677,-4.91372,1.64808,1.34288,-0.737485905,0.644224425,0.126891765
1764505240.3499677,-4.99002,0.74774,1.0682,-0.73681452,0.644712705,0.12707487
1764505240.3499677,-4.99002,0.74774,1.0682,-0.73681452,0.644712705,0.12707487
1764505240.3499677,-4.99002,0.74774,1.0682,-0.73681452,0.644712705,0.12707487
1764505240.3499677,-4.99002,0.74774,1.0682,-0.73681452,0.644712705,0.12707487
1764505240.3499677,-4.99002,0.74774,1.0682,-0.73681452,0.644712705,0.12707487
1764505240.3499677,-4.99002,0.74774,1.0682,-0.73681452,0.644712705,0.12707487
1764505240.3499677,-4.99002,0.74774,1.0682,-0.73681452,0.644712705,0.12707487
1764505240.3499677,-4.99002,0.74774,1.0682,-0.73681452,0.644712705,0.12707487
1764505240.3499677,-4.99002,0.74774,1.0682,-0.73681452,0.644712705,0.12707487
1764505240.3499677,-4.99002,0.74774,1.0682,-0.73681452,0.644712705,0.12707487
1764505240.3499677,-4.8069,1.54126,1.4039199999999998,-0.735532785,0.6433089,0.127013835
1764505240.3499677,-4.8069,1.54126,1.4039199999999998,-0.735532785,0.6433089,0.127013835
1764505240.3499677,-4.8069,1.54126,1.4039199999999998,-0.735532785,0.6433089,0.127013835
1764505240.3499677,-4.8069,1.54126,1.4039199999999998,-0.735532785,0.6433089,0.127013835
1764505240.3499677,-4.8069,1.54126,1.4039199999999998,-0.735532785,0.6433089,0.127013835
1764505240.3499677,-4.8069,1.54126,1.4039199999999998,-0.735532785,0.6433089,0.127013835
1764505240.3499677,-4.8069,1.54126,1.4039199999999998,-0.735532785,0.6433089,0.127013835
1764505240.3499677,-4.8069,1.54126,1.4039199999999998,-0.735532785,0.6433089,0.127013835
1764505240.3953006,-4.8069,1.54126,1.4039199999999998,-0.735532785,0.6433089,0.127013835
1764505240.3953006,-4.8069,1.54126,1.4039199999999998,-0.735532785,0.6433089,0.127013835
1764505240.3953006,-4.76112,1.8006799999999998,1.51074,-0.73644831,0.64428546,0.126281415
1764505240.3953006,-4.76112,1.8006799999999998,1.51074,-0.73644831,0.64428546,0.126281415
1764505240.396295,-4.76112,1.8006799999999998,1.51074,-0.73644831,0.64428546,0.126281415
1764505240.3963532,-4.76112,1.8006799999999998,1.51074,-0.73644831,0.64428546,0.126281415
1764505240.3963532,-4.76112,1.8006799999999998,1.51074,-0.73644831,0.64428546,0.126281415
1764505240.3963532,-4.76112,1.8006799999999998,1.51074,-0.73644831,0.64428546,0.126281415
1764505240.3963532,-4.76112,1.8006799999999998,1.51074,-0.73644831,0.64428546,0.126281415
1764505240.3963532,-4.76112,1.8006799999999998,1.51074,-0.73644831,0.64428546,0.126281415
1764505240.3963532,-4.76112,1.8006799999999998,1.51074,-0.73644831,0.64428546,0.126281415
1764505240.3973608,-4.76112,1.8006799999999998,1.51074,-0.73644831,0.64428546,0.126281415
1764505240.397493,-5.00528,0.8698199999999999,1.48022,-0.736021065,0.644834775,0.12609831
1764505240.3978448,-5.00528,0.8698199999999999,1.48022,-0.736021065,0.644834775,0.12609831
1764505240.3988605,-5.00528,0.8698199999999999,1.48022,-0.736021065,0.644834775,0.12609831
1764505240.3988605,-5.00528,0.8698199999999999,1.48022,-0.736021065,0.644834775,0.12609831
1764505240.3988605,-5.00528,0.8698199999999999,1.48022,-0.736021065,0.644834775,0.12609831
1764505240.3988605,-5.00528,0.8698199999999999,1.48022,-0.736021065,0.644834775,0.12609831
1764505240.3988605,-5.00528,0.8698199999999999,1.48022,-0.736021065,0.644834775,0.12609831
1764505240.3988605,-5.00528,0.8698199999999999,1.48022,-0.736021065,0.644834775,0.12609831
1764505240.399855,-5.00528,0.8698199999999999,1.48022,-0.736021065,0.644834775,0.12609831
1764505240.399855,-5.00528,0.8698199999999999,1.48022,-0.736021065,0.644834775,0.12609831
1764505240.399855,-4.53222,0.3204599999999999,0.6103999999999999,-0.7345562250000001,0.6449568450000001,0.12646452
1764505240.399855,-4.53222,0.3204599999999999,0.6103999999999999,-0.7345562250000001,0.6449568450000001,0.12646452
1764505240.4444344,-4.53222,0.3204599999999999,0.6103999999999999,-0.7345562250000001,0.6449568450000001,0.12646452
1764505240.4444344,-4.53222,0.3204599999999999,0.6103999999999999,-0.7345562250000001,0.6449568450000001,0.12646452
1764505240.4444344,-4.53222,0.3204599999999999,0.6103999999999999,-0.7345562250000001,0.6449568450000001,0.12646452
1764505240.4444344,-4.53222,0.3204599999999999,0.6103999999999999,-0.7345562250000001,0.6449568450000001,0.12646452
1764505240.4444344,-4.53222,0.3204599999999999,0.6103999999999999,-0.7345562250000001,0.6449568450000001,0.12646452
1764505240.4444344,-4.53222,0.3204599999999999,0.6103999999999999,-0.7345562250000001,0.6449568450000001,0.12646452
1764505240.4444344,-4.53222,0.3204599999999999,0.6103999999999999,-0.7345562250000001,0.6449568450000001,0.12646452
1764505240.4444344,-4.53222,0.3204599999999999,0.6103999999999999,-0.7345562250000001,0.6449568450000001,0.12646452
1764505240.4444344,-2.83836,0.9919,1.09872,-0.73388484,0.6428206200000001,0.125671065
1764505240.4444344,-2.83836,0.9919,1.09872,-0.73388484,0.6428206200000001,0.125671065
1764505240.4444344,-2.83836,0.9919,1.09872,-0.73388484,0.6428206200000001,0.125671065
1764505240.4444344,-2.83836,0.9919,1.09872,-0.73388484,0.6428206200000001,0.125671065
1764505240.4444344,-2.83836,0.9919,1.09872,-0.73388484,0.6428206200000001,0.125671065
1764505240.4444344,-2.83836,0.9919,1.09872,-0.73388484,0.6428206200000001,0.125671065
1764505240.4444344,-2.83836,0.9919,1.09872,-0.73388484,0.6428206200000001,0.125671065
1764505240.4454277,-2.83836,0.9919,1.09872,-0.73388484,0.6428206200000001,0.125671065
1764505240.4454277,-2.83836,0.9919,1.09872,-0.73388484,0.6428206200000001,0.125671065
1764505240.4454277,-2.83836,0.9919,1.09872,-0.73388484,0.6428206200000001,0.125671065
1764505240.4454277,-1.2971,0.2289,2.63998,-0.73596003,0.6417830250000001,0.123717945
1764505240.4454277,-1.2971,0.2289,2.63998,-0.73596003,0.6417830250000001,0.123717945
1764505240.4454277,-1.2971,0.2289,2.63998,-0.73596003,0.6417830250000001,0.123717945
1764505240.4454277,-1.2971,0.2289,2.63998,-0.73596003,0.6417830250000001,0.123717945
1764505240.4454277,-1.2971,0.2289,2.63998,-0.73596003,0.6417830250000001,0.123717945
1764505240.4454277,-1.2971,0.2289,2.63998,-0.73596003,0.6417830250000001,0.123717945
1764505240.4904697,-1.2971,0.2289,2.63998,-0.73596003,0.6417830250000001,0.123717945
1764505240.4904697,-1.2971,0.2289,2.63998,-0.73596003,0.6417830250000001,0.123717945
1764505240.4904697,-1.2971,0.2289,2.63998,-0.73596003,0.6417830250000001,0.123717945
1764505240.4904697,-1.2971,0.2289,2.63998,-0.73596003,0.6417830250000001,0.123717945
1764505240.4904697,-1.09872,-1.32762,1.72438,-0.737241765,0.6444075300000001,0.12194793
1764505240.4904697,-1.09872,-1.32762,1.72438,-0.737241765,0.6444075300000001,0.12194793
1764505240.4904697,-1.09872,-1.32762,1.72438,-0.737241765,0.6444075300000001,0.12194793
1764505240.4904697,-1.09872,-1.32762,1.72438,-0.737241765,0.6444075300000001,0.12194793
1764505240.4904697,-1.09872,-1.32762,1.72438,-0.737241765,0.6444075300000001,0.12194793
1764505240.4920003,-1.09872,-1.32762,1.72438,-0.737241765,0.6444075300000001,0.12194793
1764505240.4920003,-1.09872,-1.32762,1.72438,-0.737241765,0.6444075300000001,0.12194793
1764505240.4920003,-1.09872,-1.32762,1.72438,-0.737241765,0.6444075300000001,0.12194793
1764505240.4920003,-1.09872,-1.32762,1.72438,-0.737241765,0.6444075300000001,0.12194793
1764505240.4920003,-1.09872,-1.32762,1.72438,-0.737241765,0.6444075300000001,0.12194793
1764505240.4920003,-0.88508,-1.2208,0.6103999999999999,-0.7351055400000001,0.646543755,0.122985525
1764505240.4920003,-0.88508,-1.2208,0.6103999999999999,-0.7351055400000001,0.646543755,0.122985525
1764505240.4920003,-0.88508,-1.2208,0.6103999999999999,-0.7351055400000001,0.646543755,0.122985525
1764505240.4920003,-0.88508,-1.2208,0.6103999999999999,-0.7351055400000001,0.646543755,0.122985525
1764505240.4920003,-0.88508,-1.2208,0.6103999999999999,-0.7351055400000001,0.646543755,0.122985525
1764505240.4920003,-0.88508,-1.2208,0.6103999999999999,-0.7351055400000001,0.646543755,0.122985525
1764505240.4920003,-0.88508,-1.2208,0.6103999999999999,-0.7351055400000001,0.646543755,0.122985525
1764505240.4920003,-0.88508,-1.2208,0.6103999999999999,-0.7351055400000001,0.646543755,0.122985525
1764505240.4920003,-0.88508,-1.2208,0.6103999999999999,-0.7351055400000001,0.646543755,0.122985525
1764505240.4920003,-0.88508,-1.2208,0.6103999999999999,-0.7351055400000001,0.646543755,0.122985525
1764505240.5332367,-1.49548,0.74774,-0.25942,-0.732236895,0.647276175,0.122375175
1764505240.5332367,-1.49548,0.74774,-0.25942,-0.732236895,0.647276175,0.122375175
1764505240.5332367,-1.49548,0.74774,-0.25942,-0.732236895,0.647276175,0.122375175
1764505240.5342493,-1.49548,0.74774,-0.25942,-0.732236895,0.647276175,0.122375175
1764505240.5342493,-1.49548,0.74774,-0.25942,-0.732236895,0.647276175,0.122375175
1764505240.5342493,-1.49548,0.74774,-0.25942,-0.732236895,0.647276175,0.122375175
1764505240.5342493,-1.49548,0.74774,-0.25942,-0.732236895,0.647276175,0.122375175
1764505240.5342493,-1.49548,0.74774,-0.25942,-0.732236895,0.647276175,0.122375175
1764505240.5342493,-1.49548,0.74774,-0.25942,-0.732236895,0.647276175,0.122375175
1764505240.5342493,-1.49548,0.74774,-0.25942,-0.732236895,0.647276175,0.122375175
1764505240.5342493,-1.93802,1.2208,0.6867,-0.731992755,0.647642385,0.121520685
1764505240.5342493,-1.93802,1.2208,0.6867,-0.731992755,0.647642385,0.121520685
1764505240.5342493,-1.93802,1.2208,0.6867,-0.731992755,0.647642385,0.121520685
1764505240.5342493,-1.93802,1.2208,0.6867,-0.731992755,0.647642385,0.121520685
1764505240.535248,-1.93802,1.2208,0.6867,-0.731992755,0.647642385,0.121520685
1764505240.535248,-1.93802,1.2208,0.6867,-0.731992755,0.647642385,0.121520685
1764505240.535248,-1.93802,1.2208,0.6867,-0.731992755,0.647642385,0.121520685
1764505240.535248,-1.93802,1.2208,0.6867,-0.731992755,0.647642385,0.121520685
1764505240.5362456,-1.93802,1.2208,0.6867,-0.731992755,0.647642385,0.121520685
1764505240.5362456,-1.93802,1.2208,0.6867,-0.731992755,0.647642385,0.121520685
1764505240.5362456,-1.4039199999999998,-0.62566,1.4039199999999998,-0.731382405,0.64831377,0.121520685
1764505240.5362456,-1.4039199999999998,-0.62566,1.4039199999999998,-0.731382405,0.64831377,0.121520685
1764505240.5842388,-1.4039199999999998,-0.62566,1.4039199999999998,-0.731382405,0.64831377,0.121520685
1764505240.5842388,-1.4039199999999998,-0.62566,1.4039199999999998,-0.731382405,0.64831377,0.121520685
1764505240.5842388,-1.4039199999999998,-0.62566,1.4039199999999998,-0.731382405,0.64831377,0.121520685
1764505240.5842388,-1.4039199999999998,-0.62566,1.4039199999999998,-0.731382405,0.64831377,0.121520685
1764505240.5842388,-1.4039199999999998,-0.62566,1.4039199999999998,-0.731382405,0.64831377,0.121520685
1764505240.5842388,-1.4039199999999998,-0.62566,1.4039199999999998,-0.731382405,0.64831377,0.121520685
1764505240.5842388,-1.4039199999999998,-0.62566,1.4039199999999998,-0.731382405,0.64831377,0.121520685
1764505240.5842388,-1.4039199999999998,-0.62566,1.4039199999999998,-0.731382405,0.64831377,0.121520685
1764505240.5842388,0.01526,-0.2289,1.38866,-0.73010067,0.64831377,0.12158172
1764505240.5842388,0.01526,-0.2289,1.38866,-0.73010067,0.64831377,0.12158172
1764505240.5842388,0.01526,-0.2289,1.38866,-0.73010067,0.64831377,0.12158172
1764505240.5842388,0.01526,-0.2289,1.38866,-0.73010067,0.64831377,0.12158172
1764505240.5842388,0.01526,-0.2289,1.38866,-0.73010067,0.64831377,0.12158172
1764505240.5842388,0.01526,-0.2289,1.38866,-0.73010067,0.64831377,0.12158172
1764505240.5852451,0.01526,-0.2289,1.38866,-0.73010067,0.64831377,0.12158172
1764505240.5852451,0.01526,-0.2289,1.38866,-0.73010067,0.64831377,0.12158172
1764505240.5852451,0.01526,-0.2289,1.38866,-0.73010067,0.64831377,0.12158172
1764505240.5852451,0.01526,-0.2289,1.38866,-0.73010067,0.64831377,0.12158172
1764505240.5852451,-1.41918,0.48832,0.97664,-0.730649985,0.648374805,0.12011688
1764505240.5852451,-1.41918,0.48832,0.97664,-0.730649985,0.648374805,0.12011688
1764505240.5852451,-1.41918,0.48832,0.97664,-0.730649985,0.648374805,0.12011688
1764505240.5852451,-1.41918,0.48832,0.97664,-0.730649985,0.648374805,0.12011688
1764505240.5852451,-1.41918,0.48832,0.97664,-0.730649985,0.648374805,0.12011688
1764505240.5852451,-1.41918,0.48832,0.97664,-0.730649985,0.648374805,0.12011688
1764505240.6279435,-1.41918,0.48832,0.97664,-0.730649985,0.648374805,0.12011688
1764505240.6279435,-1.41918,0.48832,0.97664,-0.730649985,0.648374805,0.12011688
1764505240.6284528,-1.41918,0.48832,0.97664,-0.730649985,0.648374805,0.12011688
1764505240.6284528,-1.41918,0.48832,0.97664,-0.730649985,0.648374805,0.12011688
1764505240.6284528,-2.35004,-1.00716,0.12208,-0.731992755,0.64977861,0.11877411
1764505240.6284528,-2.35004,-1.00716,0.12208,-0.731992755,0.64977861,0.11877411
1764505240.6284528,-2.35004,-1.00716,0.12208,-0.731992755,0.64977861,0.11877411
1764505240.6284528,-2.35004,-1.00716,0.12208,-0.731992755,0.64977861,0.11877411
1764505240.6284528,-2.35004,-1.00716,0.12208,-0.731992755,0.64977861,0.11877411
1764505240.6284528,-2.35004,-1.00716,0.12208,-0.731992755,0.64977861,0.11877411
1764505240.6284528,-2.35004,-1.00716,0.12208,-0.731992755,0.64977861,0.11877411
1764505240.6284528,-2.35004,-1.00716,0.12208,-0.731992755,0.64977861,0.11877411
1764505240.6284528,-2.35004,-1.00716,0.12208,-0.731992755,0.64977861,0.11877411
1764505240.6284528,-2.35004,-1.00716,0.12208,-0.731992755,0.64977861,0.11877411
1764505240.6284528,-1.00716,0.0762999999999999,0.6867,-0.729917565,0.65051103,0.118957215
1764505240.6284528,-1.00716,0.0762999999999999,0.6867,-0.729917565,0.65051103,0.118957215
1764505240.6284528,-1.00716,0.0762999999999999,0.6867,-0.729917565,0.65051103,0.118957215
1764505240.6284528,-1.00716,0.0762999999999999,0.6867,-0.729917565,0.65051103,0.118957215
1764505240.6284528,-1.00716,0.0762999999999999,0.6867,-0.729917565,0.65051103,0.118957215
1764505240.6284528,-1.00716,0.0762999999999999,0.6867,-0.729917565,0.65051103,0.118957215
1764505240.6284528,-1.00716,0.0762999999999999,0.6867,-0.729917565,0.65051103,0.118957215
1764505240.6284528,-1.00716,0.0762999999999999,0.6867,-0.729917565,0.65051103,0.118957215
1764505240.6755154,-1.00716,0.0762999999999999,0.6867,-0.729917565,0.65051103,0.118957215
1764505240.6755154,-1.00716,0.0762999999999999,0.6867,-0.729917565,0.65051103,0.118957215
1764505240.6755154,-0.8392999999999999,1.17502,0.82404,-0.729429285,0.652158975,0.118591005
1764505240.676529,-0.8392999999999999,1.17502,0.82404,-0.729429285,0.652158975,0.118591005
1764505240.676529,-0.8392999999999999,1.17502,0.82404,-0.729429285,0.652158975,0.118591005
1764505240.676529,-0.8392999999999999,1.17502,0.82404,-0.729429285,0.652158975,0.118591005
1764505240.676529,-0.8392999999999999,1.17502,0.82404,-0.729429285,0.652158975,0.118591005
1764505240.676529,-0.8392999999999999,1.17502,0.82404,-0.729429285,0.652158975,0.118591005
1764505240.676529,-0.8392999999999999,1.17502,0.82404,-0.729429285,0.652158975,0.118591005
1764505240.677525,-0.8392999999999999,1.17502,0.82404,-0.729429285,0.652158975,0.118591005
1764505240.677525,-0.8392999999999999,1.17502,0.82404,-0.729429285,0.652158975,0.118591005
1764505240.677525,-0.8392999999999999,1.17502,0.82404,-0.729429285,0.652158975,0.118591005
1764505240.677525,-1.6786,0.8087799999999999,0.39676,-0.72863583,0.654600375,0.118468935
1764505240.677525,-1.6786,0.8087799999999999,0.39676,-0.72863583,0.654600375,0.118468935
1764505240.6785183,-1.6786,0.8087799999999999,0.39676,-0.72863583,0.654600375,0.118468935
1764505240.6785183,-1.6786,0.8087799999999999,0.39676,-0.72863583,0.654600375,0.118468935
1764505240.6785183,-1.6786,0.8087799999999999,0.39676,-0.72863583,0.654600375,0.118468935
1764505240.6795323,-1.6786,0.8087799999999999,0.39676,-0.72863583,0.654600375,0.118468935
1764505240.6795323,-1.6786,0.8087799999999999,0.39676,-0.72863583,0.654600375,0.118468935
1764505240.6795323,-1.6786,0.8087799999999999,0.39676,-0.72863583,0.654600375,0.118468935
1764505240.680529,-1.6786,0.8087799999999999,0.39676,-0.72863583,0.654600375,0.118468935
1764505240.680529,-1.6786,0.8087799999999999,0.39676,-0.72863583,0.654600375,0.118468935
1764505240.680529,-3.26564,1.03768,-0.12208,-0.72717099,0.656431425,0.11914032
1764505240.6815245,-3.26564,1.03768,-0.12208,-0.72717099,0.656431425,0.11914032
1764505240.721588,-3.26564,1.03768,-0.12208,-0.72717099,0.656431425,0.11914032
1764505240.721588,-3.26564,1.03768,-0.12208,-0.72717099,0.656431425,0.11914032
1764505240.721588,-3.26564,1.03768,-0.12208,-0.72717099,0.656431425,0.11914032
1764505240.721588,-3.26564,1.03768,-0.12208,-0.72717099,0.656431425,0.11914032
1764505240.721588,-3.26564,1.03768,-0.12208,-0.72717099,0.656431425,0.11914032
1764505240.721588,-3.26564,1.03768,-0.12208,-0.72717099,0.656431425,0.11914032
1764505240.7221196,-3.26564,1.03768,-0.12208,-0.72717099,0.656431425,0.11914032
1764505240.7221196,-3.26564,1.03768,-0.12208,-0.72717099,0.656431425,0.11914032
1764505240.7221196,-4.54748,1.8312,0.06104,-0.72814755,0.657652125,0.11938446
1764505240.7221196,-4.54748,1.8312,0.06104,-0.72814755,0.657652125,0.11938446
1764505240.7221196,-4.54748,1.8312,0.06104,-0.72814755,0.657652125,0.11938446
1764505240.7221196,-4.54748,1.8312,0.06104,-0.72814755,0.657652125,0.11938446
1764505240.7221196,-4.54748,1.8312,0.06104,-0.72814755,0.657652125,0.11938446
1764505240.7221196,-4.54748,1.8312,0.06104,-0.72814755,0.657652125,0.11938446
1764505240.7221196,-4.54748,1.8312,0.06104,-0.72814755,0.657652125,0.11938446
1764505240.7221196,-4.54748,1.8312,0.06104,-0.72814755,0.657652125,0.11938446
1764505240.7221196,-4.54748,1.8312,0.06104,-0.72814755,0.657652125,0.11938446
1764505240.7221196,-4.54748,1.8312,0.06104,-0.72814755,0.657652125,0.11938446
1764505240.7221196,-5.55464,1.73964,0.0,-0.7287579,0.658140405,0.11889618
1764505240.722645,-5.55464,1.73964,0.0,-0.7287579,0.658140405,0.11889618
1764505240.722645,-5.55464,1.73964,0.0,-0.7287579,0.658140405,0.11889618
1764505240.722645,-5.55464,1.73964,0.0,-0.7287579,0.658140405,0.11889618
1764505240.722645,-5.55464,1.73964,0.0,-0.7287579,0.658140405,0.11889618
1764505240.722645,-5.55464,1.73964,0.0,-0.7287579,0.658140405,0.11889618
1764505240.7729304,-5.55464,1.73964,0.0,-0.7287579,0.658140405,0.11889618
1764505240.7739472,-5.55464,1.73964,0.0,-0.7287579,0.658140405,0.11889618
1764505240.7739472,-5.55464,1.73964,0.0,-0.7287579,0.658140405,0.11889618
1764505240.7739472,-5.55464,1.73964,0.0,-0.7287579,0.658140405,0.11889618
1764505240.7739472,-6.72966,1.51074,0.01526,-0.72887997,0.656675565,0.118591005
1764505240.7739472,-6.72966,1.51074,0.01526,-0.72887997,0.656675565,0.118591005
1764505240.7739472,-6.72966,1.51074,0.01526,-0.72887997,0.656675565,0.118591005
1764505240.7739472,-6.72966,1.51074,0.01526,-0.72887997,0.656675565,0.118591005
1764505240.774928,-6.72966,1.51074,0.01526,-0.72887997,0.656675565,0.118591005
1764505240.774928,-6.72966,1.51074,0.01526,-0.72887997,0.656675565,0.118591005
1764505240.775438,-6.72966,1.51074,0.01526,-0.72887997,0.656675565,0.118591005
1764505240.775438,-6.72966,1.51074,0.01526,-0.72887997,0.656675565,0.118591005
1764505240.775438,-6.72966,1.51074,0.01526,-0.72887997,0.656675565,0.118591005
1764505240.775438,-6.72966,1.51074,0.01526,-0.72887997,0.656675565,0.118591005
1764505240.775438,-6.69914,2.63998,-0.1678599999999999,-0.72936825,0.65368485,0.118713075
1764505240.775438,-6.69914,2.63998,-0.1678599999999999,-0.72936825,0.65368485,0.118713075
1764505240.775438,-6.69914,2.63998,-0.1678599999999999,-0.72936825,0.65368485,0.118713075
1764505240.775438,-6.69914,2.63998,-0.1678599999999999,-0.72936825,0.65368485,0.118713075
1764505240.775438,-6.69914,2.63998,-0.1678599999999999,-0.72936825,0.65368485,0.118713075
1764505240.7764487,-6.69914,2.63998,-0.1678599999999999,-0.72936825,0.65368485,0.118713075
1764505240.7764487,-6.69914,2.63998,-0.1678599999999999,-0.72936825,0.65368485,0.118713075
1764505240.7764487,-6.69914,2.63998,-0.1678599999999999,-0.72936825,0.65368485,0.118713075
1764505240.7764487,-6.69914,2.63998,-0.1678599999999999,-0.72936825,0.65368485,0.118713075
1764505240.7764487,-6.69914,2.63998,-0.1678599999999999,-0.72936825,0.65368485,0.118713075
1764505240.818559,-6.2566,3.15882,-0.2289,-0.730772055,0.650938275,0.11816376
1764505240.818559,-6.2566,3.15882,-0.2289,-0.730772055,0.650938275,0.11816376
1764505240.818559,-6.2566,3.15882,-0.2289,-0.730772055,0.650938275,0.11816376
1764505240.818559,-6.2566,3.15882,-0.2289,-0.730772055,0.650938275,0.11816376
1764505240.819559,-6.2566,3.15882,-0.2289,-0.730772055,0.650938275,0.11816376
1764505240.819559,-6.2566,3.15882,-0.2289,-0.730772055,0.650938275,0.11816376
1764505240.819559,-6.2566,3.15882,-0.2289,-0.730772055,0.650938275,0.11816376
1764505240.819559,-6.2566,3.15882,-0.2289,-0.730772055,0.650938275,0.11816376
1764505240.819559,-6.2566,3.15882,-0.2289,-0.730772055,0.650938275,0.11816376
1764505240.819559,-6.2566,3.15882,-0.2289,-0.730772055,0.650938275,0.11816376
1764505240.819559,-4.7306,2.22796,-0.57988,-0.732358965,0.6506331,0.117736515
1764505240.819559,-4.7306,2.22796,-0.57988,-0.732358965,0.6506331,0.117736515
1764505240.819559,-4.7306,2.22796,-0.57988,-0.732358965,0.6506331,0.117736515
1764505240.819559,-4.7306,2.22796,-0.57988,-0.732358965,0.6506331,0.117736515
1764505240.819559,-4.7306,2.22796,-0.57988,-0.732358965,0.6506331,0.117736515
1764505240.819559,-4.7306,2.22796,-0.57988,-0.732358965,0.6506331,0.117736515
1764505240.819559,-4.7306,2.22796,-0.57988,-0.732358965,0.6506331,0.117736515
1764505240.819559,-4.7306,2.22796,-0.57988,-0.732358965,0.6506331,0.117736515
1764505240.819559,-4.7306,2.22796,-0.57988,-0.732358965,0.6506331,0.117736515
1764505240.819559,-4.7306,2.22796,-0.57988,-0.732358965,0.6506331,0.117736515
1764505240.819559,-4.63904,1.03768,-1.0682,-0.7335186300000001,0.6512434500000001,0.11791962
1764505240.819559,-4.63904,1.03768,-1.0682,-0.7335186300000001,0.6512434500000001,0.11791962
1764505240.819559,-4.63904,1.03768,-1.0682,-0.7335186300000001,0.6512434500000001,0.11791962
1764505240.819559,-4.63904,1.03768,-1.0682,-0.7335186300000001,0.6512434500000001,0.11791962
1764505240.8685713,-4.63904,1.03768,-1.0682,-0.7335186300000001,0.6512434500000001,0.11791962
1764505240.8685713,-4.63904,1.03768,-1.0682,-0.7335186300000001,0.6512434500000001,0.11791962
1764505240.8685713,-4.63904,1.03768,-1.0682,-0.7335186300000001,0.6512434500000001,0.11791962
1764505240.8685713,-4.63904,1.03768,-1.0682,-0.7335186300000001,0.6512434500000001,0.11791962
1764505240.8685713,-4.63904,1.03768,-1.0682,-0.7335186300000001,0.6512434500000001,0.11791962
1764505240.8685713,-4.63904,1.03768,-1.0682,-0.7335186300000001,0.6512434500000001,0.11791962
1764505240.8685713,-4.3491,1.12924,-1.77016,-0.73315242,0.65099931,0.11926239
1764505240.8685713,-4.3491,1.12924,-1.77016,-0.73315242,0.65099931,0.11926239
1764505240.8685713,-4.3491,1.12924,-1.77016,-0.73315242,0.65099931,0.11926239
1764505240.8685713,-4.3491,1.12924,-1.77016,-0.73315242,0.65099931,0.11926239
1764505240.8685713,-4.3491,1.12924,-1.77016,-0.73315242,0.65099931,0.11926239
1764505240.8685713,-4.3491,1.12924,-1.77016,-0.73315242,0.65099931,0.11926239
1764505240.8685713,-4.3491,1.12924,-1.77016,-0.73315242,0.65099931,0.11926239
1764505240.8685713,-4.3491,1.12924,-1.77016,-0.73315242,0.65099931,0.11926239
1764505240.8685713,-4.3491,1.12924,-1.77016,-0.73315242,0.65099931,0.11926239
1764505240.8685713,-4.3491,1.12924,-1.77016,-0.73315242,0.65099931,0.11926239
1764505240.8685713,-6.47024,2.92992,-1.3734,-0.731504475,0.65051103,0.12060516
1764505240.8685713,-6.47024,2.92992,-1.3734,-0.731504475,0.65051103,0.12060516
1764505240.8685713,-6.47024,2.92992,-1.3734,-0.731504475,0.65051103,0.12060516
1764505240.8685713,-6.47024,2.92992,-1.3734,-0.731504475,0.65051103,0.12060516
1764505240.8685713,-6.47024,2.92992,-1.3734,-0.731504475,0.65051103,0.12060516
1764505240.8685713,-6.47024,2.92992,-1.3734,-0.731504475,0.65051103,0.12060516
1764505240.8685713,-6.47024,2.92992,-1.3734,-0.731504475,0.65051103,0.12060516
1764505240.8685713,-6.47024,2.92992,-1.3734,-0.731504475,0.65051103,0.12060516
1764505240.911919,-6.47024,2.92992,-1.3734,-0.731504475,0.65051103,0.12060516
1764505240.911919,-6.47024,2.92992,-1.3734,-0.731504475,0.65051103,0.12060516
1764505240.913022,-7.63,3.52506,-0.3357199999999999,-0.7311993,0.64929033,0.121154475
1764505240.913022,-7.63,3.52506,-0.3357199999999999,-0.7311993,0.64929033,0.121154475
1764505240.913022,-7.63,3.52506,-0.3357199999999999,-0.7311993,0.64929033,0.121154475
1764505240.913022,-7.63,3.52506,-0.3357199999999999,-0.7311993,0.64929033,0.121154475
1764505240.913022,-7.63,3.52506,-0.3357199999999999,-0.7311993,0.64929033,0.121154475
1764505240.9139075,-7.63,3.52506,-0.3357199999999999,-0.7311993,0.64929033,0.121154475
1764505240.9139075,-7.63,3.52506,-0.3357199999999999,-0.7311993,0.64929033,0.121154475
1764505240.9139075,-7.63,3.52506,-0.3357199999999999,-0.7311993,0.64929033,0.121154475
1764505240.9139075,-7.63,3.52506,-0.3357199999999999,-0.7311993,0.64929033,0.121154475
1764505240.9139075,-7.63,3.52506,-0.3357199999999999,-0.7311993,0.64929033,0.121154475
1764505240.9139075,-7.27902,4.24228,1.11398,-0.73046688,0.64916826,0.121032405
1764505240.9139075,-7.27902,4.24228,1.11398,-0.73046688,0.64916826,0.121032405
1764505240.9139075,-7.27902,4.24228,1.11398,-0.73046688,0.64916826,0.121032405
1764505240.9139075,-7.27902,4.24228,1.11398,-0.73046688,0.64916826,0.121032405
1764505240.9139075,-7.27902,4.24228,1.11398,-0.73046688,0.64916826,0.121032405
1764505240.9150178,-7.27902,4.24228,1.11398,-0.73046688,0.64916826,0.121032405
1764505240.9150178,-7.27902,4.24228,1.11398,-0.73046688,0.64916826,0.121032405
1764505240.9150178,-7.27902,4.24228,1.11398,-0.73046688,0.64916826,0.121032405
1764505240.9160264,-7.27902,4.24228,1.11398,-0.73046688,0.64916826,0.121032405
1764505240.9160264,-7.27902,4.24228,1.11398,-0.73046688,0.64916826,0.121032405
1764505240.9622405,-7.21798,4.13546,1.05294,-0.731626545,0.6486189450000001,0.12097137
1764505240.9622405,-7.21798,4.13546,1.05294,-0.731626545,0.6486189450000001,0.12097137
1764505240.9622405,-7.21798,4.13546,1.05294,-0.731626545,0.6486189450000001,0.12097137
1764505240.9622405,-7.21798,4.13546,1.05294,-0.731626545,0.6486189450000001,0.12097137
1764505240.9622405,-7.21798,4.13546,1.05294,-0.731626545,0.6486189450000001,0.12097137
1764505240.9622405,-7.21798,4.13546,1.05294,-0.731626545,0.6486189450000001,0.12097137
1764505240.9622405,-7.21798,4.13546,1.05294,-0.731626545,0.6486189450000001,0.12097137
1764505240.9622405,-7.21798,4.13546,1.05294,-0.731626545,0.6486189450000001,0.12097137
1764505240.9622405,-7.21798,4.13546,1.05294,-0.731626545,0.6486189450000001,0.12097137
1764505240.9622405,-7.21798,4.13546,1.05294,-0.731626545,0.6486189450000001,0.12097137
1764505240.9622405,-6.24134,2.4416,0.7019599999999999,-0.733701735,0.64880205,0.12023895
1764505240.9622405,-6.24134,2.4416,0.7019599999999999,-0.733701735,0.64880205,0.12023895
1764505240.9622405,-6.24134,2.4416,0.7019599999999999,-0.733701735,0.64880205,0.12023895
1764505240.9622405,-6.24134,2.4416,0.7019599999999999,-0.733701735,0.64880205,0.12023895
1764505240.9622405,-6.24134,2.4416,0.7019599999999999,-0.733701735,0.64880205,0.12023895
1764505240.9632554,-6.24134,2.4416,0.7019599999999999,-0.733701735,0.64880205,0.12023895
1764505240.9632554,-6.24134,2.4416,0.7019599999999999,-0.733701735,0.64880205,0.12023895
1764505240.9632554,-6.24134,2.4416,0.7019599999999999,-0.733701735,0.64880205,0.12023895
1764505240.9632554,-6.24134,2.4416,0.7019599999999999,-0.733701735,0.64880205,0.12023895
1764505240.9632554,-6.24134,2.4416,0.7019599999999999,-0.733701735,0.64880205,0.12023895
1764505240.9632554,-5.40204,2.15166,0.48832,-0.734312085,0.64770342,0.120177915
1764505240.9632554,-5.40204,2.15166,0.48832,-0.734312085,0.64770342,0.120177915
1764505241.0088289,-5.40204,2.15166,0.48832,-0.734312085,0.64770342,0.120177915
1764505241.0088289,-5.40204,2.15166,0.48832,-0.734312085,0.64770342,0.120177915
1764505241.0088289,-5.40204,2.15166,0.48832,-0.734312085,0.64770342,0.120177915
1764505241.0088289,-5.40204,2.15166,0.48832,-0.734312085,0.64770342,0.120177915
1764505241.0088289,-5.40204,2.15166,0.48832,-0.734312085,0.64770342,0.120177915
1764505241.0088289,-5.40204,2.15166,0.48832,-0.734312085,0.64770342,0.120177915
1764505241.0088289,-5.40204,2.15166,0.48832,-0.734312085,0.64770342,0.120177915
1764505241.0088289,-5.40204,2.15166,0.48832,-0.734312085,0.64770342,0.120177915
1764505241.0088289,-4.70008,1.9838,0.3204599999999999,-0.73400691,0.64745928,0.1208493
1764505241.0088289,-4.70008,1.9838,0.3204599999999999,-0.73400691,0.64745928,0.1208493
1764505241.0088289,-4.70008,1.9838,0.3204599999999999,-0.73400691,0.64745928,0.1208493
1764505241.0088289,-4.70008,1.9838,0.3204599999999999,-0.73400691,0.64745928,0.1208493
1764505241.0088289,-4.70008,1.9838,0.3204599999999999,-0.73400691,0.64745928,0.1208493
1764505241.0098412,-4.70008,1.9838,0.3204599999999999,-0.73400691,0.64745928,0.1208493
1764505241.0098412,-4.70008,1.9838,0.3204599999999999,-0.73400691,0.64745928,0.1208493
1764505241.0098412,-4.70008,1.9838,0.3204599999999999,-0.73400691,0.64745928,0.1208493
1764505241.0098412,-4.70008,1.9838,0.3204599999999999,-0.73400691,0.64745928,0.1208493
1764505241.0098412,-4.70008,1.9838,0.3204599999999999,-0.73400691,0.64745928,0.1208493
1764505241.0098412,-3.93708,1.8312,0.8087799999999999,-0.733701735,0.648374805,0.12194793
1764505241.0098412,-3.93708,1.8312,0.8087799999999999,-0.733701735,0.648374805,0.12194793
1764505241.0098412,-3.93708,1.8312,0.8087799999999999,-0.733701735,0.648374805,0.12194793
1764505241.0098412,-3.93708,1.8312,0.8087799999999999,-0.733701735,0.648374805,0.12194793
1764505241.0098412,-3.93708,1.8312,0.8087799999999999,-0.733701735,0.648374805,0.12194793
1764505241.0098412,-3.93708,1.8312,0.8087799999999999,-0.733701735,0.648374805,0.12194793
1764505241.0529215,-3.93708,1.8312,0.8087799999999999,-0.733701735,0.648374805,0.12194793
1764505241.0529215,-3.93708,1.8312,0.8087799999999999,-0.733701735,0.648374805,0.12194793
1764505241.0542336,-3.93708,1.8312,0.8087799999999999,-0.733701735,0.648374805,0.12194793
1764505241.0542336,-3.93708,1.8312,0.8087799999999999,-0.733701735,0.648374805,0.12194793
1764505241.0542336,-4.2728,1.78542,1.31236,-0.73412898,0.65002275,0.12316863
1764505241.0542336,-4.2728,1.78542,1.31236,-0.73412898,0.65002275,0.12316863
1764505241.0542336,-4.2728,1.78542,1.31236,-0.73412898,0.65002275,0.12316863
1764505241.0542336,-4.2728,1.78542,1.31236,-0.73412898,0.65002275,0.12316863
1764505241.0542336,-4.2728,1.78542,1.31236,-0.73412898,0.65002275,0.12316863
1764505241.0542336,-4.2728,1.78542,1.31236,-0.73412898,0.65002275,0.12316863
1764505241.0542336,-4.2728,1.78542,1.31236,-0.73412898,0.65002275,0.12316863
1764505241.0542336,-4.2728,1.78542,1.31236,-0.73412898,0.65002275,0.12316863
1764505241.0542336,-4.2728,1.78542,1.31236,-0.73412898,0.65002275,0.12316863
1764505241.0542336,-4.2728,1.78542,1.31236,-0.73412898,0.65002275,0.12316863
1764505241.0542336,-5.06632,1.6786,0.71722,-0.73388484,0.65014482,0.12341277
1764505241.0542336,-5.06632,1.6786,0.71722,-0.73388484,0.65014482,0.12341277
1764505241.0542336,-5.06632,1.6786,0.71722,-0.73388484,0.65014482,0.12341277
1764505241.0542336,-5.06632,1.6786,0.71722,-0.73388484,0.65014482,0.12341277
1764505241.0542336,-5.06632,1.6786,0.71722,-0.73388484,0.65014482,0.12341277
1764505241.0542336,-5.06632,1.6786,0.71722,-0.73388484,0.65014482,0.12341277
1764505241.0542336,-5.06632,1.6786,0.71722,-0.73388484,0.65014482,0.12341277
1764505241.0542336,-5.06632,1.6786,0.71722,-0.73388484,0.65014482,0.12341277
1764505241.0542336,-5.06632,1.6786,0.71722,-0.73388484,0.65014482,0.12341277
1764505241.0542336,-5.06632,1.6786,0.71722,-0.73388484,0.65014482,0.12341277
1764505241.0997849,-5.73776,1.4039199999999998,0.56462,-0.7336407,0.651548625,0.122497245
1764505241.0997849,-5.73776,1.4039199999999998,0.56462,-0.7336407,0.651548625,0.122497245
1764505241.0997849,-5.73776,1.4039199999999998,0.56462,-0.7336407,0.651548625,0.122497245
1764505241.0997849,-5.73776,1.4039199999999998,0.56462,-0.7336407,0.651548625,0.122497245
1764505241.0997849,-5.73776,1.4039199999999998,0.56462,-0.7336407,0.651548625,0.122497245
1764505241.0997849,-5.73776,1.4039199999999998,0.56462,-0.7336407,0.651548625,0.122497245
1764505241.0997849,-5.73776,1.4039199999999998,0.56462,-0.7336407,0.651548625,0.122497245
1764505241.0997849,-5.73776,1.4039199999999998,0.56462,-0.7336407,0.651548625,0.122497245
1764505241.0997849,-5.73776,1.4039199999999998,0.56462,-0.7336407,0.651548625,0.122497245
1764505241.0997849,-5.73776,1.4039199999999998,0.56462,-0.7336407,0.651548625,0.122497245
1764505241.0997849,-5.98192,1.4039199999999998,0.93086,-0.732236895,0.65136552,0.120788265
1764505241.0997849,-5.98192,1.4039199999999998,0.93086,-0.732236895,0.65136552,0.120788265
1764505241.0997849,-5.98192,1.4039199999999998,0.93086,-0.732236895,0.65136552,0.120788265
1764505241.0997849,-5.98192,1.4039199999999998,0.93086,-0.732236895,0.65136552,0.120788265
1764505241.0997849,-5.98192,1.4039199999999998,0.93086,-0.732236895,0.65136552,0.120788265
1764505241.0997849,-5.98192,1.4039199999999998,0.93086,-0.732236895,0.65136552,0.120788265
1764505241.0997849,-5.98192,1.4039199999999998,0.93086,-0.732236895,0.65136552,0.120788265
1764505241.0997849,-5.98192,1.4039199999999998,0.93086,-0.732236895,0.65136552,0.120788265
1764505241.0997849,-5.98192,1.4039199999999998,0.93086,-0.732236895,0.65136552,0.120788265
1764505241.1018,-5.98192,1.4039199999999998,0.93086,-0.732236895,0.65136552,0.120788265
1764505241.1018,-5.31048,1.54126,1.57178,-0.73095516,0.65087724,0.12011688
1764505241.1018,-5.31048,1.54126,1.57178,-0.73095516,0.65087724,0.12011688
1764505241.1018,-5.31048,1.54126,1.57178,-0.73095516,0.65087724,0.12011688
1764505241.1018,-5.31048,1.54126,1.57178,-0.73095516,0.65087724,0.12011688
1764505241.1502512,-5.31048,1.54126,1.57178,-0.73095516,0.65087724,0.12011688
1764505241.1502512,-5.31048,1.54126,1.57178,-0.73095516,0.65087724,0.12011688
1764505241.1502512,-5.31048,1.54126,1.57178,-0.73095516,0.65087724,0.12011688
1764505241.1502512,-5.31048,1.54126,1.57178,-0.73095516,0.65087724,0.12011688
1764505241.1502512,-5.31048,1.54126,1.57178,-0.73095516,0.65087724,0.12011688
1764505241.1502512,-5.31048,1.54126,1.57178,-0.73095516,0.65087724,0.12011688
1764505241.1502512,-5.58516,1.00716,1.8006799999999998,-0.730405845,0.650083785,0.120910335
1764505241.1502512,-5.58516,1.00716,1.8006799999999998,-0.730405845,0.650083785,0.120910335
1764505241.1502512,-5.58516,1.00716,1.8006799999999998,-0.730405845,0.650083785,0.120910335
1764505241.1502512,-5.58516,1.00716,1.8006799999999998,-0.730405845,0.650083785,0.120910335
1764505241.1502512,-5.58516,1.00716,1.8006799999999998,-0.730405845,0.650083785,0.120910335
1764505241.1502512,-5.58516,1.00716,1.8006799999999998,-0.730405845,0.650083785,0.120910335
1764505241.1502512,-5.58516,1.00716,1.8006799999999998,-0.730405845,0.650083785,0.120910335
1764505241.1502512,-5.58516,1.00716,1.8006799999999998,-0.730405845,0.650083785,0.120910335
1764505241.1502512,-5.58516,1.00716,1.8006799999999998,-0.730405845,0.650083785,0.120910335
1764505241.1502512,-5.58516,1.00716,1.8006799999999998,-0.730405845,0.650083785,0.120910335
1764505241.1502512,-4.99002,1.51074,1.81594,-0.7298565300000001,0.6494124,0.12145965
1764505241.1502512,-4.99002,1.51074,1.81594,-0.7298565300000001,0.6494124,0.12145965
1764505241.1502512,-4.99002,1.51074,1.81594,-0.7298565300000001,0.6494124,0.12145965
1764505241.1502512,-4.99002,1.51074,1.81594,-0.7298565300000001,0.6494124,0.12145965
1764505241.1502512,-4.99002,1.51074,1.81594,-0.7298565300000001,0.6494124,0.12145965
1764505241.1502512,-4.99002,1.51074,1.81594,-0.7298565300000001,0.6494124,0.12145965
1764505241.1502512,-4.99002,1.51074,1.81594,-0.7298565300000001,0.6494124,0.12145965
1764505241.1502512,-4.99002,1.51074,1.81594,-0.7298565300000001,0.6494124,0.12145965
1764505241.1934364,-4.99002,1.51074,1.81594,-0.7298565300000001,0.6494124,0.12145965
1764505241.1944494,-4.99002,1.51074,1.81594,-0.7298565300000001,0.6494124,0.12145965
1764505241.1944494,-5.29522,2.4416,2.09062,-0.7288189350000001,0.64843584,0.12170379
1764505241.1944494,-5.29522,2.4416,2.09062,-0.7288189350000001,0.64843584,0.12170379
1764505241.1944494,-5.29522,2.4416,2.09062,-0.7288189350000001,0.64843584,0.12170379
1764505241.1944494,-5.29522,2.4416,2.09062,-0.7288189350000001,0.64843584,0.12170379
1764505241.1944494,-5.29522,2.4416,2.09062,-0.7288189350000001,0.64843584,0.12170379
1764505241.1944494,-5.29522,2.4416,2.09062,-0.7288189350000001,0.64843584,0.12170379
1764505241.1944494,-5.29522,2.4416,2.09062,-0.7288189350000001,0.64843584,0.12170379
1764505241.1944494,-5.29522,2.4416,2.09062,-0.7288189350000001,0.64843584,0.12170379
1764505241.1944494,-5.29522,2.4416,2.09062,-0.7288189350000001,0.64843584,0.12170379
1764505241.1944494,-5.29522,2.4416,2.09062,-0.7288189350000001,0.64843584,0.12170379
1764505241.1944494,-4.33384,2.27374,2.2127,-0.7298565300000001,0.6486189450000001,0.12036102
1764505241.1944494,-4.33384,2.27374,2.2127,-0.7298565300000001,0.6486189450000001,0.12036102
1764505241.1944494,-4.33384,2.27374,2.2127,-0.7298565300000001,0.6486189450000001,0.12036102
1764505241.1944494,-4.33384,2.27374,2.2127,-0.7298565300000001,0.6486189450000001,0.12036102
1764505241.1944494,-4.33384,2.27374,2.2127,-0.7298565300000001,0.6486189450000001,0.12036102
1764505241.1944494,-4.33384,2.27374,2.2127,-0.7298565300000001,0.6486189450000001,0.12036102
1764505241.1944494,-4.33384,2.27374,2.2127,-0.7298565300000001,0.6486189450000001,0.12036102
1764505241.1944494,-4.33384,2.27374,2.2127,-0.7298565300000001,0.6486189450000001,0.12036102
1764505241.196461,-4.33384,2.27374,2.2127,-0.7298565300000001,0.6486189450000001,0.12036102
1764505241.196461,-4.33384,2.27374,2.2127,-0.7298565300000001,0.6486189450000001,0.12036102
1764505241.196461,-2.8231,1.23606,3.09778,-0.73168758,0.65026689,0.119323425
1764505241.196461,-2.8231,1.23606,3.09778,-0.73168758,0.65026689,0.119323425
1764505241.2410378,-2.8231,1.23606,3.09778,-0.73168758,0.65026689,0.119323425
1764505241.2420535,-2.8231,1.23606,3.09778,-0.73168758,0.65026689,0.119323425
1764505241.2420535,-2.8231,1.23606,3.09778,-0.73168758,0.65026689,0.119323425
1764505241.2420535,-2.8231,1.23606,3.09778,-0.73168758,0.65026689,0.119323425
1764505241.2420535,-2.8231,1.23606,3.09778,-0.73168758,0.65026689,0.119323425
1764505241.2420535,-2.8231,1.23606,3.09778,-0.73168758,0.65026689,0.119323425
1764505241.2420535,-2.8231,1.23606,3.09778,-0.73168758,0.65026689,0.119323425
1764505241.2420535,-2.8231,1.23606,3.09778,-0.73168758,0.65026689,0.119323425
1764505241.2420535,-4.059159999999999,-0.28994,2.15166,-0.73205379,0.651914835,0.11987274
1764505241.2420535,-4.059159999999999,-0.28994,2.15166,-0.73205379,0.651914835,0.11987274
1764505241.2420535,-4.059159999999999,-0.28994,2.15166,-0.73205379,0.651914835,0.11987274
1764505241.2420535,-4.059159999999999,-0.28994,2.15166,-0.73205379,0.651914835,0.11987274
1764505241.2420535,-4.059159999999999,-0.28994,2.15166,-0.73205379,0.651914835,0.11987274
1764505241.2420535,-4.059159999999999,-0.28994,2.15166,-0.73205379,0.651914835,0.11987274
1764505241.2420535,-4.059159999999999,-0.28994,2.15166,-0.73205379,0.651914835,0.11987274
1764505241.2420535,-4.059159999999999,-0.28994,2.15166,-0.73205379,0.651914835,0.11987274
1764505241.2420535,-4.059159999999999,-0.28994,2.15166,-0.73205379,0.651914835,0.11987274
1764505241.2420535,-4.059159999999999,-0.28994,2.15166,-0.73205379,0.651914835,0.11987274
1764505241.2425618,-4.2728,0.71722,1.43444,-0.731870685,0.64990068,0.120299985
1764505241.2425618,-4.2728,0.71722,1.43444,-0.731870685,0.64990068,0.120299985
1764505241.2425618,-4.2728,0.71722,1.43444,-0.731870685,0.64990068,0.120299985
1764505241.2425618,-4.2728,0.71722,1.43444,-0.731870685,0.64990068,0.120299985
1764505241.2882943,-4.2728,0.71722,1.43444,-0.731870685,0.64990068,0.120299985
1764505241.2882943,-4.2728,0.71722,1.43444,-0.731870685,0.64990068,0.120299985
1764505241.2882943,-4.2728,0.71722,1.43444,-0.731870685,0.64990068,0.120299985
1764505241.2882943,-4.2728,0.71722,1.43444,-0.731870685,0.64990068,0.120299985
1764505241.2882943,-4.2728,0.71722,1.43444,-0.731870685,0.64990068,0.120299985
1764505241.2882943,-4.2728,0.71722,1.43444,-0.731870685,0.64990068,0.120299985
1764505241.2882943,-3.93708,2.65524,1.09872,-0.73083309,0.64916826,0.12036102
1764505241.2882943,-3.93708,2.65524,1.09872,-0.73083309,0.64916826,0.12036102
1764505241.2882943,-3.93708,2.65524,1.09872,-0.73083309,0.64916826,0.12036102
1764505241.2882943,-3.93708,2.65524,1.09872,-0.73083309,0.64916826,0.12036102
1764505241.2882943,-3.93708,2.65524,1.09872,-0.73083309,0.64916826,0.12036102
1764505241.2882943,-3.93708,2.65524,1.09872,-0.73083309,0.64916826,0.12036102
1764505241.2882943,-3.93708,2.65524,1.09872,-0.73083309,0.64916826,0.12036102
1764505241.2882943,-3.93708,2.65524,1.09872,-0.73083309,0.64916826,0.12036102
1764505241.2882943,-3.93708,2.65524,1.09872,-0.73083309,0.64916826,0.12036102
1764505241.2882943,-3.93708,2.65524,1.09872,-0.73083309,0.64916826,0.12036102
1764505241.2882943,-3.23512,1.86172,1.72438,-0.73266414,0.647764455,0.11987274
1764505241.2882943,-3.23512,1.86172,1.72438,-0.73266414,0.647764455,0.11987274
1764505241.2882943,-3.23512,1.86172,1.72438,-0.73266414,0.647764455,0.11987274
1764505241.2882943,-3.23512,1.86172,1.72438,-0.73266414,0.647764455,0.11987274
1764505241.2882943,-3.23512,1.86172,1.72438,-0.73266414,0.647764455,0.11987274
1764505241.2882943,-3.23512,1.86172,1.72438,-0.73266414,0.647764455,0.11987274
1764505241.2882943,-3.23512,1.86172,1.72438,-0.73266414,0.647764455,0.11987274
1764505241.2882943,-3.23512,1.86172,1.72438,-0.73266414,0.647764455,0.11987274
1764505241.3339932,-3.23512,1.86172,1.72438,-0.73266414,0.647764455,0.11987274
1764505241.3339932,-3.23512,1.86172,1.72438,-0.73266414,0.647764455,0.11987274
1764505241.3339932,-2.88414,0.3509799999999999,2.50264,-0.732236895,0.647398245,0.11901825
1764505241.3339932,-2.88414,0.3509799999999999,2.50264,-0.732236895,0.647398245,0.11901825
1764505241.3339932,-2.88414,0.3509799999999999,2.50264,-0.732236895,0.647398245,0.11901825
1764505241.3339932,-2.88414,0.3509799999999999,2.50264,-0.732236895,0.647398245,0.11901825
1764505241.33552,-2.88414,0.3509799999999999,2.50264,-0.732236895,0.647398245,0.11901825
1764505241.33552,-2.88414,0.3509799999999999,2.50264,-0.732236895,0.647398245,0.11901825
1764505241.33552,-2.88414,0.3509799999999999,2.50264,-0.732236895,0.647398245,0.11901825
1764505241.33552,-2.88414,0.3509799999999999,2.50264,-0.732236895,0.647398245,0.11901825
1764505241.33552,-2.88414,0.3509799999999999,2.50264,-0.732236895,0.647398245,0.11901825
1764505241.33552,-2.88414,0.3509799999999999,2.50264,-0.732236895,0.647398245,0.11901825
1764505241.3365958,-2.2127,1.49548,2.1364,-0.731260335,0.646909965,0.119567565
1764505241.3365958,-2.2127,1.49548,2.1364,-0.731260335,0.646909965,0.119567565
1764505241.3365958,-2.2127,1.49548,2.1364,-0.731260335,0.646909965,0.119567565
1764505241.3365958,-2.2127,1.49548,2.1364,-0.731260335,0.646909965,0.119567565
1764505241.3365958,-2.2127,1.49548,2.1364,-0.731260335,0.646909965,0.119567565
1764505241.3376036,-2.2127,1.49548,2.1364,-0.731260335,0.646909965,0.119567565
1764505241.3376036,-2.2127,1.49548,2.1364,-0.731260335,0.646909965,0.119567565
1764505241.3376036,-2.2127,1.49548,2.1364,-0.731260335,0.646909965,0.119567565
1764505241.3376036,-2.2127,1.49548,2.1364,-0.731260335,0.646909965,0.119567565
1764505241.3376036,-2.2127,1.49548,2.1364,-0.731260335,0.646909965,0.119567565
1764505241.37939,-2.45686,2.22796,1.19028,-0.732358965,0.6470320350000001,0.119567565
1764505241.37939,-2.45686,2.22796,1.19028,-0.732358965,0.6470320350000001,0.119567565
1764505241.37939,-2.45686,2.22796,1.19028,-0.732358965,0.6470320350000001,0.119567565
1764505241.37939,-2.45686,2.22796,1.19028,-0.732358965,0.6470320350000001,0.119567565
1764505241.37939,-2.45686,2.22796,1.19028,-0.732358965,0.6470320350000001,0.119567565
1764505241.37939,-2.45686,2.22796,1.19028,-0.732358965,0.6470320350000001,0.119567565
1764505241.37939,-2.45686,2.22796,1.19028,-0.732358965,0.6470320350000001,0.119567565
1764505241.37939,-2.45686,2.22796,1.19028,-0.732358965,0.6470320350000001,0.119567565
1764505241.37939,-2.45686,2.22796,1.19028,-0.732358965,0.6470320350000001,0.119567565
1764505241.37939,-2.45686,2.22796,1.19028,-0.732358965,0.6470320350000001,0.119567565
1764505241.37939,-2.12114,1.87698,0.57988,-0.7336407,0.64782549,0.11938446
1764505241.37939,-2.12114,1.87698,0.57988,-0.7336407,0.64782549,0.11938446
1764505241.37939,-2.12114,1.87698,0.57988,-0.7336407,0.64782549,0.11938446
1764505241.37939,-2.12114,1.87698,0.57988,-0.7336407,0.64782549,0.11938446
1764505241.37939,-2.12114,1.87698,0.57988,-0.7336407,0.64782549,0.11938446
1764505241.3799307,-2.12114,1.87698,0.57988,-0.7336407,0.64782549,0.11938446
1764505241.3799307,-2.12114,1.87698,0.57988,-0.7336407,0.64782549,0.11938446
1764505241.3799307,-2.12114,1.87698,0.57988,-0.7336407,0.64782549,0.11938446
1764505241.3799307,-2.12114,1.87698,0.57988,-0.7336407,0.64782549,0.11938446
1764505241.3799307,-2.12114,1.87698,0.57988,-0.7336407,0.64782549,0.11938446
1764505241.3799307,-1.15976,0.73248,0.6714399999999999,-0.734190015,0.6486189450000001,0.120055845
1764505241.3799307,-1.15976,0.73248,0.6714399999999999,-0.734190015,0.6486189450000001,0.120055845
1764505241.3799307,-1.15976,0.73248,0.6714399999999999,-0.734190015,0.6486189450000001,0.120055845
1764505241.3799307,-1.15976,0.73248,0.6714399999999999,-0.734190015,0.6486189450000001,0.120055845
1764505241.425893,-1.15976,0.73248,0.6714399999999999,-0.734190015,0.6486189450000001,0.120055845
1764505241.425893,-1.15976,0.73248,0.6714399999999999,-0.734190015,0.6486189450000001,0.120055845
1764505241.425893,-1.15976,0.73248,0.6714399999999999,-0.734190015,0.6486189450000001,0.120055845
1764505241.425893,-1.15976,0.73248,0.6714399999999999,-0.734190015,0.6486189450000001,0.120055845
1764505241.426896,-1.15976,0.73248,0.6714399999999999,-0.734190015,0.6486189450000001,0.120055845
1764505241.426896,-1.15976,0.73248,0.6714399999999999,-0.734190015,0.6486189450000001,0.120055845
1764505241.426896,-0.41202,0.59514,1.2055399999999998,-0.733457595,0.6506331,0.12036102
1764505241.426896,-0.41202,0.59514,1.2055399999999998,-0.733457595,0.6506331,0.12036102
1764505241.426896,-0.41202,0.59514,1.2055399999999998,-0.733457595,0.6506331,0.12036102
1764505241.426896,-0.41202,0.59514,1.2055399999999998,-0.733457595,0.6506331,0.12036102
1764505241.426896,-0.41202,0.59514,1.2055399999999998,-0.733457595,0.6506331,0.12036102
1764505241.426896,-0.41202,0.59514,1.2055399999999998,-0.733457595,0.6506331,0.12036102
1764505241.426896,-0.41202,0.59514,1.2055399999999998,-0.733457595,0.6506331,0.12036102
1764505241.4278977,-0.41202,0.59514,1.2055399999999998,-0.733457595,0.6506331,0.12036102
1764505241.4278977,-0.41202,0.59514,1.2055399999999998,-0.733457595,0.6506331,0.12036102
1764505241.4278977,-0.41202,0.59514,1.2055399999999998,-0.733457595,0.6506331,0.12036102
1764505241.4278977,-0.96138,0.7019599999999999,1.25132,-0.732236895,0.65283036,0.121886895
1764505241.4278977,-0.96138,0.7019599999999999,1.25132,-0.732236895,0.65283036,0.121886895
1764505241.4278977,-0.96138,0.7019599999999999,1.25132,-0.732236895,0.65283036,0.121886895
1764505241.4278977,-0.96138,0.7019599999999999,1.25132,-0.732236895,0.65283036,0.121886895
1764505241.4278977,-0.96138,0.7019599999999999,1.25132,-0.732236895,0.65283036,0.121886895
1764505241.4278977,-0.96138,0.7019599999999999,1.25132,-0.732236895,0.65283036,0.121886895
1764505241.4740243,-0.96138,0.7019599999999999,1.25132,-0.732236895,0.65283036,0.121886895
1764505241.4740243,-0.96138,0.7019599999999999,1.25132,-0.732236895,0.65283036,0.121886895
1764505241.4740243,-0.96138,0.7019599999999999,1.25132,-0.732236895,0.65283036,0.121886895
1764505241.4740243,-0.96138,0.7019599999999999,1.25132,-0.732236895,0.65283036,0.121886895
1764505241.475006,-1.96854,1.25132,1.2208,-0.731138265,0.652769325,0.12194793
1764505241.475006,-1.96854,1.25132,1.2208,-0.731138265,0.652769325,0.12194793
1764505241.475006,-1.96854,1.25132,1.2208,-0.731138265,0.652769325,0.12194793
1764505241.475006,-1.96854,1.25132,1.2208,-0.731138265,0.652769325,0.12194793
1764505241.475006,-1.96854,1.25132,1.2208,-0.731138265,0.652769325,0.12194793
1764505241.475006,-1.96854,1.25132,1.2208,-0.731138265,0.652769325,0.12194793
1764505241.476007,-1.96854,1.25132,1.2208,-0.731138265,0.652769325,0.12194793
1764505241.476007,-1.96854,1.25132,1.2208,-0.731138265,0.652769325,0.12194793
1764505241.476007,-1.96854,1.25132,1.2208,-0.731138265,0.652769325,0.12194793
1764505241.476007,-1.96854,1.25132,1.2208,-0.731138265,0.652769325,0.12194793
1764505241.476007,-2.04484,0.48832,0.9156,-0.73095516,0.652525185,0.120788265
1764505241.476007,-2.04484,0.48832,0.9156,-0.73095516,0.652525185,0.120788265
1764505241.476007,-2.04484,0.48832,0.9156,-0.73095516,0.652525185,0.120788265
1764505241.476007,-2.04484,0.48832,0.9156,-0.73095516,0.652525185,0.120788265
1764505241.4770093,-2.04484,0.48832,0.9156,-0.73095516,0.652525185,0.120788265
1764505241.4770093,-2.04484,0.48832,0.9156,-0.73095516,0.652525185,0.120788265
1764505241.4770093,-2.04484,0.48832,0.9156,-0.73095516,0.652525185,0.120788265
1764505241.4770093,-2.04484,0.48832,0.9156,-0.73095516,0.652525185,0.120788265
1764505241.4770093,-2.04484,0.48832,0.9156,-0.73095516,0.652525185,0.120788265
1764505241.4770093,-2.04484,0.48832,0.9156,-0.73095516,0.652525185,0.120788265
1764505241.5192957,-2.24322,-0.3051999999999999,0.1525999999999999,-0.7303448100000001,0.65258622,0.11987274
1764505241.520294,-2.24322,-0.3051999999999999,0.1525999999999999,-0.7303448100000001,0.65258622,0.11987274
1764505241.5205176,-2.24322,-0.3051999999999999,0.1525999999999999,-0.7303448100000001,0.65258622,0.11987274
1764505241.5205176,-2.24322,-0.3051999999999999,0.1525999999999999,-0.7303448100000001,0.65258622,0.11987274
1764505241.5205176,-2.24322,-0.3051999999999999,0.1525999999999999,-0.7303448100000001,0.65258622,0.11987274
1764505241.5205176,-2.24322,-0.3051999999999999,0.1525999999999999,-0.7303448100000001,0.65258622,0.11987274
1764505241.5205176,-2.24322,-0.3051999999999999,0.1525999999999999,-0.7303448100000001,0.65258622,0.11987274
1764505241.5205176,-2.24322,-0.3051999999999999,0.1525999999999999,-0.7303448100000001,0.65258622,0.11987274
1764505241.5205176,-2.24322,-0.3051999999999999,0.1525999999999999,-0.7303448100000001,0.65258622,0.11987274
1764505241.5220258,-2.24322,-0.3051999999999999,0.1525999999999999,-0.7303448100000001,0.65258622,0.11987274
1764505241.5220258,-1.2971,0.25942,-0.1525999999999999,-0.729917565,0.65234208,0.120422055
1764505241.5220258,-1.2971,0.25942,-0.1525999999999999,-0.729917565,0.65234208,0.120422055
1764505241.5220258,-1.2971,0.25942,-0.1525999999999999,-0.729917565,0.65234208,0.120422055
1764505241.5220258,-1.2971,0.25942,-0.1525999999999999,-0.729917565,0.65234208,0.120422055
1764505241.5220258,-1.2971,0.25942,-0.1525999999999999,-0.729917565,0.65234208,0.120422055
1764505241.5220258,-1.2971,0.25942,-0.1525999999999999,-0.729917565,0.65234208,0.120422055
1764505241.5220258,-1.2971,0.25942,-0.1525999999999999,-0.729917565,0.65234208,0.120422055
1764505241.5220258,-1.2971,0.25942,-0.1525999999999999,-0.729917565,0.65234208,0.120422055
1764505241.5230408,-1.2971,0.25942,-0.1525999999999999,-0.729917565,0.65234208,0.120422055
1764505241.5230408,-1.2971,0.25942,-0.1525999999999999,-0.729917565,0.65234208,0.120422055
1764505241.5230408,0.06104,0.1525999999999999,0.3357199999999999,-0.72949032,0.65246415,0.121154475
1764505241.5230408,0.06104,0.1525999999999999,0.3357199999999999,-0.72949032,0.65246415,0.121154475
1764505241.5230408,0.06104,0.1525999999999999,0.3357199999999999,-0.72949032,0.65246415,0.121154475
1764505241.5230408,0.06104,0.1525999999999999,0.3357199999999999,-0.72949032,0.65246415,0.121154475
1764505241.5671227,0.06104,0.1525999999999999,0.3357199999999999,-0.72949032,0.65246415,0.121154475
1764505241.5671227,0.06104,0.1525999999999999,0.3357199999999999,-0.72949032,0.65246415,0.121154475
1764505241.5671227,0.06104,0.1525999999999999,0.3357199999999999,-0.72949032,0.65246415,0.121154475
1764505241.5671227,0.06104,0.1525999999999999,0.3357199999999999,-0.72949032,0.65246415,0.121154475
1764505241.5671227,0.06104,0.1525999999999999,0.3357199999999999,-0.72949032,0.65246415,0.121154475
1764505241.5671227,0.06104,0.1525999999999999,0.3357199999999999,-0.72949032,0.65246415,0.121154475
1764505241.5671227,-0.41202,-0.41202,0.4578,-0.73022274,0.65295243,0.120910335
1764505241.5671227,-0.41202,-0.41202,0.4578,-0.73022274,0.65295243,0.120910335
1764505241.5671227,-0.41202,-0.41202,0.4578,-0.73022274,0.65295243,0.120910335
1764505241.5671227,-0.41202,-0.41202,0.4578,-0.73022274,0.65295243,0.120910335
1764505241.5682113,-0.41202,-0.41202,0.4578,-0.73022274,0.65295243,0.120910335
1764505241.5682113,-0.41202,-0.41202,0.4578,-0.73022274,0.65295243,0.120910335
1764505241.5682113,-0.41202,-0.41202,0.4578,-0.73022274,0.65295243,0.120910335
1764505241.5682113,-0.41202,-0.41202,0.4578,-0.73022274,0.65295243,0.120910335
1764505241.5682113,-0.41202,-0.41202,0.4578,-0.73022274,0.65295243,0.120910335
1764505241.5682113,-0.41202,-0.41202,0.4578,-0.73022274,0.65295243,0.120910335
1764505241.5682113,-1.54126,-0.24416,0.0,-0.730283775,0.65576004,0.118957215
1764505241.5692213,-1.54126,-0.24416,0.0,-0.730283775,0.65576004,0.118957215
1764505241.5692213,-1.54126,-0.24416,0.0,-0.730283775,0.65576004,0.118957215
1764505241.5692213,-1.54126,-0.24416,0.0,-0.730283775,0.65576004,0.118957215
1764505241.5692213,-1.54126,-0.24416,0.0,-0.730283775,0.65576004,0.118957215
1764505241.5692213,-1.54126,-0.24416,0.0,-0.730283775,0.65576004,0.118957215
1764505241.610456,-1.54126,-0.24416,0.0,-0.730283775,0.65576004,0.118957215
1764505241.610456,-1.54126,-0.24416,0.0,-0.730283775,0.65576004,0.118957215
1764505241.6119926,-1.54126,-0.24416,0.0,-0.730283775,0.65576004,0.118957215
1764505241.6119926,-1.54126,-0.24416,0.0,-0.730283775,0.65576004,0.118957215
1764505241.6119926,-2.02958,-0.6103999999999999,0.5341,-0.72887997,0.65820144,0.11865204
1764505241.6119926,-2.02958,-0.6103999999999999,0.5341,-0.72887997,0.65820144,0.11865204
1764505241.6119926,-2.02958,-0.6103999999999999,0.5341,-0.72887997,0.65820144,0.11865204
1764505241.6119926,-2.02958,-0.6103999999999999,0.5341,-0.72887997,0.65820144,0.11865204
1764505241.6119926,-2.02958,-0.6103999999999999,0.5341,-0.72887997,0.65820144,0.11865204
1764505241.6119926,-2.02958,-0.6103999999999999,0.5341,-0.72887997,0.65820144,0.11865204
1764505241.6119926,-2.02958,-0.6103999999999999,0.5341,-0.72887997,0.65820144,0.11865204
1764505241.6119926,-2.02958,-0.6103999999999999,0.5341,-0.72887997,0.65820144,0.11865204
1764505241.6119926,-2.02958,-0.6103999999999999,0.5341,-0.72887997,0.65820144,0.11865204
1764505241.6135335,-2.02958,-0.6103999999999999,0.5341,-0.72887997,0.65820144,0.11865204
1764505241.6135335,-3.37246,0.48832,0.6867,-0.7266827100000001,0.65991042,0.117004095
1764505241.6135335,-3.37246,0.48832,0.6867,-0.7266827100000001,0.65991042,0.117004095
1764505241.6135335,-3.37246,0.48832,0.6867,-0.7266827100000001,0.65991042,0.117004095
1764505241.6135335,-3.37246,0.48832,0.6867,-0.7266827100000001,0.65991042,0.117004095
1764505241.6145513,-3.37246,0.48832,0.6867,-0.7266827100000001,0.65991042,0.117004095
1764505241.6155467,-3.37246,0.48832,0.6867,-0.7266827100000001,0.65991042,0.117004095
1764505241.6155467,-3.37246,0.48832,0.6867,-0.7266827100000001,0.65991042,0.117004095
1764505241.6155467,-3.37246,0.48832,0.6867,-0.7266827100000001,0.65991042,0.117004095
1764505241.6155467,-3.37246,0.48832,0.6867,-0.7266827100000001,0.65991042,0.117004095
1764505241.6165454,-3.37246,0.48832,0.6867,-0.7266827100000001,0.65991042,0.117004095
1764505241.6608267,-5.40204,0.8698199999999999,0.6714399999999999,-0.72582822,0.65966628,0.1159665
1764505241.6608267,-5.40204,0.8698199999999999,0.6714399999999999,-0.72582822,0.65966628,0.1159665
1764505241.6608267,-5.40204,0.8698199999999999,0.6714399999999999,-0.72582822,0.65966628,0.1159665
1764505241.6608267,-5.40204,0.8698199999999999,0.6714399999999999,-0.72582822,0.65966628,0.1159665
1764505241.6608267,-5.40204,0.8698199999999999,0.6714399999999999,-0.72582822,0.65966628,0.1159665
1764505241.6608267,-5.40204,0.8698199999999999,0.6714399999999999,-0.72582822,0.65966628,0.1159665
1764505241.6608267,-5.40204,0.8698199999999999,0.6714399999999999,-0.72582822,0.65966628,0.1159665
1764505241.6608267,-5.40204,0.8698199999999999,0.6714399999999999,-0.72582822,0.65966628,0.1159665
1764505241.6608267,-5.40204,0.8698199999999999,0.6714399999999999,-0.72582822,0.65966628,0.1159665
1764505241.6608267,-5.40204,0.8698199999999999,0.6714399999999999,-0.72582822,0.65966628,0.1159665
1764505241.6608267,-5.55464,1.81594,0.93086,-0.726255465,0.657896265,0.11462373
1764505241.6608267,-5.55464,1.81594,0.93086,-0.726255465,0.657896265,0.11462373
1764505241.6608267,-5.55464,1.81594,0.93086,-0.726255465,0.657896265,0.11462373
1764505241.6608267,-5.55464,1.81594,0.93086,-0.726255465,0.657896265,0.11462373
1764505241.6608267,-5.55464,1.81594,0.93086,-0.726255465,0.657896265,0.11462373
1764505241.6608267,-5.55464,1.81594,0.93086,-0.726255465,0.657896265,0.11462373
1764505241.6608267,-5.55464,1.81594,0.93086,-0.726255465,0.657896265,0.11462373
1764505241.6608267,-5.55464,1.81594,0.93086,-0.726255465,0.657896265,0.11462373
1764505241.6608267,-5.55464,1.81594,0.93086,-0.726255465,0.657896265,0.11462373
1764505241.6608267,-5.55464,1.81594,0.93086,-0.726255465,0.657896265,0.11462373
1764505241.6608267,-5.27996,1.8006799999999998,0.79352,-0.72704892,0.65734695,0.113464065
1764505241.6608267,-5.27996,1.8006799999999998,0.79352,-0.72704892,0.65734695,0.113464065
1764505241.6608267,-5.27996,1.8006799999999998,0.79352,-0.72704892,0.65734695,0.113464065
1764505241.6608267,-5.27996,1.8006799999999998,0.79352,-0.72704892,0.65734695,0.113464065
1764505241.7088428,-5.27996,1.8006799999999998,0.79352,-0.72704892,0.65734695,0.113464065
1764505241.7088428,-5.27996,1.8006799999999998,0.79352,-0.72704892,0.65734695,0.113464065
1764505241.7088428,-5.27996,1.8006799999999998,0.79352,-0.72704892,0.65734695,0.113464065
1764505241.7088428,-5.27996,1.8006799999999998,0.79352,-0.72704892,0.65734695,0.113464065
1764505241.7088428,-5.27996,1.8006799999999998,0.79352,-0.72704892,0.65734695,0.113464065
1764505241.7088428,-5.27996,1.8006799999999998,0.79352,-0.72704892,0.65734695,0.113464065
1764505241.7088428,-4.94424,1.3734,0.39676,-0.726743745,0.658140405,0.11364717
1764505241.7088428,-4.94424,1.3734,0.39676,-0.726743745,0.658140405,0.11364717
1764505241.7098427,-4.94424,1.3734,0.39676,-0.726743745,0.658140405,0.11364717
1764505241.7098427,-4.94424,1.3734,0.39676,-0.726743745,0.658140405,0.11364717
1764505241.7098427,-4.94424,1.3734,0.39676,-0.726743745,0.658140405,0.11364717
1764505241.7098427,-4.94424,1.3734,0.39676,-0.726743745,0.658140405,0.11364717
1764505241.7098427,-4.94424,1.3734,0.39676,-0.726743745,0.658140405,0.11364717
1764505241.7098427,-4.94424,1.3734,0.39676,-0.726743745,0.658140405,0.11364717
1764505241.7098427,-4.94424,1.3734,0.39676,-0.726743745,0.658140405,0.11364717
1764505241.7098427,-4.94424,1.3734,0.39676,-0.726743745,0.658140405,0.11364717
1764505241.7098427,-4.1965,1.2971,0.9919,-0.7263165,0.656431425,0.11523408
1764505241.7098427,-4.1965,1.2971,0.9919,-0.7263165,0.656431425,0.11523408
1764505241.7098427,-4.1965,1.2971,0.9919,-0.7263165,0.656431425,0.11523408
1764505241.7098427,-4.1965,1.2971,0.9919,-0.7263165,0.656431425,0.11523408
1764505241.7098427,-4.1965,1.2971,0.9919,-0.7263165,0.656431425,0.11523408
1764505241.7098427,-4.1965,1.2971,0.9919,-0.7263165,0.656431425,0.11523408
1764505241.7098427,-4.1965,1.2971,0.9919,-0.7263165,0.656431425,0.11523408
1764505241.7098427,-4.1965,1.2971,0.9919,-0.7263165,0.656431425,0.11523408
1764505241.7547688,-4.1965,1.2971,0.9919,-0.7263165,0.656431425,0.11523408
1764505241.7547688,-4.1965,1.2971,0.9919,-0.7263165,0.656431425,0.11523408
1764505241.7547688,-3.7387,1.526,1.78542,-0.72729306,0.656187285,0.116271675
1764505241.7547688,-3.7387,1.526,1.78542,-0.72729306,0.656187285,0.116271675
1764505241.7547688,-3.7387,1.526,1.78542,-0.72729306,0.656187285,0.116271675
1764505241.7547688,-3.7387,1.526,1.78542,-0.72729306,0.656187285,0.116271675
1764505241.7547688,-3.7387,1.526,1.78542,-0.72729306,0.656187285,0.116271675
1764505241.7547688,-3.7387,1.526,1.78542,-0.72729306,0.656187285,0.116271675
1764505241.7547688,-3.7387,1.526,1.78542,-0.72729306,0.656187285,0.116271675
1764505241.7547688,-3.7387,1.526,1.78542,-0.72729306,0.656187285,0.116271675
1764505241.7547688,-3.7387,1.526,1.78542,-0.72729306,0.656187285,0.116271675
1764505241.7547688,-3.7387,1.526,1.78542,-0.72729306,0.656187285,0.116271675
1764505241.7547688,-5.52412,1.2055399999999998,2.15166,-0.72717099,0.65807937,0.1159665
1764505241.7547688,-5.52412,1.2055399999999998,2.15166,-0.72717099,0.65807937,0.1159665
1764505241.7547688,-5.52412,1.2055399999999998,2.15166,-0.72717099,0.65807937,0.1159665
1764505241.7547688,-5.52412,1.2055399999999998,2.15166,-0.72717099,0.65807937,0.1159665
1764505241.7547688,-5.52412,1.2055399999999998,2.15166,-0.72717099,0.65807937,0.1159665
1764505241.7547688,-5.52412,1.2055399999999998,2.15166,-0.72717099,0.65807937,0.1159665
1764505241.7547688,-5.52412,1.2055399999999998,2.15166,-0.72717099,0.65807937,0.1159665
1764505241.7547688,-5.52412,1.2055399999999998,2.15166,-0.72717099,0.65807937,0.1159665
1764505241.7547688,-5.52412,1.2055399999999998,2.15166,-0.72717099,0.65807937,0.1159665
1764505241.7547688,-5.52412,1.2055399999999998,2.15166,-0.72717099,0.65807937,0.1159665
1764505241.800643,-6.66862,1.6786,1.78542,-0.72765927,0.66003249,0.11462373
1764505241.800643,-6.66862,1.6786,1.78542,-0.72765927,0.66003249,0.11462373
1764505241.800643,-6.66862,1.6786,1.78542,-0.72765927,0.66003249,0.11462373
1764505241.800643,-6.66862,1.6786,1.78542,-0.72765927,0.66003249,0.11462373
1764505241.800643,-6.66862,1.6786,1.78542,-0.72765927,0.66003249,0.11462373
1764505241.800643,-6.66862,1.6786,1.78542,-0.72765927,0.66003249,0.11462373
1764505241.800643,-6.66862,1.6786,1.78542,-0.72765927,0.66003249,0.11462373
1764505241.800643,-6.66862,1.6786,1.78542,-0.72765927,0.66003249,0.11462373
1764505241.800643,-6.66862,1.6786,1.78542,-0.72765927,0.66003249,0.11462373
1764505241.800643,-6.66862,1.6786,1.78542,-0.72765927,0.66003249,0.11462373
1764505241.800643,-7.0196,2.18218,1.49548,-0.727476165,0.65991042,0.114196485
1764505241.800643,-7.0196,2.18218,1.49548,-0.727476165,0.65991042,0.114196485
1764505241.800643,-7.0196,2.18218,1.49548,-0.727476165,0.65991042,0.114196485
1764505241.800643,-7.0196,2.18218,1.49548,-0.727476165,0.65991042,0.114196485
1764505241.800643,-7.0196,2.18218,1.49548,-0.727476165,0.65991042,0.114196485
1764505241.800643,-7.0196,2.18218,1.49548,-0.727476165,0.65991042,0.114196485
1764505241.800643,-7.0196,2.18218,1.49548,-0.727476165,0.65991042,0.114196485
1764505241.8032188,-7.0196,2.18218,1.49548,-0.727476165,0.65991042,0.114196485
1764505241.8032188,-7.0196,2.18218,1.49548,-0.727476165,0.65991042,0.114196485
1764505241.8032188,-7.0196,2.18218,1.49548,-0.727476165,0.65991042,0.114196485
1764505241.8032188,-5.00528,1.92276,2.16692,-0.72802548,0.65759109,0.11535615
1764505241.8032188,-5.00528,1.92276,2.16692,-0.72802548,0.65759109,0.11535615
1764505241.8032188,-5.00528,1.92276,2.16692,-0.72802548,0.65759109,0.11535615
1764505241.8032188,-5.00528,1.92276,2.16692,-0.72802548,0.65759109,0.11535615
1764505241.848638,-5.00528,1.92276,2.16692,-0.72802548,0.65759109,0.11535615
1764505241.848638,-5.00528,1.92276,2.16692,-0.72802548,0.65759109,0.11535615
1764505241.848638,-5.00528,1.92276,2.16692,-0.72802548,0.65759109,0.11535615
1764505241.848638,-5.00528,1.92276,2.16692,-0.72802548,0.65759109,0.11535615
1764505241.8496528,-5.00528,1.92276,2.16692,-0.72802548,0.65759109,0.11535615
1764505241.8496528,-5.00528,1.92276,2.16692,-0.72802548,0.65759109,0.11535615
1764505241.8496528,-5.4936,2.33478,1.6786,-0.7288189350000001,0.654966585,0.116271675
1764505241.8496528,-5.4936,2.33478,1.6786,-0.7288189350000001,0.654966585,0.116271675
1764505241.8496528,-5.4936,2.33478,1.6786,-0.7288189350000001,0.654966585,0.116271675
1764505241.8496528,-5.4936,2.33478,1.6786,-0.7288189350000001,0.654966585,0.116271675
1764505241.8496528,-5.4936,2.33478,1.6786,-0.7288189350000001,0.654966585,0.116271675
1764505241.8496528,-5.4936,2.33478,1.6786,-0.7288189350000001,0.654966585,0.116271675
1764505241.8496528,-5.4936,2.33478,1.6786,-0.7288189350000001,0.654966585,0.116271675
1764505241.8496528,-5.4936,2.33478,1.6786,-0.7288189350000001,0.654966585,0.116271675
1764505241.8496528,-5.4936,2.33478,1.6786,-0.7288189350000001,0.654966585,0.116271675
1764505241.8496528,-5.4936,2.33478,1.6786,-0.7288189350000001,0.654966585,0.116271675
1764505241.8496528,-5.43256,2.31952,1.70912,-0.729185145,0.6543562350000001,0.116637885
1764505241.8511646,-5.43256,2.31952,1.70912,-0.729185145,0.6543562350000001,0.116637885
1764505241.8511646,-5.43256,2.31952,1.70912,-0.729185145,0.6543562350000001,0.116637885
1764505241.8511646,-5.43256,2.31952,1.70912,-0.729185145,0.6543562350000001,0.116637885
1764505241.8511646,-5.43256,2.31952,1.70912,-0.729185145,0.6543562350000001,0.116637885
1764505241.8511646,-5.43256,2.31952,1.70912,-0.729185145,0.6543562350000001,0.116637885
1764505241.8511646,-5.43256,2.31952,1.70912,-0.729185145,0.6543562350000001,0.116637885
1764505241.8511646,-5.43256,2.31952,1.70912,-0.729185145,0.6543562350000001,0.116637885
1764505241.895762,-5.43256,2.31952,1.70912,-0.729185145,0.6543562350000001,0.116637885
1764505241.8962736,-5.43256,2.31952,1.70912,-0.729185145,0.6543562350000001,0.116637885
1764505241.8962736,-5.46308,0.97664,1.84646,-0.730161705,0.6543562350000001,0.117370305
1764505241.8962736,-5.46308,0.97664,1.84646,-0.730161705,0.6543562350000001,0.117370305
1764505241.8962736,-5.46308,0.97664,1.84646,-0.730161705,0.6543562350000001,0.117370305
1764505241.8962736,-5.46308,0.97664,1.84646,-0.730161705,0.6543562350000001,0.117370305
1764505241.8962736,-5.46308,0.97664,1.84646,-0.730161705,0.6543562350000001,0.117370305
1764505241.8962736,-5.46308,0.97664,1.84646,-0.730161705,0.6543562350000001,0.117370305
1764505241.8962736,-5.46308,0.97664,1.84646,-0.730161705,0.6543562350000001,0.117370305
1764505241.8962736,-5.46308,0.97664,1.84646,-0.730161705,0.6543562350000001,0.117370305
1764505241.8962736,-5.46308,0.97664,1.84646,-0.730161705,0.6543562350000001,0.117370305
1764505241.8962736,-5.46308,0.97664,1.84646,-0.730161705,0.6543562350000001,0.117370305
1764505241.8962736,-4.62378,-0.25942,2.16692,-0.729795495,0.65502762,0.118224795
1764505241.8962736,-4.62378,-0.25942,2.16692,-0.729795495,0.65502762,0.118224795
1764505241.8962736,-4.62378,-0.25942,2.16692,-0.729795495,0.65502762,0.118224795
1764505241.8962736,-4.62378,-0.25942,2.16692,-0.729795495,0.65502762,0.118224795
1764505241.8962736,-4.62378,-0.25942,2.16692,-0.729795495,0.65502762,0.118224795
1764505241.8962736,-4.62378,-0.25942,2.16692,-0.729795495,0.65502762,0.118224795
1764505241.8962736,-4.62378,-0.25942,2.16692,-0.729795495,0.65502762,0.118224795
1764505241.8962736,-4.62378,-0.25942,2.16692,-0.729795495,0.65502762,0.118224795
1764505241.8962736,-4.62378,-0.25942,2.16692,-0.729795495,0.65502762,0.118224795
1764505241.8962736,-4.62378,-0.25942,2.16692,-0.729795495,0.65502762,0.118224795
1764505241.8962736,-4.66956,1.12924,2.2127,-0.72741513,0.65368485,0.1184079
1764505241.897287,-4.66956,1.12924,2.2127,-0.72741513,0.65368485,0.1184079
1764505241.9441547,-4.66956,1.12924,2.2127,-0.72741513,0.65368485,0.1184079
1764505241.9441547,-4.66956,1.12924,2.2127,-0.72741513,0.65368485,0.1184079
1764505241.9441547,-4.66956,1.12924,2.2127,-0.72741513,0.65368485,0.1184079
1764505241.9441547,-4.66956,1.12924,2.2127,-0.72741513,0.65368485,0.1184079
1764505241.9441547,-4.66956,1.12924,2.2127,-0.72741513,0.65368485,0.1184079
1764505241.9441547,-4.66956,1.12924,2.2127,-0.72741513,0.65368485,0.1184079
1764505241.9441547,-4.66956,1.12924,2.2127,-0.72741513,0.65368485,0.1184079
1764505241.9441547,-4.66956,1.12924,2.2127,-0.72741513,0.65368485,0.1184079
1764505241.9441547,-4.68482,3.38772,1.61756,-0.726011325,0.65270829,0.11816376
1764505241.9441547,-4.68482,3.38772,1.61756,-0.726011325,0.65270829,0.11816376
1764505241.9441547,-4.68482,3.38772,1.61756,-0.726011325,0.65270829,0.11816376
1764505241.9441547,-4.68482,3.38772,1.61756,-0.726011325,0.65270829,0.11816376
1764505241.9441547,-4.68482,3.38772,1.61756,-0.726011325,0.65270829,0.11816376
1764505241.9441547,-4.68482,3.38772,1.61756,-0.726011325,0.65270829,0.11816376
1764505241.9441547,-4.68482,3.38772,1.61756,-0.726011325,0.65270829,0.11816376
1764505241.9441547,-4.68482,3.38772,1.61756,-0.726011325,0.65270829,0.11816376
1764505241.9441547,-4.68482,3.38772,1.61756,-0.726011325,0.65270829,0.11816376
1764505241.9441547,-4.68482,3.38772,1.61756,-0.726011325,0.65270829,0.11816376
1764505241.9441547,-3.95234,2.4416,2.18218,-0.727842375,0.65344071,0.117248235
1764505241.9441547,-3.95234,2.4416,2.18218,-0.727842375,0.65344071,0.117248235
1764505241.9441547,-3.95234,2.4416,2.18218,-0.727842375,0.65344071,0.117248235
1764505241.9441547,-3.95234,2.4416,2.18218,-0.727842375,0.65344071,0.117248235
1764505241.9861622,-3.95234,2.4416,2.18218,-0.727842375,0.65344071,0.117248235
1764505241.9861622,-3.95234,2.4416,2.18218,-0.727842375,0.65344071,0.117248235
1764505241.9861622,-3.95234,2.4416,2.18218,-0.727842375,0.65344071,0.117248235
1764505241.9861622,-3.95234,2.4416,2.18218,-0.727842375,0.65344071,0.117248235
1764505241.9861622,-3.95234,2.4416,2.18218,-0.727842375,0.65344071,0.117248235
1764505241.9861622,-3.95234,2.4416,2.18218,-0.727842375,0.65344071,0.117248235
1764505241.9861622,-3.76922,1.09872,1.92276,-0.73046688,0.65466141,0.11633271
1764505241.9861622,-3.76922,1.09872,1.92276,-0.73046688,0.65466141,0.11633271
1764505241.9861622,-3.76922,1.09872,1.92276,-0.73046688,0.65466141,0.11633271
1764505241.9861622,-3.76922,1.09872,1.92276,-0.73046688,0.65466141,0.11633271
1764505241.9871578,-3.76922,1.09872,1.92276,-0.73046688,0.65466141,0.11633271
1764505241.9871578,-3.76922,1.09872,1.92276,-0.73046688,0.65466141,0.11633271
1764505241.9871578,-3.76922,1.09872,1.92276,-0.73046688,0.65466141,0.11633271
1764505241.9871578,-3.76922,1.09872,1.92276,-0.73046688,0.65466141,0.11633271
1764505241.9871578,-3.76922,1.09872,1.92276,-0.73046688,0.65466141,0.11633271
1764505241.9871578,-3.76922,1.09872,1.92276,-0.73046688,0.65466141,0.11633271
1764505241.9871578,-4.959499999999999,0.39676,0.8698199999999999,-0.731016195,0.656553495,0.11767548
1764505241.9871578,-4.959499999999999,0.39676,0.8698199999999999,-0.731016195,0.656553495,0.11767548
1764505241.9871578,-4.959499999999999,0.39676,0.8698199999999999,-0.731016195,0.656553495,0.11767548
1764505241.9871578,-4.959499999999999,0.39676,0.8698199999999999,-0.731016195,0.656553495,0.11767548
1764505241.9871578,-4.959499999999999,0.39676,0.8698199999999999,-0.731016195,0.656553495,0.11767548
1764505241.9871578,-4.959499999999999,0.39676,0.8698199999999999,-0.731016195,0.656553495,0.11767548
1764505241.9871578,-4.959499999999999,0.39676,0.8698199999999999,-0.731016195,0.656553495,0.11767548
1764505241.9881651,-4.959499999999999,0.39676,0.8698199999999999,-0.731016195,0.656553495,0.11767548
1764505242.034489,-4.959499999999999,0.39676,0.8698199999999999,-0.731016195,0.656553495,0.11767548
1764505242.034489,-4.959499999999999,0.39676,0.8698199999999999,-0.731016195,0.656553495,0.11767548
1764505242.034489,-4.7306,1.38866,0.04578,-0.7293072150000001,0.654844515,0.11987274
1764505242.034489,-4.7306,1.38866,0.04578,-0.7293072150000001,0.654844515,0.11987274
1764505242.034489,-4.7306,1.38866,0.04578,-0.7293072150000001,0.654844515,0.11987274
1764505242.034489,-4.7306,1.38866,0.04578,-0.7293072150000001,0.654844515,0.11987274
1764505242.034489,-4.7306,1.38866,0.04578,-0.7293072150000001,0.654844515,0.11987274
1764505242.034489,-4.7306,1.38866,0.04578,-0.7293072150000001,0.654844515,0.11987274
1764505242.035754,-4.7306,1.38866,0.04578,-0.7293072150000001,0.654844515,0.11987274
1764505242.035754,-4.7306,1.38866,0.04578,-0.7293072150000001,0.654844515,0.11987274
1764505242.035754,-4.7306,1.38866,0.04578,-0.7293072150000001,0.654844515,0.11987274
1764505242.035754,-4.7306,1.38866,0.04578,-0.7293072150000001,0.654844515,0.11987274
1764505242.035754,-5.29522,2.65524,0.3509799999999999,-0.7275372,0.653013465,0.11938446
1764505242.035754,-5.29522,2.65524,0.3509799999999999,-0.7275372,0.653013465,0.11938446
1764505242.035754,-5.29522,2.65524,0.3509799999999999,-0.7275372,0.653013465,0.11938446
1764505242.035754,-5.29522,2.65524,0.3509799999999999,-0.7275372,0.653013465,0.11938446
1764505242.035754,-5.29522,2.65524,0.3509799999999999,-0.7275372,0.653013465,0.11938446
1764505242.035754,-5.29522,2.65524,0.3509799999999999,-0.7275372,0.653013465,0.11938446
1764505242.035754,-5.29522,2.65524,0.3509799999999999,-0.7275372,0.653013465,0.11938446
1764505242.035754,-5.29522,2.65524,0.3509799999999999,-0.7275372,0.653013465,0.11938446
1764505242.035754,-5.29522,2.65524,0.3509799999999999,-0.7275372,0.653013465,0.11938446
1764505242.035754,-5.29522,2.65524,0.3509799999999999,-0.7275372,0.653013465,0.11938446
1764505242.035754,-4.577999999999999,1.78542,1.73964,-0.727598235,0.65283036,0.11852997
1764505242.035754,-4.577999999999999,1.78542,1.73964,-0.727598235,0.65283036,0.11852997
1764505242.0799146,-4.577999999999999,1.78542,1.73964,-0.727598235,0.65283036,0.11852997
1764505242.0799146,-4.577999999999999,1.78542,1.73964,-0.727598235,0.65283036,0.11852997
1764505242.080927,-4.577999999999999,1.78542,1.73964,-0.727598235,0.65283036,0.11852997
1764505242.080927,-4.577999999999999,1.78542,1.73964,-0.727598235,0.65283036,0.11852997
1764505242.080927,-4.577999999999999,1.78542,1.73964,-0.727598235,0.65283036,0.11852997
1764505242.080927,-4.577999999999999,1.78542,1.73964,-0.727598235,0.65283036,0.11852997
1764505242.080927,-4.577999999999999,1.78542,1.73964,-0.727598235,0.65283036,0.11852997
1764505242.080927,-4.577999999999999,1.78542,1.73964,-0.727598235,0.65283036,0.11852997
1764505242.080927,-4.10494,1.1445,2.76206,-0.72680478,0.653623815,0.11914032
1764505242.080927,-4.10494,1.1445,2.76206,-0.72680478,0.653623815,0.11914032
1764505242.080927,-4.10494,1.1445,2.76206,-0.72680478,0.653623815,0.11914032
1764505242.080927,-4.10494,1.1445,2.76206,-0.72680478,0.653623815,0.11914032
1764505242.080927,-4.10494,1.1445,2.76206,-0.72680478,0.653623815,0.11914032
1764505242.080927,-4.10494,1.1445,2.76206,-0.72680478,0.653623815,0.11914032
1764505242.080927,-4.10494,1.1445,2.76206,-0.72680478,0.653623815,0.11914032
1764505242.080927,-4.10494,1.1445,2.76206,-0.72680478,0.653623815,0.11914032
1764505242.080927,-4.10494,1.1445,2.76206,-0.72680478,0.653623815,0.11914032
1764505242.080927,-4.10494,1.1445,2.76206,-0.72680478,0.653623815,0.11914032
1764505242.081922,-5.096839999999999,1.25132,2.38056,-0.72729306,0.654722445,0.11975067
1764505242.081922,-5.096839999999999,1.25132,2.38056,-0.72729306,0.654722445,0.11975067
1764505242.081922,-5.096839999999999,1.25132,2.38056,-0.72729306,0.654722445,0.11975067
1764505242.081922,-5.096839999999999,1.25132,2.38056,-0.72729306,0.654722445,0.11975067
1764505242.1263382,-5.096839999999999,1.25132,2.38056,-0.72729306,0.654722445,0.11975067
1764505242.1263382,-5.096839999999999,1.25132,2.38056,-0.72729306,0.654722445,0.11975067
1764505242.1263382,-5.096839999999999,1.25132,2.38056,-0.72729306,0.654722445,0.11975067
1764505242.1263382,-5.096839999999999,1.25132,2.38056,-0.72729306,0.654722445,0.11975067
1764505242.1263382,-5.096839999999999,1.25132,2.38056,-0.72729306,0.654722445,0.11975067
1764505242.1263382,-5.096839999999999,1.25132,2.38056,-0.72729306,0.654722445,0.11975067
1764505242.1263382,-6.24134,1.81594,1.31236,-0.727720305,0.654966585,0.12048309
1764505242.1263382,-6.24134,1.81594,1.31236,-0.727720305,0.654966585,0.12048309
1764505242.1263382,-6.24134,1.81594,1.31236,-0.727720305,0.654966585,0.12048309
1764505242.1263382,-6.24134,1.81594,1.31236,-0.727720305,0.654966585,0.12048309
1764505242.1263382,-6.24134,1.81594,1.31236,-0.727720305,0.654966585,0.12048309
1764505242.1263382,-6.24134,1.81594,1.31236,-0.727720305,0.654966585,0.12048309
1764505242.1263382,-6.24134,1.81594,1.31236,-0.727720305,0.654966585,0.12048309
1764505242.1263382,-6.24134,1.81594,1.31236,-0.727720305,0.654966585,0.12048309
1764505242.1263382,-6.24134,1.81594,1.31236,-0.727720305,0.654966585,0.12048309
1764505242.1263382,-6.24134,1.81594,1.31236,-0.727720305,0.654966585,0.12048309
1764505242.1263382,-5.4936,1.19028,0.50358,-0.7272320250000001,0.65380692,0.120788265
1764505242.1263382,-5.4936,1.19028,0.50358,-0.7272320250000001,0.65380692,0.120788265
1764505242.1263382,-5.4936,1.19028,0.50358,-0.7272320250000001,0.65380692,0.120788265
1764505242.1263382,-5.4936,1.19028,0.50358,-0.7272320250000001,0.65380692,0.120788265
1764505242.1263382,-5.4936,1.19028,0.50358,-0.7272320250000001,0.65380692,0.120788265
1764505242.1263382,-5.4936,1.19028,0.50358,-0.7272320250000001,0.65380692,0.120788265
1764505242.127365,-5.4936,1.19028,0.50358,-0.7272320250000001,0.65380692,0.120788265
1764505242.127365,-5.4936,1.19028,0.50358,-0.7272320250000001,0.65380692,0.120788265
1764505242.1754277,-5.4936,1.19028,0.50358,-0.7272320250000001,0.65380692,0.120788265
1764505242.1754277,-5.4936,1.19028,0.50358,-0.7272320250000001,0.65380692,0.120788265
1764505242.1754277,-3.8913,0.85456,1.02242,-0.72765927,0.652769325,0.12097137
1764505242.1754277,-3.8913,0.85456,1.02242,-0.72765927,0.652769325,0.12097137
1764505242.1754277,-3.8913,0.85456,1.02242,-0.72765927,0.652769325,0.12097137
1764505242.1754277,-3.8913,0.85456,1.02242,-0.72765927,0.652769325,0.12097137
1764505242.1754277,-3.8913,0.85456,1.02242,-0.72765927,0.652769325,0.12097137
1764505242.1754277,-3.8913,0.85456,1.02242,-0.72765927,0.652769325,0.12097137
1764505242.1754277,-3.8913,0.85456,1.02242,-0.72765927,0.652769325,0.12097137
1764505242.1754277,-3.8913,0.85456,1.02242,-0.72765927,0.652769325,0.12097137
1764505242.1754277,-3.8913,0.85456,1.02242,-0.72765927,0.652769325,0.12097137
1764505242.1754277,-3.8913,0.85456,1.02242,-0.72765927,0.652769325,0.12097137
1764505242.1754277,-2.5942,0.24416,0.50358,-0.727720305,0.652769325,0.12060516
1764505242.1754277,-2.5942,0.24416,0.50358,-0.727720305,0.652769325,0.12060516
1764505242.1754277,-2.5942,0.24416,0.50358,-0.727720305,0.652769325,0.12060516
1764505242.1754277,-2.5942,0.24416,0.50358,-0.727720305,0.652769325,0.12060516
1764505242.1754277,-2.5942,0.24416,0.50358,-0.727720305,0.652769325,0.12060516
1764505242.1754277,-2.5942,0.24416,0.50358,-0.727720305,0.652769325,0.12060516
1764505242.1754277,-2.5942,0.24416,0.50358,-0.727720305,0.652769325,0.12060516
1764505242.1754277,-2.5942,0.24416,0.50358,-0.727720305,0.652769325,0.12060516
1764505242.1754277,-2.5942,0.24416,0.50358,-0.727720305,0.652769325,0.12060516
1764505242.1754277,-2.5942,0.24416,0.50358,-0.727720305,0.652769325,0.12060516
1764505242.2194915,-2.09062,-0.18312,0.79352,-0.726255465,0.654112095,0.120177915
1764505242.2194915,-2.09062,-0.18312,0.79352,-0.726255465,0.654112095,0.120177915
1764505242.2194915,-2.09062,-0.18312,0.79352,-0.726255465,0.654112095,0.120177915
1764505242.2194915,-2.09062,-0.18312,0.79352,-0.726255465,0.654112095,0.120177915
1764505242.2194915,-2.09062,-0.18312,0.79352,-0.726255465,0.654112095,0.120177915
1764505242.2194915,-2.09062,-0.18312,0.79352,-0.726255465,0.654112095,0.120177915
1764505242.2194915,-2.09062,-0.18312,0.79352,-0.726255465,0.654112095,0.120177915
1764505242.2194915,-2.09062,-0.18312,0.79352,-0.726255465,0.654112095,0.120177915
1764505242.2205029,-2.09062,-0.18312,0.79352,-0.726255465,0.654112095,0.120177915
1764505242.2205029,-2.09062,-0.18312,0.79352,-0.726255465,0.654112095,0.120177915
1764505242.2205029,-3.40298,0.44254,1.4497,-0.72570615,0.65661453,0.118835145
1764505242.2205029,-3.40298,0.44254,1.4497,-0.72570615,0.65661453,0.118835145
1764505242.2205029,-3.40298,0.44254,1.4497,-0.72570615,0.65661453,0.118835145
1764505242.2205029,-3.40298,0.44254,1.4497,-0.72570615,0.65661453,0.118835145
1764505242.2205029,-3.40298,0.44254,1.4497,-0.72570615,0.65661453,0.118835145
1764505242.2205029,-3.40298,0.44254,1.4497,-0.72570615,0.65661453,0.118835145
1764505242.2205029,-3.40298,0.44254,1.4497,-0.72570615,0.65661453,0.118835145
1764505242.2205029,-3.40298,0.44254,1.4497,-0.72570615,0.65661453,0.118835145
1764505242.2205029,-3.40298,0.44254,1.4497,-0.72570615,0.65661453,0.118835145
1764505242.2205029,-3.40298,0.44254,1.4497,-0.72570615,0.65661453,0.118835145
1764505242.2205029,-3.31142,-0.25942,1.6786,-0.726377535,0.65759109,0.117980655
1764505242.2205029,-3.31142,-0.25942,1.6786,-0.726377535,0.65759109,0.117980655
1764505242.2205029,-3.31142,-0.25942,1.6786,-0.726377535,0.65759109,0.117980655
1764505242.2205029,-3.31142,-0.25942,1.6786,-0.726377535,0.65759109,0.117980655
1764505242.2698612,-3.31142,-0.25942,1.6786,-0.726377535,0.65759109,0.117980655
1764505242.2698612,-3.31142,-0.25942,1.6786,-0.726377535,0.65759109,0.117980655
1764505242.2698612,-3.31142,-0.25942,1.6786,-0.726377535,0.65759109,0.117980655
1764505242.270856,-3.31142,-0.25942,1.6786,-0.726377535,0.65759109,0.117980655
1764505242.270856,-3.31142,-0.25942,1.6786,-0.726377535,0.65759109,0.117980655
1764505242.270856,-3.31142,-0.25942,1.6786,-0.726377535,0.65759109,0.117980655
1764505242.270856,-4.47118,0.28994,1.0682,-0.725523045,0.656919705,0.117126165
1764505242.2714276,-4.47118,0.28994,1.0682,-0.725523045,0.656919705,0.117126165
1764505242.2714276,-4.47118,0.28994,1.0682,-0.725523045,0.656919705,0.117126165
1764505242.271638,-4.47118,0.28994,1.0682,-0.725523045,0.656919705,0.117126165
1764505242.271638,-4.47118,0.28994,1.0682,-0.725523045,0.656919705,0.117126165
1764505242.271638,-4.47118,0.28994,1.0682,-0.725523045,0.656919705,0.117126165
1764505242.2721512,-4.47118,0.28994,1.0682,-0.725523045,0.656919705,0.117126165
1764505242.2721512,-4.47118,0.28994,1.0682,-0.725523045,0.656919705,0.117126165
1764505242.2721512,-4.47118,0.28994,1.0682,-0.725523045,0.656919705,0.117126165
1764505242.2721512,-4.47118,0.28994,1.0682,-0.725523045,0.656919705,0.117126165
1764505242.2721512,-5.05106,0.9919,-0.09156,-0.724180275,0.6559431450000001,0.116515815
1764505242.2721512,-5.05106,0.9919,-0.09156,-0.724180275,0.6559431450000001,0.116515815
1764505242.2721512,-5.05106,0.9919,-0.09156,-0.724180275,0.6559431450000001,0.116515815
1764505242.2721512,-5.05106,0.9919,-0.09156,-0.724180275,0.6559431450000001,0.116515815
1764505242.2721512,-5.05106,0.9919,-0.09156,-0.724180275,0.6559431450000001,0.116515815
1764505242.273162,-5.05106,0.9919,-0.09156,-0.724180275,0.6559431450000001,0.116515815
1764505242.273162,-5.05106,0.9919,-0.09156,-0.724180275,0.6559431450000001,0.116515815
1764505242.273162,-5.05106,0.9919,-0.09156,-0.724180275,0.6559431450000001,0.116515815
1764505242.3161676,-5.05106,0.9919,-0.09156,-0.724180275,0.6559431450000001,0.116515815
1764505242.3161676,-5.05106,0.9919,-0.09156,-0.724180275,0.6559431450000001,0.116515815
1764505242.3161676,-4.15072,2.0601,0.09156,-0.72448545,0.6543562350000001,0.11621064
1764505242.3161676,-4.15072,2.0601,0.09156,-0.72448545,0.6543562350000001,0.11621064
1764505242.3161676,-4.15072,2.0601,0.09156,-0.72448545,0.6543562350000001,0.11621064
1764505242.3161676,-4.15072,2.0601,0.09156,-0.72448545,0.6543562350000001,0.11621064
1764505242.3161676,-4.15072,2.0601,0.09156,-0.72448545,0.6543562350000001,0.11621064
1764505242.3161676,-4.15072,2.0601,0.09156,-0.72448545,0.6543562350000001,0.11621064
1764505242.3161676,-4.15072,2.0601,0.09156,-0.72448545,0.6543562350000001,0.11621064
1764505242.3166926,-4.15072,2.0601,0.09156,-0.72448545,0.6543562350000001,0.11621064
1764505242.3166926,-4.15072,2.0601,0.09156,-0.72448545,0.6543562350000001,0.11621064
1764505242.3166926,-4.15072,2.0601,0.09156,-0.72448545,0.6543562350000001,0.11621064
1764505242.3166926,-3.5098,1.84646,0.50358,-0.725034765,0.653257605,0.11621064
1764505242.3166926,-3.5098,1.84646,0.50358,-0.725034765,0.653257605,0.11621064
1764505242.3166926,-3.5098,1.84646,0.50358,-0.725034765,0.653257605,0.11621064
1764505242.3166926,-3.5098,1.84646,0.50358,-0.725034765,0.653257605,0.11621064
1764505242.3166926,-3.5098,1.84646,0.50358,-0.725034765,0.653257605,0.11621064
1764505242.3166926,-3.5098,1.84646,0.50358,-0.725034765,0.653257605,0.11621064
1764505242.3166926,-3.5098,1.84646,0.50358,-0.725034765,0.653257605,0.11621064
1764505242.3166926,-3.5098,1.84646,0.50358,-0.725034765,0.653257605,0.11621064
1764505242.3166926,-3.5098,1.84646,0.50358,-0.725034765,0.653257605,0.11621064
1764505242.3166926,-3.5098,1.84646,0.50358,-0.725034765,0.653257605,0.11621064
1764505242.3166926,-3.23512,1.03768,0.8087799999999999,-0.725767185,0.65441727,0.115539255
1764505242.3166926,-3.23512,1.03768,0.8087799999999999,-0.725767185,0.65441727,0.115539255
1764505242.3593009,-3.23512,1.03768,0.8087799999999999,-0.725767185,0.65441727,0.115539255
1764505242.3603427,-3.23512,1.03768,0.8087799999999999,-0.725767185,0.65441727,0.115539255
1764505242.3603427,-3.23512,1.03768,0.8087799999999999,-0.725767185,0.65441727,0.115539255
1764505242.3603427,-3.23512,1.03768,0.8087799999999999,-0.725767185,0.65441727,0.115539255
1764505242.3603427,-3.23512,1.03768,0.8087799999999999,-0.725767185,0.65441727,0.115539255
1764505242.3603427,-3.23512,1.03768,0.8087799999999999,-0.725767185,0.65441727,0.115539255
1764505242.3603427,-3.23512,1.03768,0.8087799999999999,-0.725767185,0.65441727,0.115539255
1764505242.3603427,-3.23512,1.03768,0.8087799999999999,-0.725767185,0.65441727,0.115539255
1764505242.3603427,-2.9757,0.88508,0.3204599999999999,-0.72582822,0.65514969,0.1159665
1764505242.3603427,-2.9757,0.88508,0.3204599999999999,-0.72582822,0.65514969,0.1159665
1764505242.3603427,-2.9757,0.88508,0.3204599999999999,-0.72582822,0.65514969,0.1159665
1764505242.3603427,-2.9757,0.88508,0.3204599999999999,-0.72582822,0.65514969,0.1159665
1764505242.3603427,-2.9757,0.88508,0.3204599999999999,-0.72582822,0.65514969,0.1159665
1764505242.3603427,-2.9757,0.88508,0.3204599999999999,-0.72582822,0.65514969,0.1159665
1764505242.3603427,-2.9757,0.88508,0.3204599999999999,-0.72582822,0.65514969,0.1159665
1764505242.3603427,-2.9757,0.88508,0.3204599999999999,-0.72582822,0.65514969,0.1159665
1764505242.3603427,-2.9757,0.88508,0.3204599999999999,-0.72582822,0.65514969,0.1159665
1764505242.3603427,-2.9757,0.88508,0.3204599999999999,-0.72582822,0.65514969,0.1159665
1764505242.3603427,-3.17408,0.9003399999999999,-0.03052,-0.725889255,0.65600418,0.11657685
1764505242.3603427,-3.17408,0.9003399999999999,-0.03052,-0.725889255,0.65600418,0.11657685
1764505242.3603427,-3.17408,0.9003399999999999,-0.03052,-0.725889255,0.65600418,0.11657685
1764505242.3603427,-3.17408,0.9003399999999999,-0.03052,-0.725889255,0.65600418,0.11657685
1764505242.4131243,-3.17408,0.9003399999999999,-0.03052,-0.725889255,0.65600418,0.11657685
1764505242.4131243,-3.17408,0.9003399999999999,-0.03052,-0.725889255,0.65600418,0.11657685
1764505242.41388,-3.17408,0.9003399999999999,-0.03052,-0.725889255,0.65600418,0.11657685
1764505242.41388,-3.17408,0.9003399999999999,-0.03052,-0.725889255,0.65600418,0.11657685
1764505242.41388,-3.17408,0.9003399999999999,-0.03052,-0.725889255,0.65600418,0.11657685
1764505242.41388,-3.17408,0.9003399999999999,-0.03052,-0.725889255,0.65600418,0.11657685
1764505242.41388,-3.46402,0.4578,0.0,-0.727354095,0.657652125,0.11694306
1764505242.41388,-3.46402,0.4578,0.0,-0.727354095,0.657652125,0.11694306
1764505242.41388,-3.46402,0.4578,0.0,-0.727354095,0.657652125,0.11694306
1764505242.41388,-3.46402,0.4578,0.0,-0.727354095,0.657652125,0.11694306
1764505242.41388,-3.46402,0.4578,0.0,-0.727354095,0.657652125,0.11694306
1764505242.4148948,-3.46402,0.4578,0.0,-0.727354095,0.657652125,0.11694306
1764505242.4148948,-3.46402,0.4578,0.0,-0.727354095,0.657652125,0.11694306
1764505242.4148948,-3.46402,0.4578,0.0,-0.727354095,0.657652125,0.11694306
1764505242.4148948,-3.46402,0.4578,0.0,-0.727354095,0.657652125,0.11694306
1764505242.4148948,-3.46402,0.4578,0.0,-0.727354095,0.657652125,0.11694306
1764505242.4148948,-3.83026,0.6103999999999999,-1.25132,-0.72607236,0.657774195,0.11682099
1764505242.4148948,-3.83026,0.6103999999999999,-1.25132,-0.72607236,0.657774195,0.11682099
1764505242.4148948,-3.83026,0.6103999999999999,-1.25132,-0.72607236,0.657774195,0.11682099
1764505242.4148948,-3.83026,0.6103999999999999,-1.25132,-0.72607236,0.657774195,0.11682099
1764505242.4158888,-3.83026,0.6103999999999999,-1.25132,-0.72607236,0.657774195,0.11682099
1764505242.4158888,-3.83026,0.6103999999999999,-1.25132,-0.72607236,0.657774195,0.11682099
1764505242.4158888,-3.83026,0.6103999999999999,-1.25132,-0.72607236,0.657774195,0.11682099
1764505242.4158888,-3.83026,0.6103999999999999,-1.25132,-0.72607236,0.657774195,0.11682099
1764505242.4566276,-3.83026,0.6103999999999999,-1.25132,-0.72607236,0.657774195,0.11682099
1764505242.4566276,-3.83026,0.6103999999999999,-1.25132,-0.72607236,0.657774195,0.11682099
1764505242.4566276,-4.31858,1.84646,-2.04484,-0.72436338,0.65807937,0.117492375
1764505242.4566276,-4.31858,1.84646,-2.04484,-0.72436338,0.65807937,0.117492375
1764505242.4566276,-4.31858,1.84646,-2.04484,-0.72436338,0.65807937,0.117492375
1764505242.4566276,-4.31858,1.84646,-2.04484,-0.72436338,0.65807937,0.117492375
1764505242.4566276,-4.31858,1.84646,-2.04484,-0.72436338,0.65807937,0.117492375
1764505242.4566276,-4.31858,1.84646,-2.04484,-0.72436338,0.65807937,0.117492375
1764505242.4566276,-4.31858,1.84646,-2.04484,-0.72436338,0.65807937,0.117492375
1764505242.4566276,-4.31858,1.84646,-2.04484,-0.72436338,0.65807937,0.117492375
1764505242.4566276,-4.31858,1.84646,-2.04484,-0.72436338,0.65807937,0.117492375
1764505242.4566276,-4.31858,1.84646,-2.04484,-0.72436338,0.65807937,0.117492375
1764505242.4566276,-4.68482,1.58704,-2.0601,-0.7235699250000001,0.658872825,0.11791962
1764505242.4566276,-4.68482,1.58704,-2.0601,-0.7235699250000001,0.658872825,0.11791962
1764505242.4566276,-4.68482,1.58704,-2.0601,-0.7235699250000001,0.658872825,0.11791962
1764505242.4566276,-4.68482,1.58704,-2.0601,-0.7235699250000001,0.658872825,0.11791962
1764505242.4566276,-4.68482,1.58704,-2.0601,-0.7235699250000001,0.658872825,0.11791962
1764505242.4566276,-4.68482,1.58704,-2.0601,-0.7235699250000001,0.658872825,0.11791962
1764505242.4566276,-4.68482,1.58704,-2.0601,-0.7235699250000001,0.658872825,0.11791962
1764505242.4566276,-4.68482,1.58704,-2.0601,-0.7235699250000001,0.658872825,0.11791962
1764505242.4566276,-4.68482,1.58704,-2.0601,-0.7235699250000001,0.658872825,0.11791962
1764505242.4566276,-4.68482,1.58704,-2.0601,-0.7235699250000001,0.658872825,0.11791962
1764505242.4566276,-5.0358,1.69386,-1.00716,-0.72424131,0.6601545600000001,0.119079285
1764505242.4566276,-5.0358,1.69386,-1.00716,-0.72424131,0.6601545600000001,0.119079285
1764505242.5034564,-5.0358,1.69386,-1.00716,-0.72424131,0.6601545600000001,0.119079285
1764505242.5034564,-5.0358,1.69386,-1.00716,-0.72424131,0.6601545600000001,0.119079285
1764505242.5034564,-5.0358,1.69386,-1.00716,-0.72424131,0.6601545600000001,0.119079285
1764505242.5034564,-5.0358,1.69386,-1.00716,-0.72424131,0.6601545600000001,0.119079285
1764505242.5034564,-5.0358,1.69386,-1.00716,-0.72424131,0.6601545600000001,0.119079285
1764505242.5034564,-5.0358,1.69386,-1.00716,-0.72424131,0.6601545600000001,0.119079285
1764505242.5034564,-5.0358,1.69386,-1.00716,-0.72424131,0.6601545600000001,0.119079285
1764505242.5034564,-5.0358,1.69386,-1.00716,-0.72424131,0.6601545600000001,0.119079285
1764505242.5034564,-6.80596,1.99906,-1.0682,-0.725156835,0.6616194,0.11767548
1764505242.5034564,-6.80596,1.99906,-1.0682,-0.725156835,0.6616194,0.11767548
1764505242.5034564,-6.80596,1.99906,-1.0682,-0.725156835,0.6616194,0.11767548
1764505242.5034564,-6.80596,1.99906,-1.0682,-0.725156835,0.6616194,0.11767548
1764505242.5034564,-6.80596,1.99906,-1.0682,-0.725156835,0.6616194,0.11767548
1764505242.5034564,-6.80596,1.99906,-1.0682,-0.725156835,0.6616194,0.11767548
1764505242.5034564,-6.80596,1.99906,-1.0682,-0.725156835,0.6616194,0.11767548
1764505242.5034564,-6.80596,1.99906,-1.0682,-0.725156835,0.6616194,0.11767548
1764505242.5034564,-6.80596,1.99906,-1.0682,-0.725156835,0.6616194,0.11767548
1764505242.5034564,-6.80596,1.99906,-1.0682,-0.725156835,0.6616194,0.11767548
1764505242.5044854,-6.928039999999999,2.27374,-0.85456,-0.724790625,0.661070085,0.11694306
1764505242.5044854,-6.928039999999999,2.27374,-0.85456,-0.724790625,0.661070085,0.11694306
1764505242.5044854,-6.928039999999999,2.27374,-0.85456,-0.724790625,0.661070085,0.11694306
1764505242.5044854,-6.928039999999999,2.27374,-0.85456,-0.724790625,0.661070085,0.11694306
1764505242.5509613,-6.928039999999999,2.27374,-0.85456,-0.724790625,0.661070085,0.11694306
1764505242.5509613,-6.928039999999999,2.27374,-0.85456,-0.724790625,0.661070085,0.11694306
1764505242.5509613,-6.928039999999999,2.27374,-0.85456,-0.724790625,0.661070085,0.11694306
1764505242.5509613,-6.928039999999999,2.27374,-0.85456,-0.724790625,0.661070085,0.11694306
1764505242.5519686,-6.928039999999999,2.27374,-0.85456,-0.724790625,0.661070085,0.11694306
1764505242.5519686,-6.928039999999999,2.27374,-0.85456,-0.724790625,0.661070085,0.11694306
1764505242.5519686,-6.01244,2.1364,-1.26658,-0.72411924,0.6580183350000001,0.116882025
1764505242.5519686,-6.01244,2.1364,-1.26658,-0.72411924,0.6580183350000001,0.116882025
1764505242.5519686,-6.01244,2.1364,-1.26658,-0.72411924,0.6580183350000001,0.116882025
1764505242.5519686,-6.01244,2.1364,-1.26658,-0.72411924,0.6580183350000001,0.116882025
1764505242.5519686,-6.01244,2.1364,-1.26658,-0.72411924,0.6580183350000001,0.116882025
1764505242.5519686,-6.01244,2.1364,-1.26658,-0.72411924,0.6580183350000001,0.116882025
1764505242.5519686,-6.01244,2.1364,-1.26658,-0.72411924,0.6580183350000001,0.116882025
1764505242.5519686,-6.01244,2.1364,-1.26658,-0.72411924,0.6580183350000001,0.116882025
1764505242.5519686,-6.01244,2.1364,-1.26658,-0.72411924,0.6580183350000001,0.116882025
1764505242.5519686,-6.01244,2.1364,-1.26658,-0.72411924,0.6580183350000001,0.116882025
1764505242.5519686,-6.21082,2.45686,-0.5341,-0.724790625,0.656065215,0.116882025
1764505242.5519686,-6.21082,2.45686,-0.5341,-0.724790625,0.656065215,0.116882025
1764505242.5519686,-6.21082,2.45686,-0.5341,-0.724790625,0.656065215,0.116882025
1764505242.5519686,-6.21082,2.45686,-0.5341,-0.724790625,0.656065215,0.116882025
1764505242.5519686,-6.21082,2.45686,-0.5341,-0.724790625,0.656065215,0.116882025
1764505242.5519686,-6.21082,2.45686,-0.5341,-0.724790625,0.656065215,0.116882025
1764505242.5519686,-6.21082,2.45686,-0.5341,-0.724790625,0.656065215,0.116882025
1764505242.5519686,-6.21082,2.45686,-0.5341,-0.724790625,0.656065215,0.116882025
1764505242.5967338,-6.21082,2.45686,-0.5341,-0.724790625,0.656065215,0.116882025
1764505242.5967338,-6.21082,2.45686,-0.5341,-0.724790625,0.656065215,0.116882025
1764505242.5967338,-5.53938,2.91466,-0.1525999999999999,-0.726255465,0.65466141,0.11694306
1764505242.5967338,-5.53938,2.91466,-0.1525999999999999,-0.726255465,0.65466141,0.11694306
1764505242.5967338,-5.53938,2.91466,-0.1525999999999999,-0.726255465,0.65466141,0.11694306
1764505242.5967338,-5.53938,2.91466,-0.1525999999999999,-0.726255465,0.65466141,0.11694306
1764505242.5977292,-5.53938,2.91466,-0.1525999999999999,-0.726255465,0.65466141,0.11694306
1764505242.5977292,-5.53938,2.91466,-0.1525999999999999,-0.726255465,0.65466141,0.11694306
1764505242.5977292,-5.53938,2.91466,-0.1525999999999999,-0.726255465,0.65466141,0.11694306
1764505242.5977292,-5.53938,2.91466,-0.1525999999999999,-0.726255465,0.65466141,0.11694306
1764505242.5977292,-5.53938,2.91466,-0.1525999999999999,-0.726255465,0.65466141,0.11694306
1764505242.5977292,-5.53938,2.91466,-0.1525999999999999,-0.726255465,0.65466141,0.11694306
1764505242.5977292,-4.1965,1.78542,0.04578,-0.72765927,0.65380692,0.118224795
1764505242.5977292,-4.1965,1.78542,0.04578,-0.72765927,0.65380692,0.118224795
1764505242.5977292,-4.1965,1.78542,0.04578,-0.72765927,0.65380692,0.118224795
1764505242.5977292,-4.1965,1.78542,0.04578,-0.72765927,0.65380692,0.118224795
1764505242.5977292,-4.1965,1.78542,0.04578,-0.72765927,0.65380692,0.118224795
1764505242.5977292,-4.1965,1.78542,0.04578,-0.72765927,0.65380692,0.118224795
1764505242.5977292,-4.1965,1.78542,0.04578,-0.72765927,0.65380692,0.118224795
1764505242.5977292,-4.1965,1.78542,0.04578,-0.72765927,0.65380692,0.118224795
1764505242.598245,-4.1965,1.78542,0.04578,-0.72765927,0.65380692,0.118224795
1764505242.598245,-4.1965,1.78542,0.04578,-0.72765927,0.65380692,0.118224795
1764505242.598245,-4.21176,2.16692,0.3204599999999999,-0.727354095,0.6543562350000001,0.119689635
1764505242.598245,-4.21176,2.16692,0.3204599999999999,-0.727354095,0.6543562350000001,0.119689635
1764505242.6439743,-4.21176,2.16692,0.3204599999999999,-0.727354095,0.6543562350000001,0.119689635
1764505242.644527,-4.21176,2.16692,0.3204599999999999,-0.727354095,0.6543562350000001,0.119689635
1764505242.644527,-4.21176,2.16692,0.3204599999999999,-0.727354095,0.6543562350000001,0.119689635
1764505242.644527,-4.21176,2.16692,0.3204599999999999,-0.727354095,0.6543562350000001,0.119689635
1764505242.644527,-4.21176,2.16692,0.3204599999999999,-0.727354095,0.6543562350000001,0.119689635
1764505242.644527,-4.21176,2.16692,0.3204599999999999,-0.727354095,0.6543562350000001,0.119689635
1764505242.644527,-4.21176,2.16692,0.3204599999999999,-0.727354095,0.6543562350000001,0.119689635
1764505242.644527,-4.21176,2.16692,0.3204599999999999,-0.727354095,0.6543562350000001,0.119689635
1764505242.644527,-5.12736,3.18934,-0.47306,-0.725278905,0.65453934,0.119445495
1764505242.644527,-5.12736,3.18934,-0.47306,-0.725278905,0.65453934,0.119445495
1764505242.644527,-5.12736,3.18934,-0.47306,-0.725278905,0.65453934,0.119445495
1764505242.644527,-5.12736,3.18934,-0.47306,-0.725278905,0.65453934,0.119445495
1764505242.644527,-5.12736,3.18934,-0.47306,-0.725278905,0.65453934,0.119445495
1764505242.644527,-5.12736,3.18934,-0.47306,-0.725278905,0.65453934,0.119445495
1764505242.644527,-5.12736,3.18934,-0.47306,-0.725278905,0.65453934,0.119445495
1764505242.644527,-5.12736,3.18934,-0.47306,-0.725278905,0.65453934,0.119445495
1764505242.644527,-5.12736,3.18934,-0.47306,-0.725278905,0.65453934,0.119445495
1764505242.644527,-5.12736,3.18934,-0.47306,-0.725278905,0.65453934,0.119445495
1764505242.644527,-4.4254,2.39582,0.41202,-0.727720305,0.65600418,0.11926239
1764505242.644527,-4.4254,2.39582,0.41202,-0.727720305,0.65600418,0.11926239
1764505242.644527,-4.4254,2.39582,0.41202,-0.727720305,0.65600418,0.11926239
1764505242.644527,-4.4254,2.39582,0.41202,-0.727720305,0.65600418,0.11926239
1764505242.644527,-4.4254,2.39582,0.41202,-0.727720305,0.65600418,0.11926239
1764505242.644527,-4.4254,2.39582,0.41202,-0.727720305,0.65600418,0.11926239
1764505242.6885097,-4.4254,2.39582,0.41202,-0.727720305,0.65600418,0.11926239
1764505242.6885097,-4.4254,2.39582,0.41202,-0.727720305,0.65600418,0.11926239
1764505242.6885097,-4.4254,2.39582,0.41202,-0.727720305,0.65600418,0.11926239
1764505242.6885097,-4.4254,2.39582,0.41202,-0.727720305,0.65600418,0.11926239
1764505242.6885097,-4.822159999999999,1.17502,1.35814,-0.729795495,0.658140405,0.118957215
1764505242.6885097,-4.822159999999999,1.17502,1.35814,-0.729795495,0.658140405,0.118957215
1764505242.6885097,-4.822159999999999,1.17502,1.35814,-0.729795495,0.658140405,0.118957215
1764505242.6885097,-4.822159999999999,1.17502,1.35814,-0.729795495,0.658140405,0.118957215
1764505242.6885097,-4.822159999999999,1.17502,1.35814,-0.729795495,0.658140405,0.118957215
1764505242.6885097,-4.822159999999999,1.17502,1.35814,-0.729795495,0.658140405,0.118957215
1764505242.6885097,-4.822159999999999,1.17502,1.35814,-0.729795495,0.658140405,0.118957215
1764505242.6885097,-4.822159999999999,1.17502,1.35814,-0.729795495,0.658140405,0.118957215
1764505242.6885097,-4.822159999999999,1.17502,1.35814,-0.729795495,0.658140405,0.118957215
1764505242.6885097,-4.822159999999999,1.17502,1.35814,-0.729795495,0.658140405,0.118957215
1764505242.6885097,-7.0196,1.32762,0.19838,-0.72961239,0.659849385,0.11901825
1764505242.6885097,-7.0196,1.32762,0.19838,-0.72961239,0.659849385,0.11901825
1764505242.6885097,-7.0196,1.32762,0.19838,-0.72961239,0.659849385,0.11901825
1764505242.689549,-7.0196,1.32762,0.19838,-0.72961239,0.659849385,0.11901825
1764505242.689549,-7.0196,1.32762,0.19838,-0.72961239,0.659849385,0.11901825
1764505242.689549,-7.0196,1.32762,0.19838,-0.72961239,0.659849385,0.11901825
1764505242.689549,-7.0196,1.32762,0.19838,-0.72961239,0.659849385,0.11901825
1764505242.689549,-7.0196,1.32762,0.19838,-0.72961239,0.659849385,0.11901825
1764505242.73888,-7.0196,1.32762,0.19838,-0.72961239,0.659849385,0.11901825
1764505242.73888,-7.0196,1.32762,0.19838,-0.72961239,0.659849385,0.11901825
1764505242.73888,-7.370579999999999,2.57894,-0.4578,-0.7272320250000001,0.65978835,0.11889618
1764505242.739876,-7.370579999999999,2.57894,-0.4578,-0.7272320250000001,0.65978835,0.11889618
1764505242.739876,-7.370579999999999,2.57894,-0.4578,-0.7272320250000001,0.65978835,0.11889618
1764505242.739876,-7.370579999999999,2.57894,-0.4578,-0.7272320250000001,0.65978835,0.11889618
1764505242.739876,-7.370579999999999,2.57894,-0.4578,-0.7272320250000001,0.65978835,0.11889618
1764505242.739876,-7.370579999999999,2.57894,-0.4578,-0.7272320250000001,0.65978835,0.11889618
1764505242.739876,-7.370579999999999,2.57894,-0.4578,-0.7272320250000001,0.65978835,0.11889618
1764505242.739876,-7.370579999999999,2.57894,-0.4578,-0.7272320250000001,0.65978835,0.11889618
1764505242.739876,-7.370579999999999,2.57894,-0.4578,-0.7272320250000001,0.65978835,0.11889618
1764505242.739876,-7.370579999999999,2.57894,-0.4578,-0.7272320250000001,0.65978835,0.11889618
1764505242.739876,-6.653359999999999,2.79258,0.44254,-0.7261944300000001,0.658872825,0.119567565
1764505242.739876,-6.653359999999999,2.79258,0.44254,-0.7261944300000001,0.658872825,0.119567565
1764505242.7859745,-6.653359999999999,2.79258,0.44254,-0.7261944300000001,0.658872825,0.119567565
1764505242.7859745,-6.653359999999999,2.79258,0.44254,-0.7261944300000001,0.658872825,0.119567565
1764505242.7859745,-6.653359999999999,2.79258,0.44254,-0.7261944300000001,0.658872825,0.119567565
1764505242.7869818,-6.653359999999999,2.79258,0.44254,-0.7261944300000001,0.658872825,0.119567565
1764505242.7869818,-6.653359999999999,2.79258,0.44254,-0.7261944300000001,0.658872825,0.119567565
1764505242.7869818,-6.653359999999999,2.79258,0.44254,-0.7261944300000001,0.658872825,0.119567565
1764505242.7869818,-6.653359999999999,2.79258,0.44254,-0.7261944300000001,0.658872825,0.119567565
1764505242.7869818,-6.653359999999999,2.79258,0.44254,-0.7261944300000001,0.658872825,0.119567565
1764505242.7869818,-6.97382,1.8312,1.55652,-0.72643857,0.657163845,0.118468935
1764505242.7879806,-6.97382,1.8312,1.55652,-0.72643857,0.657163845,0.118468935
1764505242.7879806,-6.97382,1.8312,1.55652,-0.72643857,0.657163845,0.118468935
1764505242.7879806,-6.97382,1.8312,1.55652,-0.72643857,0.657163845,0.118468935
1764505242.7879806,-6.97382,1.8312,1.55652,-0.72643857,0.657163845,0.118468935
1764505242.7879806,-6.97382,1.8312,1.55652,-0.72643857,0.657163845,0.118468935
1764505242.7879806,-6.97382,1.8312,1.55652,-0.72643857,0.657163845,0.118468935
1764505242.7879806,-6.97382,1.8312,1.55652,-0.72643857,0.657163845,0.118468935
1764505242.7879806,-6.97382,1.8312,1.55652,-0.72643857,0.657163845,0.118468935
1764505242.7879806,-6.97382,1.8312,1.55652,-0.72643857,0.657163845,0.118468935
1764505242.7879806,-5.27996,1.31236,3.14356,-0.7263165,0.65637039,0.11877411
1764505242.7879806,-5.27996,1.31236,3.14356,-0.7263165,0.65637039,0.11877411
1764505242.7894845,-5.27996,1.31236,3.14356,-0.7263165,0.65637039,0.11877411
1764505242.7894845,-5.27996,1.31236,3.14356,-0.7263165,0.65637039,0.11877411
1764505242.7894845,-5.27996,1.31236,3.14356,-0.7263165,0.65637039,0.11877411
1764505242.7894845,-5.27996,1.31236,3.14356,-0.7263165,0.65637039,0.11877411
1764505242.7894845,-5.27996,1.31236,3.14356,-0.7263165,0.65637039,0.11877411
1764505242.7894845,-5.27996,1.31236,3.14356,-0.7263165,0.65637039,0.11877411
1764505242.7894845,-5.27996,1.31236,3.14356,-0.7263165,0.65637039,0.11877411
1764505242.7894845,-5.27996,1.31236,3.14356,-0.7263165,0.65637039,0.11877411
1764505242.7894845,-5.29522,0.8392999999999999,2.88414,-0.727109955,0.65624832,0.119811705
1764505242.7894845,-5.29522,0.8392999999999999,2.88414,-0.727109955,0.65624832,0.119811705
1764505242.7894845,-5.29522,0.8392999999999999,2.88414,-0.727109955,0.65624832,0.119811705
1764505242.7894845,-5.29522,0.8392999999999999,2.88414,-0.727109955,0.65624832,0.119811705
1764505242.830705,-5.29522,0.8392999999999999,2.88414,-0.727109955,0.65624832,0.119811705
1764505242.830705,-5.29522,0.8392999999999999,2.88414,-0.727109955,0.65624832,0.119811705
1764505242.830705,-5.29522,0.8392999999999999,2.88414,-0.727109955,0.65624832,0.119811705
1764505242.830705,-5.29522,0.8392999999999999,2.88414,-0.727109955,0.65624832,0.119811705
1764505242.830705,-5.29522,0.8392999999999999,2.88414,-0.727109955,0.65624832,0.119811705
1764505242.830705,-5.29522,0.8392999999999999,2.88414,-0.727109955,0.65624832,0.119811705
1764505242.830705,-6.5618,1.526,1.2208,-0.728086515,0.655821075,0.11926239
1764505242.830705,-6.5618,1.526,1.2208,-0.728086515,0.655821075,0.11926239
1764505242.830705,-6.5618,1.526,1.2208,-0.728086515,0.655821075,0.11926239
1764505242.830705,-6.5618,1.526,1.2208,-0.728086515,0.655821075,0.11926239
1764505242.830705,-6.5618,1.526,1.2208,-0.728086515,0.655821075,0.11926239
1764505242.830705,-6.5618,1.526,1.2208,-0.728086515,0.655821075,0.11926239
1764505242.830705,-6.5618,1.526,1.2208,-0.728086515,0.655821075,0.11926239
1764505242.830705,-6.5618,1.526,1.2208,-0.728086515,0.655821075,0.11926239
1764505242.830705,-6.5618,1.526,1.2208,-0.728086515,0.655821075,0.11926239
1764505242.830705,-6.5618,1.526,1.2208,-0.728086515,0.655821075,0.11926239
1764505242.830705,-7.27902,1.9838,0.1678599999999999,-0.727842375,0.65563797,0.119689635
1764505242.830705,-7.27902,1.9838,0.1678599999999999,-0.727842375,0.65563797,0.119689635
1764505242.830705,-7.27902,1.9838,0.1678599999999999,-0.727842375,0.65563797,0.119689635
1764505242.830705,-7.27902,1.9838,0.1678599999999999,-0.727842375,0.65563797,0.119689635
1764505242.830705,-7.27902,1.9838,0.1678599999999999,-0.727842375,0.65563797,0.119689635
1764505242.830705,-7.27902,1.9838,0.1678599999999999,-0.727842375,0.65563797,0.119689635
1764505242.830705,-7.27902,1.9838,0.1678599999999999,-0.727842375,0.65563797,0.119689635
1764505242.830705,-7.27902,1.9838,0.1678599999999999,-0.727842375,0.65563797,0.119689635
1764505242.8752737,-7.27902,1.9838,0.1678599999999999,-0.727842375,0.65563797,0.119689635
1764505242.8752737,-7.27902,1.9838,0.1678599999999999,-0.727842375,0.65563797,0.119689635
1764505242.8760495,-7.065379999999999,1.95328,-0.3357199999999999,-0.72692685,0.654966585,0.120299985
1764505242.8760495,-7.065379999999999,1.95328,-0.3357199999999999,-0.72692685,0.654966585,0.120299985
1764505242.8760495,-7.065379999999999,1.95328,-0.3357199999999999,-0.72692685,0.654966585,0.120299985
1764505242.8760495,-7.065379999999999,1.95328,-0.3357199999999999,-0.72692685,0.654966585,0.120299985
1764505242.8760495,-7.065379999999999,1.95328,-0.3357199999999999,-0.72692685,0.654966585,0.120299985
1764505242.8760495,-7.065379999999999,1.95328,-0.3357199999999999,-0.72692685,0.654966585,0.120299985
1764505242.8765578,-7.065379999999999,1.95328,-0.3357199999999999,-0.72692685,0.654966585,0.120299985
1764505242.888512,-7.065379999999999,1.95328,-0.3357199999999999,-0.72692685,0.654966585,0.120299985
1764505242.888512,-7.065379999999999,1.95328,-0.3357199999999999,-0.72692685,0.654966585,0.120299985
1764505242.8900275,-7.065379999999999,1.95328,-0.3357199999999999,-0.72692685,0.654966585,0.120299985
1764505242.8900275,-6.60758,1.6022999999999998,-0.3051999999999999,-0.725889255,0.654478305,0.12060516
1764505242.8900275,-6.60758,1.6022999999999998,-0.3051999999999999,-0.725889255,0.654478305,0.12060516
1764505242.8910515,-6.60758,1.6022999999999998,-0.3051999999999999,-0.725889255,0.654478305,0.12060516
1764505242.8910515,-6.60758,1.6022999999999998,-0.3051999999999999,-0.725889255,0.654478305,0.12060516
1764505242.892056,-6.60758,1.6022999999999998,-0.3051999999999999,-0.725889255,0.654478305,0.12060516
1764505242.892056,-6.60758,1.6022999999999998,-0.3051999999999999,-0.725889255,0.654478305,0.12060516
1764505242.892056,-6.60758,1.6022999999999998,-0.3051999999999999,-0.725889255,0.654478305,0.12060516
1764505242.892056,-6.60758,1.6022999999999998,-0.3051999999999999,-0.725889255,0.654478305,0.12060516
1764505242.892056,-6.60758,1.6022999999999998,-0.3051999999999999,-0.725889255,0.654478305,0.12060516
1764505242.893181,-6.60758,1.6022999999999998,-0.3051999999999999,-0.725889255,0.654478305,0.12060516
1764505242.8941853,-6.165039999999999,1.70912,0.04578,-0.72656064,0.654600375,0.1196286
1764505242.8941853,-6.165039999999999,1.70912,0.04578,-0.72656064,0.654600375,0.1196286
1764505242.9227057,-6.165039999999999,1.70912,0.04578,-0.72656064,0.654600375,0.1196286
1764505242.9227057,-6.165039999999999,1.70912,0.04578,-0.72656064,0.654600375,0.1196286
1764505242.9227057,-6.165039999999999,1.70912,0.04578,-0.72656064,0.654600375,0.1196286
1764505242.9227057,-6.165039999999999,1.70912,0.04578,-0.72656064,0.654600375,0.1196286
1764505242.9227057,-6.165039999999999,1.70912,0.04578,-0.72656064,0.654600375,0.1196286
1764505242.9227057,-6.165039999999999,1.70912,0.04578,-0.72656064,0.654600375,0.1196286
1764505242.9237294,-6.165039999999999,1.70912,0.04578,-0.72656064,0.654600375,0.1196286
1764505242.9237294,-6.165039999999999,1.70912,0.04578,-0.72656064,0.654600375,0.1196286
1764505242.9237294,-7.00434,2.42634,0.0,-0.72778134,0.654478305,0.118713075
1764505242.9237294,-7.00434,2.42634,0.0,-0.72778134,0.654478305,0.118713075
1764505242.9237294,-7.00434,2.42634,0.0,-0.72778134,0.654478305,0.118713075
1764505242.9237294,-7.00434,2.42634,0.0,-0.72778134,0.654478305,0.118713075
1764505242.9237294,-7.00434,2.42634,0.0,-0.72778134,0.654478305,0.118713075
1764505242.9237294,-7.00434,2.42634,0.0,-0.72778134,0.654478305,0.118713075
1764505242.9237294,-7.00434,2.42634,0.0,-0.72778134,0.654478305,0.118713075
1764505242.9237294,-7.00434,2.42634,0.0,-0.72778134,0.654478305,0.118713075
1764505242.9237294,-7.00434,2.42634,0.0,-0.72778134,0.654478305,0.118713075
1764505242.925237,-7.00434,2.42634,0.0,-0.72778134,0.654478305,0.118713075
1764505242.925237,-5.8751,1.12924,-0.48832,-0.730405845,0.656065215,0.117980655
1764505242.9256504,-5.8751,1.12924,-0.48832,-0.730405845,0.656065215,0.117980655
1764505242.9256504,-5.8751,1.12924,-0.48832,-0.730405845,0.656065215,0.117980655
1764505242.9256504,-5.8751,1.12924,-0.48832,-0.730405845,0.656065215,0.117980655
1764505242.9657354,-5.8751,1.12924,-0.48832,-0.730405845,0.656065215,0.117980655
1764505242.9657354,-5.8751,1.12924,-0.48832,-0.730405845,0.656065215,0.117980655
1764505242.9657354,-5.8751,1.12924,-0.48832,-0.730405845,0.656065215,0.117980655
1764505242.9657354,-5.8751,1.12924,-0.48832,-0.730405845,0.656065215,0.117980655
1764505242.9657354,-5.8751,1.12924,-0.48832,-0.730405845,0.656065215,0.117980655
1764505242.9657354,-5.8751,1.12924,-0.48832,-0.730405845,0.656065215,0.117980655
1764505242.9674692,-6.104,-0.19838,-1.93802,-0.730405845,0.656309355,0.119323425
1764505242.9674692,-6.104,-0.19838,-1.93802,-0.730405845,0.656309355,0.119323425
1764505242.9674692,-6.104,-0.19838,-1.93802,-0.730405845,0.656309355,0.119323425
1764505242.9674692,-6.104,-0.19838,-1.93802,-0.730405845,0.656309355,0.119323425
1764505242.96849,-6.104,-0.19838,-1.93802,-0.730405845,0.656309355,0.119323425
1764505242.96849,-6.104,-0.19838,-1.93802,-0.730405845,0.656309355,0.119323425
1764505242.96849,-6.104,-0.19838,-1.93802,-0.730405845,0.656309355,0.119323425
1764505242.96849,-6.104,-0.19838,-1.93802,-0.730405845,0.656309355,0.119323425
1764505242.96849,-6.104,-0.19838,-1.93802,-0.730405845,0.656309355,0.119323425
1764505242.96849,-6.104,-0.19838,-1.93802,-0.730405845,0.656309355,0.119323425
1764505242.96849,-6.42446,0.57988,-2.62472,-0.72936825,0.654722445,0.12194793
1764505242.96849,-6.42446,0.57988,-2.62472,-0.72936825,0.654722445,0.12194793
1764505242.96849,-6.42446,0.57988,-2.62472,-0.72936825,0.654722445,0.12194793
1764505242.96849,-6.42446,0.57988,-2.62472,-0.72936825,0.654722445,0.12194793
1764505242.9694915,-6.42446,0.57988,-2.62472,-0.72936825,0.654722445,0.12194793
1764505242.9694915,-6.42446,0.57988,-2.62472,-0.72936825,0.654722445,0.12194793
1764505242.9694915,-6.42446,0.57988,-2.62472,-0.72936825,0.654722445,0.12194793
1764505242.9694915,-6.42446,0.57988,-2.62472,-0.72936825,0.654722445,0.12194793
1764505243.0170496,-6.42446,0.57988,-2.62472,-0.72936825,0.654722445,0.12194793
1764505243.0170496,-6.42446,0.57988,-2.62472,-0.72936825,0.654722445,0.12194793
1764505243.0170496,-7.172199999999999,1.93802,-1.87698,-0.728330655,0.653257605,0.12280242
1764505243.0180476,-7.172199999999999,1.93802,-1.87698,-0.728330655,0.653257605,0.12280242
1764505243.0180476,-7.172199999999999,1.93802,-1.87698,-0.728330655,0.653257605,0.12280242
1764505243.0180476,-7.172199999999999,1.93802,-1.87698,-0.728330655,0.653257605,0.12280242
1764505243.018433,-7.172199999999999,1.93802,-1.87698,-0.728330655,0.653257605,0.12280242
1764505243.018433,-7.172199999999999,1.93802,-1.87698,-0.728330655,0.653257605,0.12280242
1764505243.018433,-7.172199999999999,1.93802,-1.87698,-0.728330655,0.653257605,0.12280242
1764505243.018433,-7.172199999999999,1.93802,-1.87698,-0.728330655,0.653257605,0.12280242
1764505243.018433,-7.172199999999999,1.93802,-1.87698,-0.728330655,0.653257605,0.12280242
1764505243.018433,-7.172199999999999,1.93802,-1.87698,-0.728330655,0.653257605,0.12280242
1764505243.018433,-8.118319999999999,2.31952,-0.3051999999999999,-0.72949032,0.6522810450000001,0.12097137
1764505243.018433,-8.118319999999999,2.31952,-0.3051999999999999,-0.72949032,0.6522810450000001,0.12097137
1764505243.018433,-8.118319999999999,2.31952,-0.3051999999999999,-0.72949032,0.6522810450000001,0.12097137
1764505243.018433,-8.118319999999999,2.31952,-0.3051999999999999,-0.72949032,0.6522810450000001,0.12097137
1764505243.019488,-8.118319999999999,2.31952,-0.3051999999999999,-0.72949032,0.6522810450000001,0.12097137
1764505243.019488,-8.118319999999999,2.31952,-0.3051999999999999,-0.72949032,0.6522810450000001,0.12097137
1764505243.019488,-8.118319999999999,2.31952,-0.3051999999999999,-0.72949032,0.6522810450000001,0.12097137
1764505243.019488,-8.118319999999999,2.31952,-0.3051999999999999,-0.72949032,0.6522810450000001,0.12097137
1764505243.019488,-8.118319999999999,2.31952,-0.3051999999999999,-0.72949032,0.6522810450000001,0.12097137
1764505243.019488,-8.118319999999999,2.31952,-0.3051999999999999,-0.72949032,0.6522810450000001,0.12097137
1764505243.0647058,-6.85174,0.4578,-0.28994,-0.729917565,0.65112138,0.119689635
1764505243.0647058,-6.85174,0.4578,-0.28994,-0.729917565,0.65112138,0.119689635
1764505243.0647058,-6.85174,0.4578,-0.28994,-0.729917565,0.65112138,0.119689635
1764505243.0647058,-6.85174,0.4578,-0.28994,-0.729917565,0.65112138,0.119689635
1764505243.0647058,-6.85174,0.4578,-0.28994,-0.729917565,0.65112138,0.119689635
1764505243.0647058,-6.85174,0.4578,-0.28994,-0.729917565,0.65112138,0.119689635
1764505243.0647058,-6.85174,0.4578,-0.28994,-0.729917565,0.65112138,0.119689635
1764505243.0647058,-6.85174,0.4578,-0.28994,-0.729917565,0.65112138,0.119689635
1764505243.0647058,-6.85174,0.4578,-0.28994,-0.729917565,0.65112138,0.119689635
1764505243.0647058,-6.85174,0.4578,-0.28994,-0.729917565,0.65112138,0.119689635
1764505243.0647058,-4.41014,-0.77826,-0.13734,-0.72961239,0.64990068,0.119201355
1764505243.0647058,-4.41014,-0.77826,-0.13734,-0.72961239,0.64990068,0.119201355
1764505243.0647058,-4.41014,-0.77826,-0.13734,-0.72961239,0.64990068,0.119201355
1764505243.0647058,-4.41014,-0.77826,-0.13734,-0.72961239,0.64990068,0.119201355
1764505243.0647058,-4.41014,-0.77826,-0.13734,-0.72961239,0.64990068,0.119201355
1764505243.0647058,-4.41014,-0.77826,-0.13734,-0.72961239,0.64990068,0.119201355
1764505243.0647058,-4.41014,-0.77826,-0.13734,-0.72961239,0.64990068,0.119201355
1764505243.0647058,-4.41014,-0.77826,-0.13734,-0.72961239,0.64990068,0.119201355
1764505243.0647058,-4.41014,-0.77826,-0.13734,-0.72961239,0.64990068,0.119201355
1764505243.0647058,-4.41014,-0.77826,-0.13734,-0.72961239,0.64990068,0.119201355
1764505243.0647058,-2.24322,-0.50358,-0.3051999999999999,-0.72912411,0.6480696300000001,0.118102725
1764505243.0647058,-2.24322,-0.50358,-0.3051999999999999,-0.72912411,0.6480696300000001,0.118102725
1764505243.0647058,-2.24322,-0.50358,-0.3051999999999999,-0.72912411,0.6480696300000001,0.118102725
1764505243.0647058,-2.24322,-0.50358,-0.3051999999999999,-0.72912411,0.6480696300000001,0.118102725
1764505243.1075346,-2.24322,-0.50358,-0.3051999999999999,-0.72912411,0.6480696300000001,0.118102725
1764505243.1075346,-2.24322,-0.50358,-0.3051999999999999,-0.72912411,0.6480696300000001,0.118102725
1764505243.1075346,-2.24322,-0.50358,-0.3051999999999999,-0.72912411,0.6480696300000001,0.118102725
1764505243.1075346,-2.24322,-0.50358,-0.3051999999999999,-0.72912411,0.6480696300000001,0.118102725
1764505243.1075346,-2.24322,-0.50358,-0.3051999999999999,-0.72912411,0.6480696300000001,0.118102725
1764505243.1075346,-2.24322,-0.50358,-0.3051999999999999,-0.72912411,0.6480696300000001,0.118102725
1764505243.1081765,-0.48832,-0.09156,0.3509799999999999,-0.727964445,0.646665825,0.118468935
1764505243.1081765,-0.48832,-0.09156,0.3509799999999999,-0.727964445,0.646665825,0.118468935
1764505243.1081765,-0.48832,-0.09156,0.3509799999999999,-0.727964445,0.646665825,0.118468935
1764505243.1081765,-0.48832,-0.09156,0.3509799999999999,-0.727964445,0.646665825,0.118468935
1764505243.1081765,-0.48832,-0.09156,0.3509799999999999,-0.727964445,0.646665825,0.118468935
1764505243.1081765,-0.48832,-0.09156,0.3509799999999999,-0.727964445,0.646665825,0.118468935
1764505243.1081765,-0.48832,-0.09156,0.3509799999999999,-0.727964445,0.646665825,0.118468935
1764505243.1081765,-0.48832,-0.09156,0.3509799999999999,-0.727964445,0.646665825,0.118468935
1764505243.1081765,-0.48832,-0.09156,0.3509799999999999,-0.727964445,0.646665825,0.118468935
1764505243.1081765,-0.48832,-0.09156,0.3509799999999999,-0.727964445,0.646665825,0.118468935
1764505243.1081765,-0.27468,-0.06104,-0.25942,-0.728086515,0.6475813500000001,0.119201355
1764505243.1081765,-0.27468,-0.06104,-0.25942,-0.728086515,0.6475813500000001,0.119201355
1764505243.1081765,-0.27468,-0.06104,-0.25942,-0.728086515,0.6475813500000001,0.119201355
1764505243.1081765,-0.27468,-0.06104,-0.25942,-0.728086515,0.6475813500000001,0.119201355
1764505243.1081765,-0.27468,-0.06104,-0.25942,-0.728086515,0.6475813500000001,0.119201355
1764505243.1081765,-0.27468,-0.06104,-0.25942,-0.728086515,0.6475813500000001,0.119201355
1764505243.1081765,-0.27468,-0.06104,-0.25942,-0.728086515,0.6475813500000001,0.119201355
1764505243.1081765,-0.27468,-0.06104,-0.25942,-0.728086515,0.6475813500000001,0.119201355
1764505243.1547422,-0.27468,-0.06104,-0.25942,-0.728086515,0.6475813500000001,0.119201355
1764505243.1547422,-0.27468,-0.06104,-0.25942,-0.728086515,0.6475813500000001,0.119201355
1764505243.1547422,-0.97664,0.28994,-0.54936,-0.726499605,0.65136552,0.12060516
1764505243.1547422,-0.97664,0.28994,-0.54936,-0.726499605,0.65136552,0.12060516
1764505243.1547422,-0.97664,0.28994,-0.54936,-0.726499605,0.65136552,0.12060516
1764505243.1547422,-0.97664,0.28994,-0.54936,-0.726499605,0.65136552,0.12060516
1764505243.1547422,-0.97664,0.28994,-0.54936,-0.726499605,0.65136552,0.12060516
1764505243.1547422,-0.97664,0.28994,-0.54936,-0.726499605,0.65136552,0.12060516
1764505243.1547422,-0.97664,0.28994,-0.54936,-0.726499605,0.65136552,0.12060516
1764505243.155764,-0.97664,0.28994,-0.54936,-0.726499605,0.65136552,0.12060516
1764505243.155764,-0.97664,0.28994,-0.54936,-0.726499605,0.65136552,0.12060516
1764505243.155764,-0.97664,0.28994,-0.54936,-0.726499605,0.65136552,0.12060516
1764505243.155764,-3.21986,1.9075,-0.50358,-0.724180275,0.654966585,0.121642755
1764505243.155764,-3.21986,1.9075,-0.50358,-0.724180275,0.654966585,0.121642755
1764505243.155764,-3.21986,1.9075,-0.50358,-0.724180275,0.654966585,0.121642755
1764505243.155764,-3.21986,1.9075,-0.50358,-0.724180275,0.654966585,0.121642755
1764505243.155764,-3.21986,1.9075,-0.50358,-0.724180275,0.654966585,0.121642755
1764505243.155764,-3.21986,1.9075,-0.50358,-0.724180275,0.654966585,0.121642755
1764505243.155764,-3.21986,1.9075,-0.50358,-0.724180275,0.654966585,0.121642755
1764505243.15675,-3.21986,1.9075,-0.50358,-0.724180275,0.654966585,0.121642755
1764505243.15675,-3.21986,1.9075,-0.50358,-0.724180275,0.654966585,0.121642755
1764505243.15675,-3.21986,1.9075,-0.50358,-0.724180275,0.654966585,0.121642755
1764505243.157749,-3.99812,2.3653,0.3051999999999999,-0.7235699250000001,0.6569807400000001,0.12316863
1764505243.157749,-3.99812,2.3653,0.3051999999999999,-0.7235699250000001,0.6569807400000001,0.12316863
1764505243.2006788,-3.99812,2.3653,0.3051999999999999,-0.7235699250000001,0.6569807400000001,0.12316863
1764505243.2006788,-3.99812,2.3653,0.3051999999999999,-0.7235699250000001,0.6569807400000001,0.12316863
1764505243.2006788,-3.99812,2.3653,0.3051999999999999,-0.7235699250000001,0.6569807400000001,0.12316863
1764505243.2006788,-3.99812,2.3653,0.3051999999999999,-0.7235699250000001,0.6569807400000001,0.12316863
1764505243.2006788,-3.99812,2.3653,0.3051999999999999,-0.7235699250000001,0.6569807400000001,0.12316863
1764505243.2006788,-3.99812,2.3653,0.3051999999999999,-0.7235699250000001,0.6569807400000001,0.12316863
1764505243.2006788,-3.99812,2.3653,0.3051999999999999,-0.7235699250000001,0.6569807400000001,0.12316863
1764505243.2006788,-3.99812,2.3653,0.3051999999999999,-0.7235699250000001,0.6569807400000001,0.12316863
1764505243.2006788,-5.24944,1.81594,0.56462,-0.72411924,0.656919705,0.12304656
1764505243.2006788,-5.24944,1.81594,0.56462,-0.72411924,0.656919705,0.12304656
1764505243.2006788,-5.24944,1.81594,0.56462,-0.72411924,0.656919705,0.12304656
1764505243.2006788,-5.24944,1.81594,0.56462,-0.72411924,0.656919705,0.12304656
1764505243.2006788,-5.24944,1.81594,0.56462,-0.72411924,0.656919705,0.12304656
1764505243.2006788,-5.24944,1.81594,0.56462,-0.72411924,0.656919705,0.12304656
1764505243.2006788,-5.24944,1.81594,0.56462,-0.72411924,0.656919705,0.12304656
1764505243.2006788,-5.24944,1.81594,0.56462,-0.72411924,0.656919705,0.12304656
1764505243.2006788,-5.24944,1.81594,0.56462,-0.72411924,0.656919705,0.12304656
1764505243.2006788,-5.24944,1.81594,0.56462,-0.72411924,0.656919705,0.12304656
1764505243.2022586,-5.38678,1.70912,0.2289,-0.72570615,0.655210725,0.122741385
1764505243.2022586,-5.38678,1.70912,0.2289,-0.72570615,0.655210725,0.122741385
1764505243.2022586,-5.38678,1.70912,0.2289,-0.72570615,0.655210725,0.122741385
1764505243.2022586,-5.38678,1.70912,0.2289,-0.72570615,0.655210725,0.122741385
1764505243.2508109,-5.38678,1.70912,0.2289,-0.72570615,0.655210725,0.122741385
1764505243.2508109,-5.38678,1.70912,0.2289,-0.72570615,0.655210725,0.122741385
1764505243.2508109,-5.38678,1.70912,0.2289,-0.72570615,0.655210725,0.122741385
1764505243.2508109,-5.38678,1.70912,0.2289,-0.72570615,0.655210725,0.122741385
1764505243.2508109,-5.38678,1.70912,0.2289,-0.72570615,0.655210725,0.122741385
1764505243.2508109,-5.38678,1.70912,0.2289,-0.72570615,0.655210725,0.122741385
1764505243.2508109,-5.02054,2.47212,-0.73248,-0.72595029,0.653623815,0.122131035
1764505243.2508109,-5.02054,2.47212,-0.73248,-0.72595029,0.653623815,0.122131035
1764505243.2508109,-5.02054,2.47212,-0.73248,-0.72595029,0.653623815,0.122131035
1764505243.2508109,-5.02054,2.47212,-0.73248,-0.72595029,0.653623815,0.122131035
1764505243.2508109,-5.02054,2.47212,-0.73248,-0.72595029,0.653623815,0.122131035
1764505243.2508109,-5.02054,2.47212,-0.73248,-0.72595029,0.653623815,0.122131035
1764505243.2508109,-5.02054,2.47212,-0.73248,-0.72595029,0.653623815,0.122131035
1764505243.2508109,-5.02054,2.47212,-0.73248,-0.72595029,0.653623815,0.122131035
1764505243.2508109,-5.02054,2.47212,-0.73248,-0.72595029,0.653623815,0.122131035
1764505243.2508109,-5.02054,2.47212,-0.73248,-0.72595029,0.653623815,0.122131035
1764505243.2508109,-4.5017,2.25848,-0.6714399999999999,-0.726987885,0.652769325,0.121886895
1764505243.2508109,-4.5017,2.25848,-0.6714399999999999,-0.726987885,0.652769325,0.121886895
1764505243.2508109,-4.5017,2.25848,-0.6714399999999999,-0.726987885,0.652769325,0.121886895
1764505243.2508109,-4.5017,2.25848,-0.6714399999999999,-0.726987885,0.652769325,0.121886895
1764505243.2508109,-4.5017,2.25848,-0.6714399999999999,-0.726987885,0.652769325,0.121886895
1764505243.2508109,-4.5017,2.25848,-0.6714399999999999,-0.726987885,0.652769325,0.121886895
1764505243.2508109,-4.5017,2.25848,-0.6714399999999999,-0.726987885,0.652769325,0.121886895
1764505243.2508109,-4.5017,2.25848,-0.6714399999999999,-0.726987885,0.652769325,0.121886895
1764505243.2985942,-4.5017,2.25848,-0.6714399999999999,-0.726987885,0.652769325,0.121886895
1764505243.2985942,-4.5017,2.25848,-0.6714399999999999,-0.726987885,0.652769325,0.121886895
1764505243.2985942,-4.28806,2.30426,-0.93086,-0.728452725,0.65356278,0.122863455
1764505243.2985942,-4.28806,2.30426,-0.93086,-0.728452725,0.65356278,0.122863455
1764505243.2985942,-4.28806,2.30426,-0.93086,-0.728452725,0.65356278,0.122863455
1764505243.2985942,-4.28806,2.30426,-0.93086,-0.728452725,0.65356278,0.122863455
1764505243.2985942,-4.28806,2.30426,-0.93086,-0.728452725,0.65356278,0.122863455
1764505243.2996128,-4.28806,2.30426,-0.93086,-0.728452725,0.65356278,0.122863455
1764505243.2996128,-4.28806,2.30426,-0.93086,-0.728452725,0.65356278,0.122863455
1764505243.2996128,-4.28806,2.30426,-0.93086,-0.728452725,0.65356278,0.122863455
1764505243.2996128,-4.28806,2.30426,-0.93086,-0.728452725,0.65356278,0.122863455
1764505243.2996128,-4.28806,2.30426,-0.93086,-0.728452725,0.65356278,0.122863455
1764505243.2996128,-4.15072,1.8006799999999998,-0.28994,-0.73010067,0.65600418,0.12280242
1764505243.2996128,-4.15072,1.8006799999999998,-0.28994,-0.73010067,0.65600418,0.12280242
1764505243.2996128,-4.15072,1.8006799999999998,-0.28994,-0.73010067,0.65600418,0.12280242
1764505243.2996128,-4.15072,1.8006799999999998,-0.28994,-0.73010067,0.65600418,0.12280242
1764505243.2996128,-4.15072,1.8006799999999998,-0.28994,-0.73010067,0.65600418,0.12280242
1764505243.2996128,-4.15072,1.8006799999999998,-0.28994,-0.73010067,0.65600418,0.12280242
1764505243.2996128,-4.15072,1.8006799999999998,-0.28994,-0.73010067,0.65600418,0.12280242
1764505243.2996128,-4.15072,1.8006799999999998,-0.28994,-0.73010067,0.65600418,0.12280242
1764505243.2996128,-4.15072,1.8006799999999998,-0.28994,-0.73010067,0.65600418,0.12280242
1764505243.2996128,-4.15072,1.8006799999999998,-0.28994,-0.73010067,0.65600418,0.12280242
1764505243.2996128,-5.96666,0.5341,-0.94612,-0.7299786,0.6569807400000001,0.123840015
1764505243.2996128,-5.96666,0.5341,-0.94612,-0.7299786,0.6569807400000001,0.123840015
1764505243.344959,-5.96666,0.5341,-0.94612,-0.7299786,0.6569807400000001,0.123840015
1764505243.344959,-5.96666,0.5341,-0.94612,-0.7299786,0.6569807400000001,0.123840015
1764505243.344959,-5.96666,0.5341,-0.94612,-0.7299786,0.6569807400000001,0.123840015
1764505243.344959,-5.96666,0.5341,-0.94612,-0.7299786,0.6569807400000001,0.123840015
1764505243.344959,-5.96666,0.5341,-0.94612,-0.7299786,0.6569807400000001,0.123840015
1764505243.344959,-5.96666,0.5341,-0.94612,-0.7299786,0.6569807400000001,0.123840015
1764505243.344959,-5.96666,0.5341,-0.94612,-0.7299786,0.6569807400000001,0.123840015
1764505243.344959,-5.96666,0.5341,-0.94612,-0.7299786,0.6569807400000001,0.123840015
1764505243.344959,-7.095899999999999,2.35004,-0.8698199999999999,-0.728330655,0.656675565,0.123717945
1764505243.344959,-7.095899999999999,2.35004,-0.8698199999999999,-0.728330655,0.656675565,0.123717945
1764505243.344959,-7.095899999999999,2.35004,-0.8698199999999999,-0.728330655,0.656675565,0.123717945
1764505243.344959,-7.095899999999999,2.35004,-0.8698199999999999,-0.728330655,0.656675565,0.123717945
1764505243.344959,-7.095899999999999,2.35004,-0.8698199999999999,-0.728330655,0.656675565,0.123717945
1764505243.344959,-7.095899999999999,2.35004,-0.8698199999999999,-0.728330655,0.656675565,0.123717945
1764505243.344959,-7.095899999999999,2.35004,-0.8698199999999999,-0.728330655,0.656675565,0.123717945
1764505243.344959,-7.095899999999999,2.35004,-0.8698199999999999,-0.728330655,0.656675565,0.123717945
1764505243.344959,-7.095899999999999,2.35004,-0.8698199999999999,-0.728330655,0.656675565,0.123717945
1764505243.344959,-7.095899999999999,2.35004,-0.8698199999999999,-0.728330655,0.656675565,0.123717945
1764505243.344959,-7.065379999999999,3.69292,-0.56462,-0.72790341,0.65441727,0.122253105
1764505243.344959,-7.065379999999999,3.69292,-0.56462,-0.72790341,0.65441727,0.122253105
1764505243.344959,-7.065379999999999,3.69292,-0.56462,-0.72790341,0.65441727,0.122253105
1764505243.344959,-7.065379999999999,3.69292,-0.56462,-0.72790341,0.65441727,0.122253105
1764505243.390949,-7.065379999999999,3.69292,-0.56462,-0.72790341,0.65441727,0.122253105
1764505243.390949,-7.065379999999999,3.69292,-0.56462,-0.72790341,0.65441727,0.122253105
1764505243.390949,-7.065379999999999,3.69292,-0.56462,-0.72790341,0.65441727,0.122253105
1764505243.390949,-7.065379999999999,3.69292,-0.56462,-0.72790341,0.65441727,0.122253105
1764505243.390949,-7.065379999999999,3.69292,-0.56462,-0.72790341,0.65441727,0.122253105
1764505243.390949,-7.065379999999999,3.69292,-0.56462,-0.72790341,0.65441727,0.122253105
1764505243.390949,-6.74492,3.02148,0.01526,-0.730405845,0.65453934,0.11938446
1764505243.390949,-6.74492,3.02148,0.01526,-0.730405845,0.65453934,0.11938446
1764505243.390949,-6.74492,3.02148,0.01526,-0.730405845,0.65453934,0.11938446
1764505243.390949,-6.74492,3.02148,0.01526,-0.730405845,0.65453934,0.11938446
1764505243.390949,-6.74492,3.02148,0.01526,-0.730405845,0.65453934,0.11938446
1764505243.390949,-6.74492,3.02148,0.01526,-0.730405845,0.65453934,0.11938446
1764505243.390949,-6.74492,3.02148,0.01526,-0.730405845,0.65453934,0.11938446
1764505243.390949,-6.74492,3.02148,0.01526,-0.730405845,0.65453934,0.11938446
1764505243.390949,-6.74492,3.02148,0.01526,-0.730405845,0.65453934,0.11938446
1764505243.390949,-6.74492,3.02148,0.01526,-0.730405845,0.65453934,0.11938446
1764505243.390949,-5.69198,0.65618,0.47306,-0.731992755,0.6555159,0.12036102
1764505243.392458,-5.69198,0.65618,0.47306,-0.731992755,0.6555159,0.12036102
1764505243.392458,-5.69198,0.65618,0.47306,-0.731992755,0.6555159,0.12036102
1764505243.392458,-5.69198,0.65618,0.47306,-0.731992755,0.6555159,0.12036102
1764505243.392458,-5.69198,0.65618,0.47306,-0.731992755,0.6555159,0.12036102
1764505243.392458,-5.69198,0.65618,0.47306,-0.731992755,0.6555159,0.12036102
1764505243.392458,-5.69198,0.65618,0.47306,-0.731992755,0.6555159,0.12036102
1764505243.392458,-5.69198,0.65618,0.47306,-0.731992755,0.6555159,0.12036102
1764505243.4392498,-5.69198,0.65618,0.47306,-0.731992755,0.6555159,0.12036102
1764505243.440279,-5.69198,0.65618,0.47306,-0.731992755,0.6555159,0.12036102
1764505243.440279,-5.646199999999999,1.26658,-0.28994,-0.731626545,0.652769325,0.12207
1764505243.440279,-5.646199999999999,1.26658,-0.28994,-0.731626545,0.652769325,0.12207
1764505243.440279,-5.646199999999999,1.26658,-0.28994,-0.731626545,0.652769325,0.12207
1764505243.440279,-5.646199999999999,1.26658,-0.28994,-0.731626545,0.652769325,0.12207
1764505243.440279,-5.646199999999999,1.26658,-0.28994,-0.731626545,0.652769325,0.12207
1764505243.440279,-5.646199999999999,1.26658,-0.28994,-0.731626545,0.652769325,0.12207
1764505243.440279,-5.646199999999999,1.26658,-0.28994,-0.731626545,0.652769325,0.12207
1764505243.440279,-5.646199999999999,1.26658,-0.28994,-0.731626545,0.652769325,0.12207
1764505243.440279,-5.646199999999999,1.26658,-0.28994,-0.731626545,0.652769325,0.12207
1764505243.440279,-5.646199999999999,1.26658,-0.28994,-0.731626545,0.652769325,0.12207
1764505243.440279,-5.7988,2.289,0.01526,-0.731870685,0.649351365,0.12207
1764505243.440279,-5.7988,2.289,0.01526,-0.731870685,0.649351365,0.12207
1764505243.440279,-5.7988,2.289,0.01526,-0.731870685,0.649351365,0.12207
1764505243.440279,-5.7988,2.289,0.01526,-0.731870685,0.649351365,0.12207
1764505243.440279,-5.7988,2.289,0.01526,-0.731870685,0.649351365,0.12207
1764505243.440279,-5.7988,2.289,0.01526,-0.731870685,0.649351365,0.12207
1764505243.440279,-5.7988,2.289,0.01526,-0.731870685,0.649351365,0.12207
1764505243.440279,-5.7988,2.289,0.01526,-0.731870685,0.649351365,0.12207
1764505243.440279,-5.7988,2.289,0.01526,-0.731870685,0.649351365,0.12207
1764505243.440279,-5.7988,2.289,0.01526,-0.731870685,0.649351365,0.12207
1764505243.440279,-5.53938,1.34288,-0.3815,-0.734067945,0.64745928,0.12011688
1764505243.440279,-5.53938,1.34288,-0.3815,-0.734067945,0.64745928,0.12011688
1764505243.483582,-5.53938,1.34288,-0.3815,-0.734067945,0.64745928,0.12011688
1764505243.483582,-5.53938,1.34288,-0.3815,-0.734067945,0.64745928,0.12011688
1764505243.483582,-5.53938,1.34288,-0.3815,-0.734067945,0.64745928,0.12011688
1764505243.483582,-5.53938,1.34288,-0.3815,-0.734067945,0.64745928,0.12011688
1764505243.483582,-5.53938,1.34288,-0.3815,-0.734067945,0.64745928,0.12011688
1764505243.483582,-5.53938,1.34288,-0.3815,-0.734067945,0.64745928,0.12011688
1764505243.483582,-5.53938,1.34288,-0.3815,-0.734067945,0.64745928,0.12011688
1764505243.483582,-5.53938,1.34288,-0.3815,-0.734067945,0.64745928,0.12011688
1764505243.483582,-3.87604,0.3204599999999999,0.56462,-0.73339656,0.647642385,0.11901825
1764505243.483582,-3.87604,0.3204599999999999,0.56462,-0.73339656,0.647642385,0.11901825
1764505243.483582,-3.87604,0.3204599999999999,0.56462,-0.73339656,0.647642385,0.11901825
1764505243.483582,-3.87604,0.3204599999999999,0.56462,-0.73339656,0.647642385,0.11901825
1764505243.483582,-3.87604,0.3204599999999999,0.56462,-0.73339656,0.647642385,0.11901825
1764505243.483582,-3.87604,0.3204599999999999,0.56462,-0.73339656,0.647642385,0.11901825
1764505243.483582,-3.87604,0.3204599999999999,0.56462,-0.73339656,0.647642385,0.11901825
1764505243.483582,-3.87604,0.3204599999999999,0.56462,-0.73339656,0.647642385,0.11901825
1764505243.483582,-3.87604,0.3204599999999999,0.56462,-0.73339656,0.647642385,0.11901825
1764505243.483582,-3.87604,0.3204599999999999,0.56462,-0.73339656,0.647642385,0.11901825
1764505243.483582,-3.46402,1.4039199999999998,0.04578,-0.731016195,0.6486189450000001,0.11877411
1764505243.483582,-3.46402,1.4039199999999998,0.04578,-0.731016195,0.6486189450000001,0.11877411
1764505243.483582,-3.46402,1.4039199999999998,0.04578,-0.731016195,0.6486189450000001,0.11877411
1764505243.483582,-3.46402,1.4039199999999998,0.04578,-0.731016195,0.6486189450000001,0.11877411
1764505243.5309973,-3.46402,1.4039199999999998,0.04578,-0.731016195,0.6486189450000001,0.11877411
1764505243.5309973,-3.46402,1.4039199999999998,0.04578,-0.731016195,0.6486189450000001,0.11877411
1764505243.5309973,-3.46402,1.4039199999999998,0.04578,-0.731016195,0.6486189450000001,0.11877411
1764505243.5309973,-3.46402,1.4039199999999998,0.04578,-0.731016195,0.6486189450000001,0.11877411
1764505243.5309973,-3.46402,1.4039199999999998,0.04578,-0.731016195,0.6486189450000001,0.11877411
1764505243.5309973,-3.46402,1.4039199999999998,0.04578,-0.731016195,0.6486189450000001,0.11877411
1764505243.5309973,-4.21176,2.30426,-0.6409199999999999,-0.7303448100000001,0.6494124,0.11877411
1764505243.5309973,-4.21176,2.30426,-0.6409199999999999,-0.7303448100000001,0.6494124,0.11877411
1764505243.5309973,-4.21176,2.30426,-0.6409199999999999,-0.7303448100000001,0.6494124,0.11877411
1764505243.5309973,-4.21176,2.30426,-0.6409199999999999,-0.7303448100000001,0.6494124,0.11877411
1764505243.5309973,-4.21176,2.30426,-0.6409199999999999,-0.7303448100000001,0.6494124,0.11877411
1764505243.5309973,-4.21176,2.30426,-0.6409199999999999,-0.7303448100000001,0.6494124,0.11877411
1764505243.5309973,-4.21176,2.30426,-0.6409199999999999,-0.7303448100000001,0.6494124,0.11877411
1764505243.5309973,-4.21176,2.30426,-0.6409199999999999,-0.7303448100000001,0.6494124,0.11877411
1764505243.5309973,-4.21176,2.30426,-0.6409199999999999,-0.7303448100000001,0.6494124,0.11877411
1764505243.5309973,-4.21176,2.30426,-0.6409199999999999,-0.7303448100000001,0.6494124,0.11877411
1764505243.5309973,-3.63188,1.92276,-0.96138,-0.730039635,0.648741015,0.119079285
1764505243.5309973,-3.63188,1.92276,-0.96138,-0.730039635,0.648741015,0.119079285
1764505243.5309973,-3.63188,1.92276,-0.96138,-0.730039635,0.648741015,0.119079285
1764505243.5309973,-3.63188,1.92276,-0.96138,-0.730039635,0.648741015,0.119079285
1764505243.5309973,-3.63188,1.92276,-0.96138,-0.730039635,0.648741015,0.119079285
1764505243.5309973,-3.63188,1.92276,-0.96138,-0.730039635,0.648741015,0.119079285
1764505243.5309973,-3.63188,1.92276,-0.96138,-0.730039635,0.648741015,0.119079285
1764505243.5309973,-3.63188,1.92276,-0.96138,-0.730039635,0.648741015,0.119079285
1764505243.5773764,-3.63188,1.92276,-0.96138,-0.730039635,0.648741015,0.119079285
1764505243.5773764,-3.63188,1.92276,-0.96138,-0.730039635,0.648741015,0.119079285
1764505243.5773764,-0.94612,1.12924,0.44254,-0.7298565300000001,0.64977861,0.119933775
1764505243.5773764,-0.94612,1.12924,0.44254,-0.7298565300000001,0.64977861,0.119933775
1764505243.5773764,-0.94612,1.12924,0.44254,-0.7298565300000001,0.64977861,0.119933775
1764505243.5773764,-0.94612,1.12924,0.44254,-0.7298565300000001,0.64977861,0.119933775
1764505243.5773764,-0.94612,1.12924,0.44254,-0.7298565300000001,0.64977861,0.119933775
1764505243.5773764,-0.94612,1.12924,0.44254,-0.7298565300000001,0.64977861,0.119933775
1764505243.5773764,-0.94612,1.12924,0.44254,-0.7298565300000001,0.64977861,0.119933775
1764505243.5773764,-0.94612,1.12924,0.44254,-0.7298565300000001,0.64977861,0.119933775
1764505243.5773764,-0.94612,1.12924,0.44254,-0.7298565300000001,0.64977861,0.119933775
1764505243.5773764,-0.94612,1.12924,0.44254,-0.7298565300000001,0.64977861,0.119933775
1764505243.5773764,-1.46496,0.12208,-0.06104,-0.730161705,0.65270829,0.120788265
1764505243.5773764,-1.46496,0.12208,-0.06104,-0.730161705,0.65270829,0.120788265
1764505243.5773764,-1.46496,0.12208,-0.06104,-0.730161705,0.65270829,0.120788265
1764505243.5773764,-1.46496,0.12208,-0.06104,-0.730161705,0.65270829,0.120788265
1764505243.5773764,-1.46496,0.12208,-0.06104,-0.730161705,0.65270829,0.120788265
1764505243.5773764,-1.46496,0.12208,-0.06104,-0.730161705,0.65270829,0.120788265
1764505243.5773764,-1.46496,0.12208,-0.06104,-0.730161705,0.65270829,0.120788265
1764505243.5773764,-1.46496,0.12208,-0.06104,-0.730161705,0.65270829,0.120788265
1764505243.5773764,-1.46496,0.12208,-0.06104,-0.730161705,0.65270829,0.120788265
1764505243.5773764,-1.46496,0.12208,-0.06104,-0.730161705,0.65270829,0.120788265
1764505243.6202586,-3.31142,0.21364,-1.87698,-0.7299786,0.6543562350000001,0.123107595
1764505243.6202586,-3.31142,0.21364,-1.87698,-0.7299786,0.6543562350000001,0.123107595
1764505243.6202586,-3.31142,0.21364,-1.87698,-0.7299786,0.6543562350000001,0.123107595
1764505243.6212718,-3.31142,0.21364,-1.87698,-0.7299786,0.6543562350000001,0.123107595
1764505243.6212718,-3.31142,0.21364,-1.87698,-0.7299786,0.6543562350000001,0.123107595
1764505243.6212718,-3.31142,0.21364,-1.87698,-0.7299786,0.6543562350000001,0.123107595
1764505243.6212718,-3.31142,0.21364,-1.87698,-0.7299786,0.6543562350000001,0.123107595
1764505243.6212718,-3.31142,0.21364,-1.87698,-0.7299786,0.6543562350000001,0.123107595
1764505243.6212718,-3.31142,0.21364,-1.87698,-0.7299786,0.6543562350000001,0.123107595
1764505243.6212718,-3.31142,0.21364,-1.87698,-0.7299786,0.6543562350000001,0.123107595
1764505243.6212718,-4.4254,1.17502,-1.87698,-0.727842375,0.6555159,0.123351735
1764505243.6212718,-4.4254,1.17502,-1.87698,-0.727842375,0.6555159,0.123351735
1764505243.6212718,-4.4254,1.17502,-1.87698,-0.727842375,0.6555159,0.123351735
1764505243.6212718,-4.4254,1.17502,-1.87698,-0.727842375,0.6555159,0.123351735
1764505243.6212718,-4.4254,1.17502,-1.87698,-0.727842375,0.6555159,0.123351735
1764505243.6212718,-4.4254,1.17502,-1.87698,-0.727842375,0.6555159,0.123351735
1764505243.6222682,-4.4254,1.17502,-1.87698,-0.727842375,0.6555159,0.123351735
1764505243.6222682,-4.4254,1.17502,-1.87698,-0.727842375,0.6555159,0.123351735
1764505243.6222682,-4.4254,1.17502,-1.87698,-0.727842375,0.6555159,0.123351735
1764505243.6222682,-4.4254,1.17502,-1.87698,-0.727842375,0.6555159,0.123351735
1764505243.6222682,-5.1121,2.25848,-1.03768,-0.72765927,0.65539383,0.12170379
1764505243.6222682,-5.1121,2.25848,-1.03768,-0.72765927,0.65539383,0.12170379
1764505243.6222682,-5.1121,2.25848,-1.03768,-0.72765927,0.65539383,0.12170379
1764505243.6222682,-5.1121,2.25848,-1.03768,-0.72765927,0.65539383,0.12170379
1764505243.6702175,-5.1121,2.25848,-1.03768,-0.72765927,0.65539383,0.12170379
1764505243.6702175,-5.1121,2.25848,-1.03768,-0.72765927,0.65539383,0.12170379
1764505243.6702175,-5.1121,2.25848,-1.03768,-0.72765927,0.65539383,0.12170379
1764505243.6702175,-5.1121,2.25848,-1.03768,-0.72765927,0.65539383,0.12170379
1764505243.6702175,-5.1121,2.25848,-1.03768,-0.72765927,0.65539383,0.12170379
1764505243.6702175,-5.1121,2.25848,-1.03768,-0.72765927,0.65539383,0.12170379
1764505243.6702175,-5.0358,2.3653,0.39676,-0.728696865,0.655576935,0.12072723
1764505243.6702175,-5.0358,2.3653,0.39676,-0.728696865,0.655576935,0.12072723
1764505243.6702175,-5.0358,2.3653,0.39676,-0.728696865,0.655576935,0.12072723
1764505243.6702175,-5.0358,2.3653,0.39676,-0.728696865,0.655576935,0.12072723
1764505243.6702175,-5.0358,2.3653,0.39676,-0.728696865,0.655576935,0.12072723
1764505243.6702175,-5.0358,2.3653,0.39676,-0.728696865,0.655576935,0.12072723
1764505243.6702175,-5.0358,2.3653,0.39676,-0.728696865,0.655576935,0.12072723
1764505243.6702175,-5.0358,2.3653,0.39676,-0.728696865,0.655576935,0.12072723
1764505243.6702175,-5.0358,2.3653,0.39676,-0.728696865,0.655576935,0.12072723
1764505243.6702175,-5.0358,2.3653,0.39676,-0.728696865,0.655576935,0.12072723
1764505243.6702175,-5.98192,1.70912,0.8698199999999999,-0.7287579,0.65685867,0.120788265
1764505243.6702175,-5.98192,1.70912,0.8698199999999999,-0.7287579,0.65685867,0.120788265
1764505243.6702175,-5.98192,1.70912,0.8698199999999999,-0.7287579,0.65685867,0.120788265
1764505243.6702175,-5.98192,1.70912,0.8698199999999999,-0.7287579,0.65685867,0.120788265
1764505243.6702175,-5.98192,1.70912,0.8698199999999999,-0.7287579,0.65685867,0.120788265
1764505243.6702175,-5.98192,1.70912,0.8698199999999999,-0.7287579,0.65685867,0.120788265
1764505243.6702175,-5.98192,1.70912,0.8698199999999999,-0.7287579,0.65685867,0.120788265
1764505243.6702175,-5.98192,1.70912,0.8698199999999999,-0.7287579,0.65685867,0.120788265
1764505243.7137008,-5.98192,1.70912,0.8698199999999999,-0.7287579,0.65685867,0.120788265
1764505243.7137008,-5.98192,1.70912,0.8698199999999999,-0.7287579,0.65685867,0.120788265
1764505243.7137008,-6.88226,3.08252,1.32762,-0.727964445,0.656431425,0.122131035
1764505243.7137008,-6.88226,3.08252,1.32762,-0.727964445,0.656431425,0.122131035
1764505243.7137008,-6.88226,3.08252,1.32762,-0.727964445,0.656431425,0.122131035
1764505243.7137008,-6.88226,3.08252,1.32762,-0.727964445,0.656431425,0.122131035
1764505243.7147138,-6.88226,3.08252,1.32762,-0.727964445,0.656431425,0.122131035
1764505243.7147138,-6.88226,3.08252,1.32762,-0.727964445,0.656431425,0.122131035
1764505243.7147138,-6.88226,3.08252,1.32762,-0.727964445,0.656431425,0.122131035
1764505243.7147138,-6.88226,3.08252,1.32762,-0.727964445,0.656431425,0.122131035
1764505243.7147138,-6.88226,3.08252,1.32762,-0.727964445,0.656431425,0.122131035
1764505243.7147138,-6.88226,3.08252,1.32762,-0.727964445,0.656431425,0.122131035
1764505243.7147138,-7.507919999999999,3.52506,1.9075,-0.7293072150000001,0.65466141,0.12255828
1764505243.7147138,-7.507919999999999,3.52506,1.9075,-0.7293072150000001,0.65466141,0.12255828
1764505243.7147138,-7.507919999999999,3.52506,1.9075,-0.7293072150000001,0.65466141,0.12255828
1764505243.7147138,-7.507919999999999,3.52506,1.9075,-0.7293072150000001,0.65466141,0.12255828
1764505243.7147138,-7.507919999999999,3.52506,1.9075,-0.7293072150000001,0.65466141,0.12255828
1764505243.7147138,-7.507919999999999,3.52506,1.9075,-0.7293072150000001,0.65466141,0.12255828
1764505243.7147138,-7.507919999999999,3.52506,1.9075,-0.7293072150000001,0.65466141,0.12255828
1764505243.7147138,-7.507919999999999,3.52506,1.9075,-0.7293072150000001,0.65466141,0.12255828
1764505243.7147138,-7.507919999999999,3.52506,1.9075,-0.7293072150000001,0.65466141,0.12255828
1764505243.7147138,-7.507919999999999,3.52506,1.9075,-0.7293072150000001,0.65466141,0.12255828
1764505243.7599702,-6.76018,2.8994,2.12114,-0.7314434400000001,0.65246415,0.122008965
1764505243.7599702,-6.76018,2.8994,2.12114,-0.7314434400000001,0.65246415,0.122008965
1764505243.7599702,-6.76018,2.8994,2.12114,-0.7314434400000001,0.65246415,0.122008965
1764505243.7599702,-6.76018,2.8994,2.12114,-0.7314434400000001,0.65246415,0.122008965
1764505243.7609866,-6.76018,2.8994,2.12114,-0.7314434400000001,0.65246415,0.122008965
1764505243.7609866,-6.76018,2.8994,2.12114,-0.7314434400000001,0.65246415,0.122008965
1764505243.7609866,-6.76018,2.8994,2.12114,-0.7314434400000001,0.65246415,0.122008965
1764505243.7609866,-6.76018,2.8994,2.12114,-0.7314434400000001,0.65246415,0.122008965
1764505243.7609866,-6.76018,2.8994,2.12114,-0.7314434400000001,0.65246415,0.122008965
1764505243.7609866,-6.76018,2.8994,2.12114,-0.7314434400000001,0.65246415,0.122008965
1764505243.7609866,-5.371519999999999,2.0601,1.28184,-0.732114825,0.64990068,0.12268035
1764505243.7609866,-5.371519999999999,2.0601,1.28184,-0.732114825,0.64990068,0.12268035
1764505243.7609866,-5.371519999999999,2.0601,1.28184,-0.732114825,0.64990068,0.12268035
1764505243.7609866,-5.371519999999999,2.0601,1.28184,-0.732114825,0.64990068,0.12268035
1764505243.7609866,-5.371519999999999,2.0601,1.28184,-0.732114825,0.64990068,0.12268035
1764505243.7609866,-5.371519999999999,2.0601,1.28184,-0.732114825,0.64990068,0.12268035
1764505243.7609866,-5.371519999999999,2.0601,1.28184,-0.732114825,0.64990068,0.12268035
1764505243.7609866,-5.371519999999999,2.0601,1.28184,-0.732114825,0.64990068,0.12268035
1764505243.7609866,-5.371519999999999,2.0601,1.28184,-0.732114825,0.64990068,0.12268035
1764505243.7609866,-5.371519999999999,2.0601,1.28184,-0.732114825,0.64990068,0.12268035
1764505243.7609866,-4.852679999999999,1.69386,0.763,-0.7319317200000001,0.64855791,0.123107595
1764505243.7609866,-4.852679999999999,1.69386,0.763,-0.7319317200000001,0.64855791,0.123107595
1764505243.7609866,-4.852679999999999,1.69386,0.763,-0.7319317200000001,0.64855791,0.123107595
1764505243.7609866,-4.852679999999999,1.69386,0.763,-0.7319317200000001,0.64855791,0.123107595
1764505243.814118,-4.852679999999999,1.69386,0.763,-0.7319317200000001,0.64855791,0.123107595
1764505243.814118,-4.852679999999999,1.69386,0.763,-0.7319317200000001,0.64855791,0.123107595
1764505243.814118,-4.852679999999999,1.69386,0.763,-0.7319317200000001,0.64855791,0.123107595
1764505243.814118,-4.852679999999999,1.69386,0.763,-0.7319317200000001,0.64855791,0.123107595
1764505243.814118,-4.852679999999999,1.69386,0.763,-0.7319317200000001,0.64855791,0.123107595
1764505243.814118,-4.852679999999999,1.69386,0.763,-0.7319317200000001,0.64855791,0.123107595
1764505243.814118,-4.77638,1.48022,0.59514,-0.73107723,0.64990068,0.123351735
1764505243.814118,-4.77638,1.48022,0.59514,-0.73107723,0.64990068,0.123351735
1764505243.814118,-4.77638,1.48022,0.59514,-0.73107723,0.64990068,0.123351735
1764505243.814118,-4.77638,1.48022,0.59514,-0.73107723,0.64990068,0.123351735
1764505243.814118,-4.77638,1.48022,0.59514,-0.73107723,0.64990068,0.123351735
1764505243.814118,-4.77638,1.48022,0.59514,-0.73107723,0.64990068,0.123351735
1764505243.814118,-4.77638,1.48022,0.59514,-0.73107723,0.64990068,0.123351735
1764505243.814118,-4.77638,1.48022,0.59514,-0.73107723,0.64990068,0.123351735
1764505243.814118,-4.77638,1.48022,0.59514,-0.73107723,0.64990068,0.123351735
1764505243.814118,-4.77638,1.48022,0.59514,-0.73107723,0.64990068,0.123351735
1764505243.814118,-5.06632,1.526,0.97664,-0.7314434400000001,0.65148759,0.12414519
1764505243.814118,-5.06632,1.526,0.97664,-0.7314434400000001,0.65148759,0.12414519
1764505243.814118,-5.06632,1.526,0.97664,-0.7314434400000001,0.65148759,0.12414519
1764505243.814118,-5.06632,1.526,0.97664,-0.7314434400000001,0.65148759,0.12414519
1764505243.814118,-5.06632,1.526,0.97664,-0.7314434400000001,0.65148759,0.12414519
1764505243.814118,-5.06632,1.526,0.97664,-0.7314434400000001,0.65148759,0.12414519
1764505243.814118,-5.06632,1.526,0.97664,-0.7314434400000001,0.65148759,0.12414519
1764505243.814118,-5.06632,1.526,0.97664,-0.7314434400000001,0.65148759,0.12414519
1764505243.853563,-5.06632,1.526,0.97664,-0.7314434400000001,0.65148759,0.12414519
1764505243.853563,-5.06632,1.526,0.97664,-0.7314434400000001,0.65148759,0.12414519
1764505243.8545926,-5.38678,0.6103999999999999,1.4039199999999998,-0.73180965,0.65356278,0.123595875
1764505243.8545926,-5.38678,0.6103999999999999,1.4039199999999998,-0.73180965,0.65356278,0.123595875
1764505243.8545926,-5.38678,0.6103999999999999,1.4039199999999998,-0.73180965,0.65356278,0.123595875
1764505243.8545926,-5.38678,0.6103999999999999,1.4039199999999998,-0.73180965,0.65356278,0.123595875
1764505243.8545926,-5.38678,0.6103999999999999,1.4039199999999998,-0.73180965,0.65356278,0.123595875
1764505243.8545926,-5.38678,0.6103999999999999,1.4039199999999998,-0.73180965,0.65356278,0.123595875
1764505243.8545926,-5.38678,0.6103999999999999,1.4039199999999998,-0.73180965,0.65356278,0.123595875
1764505243.8545926,-5.38678,0.6103999999999999,1.4039199999999998,-0.73180965,0.65356278,0.123595875
1764505243.8545926,-5.38678,0.6103999999999999,1.4039199999999998,-0.73180965,0.65356278,0.123595875
1764505243.8545926,-5.38678,0.6103999999999999,1.4039199999999998,-0.73180965,0.65356278,0.123595875
1764505243.8555996,-5.78354,0.1525999999999999,0.9919,-0.73205379,0.654966585,0.12280242
1764505243.8555996,-5.78354,0.1525999999999999,0.9919,-0.73205379,0.654966585,0.12280242
1764505243.8555996,-5.78354,0.1525999999999999,0.9919,-0.73205379,0.654966585,0.12280242
1764505243.8555996,-5.78354,0.1525999999999999,0.9919,-0.73205379,0.654966585,0.12280242
1764505243.8555996,-5.78354,0.1525999999999999,0.9919,-0.73205379,0.654966585,0.12280242
1764505243.8555996,-5.78354,0.1525999999999999,0.9919,-0.73205379,0.654966585,0.12280242
1764505243.8555996,-5.78354,0.1525999999999999,0.9919,-0.73205379,0.654966585,0.12280242
1764505243.8555996,-5.78354,0.1525999999999999,0.9919,-0.73205379,0.654966585,0.12280242
1764505243.8555996,-5.78354,0.1525999999999999,0.9919,-0.73205379,0.654966585,0.12280242
1764505243.8555996,-5.78354,0.1525999999999999,0.9919,-0.73205379,0.654966585,0.12280242
1764505243.905234,-4.715339999999999,0.2289,0.94612,-0.7303448100000001,0.65344071,0.122741385
1764505243.905234,-4.715339999999999,0.2289,0.94612,-0.7303448100000001,0.65344071,0.122741385
1764505243.905234,-4.715339999999999,0.2289,0.94612,-0.7303448100000001,0.65344071,0.122741385
1764505243.905234,-4.715339999999999,0.2289,0.94612,-0.7303448100000001,0.65344071,0.122741385
1764505243.905234,-4.715339999999999,0.2289,0.94612,-0.7303448100000001,0.65344071,0.122741385
1764505243.905234,-4.715339999999999,0.2289,0.94612,-0.7303448100000001,0.65344071,0.122741385
1764505243.905234,-4.715339999999999,0.2289,0.94612,-0.7303448100000001,0.65344071,0.122741385
1764505243.905234,-4.715339999999999,0.2289,0.94612,-0.7303448100000001,0.65344071,0.122741385
1764505243.905234,-4.715339999999999,0.2289,0.94612,-0.7303448100000001,0.65344071,0.122741385
1764505243.905234,-4.715339999999999,0.2289,0.94612,-0.7303448100000001,0.65344071,0.122741385
1764505243.905234,-3.99812,0.79352,1.48022,-0.73095516,0.650449995,0.12268035
1764505243.905234,-3.99812,0.79352,1.48022,-0.73095516,0.650449995,0.12268035
1764505243.905234,-3.99812,0.79352,1.48022,-0.73095516,0.650449995,0.12268035
1764505243.9062536,-3.99812,0.79352,1.48022,-0.73095516,0.650449995,0.12268035
1764505243.9062536,-3.99812,0.79352,1.48022,-0.73095516,0.650449995,0.12268035
1764505243.9062536,-3.99812,0.79352,1.48022,-0.73095516,0.650449995,0.12268035
1764505243.9062536,-3.99812,0.79352,1.48022,-0.73095516,0.650449995,0.12268035
1764505243.9072528,-3.99812,0.79352,1.48022,-0.73095516,0.650449995,0.12268035
1764505243.9072528,-3.99812,0.79352,1.48022,-0.73095516,0.650449995,0.12268035
1764505243.9072528,-3.99812,0.79352,1.48022,-0.73095516,0.650449995,0.12268035
1764505243.9072528,-2.60946,0.88508,1.2055399999999998,-0.73132137,0.64721514,0.12268035
1764505243.9072528,-2.60946,0.88508,1.2055399999999998,-0.73132137,0.64721514,0.12268035
1764505243.9072528,-2.60946,0.88508,1.2055399999999998,-0.73132137,0.64721514,0.12268035
1764505243.9072528,-2.60946,0.88508,1.2055399999999998,-0.73132137,0.64721514,0.12268035
1764505243.9483106,-2.60946,0.88508,1.2055399999999998,-0.73132137,0.64721514,0.12268035
1764505243.9483106,-2.60946,0.88508,1.2055399999999998,-0.73132137,0.64721514,0.12268035
1764505243.9498372,-2.60946,0.88508,1.2055399999999998,-0.73132137,0.64721514,0.12268035
1764505243.9498372,-2.60946,0.88508,1.2055399999999998,-0.73132137,0.64721514,0.12268035
1764505243.9498372,-2.60946,0.88508,1.2055399999999998,-0.73132137,0.64721514,0.12268035
1764505243.9498372,-2.60946,0.88508,1.2055399999999998,-0.73132137,0.64721514,0.12268035
1764505243.9498372,-1.86172,0.5341,0.50358,-0.733213455,0.646299615,0.12036102
1764505243.9498372,-1.86172,0.5341,0.50358,-0.733213455,0.646299615,0.12036102
1764505243.9498372,-1.86172,0.5341,0.50358,-0.733213455,0.646299615,0.12036102
1764505243.9498372,-1.86172,0.5341,0.50358,-0.733213455,0.646299615,0.12036102
1764505243.9508612,-1.86172,0.5341,0.50358,-0.733213455,0.646299615,0.12036102
1764505243.9508612,-1.86172,0.5341,0.50358,-0.733213455,0.646299615,0.12036102
1764505243.9508612,-1.86172,0.5341,0.50358,-0.733213455,0.646299615,0.12036102
1764505243.9508612,-1.86172,0.5341,0.50358,-0.733213455,0.646299615,0.12036102
1764505243.9508612,-1.86172,0.5341,0.50358,-0.733213455,0.646299615,0.12036102
1764505243.9508612,-1.86172,0.5341,0.50358,-0.733213455,0.646299615,0.12036102
1764505243.9508612,-1.73964,-0.4578,-0.3051999999999999,-0.73303035,0.648374805,0.119201355
1764505243.9508612,-1.73964,-0.4578,-0.3051999999999999,-0.73303035,0.648374805,0.119201355
1764505243.9508612,-1.73964,-0.4578,-0.3051999999999999,-0.73303035,0.648374805,0.119201355
1764505243.9508612,-1.73964,-0.4578,-0.3051999999999999,-0.73303035,0.648374805,0.119201355
1764505243.9508612,-1.73964,-0.4578,-0.3051999999999999,-0.73303035,0.648374805,0.119201355
1764505243.9508612,-1.73964,-0.4578,-0.3051999999999999,-0.73303035,0.648374805,0.119201355
1764505243.9508612,-1.73964,-0.4578,-0.3051999999999999,-0.73303035,0.648374805,0.119201355
1764505243.9508612,-1.73964,-0.4578,-0.3051999999999999,-0.73303035,0.648374805,0.119201355
1764505243.999312,-1.73964,-0.4578,-0.3051999999999999,-0.73303035,0.648374805,0.119201355
1764505243.999312,-1.73964,-0.4578,-0.3051999999999999,-0.73303035,0.648374805,0.119201355
1764505243.999312,-1.6633399999999998,0.6103999999999999,-0.21364,-0.731748615,0.6496565400000001,0.11914032
1764505243.999312,-1.6633399999999998,0.6103999999999999,-0.21364,-0.731748615,0.6496565400000001,0.11914032
1764505243.999312,-1.6633399999999998,0.6103999999999999,-0.21364,-0.731748615,0.6496565400000001,0.11914032
1764505243.999312,-1.6633399999999998,0.6103999999999999,-0.21364,-0.731748615,0.6496565400000001,0.11914032
1764505243.999312,-1.6633399999999998,0.6103999999999999,-0.21364,-0.731748615,0.6496565400000001,0.11914032
1764505243.999312,-1.6633399999999998,0.6103999999999999,-0.21364,-0.731748615,0.6496565400000001,0.11914032
1764505243.999312,-1.6633399999999998,0.6103999999999999,-0.21364,-0.731748615,0.6496565400000001,0.11914032
1764505243.999312,-1.6633399999999998,0.6103999999999999,-0.21364,-0.731748615,0.6496565400000001,0.11914032
1764505243.999312,-1.6633399999999998,0.6103999999999999,-0.21364,-0.731748615,0.6496565400000001,0.11914032
1764505243.999312,-1.6633399999999998,0.6103999999999999,-0.21364,-0.731748615,0.6496565400000001,0.11914032
1764505243.999312,-1.92276,0.8087799999999999,0.19838,-0.728941005,0.65148759,0.118591005
1764505243.999312,-1.92276,0.8087799999999999,0.19838,-0.728941005,0.65148759,0.118591005
1764505244.0003328,-1.92276,0.8087799999999999,0.19838,-0.728941005,0.65148759,0.118591005
1764505244.0003328,-1.92276,0.8087799999999999,0.19838,-0.728941005,0.65148759,0.118591005
1764505244.0003328,-1.92276,0.8087799999999999,0.19838,-0.728941005,0.65148759,0.118591005
1764505244.0003328,-1.92276,0.8087799999999999,0.19838,-0.728941005,0.65148759,0.118591005
1764505244.0003328,-1.92276,0.8087799999999999,0.19838,-0.728941005,0.65148759,0.118591005
1764505244.0003328,-1.92276,0.8087799999999999,0.19838,-0.728941005,0.65148759,0.118591005
1764505244.0003328,-1.92276,0.8087799999999999,0.19838,-0.728941005,0.65148759,0.118591005
1764505244.0003328,-1.92276,0.8087799999999999,0.19838,-0.728941005,0.65148759,0.118591005
1764505244.0003328,-1.9075,1.0682,1.32762,-0.72790341,0.65258622,0.11865204
1764505244.0003328,-1.9075,1.0682,1.32762,-0.72790341,0.65258622,0.11865204
1764505244.0544968,-1.9075,1.0682,1.32762,-0.72790341,0.65258622,0.11865204
1764505244.0544968,-1.9075,1.0682,1.32762,-0.72790341,0.65258622,0.11865204
1764505244.0544968,-1.9075,1.0682,1.32762,-0.72790341,0.65258622,0.11865204
1764505244.0544968,-1.9075,1.0682,1.32762,-0.72790341,0.65258622,0.11865204
1764505244.0544968,-1.9075,1.0682,1.32762,-0.72790341,0.65258622,0.11865204
1764505244.0544968,-1.9075,1.0682,1.32762,-0.72790341,0.65258622,0.11865204
1764505244.0544968,-1.9075,1.0682,1.32762,-0.72790341,0.65258622,0.11865204
1764505244.0544968,-1.9075,1.0682,1.32762,-0.72790341,0.65258622,0.11865204
1764505244.0544968,-2.56368,0.54936,1.35814,-0.727109955,0.65563797,0.12036102
1764505244.0544968,-2.56368,0.54936,1.35814,-0.727109955,0.65563797,0.12036102
1764505244.0544968,-2.56368,0.54936,1.35814,-0.727109955,0.65563797,0.12036102
1764505244.0544968,-2.56368,0.54936,1.35814,-0.727109955,0.65563797,0.12036102
1764505244.0544968,-2.56368,0.54936,1.35814,-0.727109955,0.65563797,0.12036102
1764505244.0544968,-2.56368,0.54936,1.35814,-0.727109955,0.65563797,0.12036102
1764505244.0544968,-2.56368,0.54936,1.35814,-0.727109955,0.65563797,0.12036102
1764505244.0544968,-2.56368,0.54936,1.35814,-0.727109955,0.65563797,0.12036102
1764505244.0544968,-2.56368,0.54936,1.35814,-0.727109955,0.65563797,0.12036102
1764505244.0544968,-2.56368,0.54936,1.35814,-0.727109955,0.65563797,0.12036102
1764505244.0544968,-3.46402,1.2055399999999998,0.96138,-0.7266827100000001,0.657652125,0.12133758
1764505244.0544968,-3.46402,1.2055399999999998,0.96138,-0.7266827100000001,0.657652125,0.12133758
1764505244.0544968,-3.46402,1.2055399999999998,0.96138,-0.7266827100000001,0.657652125,0.12133758
1764505244.0544968,-3.46402,1.2055399999999998,0.96138,-0.7266827100000001,0.657652125,0.12133758
1764505244.0544968,-3.46402,1.2055399999999998,0.96138,-0.7266827100000001,0.657652125,0.12133758
1764505244.0544968,-3.46402,1.2055399999999998,0.96138,-0.7266827100000001,0.657652125,0.12133758
1764505244.0544968,-3.46402,1.2055399999999998,0.96138,-0.7266827100000001,0.657652125,0.12133758
1764505244.0544968,-3.46402,1.2055399999999998,0.96138,-0.7266827100000001,0.657652125,0.12133758
1764505244.0544968,-3.46402,1.2055399999999998,0.96138,-0.7266827100000001,0.657652125,0.12133758
1764505244.0544968,-3.46402,1.2055399999999998,0.96138,-0.7266827100000001,0.657652125,0.12133758
1764505244.0977983,-4.1202,2.63998,0.9919,-0.726743745,0.657652125,0.122375175
1764505244.0977983,-4.1202,2.63998,0.9919,-0.726743745,0.657652125,0.122375175
1764505244.0977983,-4.1202,2.63998,0.9919,-0.726743745,0.657652125,0.122375175
1764505244.0977983,-4.1202,2.63998,0.9919,-0.726743745,0.657652125,0.122375175
1764505244.0977983,-4.1202,2.63998,0.9919,-0.726743745,0.657652125,0.122375175
1764505244.0977983,-4.1202,2.63998,0.9919,-0.726743745,0.657652125,0.122375175
1764505244.0977983,-4.1202,2.63998,0.9919,-0.726743745,0.657652125,0.122375175
1764505244.0993257,-4.1202,2.63998,0.9919,-0.726743745,0.657652125,0.122375175
1764505244.0993257,-4.1202,2.63998,0.9919,-0.726743745,0.657652125,0.122375175
1764505244.0993257,-4.1202,2.63998,0.9919,-0.726743745,0.657652125,0.122375175
1764505244.0993257,-3.61662,2.31952,1.41918,-0.72887997,0.65637039,0.122131035
1764505244.0993257,-3.61662,2.31952,1.41918,-0.72887997,0.65637039,0.122131035
1764505244.0993257,-3.61662,2.31952,1.41918,-0.72887997,0.65637039,0.122131035
1764505244.0993257,-3.61662,2.31952,1.41918,-0.72887997,0.65637039,0.122131035
1764505244.0993257,-3.61662,2.31952,1.41918,-0.72887997,0.65637039,0.122131035
1764505244.0993257,-3.61662,2.31952,1.41918,-0.72887997,0.65637039,0.122131035
1764505244.0993257,-3.61662,2.31952,1.41918,-0.72887997,0.65637039,0.122131035
1764505244.0993257,-3.61662,2.31952,1.41918,-0.72887997,0.65637039,0.122131035
1764505244.0993257,-3.61662,2.31952,1.41918,-0.72887997,0.65637039,0.122131035
1764505244.0993257,-3.61662,2.31952,1.41918,-0.72887997,0.65637039,0.122131035
1764505244.0993257,-3.95234,0.44254,1.1445,-0.73229793,0.65502762,0.12243621
1764505244.0993257,-3.95234,0.44254,1.1445,-0.73229793,0.65502762,0.12243621
1764505244.1496832,-3.95234,0.44254,1.1445,-0.73229793,0.65502762,0.12243621
1764505244.1496832,-3.95234,0.44254,1.1445,-0.73229793,0.65502762,0.12243621
1764505244.1496832,-3.95234,0.44254,1.1445,-0.73229793,0.65502762,0.12243621
1764505244.1496832,-3.95234,0.44254,1.1445,-0.73229793,0.65502762,0.12243621
1764505244.1496832,-3.95234,0.44254,1.1445,-0.73229793,0.65502762,0.12243621
1764505244.1496832,-3.95234,0.44254,1.1445,-0.73229793,0.65502762,0.12243621
1764505244.1496832,-3.95234,0.44254,1.1445,-0.73229793,0.65502762,0.12243621
1764505244.1496832,-3.95234,0.44254,1.1445,-0.73229793,0.65502762,0.12243621
1764505244.1496832,-4.8069,0.28994,-0.51884,-0.731748615,0.65478348,0.12023895
1764505244.1496832,-4.8069,0.28994,-0.51884,-0.731748615,0.65478348,0.12023895
1764505244.1496832,-4.8069,0.28994,-0.51884,-0.731748615,0.65478348,0.12023895
1764505244.1496832,-4.8069,0.28994,-0.51884,-0.731748615,0.65478348,0.12023895
1764505244.1496832,-4.8069,0.28994,-0.51884,-0.731748615,0.65478348,0.12023895
1764505244.1496832,-4.8069,0.28994,-0.51884,-0.731748615,0.65478348,0.12023895
1764505244.1496832,-4.8069,0.28994,-0.51884,-0.731748615,0.65478348,0.12023895
1764505244.1496832,-4.8069,0.28994,-0.51884,-0.731748615,0.65478348,0.12023895
1764505244.1496832,-4.8069,0.28994,-0.51884,-0.731748615,0.65478348,0.12023895
1764505244.1496832,-4.8069,0.28994,-0.51884,-0.731748615,0.65478348,0.12023895
1764505244.1496832,-5.81406,1.54126,-1.03768,-0.728941005,0.65502762,0.118713075
1764505244.1496832,-5.81406,1.54126,-1.03768,-0.728941005,0.65502762,0.118713075
1764505244.1496832,-5.81406,1.54126,-1.03768,-0.728941005,0.65502762,0.118713075
1764505244.1496832,-5.81406,1.54126,-1.03768,-0.728941005,0.65502762,0.118713075
1764505244.1925764,-5.81406,1.54126,-1.03768,-0.728941005,0.65502762,0.118713075
1764505244.1925764,-5.81406,1.54126,-1.03768,-0.728941005,0.65502762,0.118713075
1764505244.1925764,-5.81406,1.54126,-1.03768,-0.728941005,0.65502762,0.118713075
1764505244.1925764,-5.81406,1.54126,-1.03768,-0.728941005,0.65502762,0.118713075
1764505244.1925764,-5.81406,1.54126,-1.03768,-0.728941005,0.65502762,0.118713075
1764505244.1925764,-5.81406,1.54126,-1.03768,-0.728941005,0.65502762,0.118713075
1764505244.1925764,-5.31048,2.19744,-0.51884,-0.72717099,0.65527176,0.1184079
1764505244.1925764,-5.31048,2.19744,-0.51884,-0.72717099,0.65527176,0.1184079
1764505244.1925764,-5.31048,2.19744,-0.51884,-0.72717099,0.65527176,0.1184079
1764505244.1925764,-5.31048,2.19744,-0.51884,-0.72717099,0.65527176,0.1184079
1764505244.1925764,-5.31048,2.19744,-0.51884,-0.72717099,0.65527176,0.1184079
1764505244.1925764,-5.31048,2.19744,-0.51884,-0.72717099,0.65527176,0.1184079
1764505244.1925764,-5.31048,2.19744,-0.51884,-0.72717099,0.65527176,0.1184079
1764505244.1925764,-5.31048,2.19744,-0.51884,-0.72717099,0.65527176,0.1184079
1764505244.1925764,-5.31048,2.19744,-0.51884,-0.72717099,0.65527176,0.1184079
1764505244.1925764,-5.31048,2.19744,-0.51884,-0.72717099,0.65527176,0.1184079
1764505244.1925764,-5.371519999999999,2.18218,-0.1678599999999999,-0.72558408,0.65234208,0.11816376
1764505244.1925764,-5.371519999999999,2.18218,-0.1678599999999999,-0.72558408,0.65234208,0.11816376
1764505244.1925764,-5.371519999999999,2.18218,-0.1678599999999999,-0.72558408,0.65234208,0.11816376
1764505244.1925764,-5.371519999999999,2.18218,-0.1678599999999999,-0.72558408,0.65234208,0.11816376
1764505244.1925764,-5.371519999999999,2.18218,-0.1678599999999999,-0.72558408,0.65234208,0.11816376
1764505244.1925764,-5.371519999999999,2.18218,-0.1678599999999999,-0.72558408,0.65234208,0.11816376
1764505244.1925764,-5.371519999999999,2.18218,-0.1678599999999999,-0.72558408,0.65234208,0.11816376
1764505244.1925764,-5.371519999999999,2.18218,-0.1678599999999999,-0.72558408,0.65234208,0.11816376
1764505244.240729,-5.371519999999999,2.18218,-0.1678599999999999,-0.72558408,0.65234208,0.11816376
1764505244.240729,-5.371519999999999,2.18218,-0.1678599999999999,-0.72558408,0.65234208,0.11816376
1764505244.240729,-4.77638,2.85362,0.12208,-0.726133395,0.647642385,0.118957215
1764505244.240729,-4.77638,2.85362,0.12208,-0.726133395,0.647642385,0.118957215
1764505244.240729,-4.77638,2.85362,0.12208,-0.726133395,0.647642385,0.118957215
1764505244.240729,-4.77638,2.85362,0.12208,-0.726133395,0.647642385,0.118957215
1764505244.240729,-4.77638,2.85362,0.12208,-0.726133395,0.647642385,0.118957215
1764505244.242237,-4.77638,2.85362,0.12208,-0.726133395,0.647642385,0.118957215
1764505244.242237,-4.77638,2.85362,0.12208,-0.726133395,0.647642385,0.118957215
1764505244.242237,-4.77638,2.85362,0.12208,-0.726133395,0.647642385,0.118957215
1764505244.243245,-4.77638,2.85362,0.12208,-0.726133395,0.647642385,0.118957215
1764505244.243245,-4.77638,2.85362,0.12208,-0.726133395,0.647642385,0.118957215
1764505244.243245,-3.15882,3.41824,0.27468,-0.730283775,0.64501788,0.122131035
1764505244.243245,-3.15882,3.41824,0.27468,-0.730283775,0.64501788,0.122131035
1764505244.2442503,-3.15882,3.41824,0.27468,-0.730283775,0.64501788,0.122131035
1764505244.2442503,-3.15882,3.41824,0.27468,-0.730283775,0.64501788,0.122131035
1764505244.2442503,-3.15882,3.41824,0.27468,-0.730283775,0.64501788,0.122131035
1764505244.2442503,-3.15882,3.41824,0.27468,-0.730283775,0.64501788,0.122131035
1764505244.2442503,-3.15882,3.41824,0.27468,-0.730283775,0.64501788,0.122131035
1764505244.2442503,-3.15882,3.41824,0.27468,-0.730283775,0.64501788,0.122131035
1764505244.2452655,-3.15882,3.41824,0.27468,-0.730283775,0.64501788,0.122131035
1764505244.2452655,-3.15882,3.41824,0.27468,-0.730283775,0.64501788,0.122131035
1764505244.2452655,-0.8087799999999999,2.02958,-0.09156,-0.73644831,0.644590635,0.12353484
1764505244.2452655,-0.8087799999999999,2.02958,-0.09156,-0.73644831,0.644590635,0.12353484
1764505244.2863517,-0.8087799999999999,2.02958,-0.09156,-0.73644831,0.644590635,0.12353484
1764505244.2863517,-0.8087799999999999,2.02958,-0.09156,-0.73644831,0.644590635,0.12353484
1764505244.2863517,-0.8087799999999999,2.02958,-0.09156,-0.73644831,0.644590635,0.12353484
1764505244.2863517,-0.8087799999999999,2.02958,-0.09156,-0.73644831,0.644590635,0.12353484
1764505244.2863517,-0.8087799999999999,2.02958,-0.09156,-0.73644831,0.644590635,0.12353484
1764505244.2863517,-0.8087799999999999,2.02958,-0.09156,-0.73644831,0.644590635,0.12353484
1764505244.2863517,-0.8087799999999999,2.02958,-0.09156,-0.73644831,0.644590635,0.12353484
1764505244.2863517,-0.8087799999999999,2.02958,-0.09156,-0.73644831,0.644590635,0.12353484
1764505244.2863517,-0.09156,-0.13734,-0.41202,-0.73815729,0.648130665,0.122131035
1764505244.2863517,-0.09156,-0.13734,-0.41202,-0.73815729,0.648130665,0.122131035
1764505244.2868636,-0.09156,-0.13734,-0.41202,-0.73815729,0.648130665,0.122131035
1764505244.2868636,-0.09156,-0.13734,-0.41202,-0.73815729,0.648130665,0.122131035
1764505244.2888887,-0.09156,-0.13734,-0.41202,-0.73815729,0.648130665,0.122131035
1764505244.2888887,-0.09156,-0.13734,-0.41202,-0.73815729,0.648130665,0.122131035
1764505244.2888887,-0.09156,-0.13734,-0.41202,-0.73815729,0.648130665,0.122131035
1764505244.2888887,-0.09156,-0.13734,-0.41202,-0.73815729,0.648130665,0.122131035
1764505244.2888887,-0.09156,-0.13734,-0.41202,-0.73815729,0.648130665,0.122131035
1764505244.2888887,-0.09156,-0.13734,-0.41202,-0.73815729,0.648130665,0.122131035
1764505244.2888887,-0.3509799999999999,-0.8392999999999999,-0.06104,-0.73571589,0.65478348,0.120788265
1764505244.2897625,-0.3509799999999999,-0.8392999999999999,-0.06104,-0.73571589,0.65478348,0.120788265
1764505244.2897625,-0.3509799999999999,-0.8392999999999999,-0.06104,-0.73571589,0.65478348,0.120788265
1764505244.2897625,-0.3509799999999999,-0.8392999999999999,-0.06104,-0.73571589,0.65478348,0.120788265
1764505244.2897625,-0.3509799999999999,-0.8392999999999999,-0.06104,-0.73571589,0.65478348,0.120788265
1764505244.290516,-0.3509799999999999,-0.8392999999999999,-0.06104,-0.73571589,0.65478348,0.120788265
1764505244.33693,-0.3509799999999999,-0.8392999999999999,-0.06104,-0.73571589,0.65478348,0.120788265
1764505244.33693,-0.3509799999999999,-0.8392999999999999,-0.06104,-0.73571589,0.65478348,0.120788265
1764505244.33693,-0.3509799999999999,-0.8392999999999999,-0.06104,-0.73571589,0.65478348,0.120788265
1764505244.33693,-0.3509799999999999,-0.8392999999999999,-0.06104,-0.73571589,0.65478348,0.120788265
1764505244.33693,-1.46496,-0.8392999999999999,0.47306,-0.730649985,0.660093525,0.11987274
1764505244.33693,-1.46496,-0.8392999999999999,0.47306,-0.730649985,0.660093525,0.11987274
1764505244.33693,-1.46496,-0.8392999999999999,0.47306,-0.730649985,0.660093525,0.11987274
1764505244.33693,-1.46496,-0.8392999999999999,0.47306,-0.730649985,0.660093525,0.11987274
1764505244.33693,-1.46496,-0.8392999999999999,0.47306,-0.730649985,0.660093525,0.11987274
1764505244.33693,-1.46496,-0.8392999999999999,0.47306,-0.730649985,0.660093525,0.11987274
1764505244.33693,-1.46496,-0.8392999999999999,0.47306,-0.730649985,0.660093525,0.11987274
1764505244.33693,-1.46496,-0.8392999999999999,0.47306,-0.730649985,0.660093525,0.11987274
1764505244.33693,-1.46496,-0.8392999999999999,0.47306,-0.730649985,0.660093525,0.11987274
1764505244.33693,-1.46496,-0.8392999999999999,0.47306,-0.730649985,0.660093525,0.11987274
1764505244.33693,-2.63998,0.9003399999999999,1.23606,-0.726987885,0.660459735,0.12011688
1764505244.33693,-2.63998,0.9003399999999999,1.23606,-0.726987885,0.660459735,0.12011688
1764505244.33693,-2.63998,0.9003399999999999,1.23606,-0.726987885,0.660459735,0.12011688
1764505244.33693,-2.63998,0.9003399999999999,1.23606,-0.726987885,0.660459735,0.12011688
1764505244.33693,-2.63998,0.9003399999999999,1.23606,-0.726987885,0.660459735,0.12011688
1764505244.33693,-2.63998,0.9003399999999999,1.23606,-0.726987885,0.660459735,0.12011688
1764505244.33693,-2.63998,0.9003399999999999,1.23606,-0.726987885,0.660459735,0.12011688
1764505244.33693,-2.63998,0.9003399999999999,1.23606,-0.726987885,0.660459735,0.12011688
1764505244.33693,-2.63998,0.9003399999999999,1.23606,-0.726987885,0.660459735,0.12011688
1764505244.33693,-2.63998,0.9003399999999999,1.23606,-0.726987885,0.660459735,0.12011688
1764505244.381812,-3.40298,1.11398,0.8698199999999999,-0.72741513,0.657774195,0.11865204
1764505244.381812,-3.40298,1.11398,0.8698199999999999,-0.72741513,0.657774195,0.11865204
1764505244.381812,-3.40298,1.11398,0.8698199999999999,-0.72741513,0.657774195,0.11865204
1764505244.381812,-3.40298,1.11398,0.8698199999999999,-0.72741513,0.657774195,0.11865204
1764505244.381812,-3.40298,1.11398,0.8698199999999999,-0.72741513,0.657774195,0.11865204
1764505244.381812,-3.40298,1.11398,0.8698199999999999,-0.72741513,0.657774195,0.11865204
1764505244.381812,-3.40298,1.11398,0.8698199999999999,-0.72741513,0.657774195,0.11865204
1764505244.381812,-3.40298,1.11398,0.8698199999999999,-0.72741513,0.657774195,0.11865204
1764505244.381812,-3.40298,1.11398,0.8698199999999999,-0.72741513,0.657774195,0.11865204
1764505244.381812,-3.40298,1.11398,0.8698199999999999,-0.72741513,0.657774195,0.11865204
1764505244.381812,-4.577999999999999,0.65618,0.74774,-0.72900204,0.65649246,0.119567565
1764505244.381812,-4.577999999999999,0.65618,0.74774,-0.72900204,0.65649246,0.119567565
1764505244.381812,-4.577999999999999,0.65618,0.74774,-0.72900204,0.65649246,0.119567565
1764505244.381812,-4.577999999999999,0.65618,0.74774,-0.72900204,0.65649246,0.119567565
1764505244.381812,-4.577999999999999,0.65618,0.74774,-0.72900204,0.65649246,0.119567565
1764505244.381812,-4.577999999999999,0.65618,0.74774,-0.72900204,0.65649246,0.119567565
1764505244.3823223,-4.577999999999999,0.65618,0.74774,-0.72900204,0.65649246,0.119567565
1764505244.3823223,-4.577999999999999,0.65618,0.74774,-0.72900204,0.65649246,0.119567565
1764505244.3823223,-4.577999999999999,0.65618,0.74774,-0.72900204,0.65649246,0.119567565
1764505244.3823223,-4.577999999999999,0.65618,0.74774,-0.72900204,0.65649246,0.119567565
1764505244.3823223,-4.4254,0.8698199999999999,-0.0762999999999999,-0.72851376,0.65441727,0.12036102
1764505244.3823223,-4.4254,0.8698199999999999,-0.0762999999999999,-0.72851376,0.65441727,0.12036102
1764505244.3823223,-4.4254,0.8698199999999999,-0.0762999999999999,-0.72851376,0.65441727,0.12036102
1764505244.3823223,-4.4254,0.8698199999999999,-0.0762999999999999,-0.72851376,0.65441727,0.12036102
1764505244.4310212,-4.4254,0.8698199999999999,-0.0762999999999999,-0.72851376,0.65441727,0.12036102
1764505244.4310212,-4.4254,0.8698199999999999,-0.0762999999999999,-0.72851376,0.65441727,0.12036102
1764505244.4310212,-4.4254,0.8698199999999999,-0.0762999999999999,-0.72851376,0.65441727,0.12036102
1764505244.4310212,-4.4254,0.8698199999999999,-0.0762999999999999,-0.72851376,0.65441727,0.12036102
1764505244.4310212,-4.4254,0.8698199999999999,-0.0762999999999999,-0.72851376,0.65441727,0.12036102
1764505244.4310212,-4.4254,0.8698199999999999,-0.0762999999999999,-0.72851376,0.65441727,0.12036102
1764505244.4310212,-4.83742,2.19744,-0.3509799999999999,-0.728696865,0.65160966,0.11987274
1764505244.4310212,-4.83742,2.19744,-0.3509799999999999,-0.728696865,0.65160966,0.11987274
1764505244.4310212,-4.83742,2.19744,-0.3509799999999999,-0.728696865,0.65160966,0.11987274
1764505244.4310212,-4.83742,2.19744,-0.3509799999999999,-0.728696865,0.65160966,0.11987274
1764505244.4310212,-4.83742,2.19744,-0.3509799999999999,-0.728696865,0.65160966,0.11987274
1764505244.4310212,-4.83742,2.19744,-0.3509799999999999,-0.728696865,0.65160966,0.11987274
1764505244.4310212,-4.83742,2.19744,-0.3509799999999999,-0.728696865,0.65160966,0.11987274
1764505244.4310212,-4.83742,2.19744,-0.3509799999999999,-0.728696865,0.65160966,0.11987274
1764505244.4310212,-4.83742,2.19744,-0.3509799999999999,-0.728696865,0.65160966,0.11987274
1764505244.4310212,-4.83742,2.19744,-0.3509799999999999,-0.728696865,0.65160966,0.11987274
1764505244.4310212,-3.61662,2.19744,-0.27468,-0.7308941250000001,0.64953447,0.117492375
1764505244.4310212,-3.61662,2.19744,-0.27468,-0.7308941250000001,0.64953447,0.117492375
1764505244.4310212,-3.61662,2.19744,-0.27468,-0.7308941250000001,0.64953447,0.117492375
1764505244.4310212,-3.61662,2.19744,-0.27468,-0.7308941250000001,0.64953447,0.117492375
1764505244.4310212,-3.61662,2.19744,-0.27468,-0.7308941250000001,0.64953447,0.117492375
1764505244.4310212,-3.61662,2.19744,-0.27468,-0.7308941250000001,0.64953447,0.117492375
1764505244.4310212,-3.61662,2.19744,-0.27468,-0.7308941250000001,0.64953447,0.117492375
1764505244.4325316,-3.61662,2.19744,-0.27468,-0.7308941250000001,0.64953447,0.117492375
1764505244.4760692,-3.61662,2.19744,-0.27468,-0.7308941250000001,0.64953447,0.117492375
1764505244.4768815,-3.61662,2.19744,-0.27468,-0.7308941250000001,0.64953447,0.117492375
1764505244.4768815,-3.052,0.3204599999999999,-1.63282,-0.732114825,0.650938275,0.115050975
1764505244.4768815,-3.052,0.3204599999999999,-1.63282,-0.732114825,0.650938275,0.115050975
1764505244.4768815,-3.052,0.3204599999999999,-1.63282,-0.732114825,0.650938275,0.115050975
1764505244.4768815,-3.052,0.3204599999999999,-1.63282,-0.732114825,0.650938275,0.115050975
1764505244.4768815,-3.052,0.3204599999999999,-1.63282,-0.732114825,0.650938275,0.115050975
1764505244.4768815,-3.052,0.3204599999999999,-1.63282,-0.732114825,0.650938275,0.115050975
1764505244.4768815,-3.052,0.3204599999999999,-1.63282,-0.732114825,0.650938275,0.115050975
1764505244.4777205,-3.052,0.3204599999999999,-1.63282,-0.732114825,0.650938275,0.115050975
1764505244.477876,-3.052,0.3204599999999999,-1.63282,-0.732114825,0.650938275,0.115050975
1764505244.477876,-3.052,0.3204599999999999,-1.63282,-0.732114825,0.650938275,0.115050975
1764505244.477876,-2.04484,0.48832,-2.92992,-0.729917565,0.651426555,0.115661325
1764505244.477876,-2.04484,0.48832,-2.92992,-0.729917565,0.651426555,0.115661325
1764505244.477876,-2.04484,0.48832,-2.92992,-0.729917565,0.651426555,0.115661325
1764505244.477876,-2.04484,0.48832,-2.92992,-0.729917565,0.651426555,0.115661325
1764505244.477876,-2.04484,0.48832,-2.92992,-0.729917565,0.651426555,0.115661325
1764505244.477876,-2.04484,0.48832,-2.92992,-0.729917565,0.651426555,0.115661325
1764505244.477876,-2.04484,0.48832,-2.92992,-0.729917565,0.651426555,0.115661325
1764505244.477876,-2.04484,0.48832,-2.92992,-0.729917565,0.651426555,0.115661325
1764505244.4788854,-2.04484,0.48832,-2.92992,-0.729917565,0.651426555,0.115661325
1764505244.4788854,-2.04484,0.48832,-2.92992,-0.729917565,0.651426555,0.115661325
1764505244.5210364,-1.78542,1.64808,-3.25038,-0.72887997,0.651792765,0.11645478
1764505244.5210364,-1.78542,1.64808,-3.25038,-0.72887997,0.651792765,0.11645478
1764505244.5210364,-1.78542,1.64808,-3.25038,-0.72887997,0.651792765,0.11645478
1764505244.5210364,-1.78542,1.64808,-3.25038,-0.72887997,0.651792765,0.11645478
1764505244.5210364,-1.78542,1.64808,-3.25038,-0.72887997,0.651792765,0.11645478
1764505244.5210364,-1.78542,1.64808,-3.25038,-0.72887997,0.651792765,0.11645478
1764505244.5210364,-1.78542,1.64808,-3.25038,-0.72887997,0.651792765,0.11645478
1764505244.5210364,-1.78542,1.64808,-3.25038,-0.72887997,0.651792765,0.11645478
1764505244.5210364,-1.78542,1.64808,-3.25038,-0.72887997,0.651792765,0.11645478
1764505244.5210364,-1.78542,1.64808,-3.25038,-0.72887997,0.651792765,0.11645478
1764505244.5210364,-3.23512,2.57894,-1.41918,-0.72814755,0.652403115,0.117004095
1764505244.5210364,-3.23512,2.57894,-1.41918,-0.72814755,0.652403115,0.117004095
1764505244.5210364,-3.23512,2.57894,-1.41918,-0.72814755,0.652403115,0.117004095
1764505244.5210364,-3.23512,2.57894,-1.41918,-0.72814755,0.652403115,0.117004095
1764505244.5210364,-3.23512,2.57894,-1.41918,-0.72814755,0.652403115,0.117004095
1764505244.5210364,-3.23512,2.57894,-1.41918,-0.72814755,0.652403115,0.117004095
1764505244.5210364,-3.23512,2.57894,-1.41918,-0.72814755,0.652403115,0.117004095
1764505244.5210364,-3.23512,2.57894,-1.41918,-0.72814755,0.652403115,0.117004095
1764505244.5210364,-3.23512,2.57894,-1.41918,-0.72814755,0.652403115,0.117004095
1764505244.5225558,-3.23512,2.57894,-1.41918,-0.72814755,0.652403115,0.117004095
1764505244.5225558,-5.40204,3.11304,-1.4039199999999998,-0.7272320250000001,0.65368485,0.117004095
1764505244.5225558,-5.40204,3.11304,-1.4039199999999998,-0.7272320250000001,0.65368485,0.117004095
1764505244.5225558,-5.40204,3.11304,-1.4039199999999998,-0.7272320250000001,0.65368485,0.117004095
1764505244.5225558,-5.40204,3.11304,-1.4039199999999998,-0.7272320250000001,0.65368485,0.117004095
1764505244.5684288,-5.40204,3.11304,-1.4039199999999998,-0.7272320250000001,0.65368485,0.117004095
1764505244.5684288,-5.40204,3.11304,-1.4039199999999998,-0.7272320250000001,0.65368485,0.117004095
1764505244.5696747,-5.40204,3.11304,-1.4039199999999998,-0.7272320250000001,0.65368485,0.117004095
1764505244.5696747,-5.40204,3.11304,-1.4039199999999998,-0.7272320250000001,0.65368485,0.117004095
1764505244.5696747,-5.40204,3.11304,-1.4039199999999998,-0.7272320250000001,0.65368485,0.117004095
1764505244.5696747,-5.40204,3.11304,-1.4039199999999998,-0.7272320250000001,0.65368485,0.117004095
1764505244.5696747,-5.1121,2.60946,-0.12208,-0.727842375,0.653623815,0.117736515
1764505244.570671,-5.1121,2.60946,-0.12208,-0.727842375,0.653623815,0.117736515
1764505244.570671,-5.1121,2.60946,-0.12208,-0.727842375,0.653623815,0.117736515
1764505244.570671,-5.1121,2.60946,-0.12208,-0.727842375,0.653623815,0.117736515
1764505244.570671,-5.1121,2.60946,-0.12208,-0.727842375,0.653623815,0.117736515
1764505244.570671,-5.1121,2.60946,-0.12208,-0.727842375,0.653623815,0.117736515
1764505244.570671,-5.1121,2.60946,-0.12208,-0.727842375,0.653623815,0.117736515
1764505244.570671,-5.1121,2.60946,-0.12208,-0.727842375,0.653623815,0.117736515
1764505244.5716703,-5.1121,2.60946,-0.12208,-0.727842375,0.653623815,0.117736515
1764505244.5716703,-5.1121,2.60946,-0.12208,-0.727842375,0.653623815,0.117736515
1764505244.573047,-3.41824,1.89224,1.43444,-0.728452725,0.65380692,0.11804169
1764505244.573047,-3.41824,1.89224,1.43444,-0.728452725,0.65380692,0.11804169
1764505244.573047,-3.41824,1.89224,1.43444,-0.728452725,0.65380692,0.11804169
1764505244.573047,-3.41824,1.89224,1.43444,-0.728452725,0.65380692,0.11804169
1764505244.573047,-3.41824,1.89224,1.43444,-0.728452725,0.65380692,0.11804169
1764505244.573047,-3.41824,1.89224,1.43444,-0.728452725,0.65380692,0.11804169
1764505244.6165698,-3.41824,1.89224,1.43444,-0.728452725,0.65380692,0.11804169
1764505244.6175964,-3.41824,1.89224,1.43444,-0.728452725,0.65380692,0.11804169
1764505244.6175964,-3.41824,1.89224,1.43444,-0.728452725,0.65380692,0.11804169
1764505244.6175964,-3.41824,1.89224,1.43444,-0.728452725,0.65380692,0.11804169
1764505244.6188412,-2.8994,0.27468,2.09062,-0.730283775,0.652647255,0.118102725
1764505244.6188412,-2.8994,0.27468,2.09062,-0.730283775,0.652647255,0.118102725
1764505244.6188412,-2.8994,0.27468,2.09062,-0.730283775,0.652647255,0.118102725
1764505244.6188412,-2.8994,0.27468,2.09062,-0.730283775,0.652647255,0.118102725
1764505244.6188412,-2.8994,0.27468,2.09062,-0.730283775,0.652647255,0.118102725
1764505244.619835,-2.8994,0.27468,2.09062,-0.730283775,0.652647255,0.118102725
1764505244.619835,-2.8994,0.27468,2.09062,-0.730283775,0.652647255,0.118102725
1764505244.619835,-2.8994,0.27468,2.09062,-0.730283775,0.652647255,0.118102725
1764505244.619835,-2.8994,0.27468,2.09062,-0.730283775,0.652647255,0.118102725
1764505244.619835,-2.8994,0.27468,2.09062,-0.730283775,0.652647255,0.118102725
1764505244.619835,-3.47928,0.57988,1.28184,-0.73132137,0.651548625,0.116882025
1764505244.619835,-3.47928,0.57988,1.28184,-0.73132137,0.651548625,0.116882025
1764505244.620835,-3.47928,0.57988,1.28184,-0.73132137,0.651548625,0.116882025
1764505244.620835,-3.47928,0.57988,1.28184,-0.73132137,0.651548625,0.116882025
1764505244.620835,-3.47928,0.57988,1.28184,-0.73132137,0.651548625,0.116882025
1764505244.620835,-3.47928,0.57988,1.28184,-0.73132137,0.651548625,0.116882025
1764505244.620835,-3.47928,0.57988,1.28184,-0.73132137,0.651548625,0.116882025
1764505244.620835,-3.47928,0.57988,1.28184,-0.73132137,0.651548625,0.116882025
1764505244.620835,-3.47928,0.57988,1.28184,-0.73132137,0.651548625,0.116882025
1764505244.620835,-3.47928,0.57988,1.28184,-0.73132137,0.651548625,0.116882025
1764505244.6637423,-2.50264,0.6103999999999999,1.00716,-0.731626545,0.652036905,0.11694306
1764505244.6637423,-2.50264,0.6103999999999999,1.00716,-0.731626545,0.652036905,0.11694306
1764505244.6637423,-2.50264,0.6103999999999999,1.00716,-0.731626545,0.652036905,0.11694306
1764505244.6637423,-2.50264,0.6103999999999999,1.00716,-0.731626545,0.652036905,0.11694306
1764505244.6637423,-2.50264,0.6103999999999999,1.00716,-0.731626545,0.652036905,0.11694306
1764505244.6637423,-2.50264,0.6103999999999999,1.00716,-0.731626545,0.652036905,0.11694306
1764505244.6637423,-2.50264,0.6103999999999999,1.00716,-0.731626545,0.652036905,0.11694306
1764505244.6637423,-2.50264,0.6103999999999999,1.00716,-0.731626545,0.652036905,0.11694306
1764505244.6637423,-2.50264,0.6103999999999999,1.00716,-0.731626545,0.652036905,0.11694306
1764505244.6637423,-2.50264,0.6103999999999999,1.00716,-0.731626545,0.652036905,0.11694306
1764505244.6637423,-2.19744,0.0762999999999999,0.4578,-0.73180965,0.6517317300000001,0.117248235
1764505244.6637423,-2.19744,0.0762999999999999,0.4578,-0.73180965,0.6517317300000001,0.117248235
1764505244.6637423,-2.19744,0.0762999999999999,0.4578,-0.73180965,0.6517317300000001,0.117248235
1764505244.6637423,-2.19744,0.0762999999999999,0.4578,-0.73180965,0.6517317300000001,0.117248235
1764505244.6647394,-2.19744,0.0762999999999999,0.4578,-0.73180965,0.6517317300000001,0.117248235
1764505244.6647394,-2.19744,0.0762999999999999,0.4578,-0.73180965,0.6517317300000001,0.117248235
1764505244.6647394,-2.19744,0.0762999999999999,0.4578,-0.73180965,0.6517317300000001,0.117248235
1764505244.6647394,-2.19744,0.0762999999999999,0.4578,-0.73180965,0.6517317300000001,0.117248235
1764505244.6647394,-2.19744,0.0762999999999999,0.4578,-0.73180965,0.6517317300000001,0.117248235
1764505244.6647394,-2.19744,0.0762999999999999,0.4578,-0.73180965,0.6517317300000001,0.117248235
1764505244.6647394,-2.02958,1.2208,0.13734,-0.730283775,0.652891395,0.117492375
1764505244.6647394,-2.02958,1.2208,0.13734,-0.730283775,0.652891395,0.117492375
1764505244.6647394,-2.02958,1.2208,0.13734,-0.730283775,0.652891395,0.117492375
1764505244.665737,-2.02958,1.2208,0.13734,-0.730283775,0.652891395,0.117492375
1764505244.710933,-2.02958,1.2208,0.13734,-0.730283775,0.652891395,0.117492375
1764505244.710933,-2.02958,1.2208,0.13734,-0.730283775,0.652891395,0.117492375
1764505244.710933,-2.02958,1.2208,0.13734,-0.730283775,0.652891395,0.117492375
1764505244.710933,-2.02958,1.2208,0.13734,-0.730283775,0.652891395,0.117492375
1764505244.710933,-2.02958,1.2208,0.13734,-0.730283775,0.652891395,0.117492375
1764505244.710933,-2.02958,1.2208,0.13734,-0.730283775,0.652891395,0.117492375
1764505244.710933,-3.67766,1.78542,0.3815,-0.729429285,0.654112095,0.11755341
1764505244.710933,-3.67766,1.78542,0.3815,-0.729429285,0.654112095,0.11755341
1764505244.710933,-3.67766,1.78542,0.3815,-0.729429285,0.654112095,0.11755341
1764505244.710933,-3.67766,1.78542,0.3815,-0.729429285,0.654112095,0.11755341
1764505244.710933,-3.67766,1.78542,0.3815,-0.729429285,0.654112095,0.11755341
1764505244.710933,-3.67766,1.78542,0.3815,-0.729429285,0.654112095,0.11755341
1764505244.710933,-3.67766,1.78542,0.3815,-0.729429285,0.654112095,0.11755341
1764505244.710933,-3.67766,1.78542,0.3815,-0.729429285,0.654112095,0.11755341
1764505244.710933,-3.67766,1.78542,0.3815,-0.729429285,0.654112095,0.11755341
1764505244.712459,-3.67766,1.78542,0.3815,-0.729429285,0.654112095,0.11755341
1764505244.712459,-4.68482,1.8006799999999998,0.3357199999999999,-0.727842375,0.6543562350000001,0.11682099
1764505244.712459,-4.68482,1.8006799999999998,0.3357199999999999,-0.727842375,0.6543562350000001,0.11682099
1764505244.712459,-4.68482,1.8006799999999998,0.3357199999999999,-0.727842375,0.6543562350000001,0.11682099
1764505244.712459,-4.68482,1.8006799999999998,0.3357199999999999,-0.727842375,0.6543562350000001,0.11682099
1764505244.712459,-4.68482,1.8006799999999998,0.3357199999999999,-0.727842375,0.6543562350000001,0.11682099
1764505244.712459,-4.68482,1.8006799999999998,0.3357199999999999,-0.727842375,0.6543562350000001,0.11682099
1764505244.712459,-4.68482,1.8006799999999998,0.3357199999999999,-0.727842375,0.6543562350000001,0.11682099
1764505244.712459,-4.68482,1.8006799999999998,0.3357199999999999,-0.727842375,0.6543562350000001,0.11682099
1764505244.7552023,-4.68482,1.8006799999999998,0.3357199999999999,-0.727842375,0.6543562350000001,0.11682099
1764505244.7552023,-4.68482,1.8006799999999998,0.3357199999999999,-0.727842375,0.6543562350000001,0.11682099
1764505244.7552023,-4.25754,1.63282,1.05294,-0.72863583,0.6522810450000001,0.11560029
1764505244.7552023,-4.25754,1.63282,1.05294,-0.72863583,0.6522810450000001,0.11560029
1764505244.7552023,-4.25754,1.63282,1.05294,-0.72863583,0.6522810450000001,0.11560029
1764505244.7552023,-4.25754,1.63282,1.05294,-0.72863583,0.6522810450000001,0.11560029
1764505244.7552023,-4.25754,1.63282,1.05294,-0.72863583,0.6522810450000001,0.11560029
1764505244.7552023,-4.25754,1.63282,1.05294,-0.72863583,0.6522810450000001,0.11560029
1764505244.7562156,-4.25754,1.63282,1.05294,-0.72863583,0.6522810450000001,0.11560029
1764505244.7562156,-4.25754,1.63282,1.05294,-0.72863583,0.6522810450000001,0.11560029
1764505244.7562156,-4.25754,1.63282,1.05294,-0.72863583,0.6522810450000001,0.11560029
1764505244.7562156,-4.25754,1.63282,1.05294,-0.72863583,0.6522810450000001,0.11560029
1764505244.7575045,-3.60136,0.57988,1.12924,-0.7287579,0.65087724,0.1159665
1764505244.7575045,-3.60136,0.57988,1.12924,-0.7287579,0.65087724,0.1159665
1764505244.7575045,-3.60136,0.57988,1.12924,-0.7287579,0.65087724,0.1159665
1764505244.7575045,-3.60136,0.57988,1.12924,-0.7287579,0.65087724,0.1159665
1764505244.7575045,-3.60136,0.57988,1.12924,-0.7287579,0.65087724,0.1159665
1764505244.7585025,-3.60136,0.57988,1.12924,-0.7287579,0.65087724,0.1159665
1764505244.7585025,-3.60136,0.57988,1.12924,-0.7287579,0.65087724,0.1159665
1764505244.7585025,-3.60136,0.57988,1.12924,-0.7287579,0.65087724,0.1159665
1764505244.7585025,-3.60136,0.57988,1.12924,-0.7287579,0.65087724,0.1159665
1764505244.7585025,-3.60136,0.57988,1.12924,-0.7287579,0.65087724,0.1159665
1764505244.8048756,-3.815,1.49548,0.5341,-0.728452725,0.648741015,0.116515815
1764505244.8048756,-3.815,1.49548,0.5341,-0.728452725,0.648741015,0.116515815
1764505244.8048756,-3.815,1.49548,0.5341,-0.728452725,0.648741015,0.116515815
1764505244.8048756,-3.815,1.49548,0.5341,-0.728452725,0.648741015,0.116515815
1764505244.8048756,-3.815,1.49548,0.5341,-0.728452725,0.648741015,0.116515815
1764505244.8048756,-3.815,1.49548,0.5341,-0.728452725,0.648741015,0.116515815
1764505244.8048756,-3.815,1.49548,0.5341,-0.728452725,0.648741015,0.116515815
1764505244.8058696,-3.815,1.49548,0.5341,-0.728452725,0.648741015,0.116515815
1764505244.8058696,-3.815,1.49548,0.5341,-0.728452725,0.648741015,0.116515815
1764505244.8058696,-3.815,1.49548,0.5341,-0.728452725,0.648741015,0.116515815
1764505244.8058696,-3.92182,2.99096,0.62566,-0.7288189350000001,0.64892412,0.11633271
1764505244.8058696,-3.92182,2.99096,0.62566,-0.7288189350000001,0.64892412,0.11633271
1764505244.8058696,-3.92182,2.99096,0.62566,-0.7288189350000001,0.64892412,0.11633271
1764505244.8058696,-3.92182,2.99096,0.62566,-0.7288189350000001,0.64892412,0.11633271
1764505244.8058696,-3.92182,2.99096,0.62566,-0.7288189350000001,0.64892412,0.11633271
1764505244.8058696,-3.92182,2.99096,0.62566,-0.7288189350000001,0.64892412,0.11633271
1764505244.8066971,-3.92182,2.99096,0.62566,-0.7288189350000001,0.64892412,0.11633271
1764505244.8069017,-3.92182,2.99096,0.62566,-0.7288189350000001,0.64892412,0.11633271
1764505244.8069804,-3.92182,2.99096,0.62566,-0.7288189350000001,0.64892412,0.11633271
1764505244.8069804,-3.92182,2.99096,0.62566,-0.7288189350000001,0.64892412,0.11633271
1764505244.8069804,-4.13546,2.01432,1.4039199999999998,-0.73107723,0.651182415,0.11560029
1764505244.8069804,-4.13546,2.01432,1.4039199999999998,-0.73107723,0.651182415,0.11560029
1764505244.852856,-4.13546,2.01432,1.4039199999999998,-0.73107723,0.651182415,0.11560029
1764505244.852856,-4.13546,2.01432,1.4039199999999998,-0.73107723,0.651182415,0.11560029
1764505244.852856,-4.13546,2.01432,1.4039199999999998,-0.73107723,0.651182415,0.11560029
1764505244.852856,-4.13546,2.01432,1.4039199999999998,-0.73107723,0.651182415,0.11560029
1764505244.852856,-4.13546,2.01432,1.4039199999999998,-0.73107723,0.651182415,0.11560029
1764505244.852856,-4.13546,2.01432,1.4039199999999998,-0.73107723,0.651182415,0.11560029
1764505244.852856,-4.13546,2.01432,1.4039199999999998,-0.73107723,0.651182415,0.11560029
1764505244.852856,-4.13546,2.01432,1.4039199999999998,-0.73107723,0.651182415,0.11560029
1764505244.852856,-4.60852,0.39676,-0.12208,-0.73217586,0.65270829,0.11621064
1764505244.852856,-4.60852,0.39676,-0.12208,-0.73217586,0.65270829,0.11621064
1764505244.852856,-4.60852,0.39676,-0.12208,-0.73217586,0.65270829,0.11621064
1764505244.852856,-4.60852,0.39676,-0.12208,-0.73217586,0.65270829,0.11621064
1764505244.852856,-4.60852,0.39676,-0.12208,-0.73217586,0.65270829,0.11621064
1764505244.852856,-4.60852,0.39676,-0.12208,-0.73217586,0.65270829,0.11621064
1764505244.8533847,-4.60852,0.39676,-0.12208,-0.73217586,0.65270829,0.11621064
1764505244.8533847,-4.60852,0.39676,-0.12208,-0.73217586,0.65270829,0.11621064
1764505244.8533847,-4.60852,0.39676,-0.12208,-0.73217586,0.65270829,0.11621064
1764505244.8533847,-4.60852,0.39676,-0.12208,-0.73217586,0.65270829,0.11621064
1764505244.8533847,-4.37962,1.55652,-1.51074,-0.73046688,0.65026689,0.11730927
1764505244.8533847,-4.37962,1.55652,-1.51074,-0.73046688,0.65026689,0.11730927
1764505244.8533847,-4.37962,1.55652,-1.51074,-0.73046688,0.65026689,0.11730927
1764505244.8533847,-4.37962,1.55652,-1.51074,-0.73046688,0.65026689,0.11730927
1764505244.8533847,-4.37962,1.55652,-1.51074,-0.73046688,0.65026689,0.11730927
1764505244.8533847,-4.37962,1.55652,-1.51074,-0.73046688,0.65026689,0.11730927
1764505244.9010687,-4.37962,1.55652,-1.51074,-0.73046688,0.65026689,0.11730927
1764505244.9010687,-4.37962,1.55652,-1.51074,-0.73046688,0.65026689,0.11730927
1764505244.9010687,-4.37962,1.55652,-1.51074,-0.73046688,0.65026689,0.11730927
1764505244.9010687,-4.37962,1.55652,-1.51074,-0.73046688,0.65026689,0.11730927
1764505244.9010687,-3.29616,2.0601,-0.59514,-0.73107723,0.64867998,0.11657685
1764505244.9010687,-3.29616,2.0601,-0.59514,-0.73107723,0.64867998,0.11657685
1764505244.9010687,-3.29616,2.0601,-0.59514,-0.73107723,0.64867998,0.11657685
1764505244.9010687,-3.29616,2.0601,-0.59514,-0.73107723,0.64867998,0.11657685
1764505244.9010687,-3.29616,2.0601,-0.59514,-0.73107723,0.64867998,0.11657685
1764505244.9010687,-3.29616,2.0601,-0.59514,-0.73107723,0.64867998,0.11657685
1764505244.9010687,-3.29616,2.0601,-0.59514,-0.73107723,0.64867998,0.11657685
1764505244.9010687,-3.29616,2.0601,-0.59514,-0.73107723,0.64867998,0.11657685
1764505244.9010687,-3.29616,2.0601,-0.59514,-0.73107723,0.64867998,0.11657685
1764505244.9010687,-3.29616,2.0601,-0.59514,-0.73107723,0.64867998,0.11657685
1764505244.9010687,-3.21986,1.93802,0.9003399999999999,-0.73168758,0.64782549,0.11572236
1764505244.9010687,-3.21986,1.93802,0.9003399999999999,-0.73168758,0.64782549,0.11572236
1764505244.9010687,-3.21986,1.93802,0.9003399999999999,-0.73168758,0.64782549,0.11572236
1764505244.9010687,-3.21986,1.93802,0.9003399999999999,-0.73168758,0.64782549,0.11572236
1764505244.9010687,-3.21986,1.93802,0.9003399999999999,-0.73168758,0.64782549,0.11572236
1764505244.9010687,-3.21986,1.93802,0.9003399999999999,-0.73168758,0.64782549,0.11572236
1764505244.9010687,-3.21986,1.93802,0.9003399999999999,-0.73168758,0.64782549,0.11572236
1764505244.9010687,-3.21986,1.93802,0.9003399999999999,-0.73168758,0.64782549,0.11572236
1764505244.9010687,-3.21986,1.93802,0.9003399999999999,-0.73168758,0.64782549,0.11572236
1764505244.9010687,-3.21986,1.93802,0.9003399999999999,-0.73168758,0.64782549,0.11572236
1764505244.9445925,-3.93708,1.34288,1.77016,-0.731382405,0.65014482,0.114440625
1764505244.9457543,-3.93708,1.34288,1.77016,-0.731382405,0.65014482,0.114440625
1764505244.9457543,-3.93708,1.34288,1.77016,-0.731382405,0.65014482,0.114440625
1764505244.9457543,-3.93708,1.34288,1.77016,-0.731382405,0.65014482,0.114440625
1764505244.9457543,-3.93708,1.34288,1.77016,-0.731382405,0.65014482,0.114440625
1764505244.9457543,-3.93708,1.34288,1.77016,-0.731382405,0.65014482,0.114440625
1764505244.9457543,-3.93708,1.34288,1.77016,-0.731382405,0.65014482,0.114440625
1764505244.9457543,-3.93708,1.34288,1.77016,-0.731382405,0.65014482,0.114440625
1764505244.9467416,-3.93708,1.34288,1.77016,-0.731382405,0.65014482,0.114440625
1764505244.9467416,-3.93708,1.34288,1.77016,-0.731382405,0.65014482,0.114440625
1764505244.9467416,-5.12736,1.34288,0.94612,-0.73071102,0.65356278,0.11523408
1764505244.9467416,-5.12736,1.34288,0.94612,-0.73071102,0.65356278,0.11523408
1764505244.9467416,-5.12736,1.34288,0.94612,-0.73071102,0.65356278,0.11523408
1764505244.9467416,-5.12736,1.34288,0.94612,-0.73071102,0.65356278,0.11523408
1764505244.9467416,-5.12736,1.34288,0.94612,-0.73071102,0.65356278,0.11523408
1764505244.9477394,-5.12736,1.34288,0.94612,-0.73071102,0.65356278,0.11523408
1764505244.9477394,-5.12736,1.34288,0.94612,-0.73071102,0.65356278,0.11523408
1764505244.948059,-5.12736,1.34288,0.94612,-0.73071102,0.65356278,0.11523408
1764505244.948059,-5.12736,1.34288,0.94612,-0.73071102,0.65356278,0.11523408
1764505244.948059,-5.12736,1.34288,0.94612,-0.73071102,0.65356278,0.11523408
1764505244.948059,-5.52412,1.6786,0.57988,-0.7303448100000001,0.65392899,0.115905465
1764505244.948059,-5.52412,1.6786,0.57988,-0.7303448100000001,0.65392899,0.115905465
1764505244.948059,-5.52412,1.6786,0.57988,-0.7303448100000001,0.65392899,0.115905465
1764505244.948059,-5.52412,1.6786,0.57988,-0.7303448100000001,0.65392899,0.115905465
1764505244.989253,-5.52412,1.6786,0.57988,-0.7303448100000001,0.65392899,0.115905465
1764505244.989253,-5.52412,1.6786,0.57988,-0.7303448100000001,0.65392899,0.115905465
1764505244.9902482,-5.52412,1.6786,0.57988,-0.7303448100000001,0.65392899,0.115905465
1764505244.9902482,-5.52412,1.6786,0.57988,-0.7303448100000001,0.65392899,0.115905465
1764505244.9902482,-5.52412,1.6786,0.57988,-0.7303448100000001,0.65392899,0.115905465
1764505244.9902482,-5.52412,1.6786,0.57988,-0.7303448100000001,0.65392899,0.115905465
1764505244.9902482,-5.7988,1.49548,1.00716,-0.730649985,0.653379675,0.115661325
1764505244.9902482,-5.7988,1.49548,1.00716,-0.730649985,0.653379675,0.115661325
1764505244.9902482,-5.7988,1.49548,1.00716,-0.730649985,0.653379675,0.115661325
1764505244.9902482,-5.7988,1.49548,1.00716,-0.730649985,0.653379675,0.115661325
1764505244.9902482,-5.7988,1.49548,1.00716,-0.730649985,0.653379675,0.115661325
1764505244.9902482,-5.7988,1.49548,1.00716,-0.730649985,0.653379675,0.115661325
1764505244.9902482,-5.7988,1.49548,1.00716,-0.730649985,0.653379675,0.115661325
1764505244.9902482,-5.7988,1.49548,1.00716,-0.730649985,0.653379675,0.115661325
1764505244.9902482,-5.7988,1.49548,1.00716,-0.730649985,0.653379675,0.115661325
1764505244.9902482,-5.7988,1.49548,1.00716,-0.730649985,0.653379675,0.115661325
1764505244.9902482,-3.98286,0.93086,1.00716,-0.73071102,0.65246415,0.11633271
1764505244.9902482,-3.98286,0.93086,1.00716,-0.73071102,0.65246415,0.11633271
1764505244.9902482,-3.98286,0.93086,1.00716,-0.73071102,0.65246415,0.11633271
1764505244.9902482,-3.98286,0.93086,1.00716,-0.73071102,0.65246415,0.11633271
1764505244.9912486,-3.98286,0.93086,1.00716,-0.73071102,0.65246415,0.11633271
1764505244.9912486,-3.98286,0.93086,1.00716,-0.73071102,0.65246415,0.11633271
1764505244.9912486,-3.98286,0.93086,1.00716,-0.73071102,0.65246415,0.11633271
1764505244.9912486,-3.98286,0.93086,1.00716,-0.73071102,0.65246415,0.11633271
1764505245.037344,-3.98286,0.93086,1.00716,-0.73071102,0.65246415,0.11633271
1764505245.0383584,-3.98286,0.93086,1.00716,-0.73071102,0.65246415,0.11633271
1764505245.0383584,-3.7387,0.62566,-0.24416,-0.72961239,0.652158975,0.117004095
1764505245.0383584,-3.7387,0.62566,-0.24416,-0.72961239,0.652158975,0.117004095
1764505245.0383584,-3.7387,0.62566,-0.24416,-0.72961239,0.652158975,0.117004095
1764505245.0383584,-3.7387,0.62566,-0.24416,-0.72961239,0.652158975,0.117004095
1764505245.0383584,-3.7387,0.62566,-0.24416,-0.72961239,0.652158975,0.117004095
1764505245.0383584,-3.7387,0.62566,-0.24416,-0.72961239,0.652158975,0.117004095
1764505245.0383584,-3.7387,0.62566,-0.24416,-0.72961239,0.652158975,0.117004095
1764505245.0383584,-3.7387,0.62566,-0.24416,-0.72961239,0.652158975,0.117004095
1764505245.0383584,-3.7387,0.62566,-0.24416,-0.72961239,0.652158975,0.117004095
1764505245.0383584,-3.7387,0.62566,-0.24416,-0.72961239,0.652158975,0.117004095
1764505245.0383584,-4.059159999999999,1.41918,-0.4578,-0.728330655,0.65026689,0.116759955
1764505245.0383584,-4.059159999999999,1.41918,-0.4578,-0.728330655,0.65026689,0.116759955
1764505245.0383584,-4.059159999999999,1.41918,-0.4578,-0.728330655,0.65026689,0.116759955
1764505245.0383584,-4.059159999999999,1.41918,-0.4578,-0.728330655,0.65026689,0.116759955
1764505245.0383584,-4.059159999999999,1.41918,-0.4578,-0.728330655,0.65026689,0.116759955
1764505245.0383584,-4.059159999999999,1.41918,-0.4578,-0.728330655,0.65026689,0.116759955
1764505245.0393572,-4.059159999999999,1.41918,-0.4578,-0.728330655,0.65026689,0.116759955
1764505245.0393572,-4.059159999999999,1.41918,-0.4578,-0.728330655,0.65026689,0.116759955
1764505245.0393572,-4.059159999999999,1.41918,-0.4578,-0.728330655,0.65026689,0.116759955
1764505245.0393572,-4.059159999999999,1.41918,-0.4578,-0.728330655,0.65026689,0.116759955
1764505245.0393572,-3.44876,1.31236,0.65618,-0.72839169,0.650327925,0.11560029
1764505245.0393572,-3.44876,1.31236,0.65618,-0.72839169,0.650327925,0.11560029
1764505245.0847774,-3.44876,1.31236,0.65618,-0.72839169,0.650327925,0.11560029
1764505245.0847774,-3.44876,1.31236,0.65618,-0.72839169,0.650327925,0.11560029
1764505245.0847774,-3.44876,1.31236,0.65618,-0.72839169,0.650327925,0.11560029
1764505245.0847774,-3.44876,1.31236,0.65618,-0.72839169,0.650327925,0.11560029
1764505245.0847774,-3.44876,1.31236,0.65618,-0.72839169,0.650327925,0.11560029
1764505245.0847774,-3.44876,1.31236,0.65618,-0.72839169,0.650327925,0.11560029
1764505245.0847774,-3.44876,1.31236,0.65618,-0.72839169,0.650327925,0.11560029
1764505245.0847774,-3.44876,1.31236,0.65618,-0.72839169,0.650327925,0.11560029
1764505245.0862856,-3.84552,0.39676,1.0682,-0.729917565,0.653013465,0.11437959
1764505245.0862856,-3.84552,0.39676,1.0682,-0.729917565,0.653013465,0.11437959
1764505245.0862856,-3.84552,0.39676,1.0682,-0.729917565,0.653013465,0.11437959
1764505245.0862856,-3.84552,0.39676,1.0682,-0.729917565,0.653013465,0.11437959
1764505245.0862856,-3.84552,0.39676,1.0682,-0.729917565,0.653013465,0.11437959
1764505245.0862856,-3.84552,0.39676,1.0682,-0.729917565,0.653013465,0.11437959
1764505245.0862856,-3.84552,0.39676,1.0682,-0.729917565,0.653013465,0.11437959
1764505245.0862856,-3.84552,0.39676,1.0682,-0.729917565,0.653013465,0.11437959
1764505245.0862856,-3.84552,0.39676,1.0682,-0.729917565,0.653013465,0.11437959
1764505245.0862856,-3.84552,0.39676,1.0682,-0.729917565,0.653013465,0.11437959
1764505245.0862856,-4.83742,0.8698199999999999,0.3204599999999999,-0.729429285,0.65441727,0.114562695
1764505245.0862856,-4.83742,0.8698199999999999,0.3204599999999999,-0.729429285,0.65441727,0.114562695
1764505245.1280582,-4.83742,0.8698199999999999,0.3204599999999999,-0.729429285,0.65441727,0.114562695
1764505245.1280582,-4.83742,0.8698199999999999,0.3204599999999999,-0.729429285,0.65441727,0.114562695
1764505245.1280582,-4.83742,0.8698199999999999,0.3204599999999999,-0.729429285,0.65441727,0.114562695
1764505245.1280582,-4.83742,0.8698199999999999,0.3204599999999999,-0.729429285,0.65441727,0.114562695
1764505245.1280582,-4.83742,0.8698199999999999,0.3204599999999999,-0.729429285,0.65441727,0.114562695
1764505245.1280582,-4.83742,0.8698199999999999,0.3204599999999999,-0.729429285,0.65441727,0.114562695
1764505245.1290755,-4.83742,0.8698199999999999,0.3204599999999999,-0.729429285,0.65441727,0.114562695
1764505245.1290755,-4.83742,0.8698199999999999,0.3204599999999999,-0.729429285,0.65441727,0.114562695
1764505245.1290755,-4.92898,2.01432,-0.28994,-0.728330655,0.6542952,0.115661325
1764505245.1290755,-4.92898,2.01432,-0.28994,-0.728330655,0.6542952,0.115661325
1764505245.1290755,-4.92898,2.01432,-0.28994,-0.728330655,0.6542952,0.115661325
1764505245.1290755,-4.92898,2.01432,-0.28994,-0.728330655,0.6542952,0.115661325
1764505245.1290755,-4.92898,2.01432,-0.28994,-0.728330655,0.6542952,0.115661325
1764505245.1290755,-4.92898,2.01432,-0.28994,-0.728330655,0.6542952,0.115661325
1764505245.1290755,-4.92898,2.01432,-0.28994,-0.728330655,0.6542952,0.115661325
1764505245.1290755,-4.92898,2.01432,-0.28994,-0.728330655,0.6542952,0.115661325
1764505245.1290755,-4.92898,2.01432,-0.28994,-0.728330655,0.6542952,0.115661325
1764505245.1290755,-4.92898,2.01432,-0.28994,-0.728330655,0.6542952,0.115661325
1764505245.1290755,-5.29522,2.45686,0.59514,-0.728941005,0.653135535,0.11633271
1764505245.1290755,-5.29522,2.45686,0.59514,-0.728941005,0.653135535,0.11633271
1764505245.1290755,-5.29522,2.45686,0.59514,-0.728941005,0.653135535,0.11633271
1764505245.1290755,-5.29522,2.45686,0.59514,-0.728941005,0.653135535,0.11633271
1764505245.1290755,-5.29522,2.45686,0.59514,-0.728941005,0.653135535,0.11633271
1764505245.1290755,-5.29522,2.45686,0.59514,-0.728941005,0.653135535,0.11633271
1764505245.1762218,-5.29522,2.45686,0.59514,-0.728941005,0.653135535,0.11633271
1764505245.1762218,-5.29522,2.45686,0.59514,-0.728941005,0.653135535,0.11633271
1764505245.1762218,-5.29522,2.45686,0.59514,-0.728941005,0.653135535,0.11633271
1764505245.1762218,-5.29522,2.45686,0.59514,-0.728941005,0.653135535,0.11633271
1764505245.1762218,-5.371519999999999,1.2055399999999998,1.11398,-0.73083309,0.65209794,0.116271675
1764505245.1762218,-5.371519999999999,1.2055399999999998,1.11398,-0.73083309,0.65209794,0.116271675
1764505245.1762218,-5.371519999999999,1.2055399999999998,1.11398,-0.73083309,0.65209794,0.116271675
1764505245.1762218,-5.371519999999999,1.2055399999999998,1.11398,-0.73083309,0.65209794,0.116271675
1764505245.1762218,-5.371519999999999,1.2055399999999998,1.11398,-0.73083309,0.65209794,0.116271675
1764505245.1762218,-5.371519999999999,1.2055399999999998,1.11398,-0.73083309,0.65209794,0.116271675
1764505245.1762218,-5.371519999999999,1.2055399999999998,1.11398,-0.73083309,0.65209794,0.116271675
1764505245.1762218,-5.371519999999999,1.2055399999999998,1.11398,-0.73083309,0.65209794,0.116271675
1764505245.178674,-5.371519999999999,1.2055399999999998,1.11398,-0.73083309,0.65209794,0.116271675
1764505245.178674,-5.371519999999999,1.2055399999999998,1.11398,-0.73083309,0.65209794,0.116271675
1764505245.178674,-5.52412,2.16692,0.27468,-0.731870685,0.652769325,0.11584443
1764505245.178674,-5.52412,2.16692,0.27468,-0.731870685,0.652769325,0.11584443
1764505245.178674,-5.52412,2.16692,0.27468,-0.731870685,0.652769325,0.11584443
1764505245.178674,-5.52412,2.16692,0.27468,-0.731870685,0.652769325,0.11584443
1764505245.178674,-5.52412,2.16692,0.27468,-0.731870685,0.652769325,0.11584443
1764505245.178674,-5.52412,2.16692,0.27468,-0.731870685,0.652769325,0.11584443
1764505245.178674,-5.52412,2.16692,0.27468,-0.731870685,0.652769325,0.11584443
1764505245.178674,-5.52412,2.16692,0.27468,-0.731870685,0.652769325,0.11584443
1764505245.178674,-5.52412,2.16692,0.27468,-0.731870685,0.652769325,0.11584443
1764505245.178674,-5.52412,2.16692,0.27468,-0.731870685,0.652769325,0.11584443
1764505245.2237408,-4.97476,2.09062,0.09156,-0.731504475,0.65344071,0.116027535
1764505245.2237408,-4.97476,2.09062,0.09156,-0.731504475,0.65344071,0.116027535
1764505245.2237408,-4.97476,2.09062,0.09156,-0.731504475,0.65344071,0.116027535
1764505245.2237408,-4.97476,2.09062,0.09156,-0.731504475,0.65344071,0.116027535
1764505245.2237408,-4.97476,2.09062,0.09156,-0.731504475,0.65344071,0.116027535
1764505245.2237408,-4.97476,2.09062,0.09156,-0.731504475,0.65344071,0.116027535
1764505245.2237408,-4.97476,2.09062,0.09156,-0.731504475,0.65344071,0.116027535
1764505245.2237408,-4.97476,2.09062,0.09156,-0.731504475,0.65344071,0.116027535
1764505245.2237408,-4.97476,2.09062,0.09156,-0.731504475,0.65344071,0.116027535
1764505245.2237408,-4.97476,2.09062,0.09156,-0.731504475,0.65344071,0.116027535
1764505245.2237408,-5.73776,1.35814,-0.06104,-0.73083309,0.652769325,0.115905465
1764505245.2237408,-5.73776,1.35814,-0.06104,-0.73083309,0.652769325,0.115905465
1764505245.2237408,-5.73776,1.35814,-0.06104,-0.73083309,0.652769325,0.115905465
1764505245.2237408,-5.73776,1.35814,-0.06104,-0.73083309,0.652769325,0.115905465
1764505245.2237408,-5.73776,1.35814,-0.06104,-0.73083309,0.652769325,0.115905465
1764505245.2237408,-5.73776,1.35814,-0.06104,-0.73083309,0.652769325,0.115905465
1764505245.2237408,-5.73776,1.35814,-0.06104,-0.73083309,0.652769325,0.115905465
1764505245.2237408,-5.73776,1.35814,-0.06104,-0.73083309,0.652769325,0.115905465
1764505245.2237408,-5.73776,1.35814,-0.06104,-0.73083309,0.652769325,0.115905465
1764505245.2237408,-5.73776,1.35814,-0.06104,-0.73083309,0.652769325,0.115905465
1764505245.2237408,-5.70724,1.92276,0.25942,-0.73046688,0.652403115,0.11437959
1764505245.2237408,-5.70724,1.92276,0.25942,-0.73046688,0.652403115,0.11437959
1764505245.2237408,-5.70724,1.92276,0.25942,-0.73046688,0.652403115,0.11437959
1764505245.2237408,-5.70724,1.92276,0.25942,-0.73046688,0.652403115,0.11437959
1764505245.2733264,-5.70724,1.92276,0.25942,-0.73046688,0.652403115,0.11437959
1764505245.2733264,-5.70724,1.92276,0.25942,-0.73046688,0.652403115,0.11437959
1764505245.2733264,-5.70724,1.92276,0.25942,-0.73046688,0.652403115,0.11437959
1764505245.2733264,-5.70724,1.92276,0.25942,-0.73046688,0.652403115,0.11437959
1764505245.2733264,-5.70724,1.92276,0.25942,-0.73046688,0.652403115,0.11437959
1764505245.2733264,-5.70724,1.92276,0.25942,-0.73046688,0.652403115,0.11437959
1764505245.2733264,-5.70724,1.55652,0.06104,-0.730161705,0.653379675,0.11401338
1764505245.2733264,-5.70724,1.55652,0.06104,-0.730161705,0.653379675,0.11401338
1764505245.2733264,-5.70724,1.55652,0.06104,-0.730161705,0.653379675,0.11401338
1764505245.2733264,-5.70724,1.55652,0.06104,-0.730161705,0.653379675,0.11401338
1764505245.2733264,-5.70724,1.55652,0.06104,-0.730161705,0.653379675,0.11401338
1764505245.2733264,-5.70724,1.55652,0.06104,-0.730161705,0.653379675,0.11401338
1764505245.2733264,-5.70724,1.55652,0.06104,-0.730161705,0.653379675,0.11401338
1764505245.2733264,-5.70724,1.55652,0.06104,-0.730161705,0.653379675,0.11401338
1764505245.2733264,-5.70724,1.55652,0.06104,-0.730161705,0.653379675,0.11401338
1764505245.2733264,-5.70724,1.55652,0.06104,-0.730161705,0.653379675,0.11401338
1764505245.2733264,-4.01338,1.6786,-0.0762999999999999,-0.729795495,0.65222001,0.11669892
1764505245.2743406,-4.01338,1.6786,-0.0762999999999999,-0.729795495,0.65222001,0.11669892
1764505245.2743406,-4.01338,1.6786,-0.0762999999999999,-0.729795495,0.65222001,0.11669892
1764505245.2743406,-4.01338,1.6786,-0.0762999999999999,-0.729795495,0.65222001,0.11669892
1764505245.2743406,-4.01338,1.6786,-0.0762999999999999,-0.729795495,0.65222001,0.11669892
1764505245.2743406,-4.01338,1.6786,-0.0762999999999999,-0.729795495,0.65222001,0.11669892
1764505245.2743406,-4.01338,1.6786,-0.0762999999999999,-0.729795495,0.65222001,0.11669892
1764505245.2743406,-4.01338,1.6786,-0.0762999999999999,-0.729795495,0.65222001,0.11669892
1764505245.3181388,-4.01338,1.6786,-0.0762999999999999,-0.729795495,0.65222001,0.11669892
1764505245.3181388,-4.01338,1.6786,-0.0762999999999999,-0.729795495,0.65222001,0.11669892
1764505245.3181388,-4.22702,1.8006799999999998,-0.21364,-0.730772055,0.65112138,0.118102725
1764505245.3181388,-4.22702,1.8006799999999998,-0.21364,-0.730772055,0.65112138,0.118102725
1764505245.3181388,-4.22702,1.8006799999999998,-0.21364,-0.730772055,0.65112138,0.118102725
1764505245.3181388,-4.22702,1.8006799999999998,-0.21364,-0.730772055,0.65112138,0.118102725
1764505245.3181388,-4.22702,1.8006799999999998,-0.21364,-0.730772055,0.65112138,0.118102725
1764505245.3181388,-4.22702,1.8006799999999998,-0.21364,-0.730772055,0.65112138,0.118102725
1764505245.3181388,-4.22702,1.8006799999999998,-0.21364,-0.730772055,0.65112138,0.118102725
1764505245.3181388,-4.22702,1.8006799999999998,-0.21364,-0.730772055,0.65112138,0.118102725
1764505245.3181388,-4.22702,1.8006799999999998,-0.21364,-0.730772055,0.65112138,0.118102725
1764505245.3181388,-4.22702,1.8006799999999998,-0.21364,-0.730772055,0.65112138,0.118102725
1764505245.3181388,-5.00528,2.01432,-0.21364,-0.73156551,0.65148759,0.117370305
1764505245.3181388,-5.00528,2.01432,-0.21364,-0.73156551,0.65148759,0.117370305
1764505245.3181388,-5.00528,2.01432,-0.21364,-0.73156551,0.65148759,0.117370305
1764505245.3181388,-5.00528,2.01432,-0.21364,-0.73156551,0.65148759,0.117370305
1764505245.3181388,-5.00528,2.01432,-0.21364,-0.73156551,0.65148759,0.117370305
1764505245.3181388,-5.00528,2.01432,-0.21364,-0.73156551,0.65148759,0.117370305
1764505245.3181388,-5.00528,2.01432,-0.21364,-0.73156551,0.65148759,0.117370305
1764505245.3181388,-5.00528,2.01432,-0.21364,-0.73156551,0.65148759,0.117370305
1764505245.3181388,-5.00528,2.01432,-0.21364,-0.73156551,0.65148759,0.117370305
1764505245.3181388,-5.00528,2.01432,-0.21364,-0.73156551,0.65148759,0.117370305
1764505245.364651,-5.76828,1.46496,0.27468,-0.731382405,0.652403115,0.116271675
1764505245.364651,-5.76828,1.46496,0.27468,-0.731382405,0.652403115,0.116271675
1764505245.364651,-5.76828,1.46496,0.27468,-0.731382405,0.652403115,0.116271675
1764505245.364651,-5.76828,1.46496,0.27468,-0.731382405,0.652403115,0.116271675
1764505245.364651,-5.76828,1.46496,0.27468,-0.731382405,0.652403115,0.116271675
1764505245.364651,-5.76828,1.46496,0.27468,-0.731382405,0.652403115,0.116271675
1764505245.364651,-5.76828,1.46496,0.27468,-0.731382405,0.652403115,0.116271675
1764505245.364651,-5.76828,1.46496,0.27468,-0.731382405,0.652403115,0.116271675
1764505245.364651,-5.76828,1.46496,0.27468,-0.731382405,0.652403115,0.116271675
1764505245.364651,-5.76828,1.46496,0.27468,-0.731382405,0.652403115,0.116271675
1764505245.364651,-4.60852,0.9919,-0.0762999999999999,-0.731748615,0.653013465,0.116027535
1764505245.364651,-4.60852,0.9919,-0.0762999999999999,-0.731748615,0.653013465,0.116027535
1764505245.364651,-4.60852,0.9919,-0.0762999999999999,-0.731748615,0.653013465,0.116027535
1764505245.364651,-4.60852,0.9919,-0.0762999999999999,-0.731748615,0.653013465,0.116027535
1764505245.364651,-4.60852,0.9919,-0.0762999999999999,-0.731748615,0.653013465,0.116027535
1764505245.3661594,-4.60852,0.9919,-0.0762999999999999,-0.731748615,0.653013465,0.116027535
1764505245.3661594,-4.60852,0.9919,-0.0762999999999999,-0.731748615,0.653013465,0.116027535
1764505245.3661594,-4.60852,0.9919,-0.0762999999999999,-0.731748615,0.653013465,0.116027535
1764505245.3661594,-4.60852,0.9919,-0.0762999999999999,-0.731748615,0.653013465,0.116027535
1764505245.3661594,-4.60852,0.9919,-0.0762999999999999,-0.731748615,0.653013465,0.116027535
1764505245.3661594,-4.54748,1.38866,-0.3509799999999999,-0.731992755,0.65234208,0.115295115
1764505245.3661594,-4.54748,1.38866,-0.3509799999999999,-0.731992755,0.65234208,0.115295115
1764505245.4080515,-4.54748,1.38866,-0.3509799999999999,-0.731992755,0.65234208,0.115295115
1764505245.4090686,-4.54748,1.38866,-0.3509799999999999,-0.731992755,0.65234208,0.115295115
1764505245.4090686,-4.54748,1.38866,-0.3509799999999999,-0.731992755,0.65234208,0.115295115
1764505245.4090686,-4.54748,1.38866,-0.3509799999999999,-0.731992755,0.65234208,0.115295115
1764505245.4090686,-4.54748,1.38866,-0.3509799999999999,-0.731992755,0.65234208,0.115295115
1764505245.4090686,-4.54748,1.38866,-0.3509799999999999,-0.731992755,0.65234208,0.115295115
1764505245.4090686,-4.54748,1.38866,-0.3509799999999999,-0.731992755,0.65234208,0.115295115
1764505245.4090686,-4.54748,1.38866,-0.3509799999999999,-0.731992755,0.65234208,0.115295115
1764505245.4090686,-5.44782,1.28184,-0.93086,-0.730527915,0.652769325,0.11450166
1764505245.4090686,-5.44782,1.28184,-0.93086,-0.730527915,0.652769325,0.11450166
1764505245.4090686,-5.44782,1.28184,-0.93086,-0.730527915,0.652769325,0.11450166
1764505245.4090686,-5.44782,1.28184,-0.93086,-0.730527915,0.652769325,0.11450166
1764505245.4090686,-5.44782,1.28184,-0.93086,-0.730527915,0.652769325,0.11450166
1764505245.4090686,-5.44782,1.28184,-0.93086,-0.730527915,0.652769325,0.11450166
1764505245.4090686,-5.44782,1.28184,-0.93086,-0.730527915,0.652769325,0.11450166
1764505245.4090686,-5.44782,1.28184,-0.93086,-0.730527915,0.652769325,0.11450166
1764505245.4090686,-5.44782,1.28184,-0.93086,-0.730527915,0.652769325,0.11450166
1764505245.4090686,-5.44782,1.28184,-0.93086,-0.730527915,0.652769325,0.11450166
1764505245.4090686,-5.46308,1.78542,-0.28994,-0.72973446,0.652647255,0.114806835
1764505245.4090686,-5.46308,1.78542,-0.28994,-0.72973446,0.652647255,0.114806835
1764505245.4100678,-5.46308,1.78542,-0.28994,-0.72973446,0.652647255,0.114806835
1764505245.4100678,-5.46308,1.78542,-0.28994,-0.72973446,0.652647255,0.114806835
1764505245.411284,-5.46308,1.78542,-0.28994,-0.72973446,0.652647255,0.114806835
1764505245.411284,-5.46308,1.78542,-0.28994,-0.72973446,0.652647255,0.114806835
1764505245.455789,-5.46308,1.78542,-0.28994,-0.72973446,0.652647255,0.114806835
1764505245.455789,-5.46308,1.78542,-0.28994,-0.72973446,0.652647255,0.114806835
1764505245.455789,-5.46308,1.78542,-0.28994,-0.72973446,0.652647255,0.114806835
1764505245.455789,-5.46308,1.78542,-0.28994,-0.72973446,0.652647255,0.114806835
1764505245.455789,-5.234179999999999,1.57178,0.62566,-0.72924618,0.651304485,0.11682099
1764505245.455789,-5.234179999999999,1.57178,0.62566,-0.72924618,0.651304485,0.11682099
1764505245.455789,-5.234179999999999,1.57178,0.62566,-0.72924618,0.651304485,0.11682099
1764505245.455789,-5.234179999999999,1.57178,0.62566,-0.72924618,0.651304485,0.11682099
1764505245.455789,-5.234179999999999,1.57178,0.62566,-0.72924618,0.651304485,0.11682099
1764505245.455789,-5.234179999999999,1.57178,0.62566,-0.72924618,0.651304485,0.11682099
1764505245.455789,-5.234179999999999,1.57178,0.62566,-0.72924618,0.651304485,0.11682099
1764505245.455789,-5.234179999999999,1.57178,0.62566,-0.72924618,0.651304485,0.11682099
1764505245.455789,-5.234179999999999,1.57178,0.62566,-0.72924618,0.651304485,0.11682099
1764505245.455789,-5.234179999999999,1.57178,0.62566,-0.72924618,0.651304485,0.11682099
1764505245.455789,-4.47118,1.61756,0.42728,-0.72924618,0.6494124,0.11767548
1764505245.455789,-4.47118,1.61756,0.42728,-0.72924618,0.6494124,0.11767548
1764505245.455789,-4.47118,1.61756,0.42728,-0.72924618,0.6494124,0.11767548
1764505245.455789,-4.47118,1.61756,0.42728,-0.72924618,0.6494124,0.11767548
1764505245.455789,-4.47118,1.61756,0.42728,-0.72924618,0.6494124,0.11767548
1764505245.455789,-4.47118,1.61756,0.42728,-0.72924618,0.6494124,0.11767548
1764505245.455789,-4.47118,1.61756,0.42728,-0.72924618,0.6494124,0.11767548
1764505245.455789,-4.47118,1.61756,0.42728,-0.72924618,0.6494124,0.11767548
1764505245.455789,-4.47118,1.61756,0.42728,-0.72924618,0.6494124,0.11767548
1764505245.455789,-4.47118,1.61756,0.42728,-0.72924618,0.6494124,0.11767548
1764505245.5008318,-4.39488,2.38056,0.763,-0.730039635,0.648008595,0.11682099
1764505245.5008318,-4.39488,2.38056,0.763,-0.730039635,0.648008595,0.11682099
1764505245.5018425,-4.39488,2.38056,0.763,-0.730039635,0.648008595,0.11682099
1764505245.5018425,-4.39488,2.38056,0.763,-0.730039635,0.648008595,0.11682099
1764505245.5018425,-4.39488,2.38056,0.763,-0.730039635,0.648008595,0.11682099
1764505245.5018425,-4.39488,2.38056,0.763,-0.730039635,0.648008595,0.11682099
1764505245.5018425,-4.39488,2.38056,0.763,-0.730039635,0.648008595,0.11682099
1764505245.5018425,-4.39488,2.38056,0.763,-0.730039635,0.648008595,0.11682099
1764505245.5018425,-4.39488,2.38056,0.763,-0.730039635,0.648008595,0.11682099
1764505245.5018425,-4.39488,2.38056,0.763,-0.730039635,0.648008595,0.11682099
1764505245.5018425,-3.47928,1.35814,0.54936,-0.73254207,0.648252735,0.1147458
1764505245.5018425,-3.47928,1.35814,0.54936,-0.73254207,0.648252735,0.1147458
1764505245.502841,-3.47928,1.35814,0.54936,-0.73254207,0.648252735,0.1147458
1764505245.5033505,-3.47928,1.35814,0.54936,-0.73254207,0.648252735,0.1147458
1764505245.5033505,-3.47928,1.35814,0.54936,-0.73254207,0.648252735,0.1147458
1764505245.5033505,-3.47928,1.35814,0.54936,-0.73254207,0.648252735,0.1147458
1764505245.5033505,-3.47928,1.35814,0.54936,-0.73254207,0.648252735,0.1147458
1764505245.5033505,-3.47928,1.35814,0.54936,-0.73254207,0.648252735,0.1147458
1764505245.5033505,-3.47928,1.35814,0.54936,-0.73254207,0.648252735,0.1147458
1764505245.5033505,-3.47928,1.35814,0.54936,-0.73254207,0.648252735,0.1147458
1764505245.5033505,-3.2809,0.24416,-0.62566,-0.733457595,0.649595505,0.114440625
1764505245.5033505,-3.2809,0.24416,-0.62566,-0.733457595,0.649595505,0.114440625
1764505245.5033505,-3.2809,0.24416,-0.62566,-0.733457595,0.649595505,0.114440625
1764505245.5033505,-3.2809,0.24416,-0.62566,-0.733457595,0.649595505,0.114440625
1764505245.551317,-3.2809,0.24416,-0.62566,-0.733457595,0.649595505,0.114440625
1764505245.551317,-3.2809,0.24416,-0.62566,-0.733457595,0.649595505,0.114440625
1764505245.551317,-3.2809,0.24416,-0.62566,-0.733457595,0.649595505,0.114440625
1764505245.551317,-3.2809,0.24416,-0.62566,-0.733457595,0.649595505,0.114440625
1764505245.551317,-3.2809,0.24416,-0.62566,-0.733457595,0.649595505,0.114440625
1764505245.551317,-3.2809,0.24416,-0.62566,-0.733457595,0.649595505,0.114440625
1764505245.551317,-4.18124,0.8087799999999999,-2.12114,-0.731748615,0.650205855,0.115661325
1764505245.551317,-4.18124,0.8087799999999999,-2.12114,-0.731748615,0.650205855,0.115661325
1764505245.551317,-4.18124,0.8087799999999999,-2.12114,-0.731748615,0.650205855,0.115661325
1764505245.552331,-4.18124,0.8087799999999999,-2.12114,-0.731748615,0.650205855,0.115661325
1764505245.552331,-4.18124,0.8087799999999999,-2.12114,-0.731748615,0.650205855,0.115661325
1764505245.552331,-4.18124,0.8087799999999999,-2.12114,-0.731748615,0.650205855,0.115661325
1764505245.552331,-4.18124,0.8087799999999999,-2.12114,-0.731748615,0.650205855,0.115661325
1764505245.552331,-4.18124,0.8087799999999999,-2.12114,-0.731748615,0.650205855,0.115661325
1764505245.552331,-4.18124,0.8087799999999999,-2.12114,-0.731748615,0.650205855,0.115661325
1764505245.552331,-4.18124,0.8087799999999999,-2.12114,-0.731748615,0.650205855,0.115661325
1764505245.552331,-3.90656,2.2127,-2.25848,-0.730161705,0.648496875,0.116759955
1764505245.552331,-3.90656,2.2127,-2.25848,-0.730161705,0.648496875,0.116759955
1764505245.552331,-3.90656,2.2127,-2.25848,-0.730161705,0.648496875,0.116759955
1764505245.552331,-3.90656,2.2127,-2.25848,-0.730161705,0.648496875,0.116759955
1764505245.552331,-3.90656,2.2127,-2.25848,-0.730161705,0.648496875,0.116759955
1764505245.552331,-3.90656,2.2127,-2.25848,-0.730161705,0.648496875,0.116759955
1764505245.552331,-3.90656,2.2127,-2.25848,-0.730161705,0.648496875,0.116759955
1764505245.552331,-3.90656,2.2127,-2.25848,-0.730161705,0.648496875,0.116759955
1764505245.597778,-3.90656,2.2127,-2.25848,-0.730161705,0.648496875,0.116759955
1764505245.597778,-3.90656,2.2127,-2.25848,-0.730161705,0.648496875,0.116759955
1764505245.59879,-2.8994,2.50264,0.2289,-0.730161705,0.64831377,0.11645478
1764505245.59879,-2.8994,2.50264,0.2289,-0.730161705,0.64831377,0.11645478
1764505245.59879,-2.8994,2.50264,0.2289,-0.730161705,0.64831377,0.11645478
1764505245.59879,-2.8994,2.50264,0.2289,-0.730161705,0.64831377,0.11645478
1764505245.59879,-2.8994,2.50264,0.2289,-0.730161705,0.64831377,0.11645478
1764505245.59879,-2.8994,2.50264,0.2289,-0.730161705,0.64831377,0.11645478
1764505245.59879,-2.8994,2.50264,0.2289,-0.730161705,0.64831377,0.11645478
1764505245.59879,-2.8994,2.50264,0.2289,-0.730161705,0.64831377,0.11645478
1764505245.59879,-2.8994,2.50264,0.2289,-0.730161705,0.64831377,0.11645478
1764505245.59879,-2.8994,2.50264,0.2289,-0.730161705,0.64831377,0.11645478
1764505245.59879,-3.70818,2.68576,1.81594,-0.731382405,0.6506941350000001,0.11486787
1764505245.59879,-3.70818,2.68576,1.81594,-0.731382405,0.6506941350000001,0.11486787
1764505245.6071286,-3.70818,2.68576,1.81594,-0.731382405,0.6506941350000001,0.11486787
1764505245.6096635,-3.70818,2.68576,1.81594,-0.731382405,0.6506941350000001,0.11486787
1764505245.6096635,-3.70818,2.68576,1.81594,-0.731382405,0.6506941350000001,0.11486787
1764505245.6096635,-3.70818,2.68576,1.81594,-0.731382405,0.6506941350000001,0.11486787
1764505245.6096635,-3.70818,2.68576,1.81594,-0.731382405,0.6506941350000001,0.11486787
1764505245.6096635,-3.70818,2.68576,1.81594,-0.731382405,0.6506941350000001,0.11486787
1764505245.6427996,-3.70818,2.68576,1.81594,-0.731382405,0.6506941350000001,0.11486787
1764505245.6427996,-3.70818,2.68576,1.81594,-0.731382405,0.6506941350000001,0.11486787
1764505245.6427996,-4.33384,1.11398,0.94612,-0.732358965,0.65344071,0.1147458
1764505245.6427996,-4.33384,1.11398,0.94612,-0.732358965,0.65344071,0.1147458
1764505245.6427996,-4.33384,1.11398,0.94612,-0.732358965,0.65344071,0.1147458
1764505245.6427996,-4.33384,1.11398,0.94612,-0.732358965,0.65344071,0.1147458
1764505245.6427996,-4.33384,1.11398,0.94612,-0.732358965,0.65344071,0.1147458
1764505245.6427996,-4.33384,1.11398,0.94612,-0.732358965,0.65344071,0.1147458
1764505245.6427996,-4.33384,1.11398,0.94612,-0.732358965,0.65344071,0.1147458
1764505245.6427996,-4.33384,1.11398,0.94612,-0.732358965,0.65344071,0.1147458
1764505245.6427996,-4.33384,1.11398,0.94612,-0.732358965,0.65344071,0.1147458
1764505245.6427996,-4.33384,1.11398,0.94612,-0.732358965,0.65344071,0.1147458
1764505245.6427996,-3.86078,1.28184,0.39676,-0.733457595,0.652158975,0.115661325
1764505245.6427996,-3.86078,1.28184,0.39676,-0.733457595,0.652158975,0.115661325
1764505245.6427996,-3.86078,1.28184,0.39676,-0.733457595,0.652158975,0.115661325
1764505245.6427996,-3.86078,1.28184,0.39676,-0.733457595,0.652158975,0.115661325
1764505245.643819,-3.86078,1.28184,0.39676,-0.733457595,0.652158975,0.115661325
1764505245.643819,-3.86078,1.28184,0.39676,-0.733457595,0.652158975,0.115661325
1764505245.6448214,-3.86078,1.28184,0.39676,-0.733457595,0.652158975,0.115661325
1764505245.6448214,-3.86078,1.28184,0.39676,-0.733457595,0.652158975,0.115661325
1764505245.6448214,-3.86078,1.28184,0.39676,-0.733457595,0.652158975,0.115661325
1764505245.6448214,-3.86078,1.28184,0.39676,-0.733457595,0.652158975,0.115661325
1764505245.6448214,-2.65524,1.64808,0.74774,-0.73498347,0.652403115,0.116759955
1764505245.6448214,-2.65524,1.64808,0.74774,-0.73498347,0.652403115,0.116759955
1764505245.6909351,-2.65524,1.64808,0.74774,-0.73498347,0.652403115,0.116759955
1764505245.6909351,-2.65524,1.64808,0.74774,-0.73498347,0.652403115,0.116759955
1764505245.6909351,-2.65524,1.64808,0.74774,-0.73498347,0.652403115,0.116759955
1764505245.6909351,-2.65524,1.64808,0.74774,-0.73498347,0.652403115,0.116759955
1764505245.6909351,-2.65524,1.64808,0.74774,-0.73498347,0.652403115,0.116759955
1764505245.6909351,-2.65524,1.64808,0.74774,-0.73498347,0.652403115,0.116759955
1764505245.6909351,-2.65524,1.64808,0.74774,-0.73498347,0.652403115,0.116759955
1764505245.6909351,-2.65524,1.64808,0.74774,-0.73498347,0.652403115,0.116759955
1764505245.6909351,-3.90656,0.94612,1.57178,-0.735288645,0.65502762,0.116637885
1764505245.6909351,-3.90656,0.94612,1.57178,-0.735288645,0.65502762,0.116637885
1764505245.6909351,-3.90656,0.94612,1.57178,-0.735288645,0.65502762,0.116637885
1764505245.6909351,-3.90656,0.94612,1.57178,-0.735288645,0.65502762,0.116637885
1764505245.6909351,-3.90656,0.94612,1.57178,-0.735288645,0.65502762,0.116637885
1764505245.6909351,-3.90656,0.94612,1.57178,-0.735288645,0.65502762,0.116637885
1764505245.6909351,-3.90656,0.94612,1.57178,-0.735288645,0.65502762,0.116637885
1764505245.6909351,-3.90656,0.94612,1.57178,-0.735288645,0.65502762,0.116637885
1764505245.6909351,-3.90656,0.94612,1.57178,-0.735288645,0.65502762,0.116637885
1764505245.6909351,-3.90656,0.94612,1.57178,-0.735288645,0.65502762,0.116637885
1764505245.6934948,-4.37962,0.1525999999999999,2.16692,-0.73278621,0.65820144,0.11779755
1764505245.6944692,-4.37962,0.1525999999999999,2.16692,-0.73278621,0.65820144,0.11779755
1764505245.6944692,-4.37962,0.1525999999999999,2.16692,-0.73278621,0.65820144,0.11779755
1764505245.6944692,-4.37962,0.1525999999999999,2.16692,-0.73278621,0.65820144,0.11779755
1764505245.6944692,-4.37962,0.1525999999999999,2.16692,-0.73278621,0.65820144,0.11779755
1764505245.6944692,-4.37962,0.1525999999999999,2.16692,-0.73278621,0.65820144,0.11779755
1764505245.7359362,-4.37962,0.1525999999999999,2.16692,-0.73278621,0.65820144,0.11779755
1764505245.7359362,-4.37962,0.1525999999999999,2.16692,-0.73278621,0.65820144,0.11779755
1764505245.7374814,-4.37962,0.1525999999999999,2.16692,-0.73278621,0.65820144,0.11779755
1764505245.7374814,-4.37962,0.1525999999999999,2.16692,-0.73278621,0.65820144,0.11779755
1764505245.7374814,-6.302379999999999,1.54126,1.09872,-0.729795495,0.66027663,0.11889618
1764505245.7374814,-6.302379999999999,1.54126,1.09872,-0.729795495,0.66027663,0.11889618
1764505245.7374814,-6.302379999999999,1.54126,1.09872,-0.729795495,0.66027663,0.11889618
1764505245.7374814,-6.302379999999999,1.54126,1.09872,-0.729795495,0.66027663,0.11889618
1764505245.7374814,-6.302379999999999,1.54126,1.09872,-0.729795495,0.66027663,0.11889618
1764505245.7374814,-6.302379999999999,1.54126,1.09872,-0.729795495,0.66027663,0.11889618
1764505245.7374814,-6.302379999999999,1.54126,1.09872,-0.729795495,0.66027663,0.11889618
1764505245.7374814,-6.302379999999999,1.54126,1.09872,-0.729795495,0.66027663,0.11889618
1764505245.7374814,-6.302379999999999,1.54126,1.09872,-0.729795495,0.66027663,0.11889618
1764505245.7374814,-6.302379999999999,1.54126,1.09872,-0.729795495,0.66027663,0.11889618
1764505245.739498,-8.22514,2.70102,1.49548,-0.7288189350000001,0.65893386,0.118468935
1764505245.739498,-8.22514,2.70102,1.49548,-0.7288189350000001,0.65893386,0.118468935
1764505245.739498,-8.22514,2.70102,1.49548,-0.7288189350000001,0.65893386,0.118468935
1764505245.739498,-8.22514,2.70102,1.49548,-0.7288189350000001,0.65893386,0.118468935
1764505245.739498,-8.22514,2.70102,1.49548,-0.7288189350000001,0.65893386,0.118468935
1764505245.739498,-8.22514,2.70102,1.49548,-0.7288189350000001,0.65893386,0.118468935
1764505245.739498,-8.22514,2.70102,1.49548,-0.7288189350000001,0.65893386,0.118468935
1764505245.739498,-8.22514,2.70102,1.49548,-0.7288189350000001,0.65893386,0.118468935
1764505245.739498,-8.22514,2.70102,1.49548,-0.7288189350000001,0.65893386,0.118468935
1764505245.739498,-8.22514,2.70102,1.49548,-0.7288189350000001,0.65893386,0.118468935
1764505245.7841866,-9.01866,1.72438,1.6786,-0.730405845,0.655332795,0.116515815
1764505245.7841866,-9.01866,1.72438,1.6786,-0.730405845,0.655332795,0.116515815
1764505245.7841866,-9.01866,1.72438,1.6786,-0.730405845,0.655332795,0.116515815
1764505245.7852094,-9.01866,1.72438,1.6786,-0.730405845,0.655332795,0.116515815
1764505245.7852094,-9.01866,1.72438,1.6786,-0.730405845,0.655332795,0.116515815
1764505245.7852094,-9.01866,1.72438,1.6786,-0.730405845,0.655332795,0.116515815
1764505245.7852094,-9.01866,1.72438,1.6786,-0.730405845,0.655332795,0.116515815
1764505245.7852094,-9.01866,1.72438,1.6786,-0.730405845,0.655332795,0.116515815
1764505245.7852094,-9.01866,1.72438,1.6786,-0.730405845,0.655332795,0.116515815
1764505245.7852094,-9.01866,1.72438,1.6786,-0.730405845,0.655332795,0.116515815
1764505245.7852094,-7.12642,0.3509799999999999,0.9156,-0.731626545,0.65087724,0.11523408
1764505245.7862208,-7.12642,0.3509799999999999,0.9156,-0.731626545,0.65087724,0.11523408
1764505245.7862208,-7.12642,0.3509799999999999,0.9156,-0.731626545,0.65087724,0.11523408
1764505245.7862208,-7.12642,0.3509799999999999,0.9156,-0.731626545,0.65087724,0.11523408
1764505245.7862208,-7.12642,0.3509799999999999,0.9156,-0.731626545,0.65087724,0.11523408
1764505245.7862208,-7.12642,0.3509799999999999,0.9156,-0.731626545,0.65087724,0.11523408
1764505245.7862208,-7.12642,0.3509799999999999,0.9156,-0.731626545,0.65087724,0.11523408
1764505245.7862208,-7.12642,0.3509799999999999,0.9156,-0.731626545,0.65087724,0.11523408
1764505245.7862208,-7.12642,0.3509799999999999,0.9156,-0.731626545,0.65087724,0.11523408
1764505245.7873683,-7.12642,0.3509799999999999,0.9156,-0.731626545,0.65087724,0.11523408
1764505245.7873683,-5.371519999999999,0.56462,0.5341,-0.7308941250000001,0.647520315,0.11498994
1764505245.7873683,-5.371519999999999,0.56462,0.5341,-0.7308941250000001,0.647520315,0.11498994
1764505245.7873683,-5.371519999999999,0.56462,0.5341,-0.7308941250000001,0.647520315,0.11498994
1764505245.7873683,-5.371519999999999,0.56462,0.5341,-0.7308941250000001,0.647520315,0.11498994
1764505245.828557,-5.371519999999999,0.56462,0.5341,-0.7308941250000001,0.647520315,0.11498994
1764505245.828557,-5.371519999999999,0.56462,0.5341,-0.7308941250000001,0.647520315,0.11498994
1764505245.828557,-5.371519999999999,0.56462,0.5341,-0.7308941250000001,0.647520315,0.11498994
1764505245.828557,-5.371519999999999,0.56462,0.5341,-0.7308941250000001,0.647520315,0.11498994
1764505245.828557,-5.371519999999999,0.56462,0.5341,-0.7308941250000001,0.647520315,0.11498994
1764505245.828557,-5.371519999999999,0.56462,0.5341,-0.7308941250000001,0.647520315,0.11498994
1764505245.828557,-4.02864,1.54126,0.5341,-0.73058895,0.6457503,0.11450166
1764505245.828557,-4.02864,1.54126,0.5341,-0.73058895,0.6457503,0.11450166
1764505245.828557,-4.02864,1.54126,0.5341,-0.73058895,0.6457503,0.11450166
1764505245.828557,-4.02864,1.54126,0.5341,-0.73058895,0.6457503,0.11450166
1764505245.828557,-4.02864,1.54126,0.5341,-0.73058895,0.6457503,0.11450166
1764505245.828557,-4.02864,1.54126,0.5341,-0.73058895,0.6457503,0.11450166
1764505245.828557,-4.02864,1.54126,0.5341,-0.73058895,0.6457503,0.11450166
1764505245.828557,-4.02864,1.54126,0.5341,-0.73058895,0.6457503,0.11450166
1764505245.8305576,-4.02864,1.54126,0.5341,-0.73058895,0.6457503,0.11450166
1764505245.8305576,-4.02864,1.54126,0.5341,-0.73058895,0.6457503,0.11450166
1764505245.8305576,-3.815,1.43444,1.11398,-0.73132137,0.646177545,0.11450166
1764505245.8305576,-3.815,1.43444,1.11398,-0.73132137,0.646177545,0.11450166
1764505245.8305576,-3.815,1.43444,1.11398,-0.73132137,0.646177545,0.11450166
1764505245.8305576,-3.815,1.43444,1.11398,-0.73132137,0.646177545,0.11450166
1764505245.8771486,-3.815,1.43444,1.11398,-0.73132137,0.646177545,0.11450166
1764505245.8771486,-3.815,1.43444,1.11398,-0.73132137,0.646177545,0.11450166
1764505245.8771486,-3.815,1.43444,1.11398,-0.73132137,0.646177545,0.11450166
1764505245.8771486,-3.815,1.43444,1.11398,-0.73132137,0.646177545,0.11450166
1764505245.8771486,-3.815,1.43444,1.11398,-0.73132137,0.646177545,0.11450166
1764505245.8781784,-3.815,1.43444,1.11398,-0.73132137,0.646177545,0.11450166
1764505245.8781784,-4.60852,1.15976,0.65618,-0.7308941250000001,0.648496875,0.11376924
1764505245.8781784,-4.60852,1.15976,0.65618,-0.7308941250000001,0.648496875,0.11376924
1764505245.8781784,-4.60852,1.15976,0.65618,-0.7308941250000001,0.648496875,0.11376924
1764505245.8781784,-4.60852,1.15976,0.65618,-0.7308941250000001,0.648496875,0.11376924
1764505245.8781784,-4.60852,1.15976,0.65618,-0.7308941250000001,0.648496875,0.11376924
1764505245.8781784,-4.60852,1.15976,0.65618,-0.7308941250000001,0.648496875,0.11376924
1764505245.8781784,-4.60852,1.15976,0.65618,-0.7308941250000001,0.648496875,0.11376924
1764505245.8781784,-4.60852,1.15976,0.65618,-0.7308941250000001,0.648496875,0.11376924
1764505245.8781784,-4.60852,1.15976,0.65618,-0.7308941250000001,0.648496875,0.11376924
1764505245.8781784,-4.60852,1.15976,0.65618,-0.7308941250000001,0.648496875,0.11376924
1764505245.8781784,-3.78448,1.6786,0.6103999999999999,-0.7299786,0.64977861,0.11523408
1764505245.8781784,-3.78448,1.6786,0.6103999999999999,-0.7299786,0.64977861,0.11523408
1764505245.8781784,-3.78448,1.6786,0.6103999999999999,-0.7299786,0.64977861,0.11523408
1764505245.8781784,-3.78448,1.6786,0.6103999999999999,-0.7299786,0.64977861,0.11523408
1764505245.8781784,-3.78448,1.6786,0.6103999999999999,-0.7299786,0.64977861,0.11523408
1764505245.8781784,-3.78448,1.6786,0.6103999999999999,-0.7299786,0.64977861,0.11523408
1764505245.8781784,-3.78448,1.6786,0.6103999999999999,-0.7299786,0.64977861,0.11523408
1764505245.8781784,-3.78448,1.6786,0.6103999999999999,-0.7299786,0.64977861,0.11523408
1764505245.922656,-3.78448,1.6786,0.6103999999999999,-0.7299786,0.64977861,0.11523408
1764505245.9232051,-3.78448,1.6786,0.6103999999999999,-0.7299786,0.64977861,0.11523408
1764505245.9232051,-2.83836,1.4039199999999998,1.48022,-0.73071102,0.65099931,0.1171872
1764505245.9232051,-2.83836,1.4039199999999998,1.48022,-0.73071102,0.65099931,0.1171872
1764505245.9232051,-2.83836,1.4039199999999998,1.48022,-0.73071102,0.65099931,0.1171872
1764505245.9232051,-2.83836,1.4039199999999998,1.48022,-0.73071102,0.65099931,0.1171872
1764505245.9232051,-2.83836,1.4039199999999998,1.48022,-0.73071102,0.65099931,0.1171872
1764505245.9232051,-2.83836,1.4039199999999998,1.48022,-0.73071102,0.65099931,0.1171872
1764505245.9232051,-2.83836,1.4039199999999998,1.48022,-0.73071102,0.65099931,0.1171872
1764505245.9232051,-2.83836,1.4039199999999998,1.48022,-0.73071102,0.65099931,0.1171872
1764505245.9232051,-2.83836,1.4039199999999998,1.48022,-0.73071102,0.65099931,0.1171872
1764505245.9232051,-2.83836,1.4039199999999998,1.48022,-0.73071102,0.65099931,0.1171872
1764505245.9232051,-4.10494,1.54126,2.65524,-0.731870685,0.65258622,0.117248235
1764505245.9232051,-4.10494,1.54126,2.65524,-0.731870685,0.65258622,0.117248235
1764505245.9232051,-4.10494,1.54126,2.65524,-0.731870685,0.65258622,0.117248235
1764505245.9232051,-4.10494,1.54126,2.65524,-0.731870685,0.65258622,0.117248235
1764505245.9237456,-4.10494,1.54126,2.65524,-0.731870685,0.65258622,0.117248235
1764505245.9237456,-4.10494,1.54126,2.65524,-0.731870685,0.65258622,0.117248235
1764505245.9237456,-4.10494,1.54126,2.65524,-0.731870685,0.65258622,0.117248235
1764505245.9237456,-4.10494,1.54126,2.65524,-0.731870685,0.65258622,0.117248235
1764505245.9237456,-4.10494,1.54126,2.65524,-0.731870685,0.65258622,0.117248235
1764505245.9237456,-4.10494,1.54126,2.65524,-0.731870685,0.65258622,0.117248235
1764505245.9237456,-3.61662,0.25942,2.289,-0.73229793,0.652525185,0.11791962
1764505245.9237456,-3.61662,0.25942,2.289,-0.73229793,0.652525185,0.11791962
1764505245.9694395,-3.61662,0.25942,2.289,-0.73229793,0.652525185,0.11791962
1764505245.9694395,-3.61662,0.25942,2.289,-0.73229793,0.652525185,0.11791962
1764505245.9694395,-3.61662,0.25942,2.289,-0.73229793,0.652525185,0.11791962
1764505245.9694395,-3.61662,0.25942,2.289,-0.73229793,0.652525185,0.11791962
1764505245.9694395,-3.61662,0.25942,2.289,-0.73229793,0.652525185,0.11791962
1764505245.96995,-3.61662,0.25942,2.289,-0.73229793,0.652525185,0.11791962
1764505245.96995,-3.61662,0.25942,2.289,-0.73229793,0.652525185,0.11791962
1764505245.96995,-3.61662,0.25942,2.289,-0.73229793,0.652525185,0.11791962
1764505245.96995,-2.9757,-0.19838,1.61756,-0.73278621,0.6522810450000001,0.117126165
1764505245.96995,-2.9757,-0.19838,1.61756,-0.73278621,0.6522810450000001,0.117126165
1764505245.96995,-2.9757,-0.19838,1.61756,-0.73278621,0.6522810450000001,0.117126165
1764505245.96995,-2.9757,-0.19838,1.61756,-0.73278621,0.6522810450000001,0.117126165
1764505245.96995,-2.9757,-0.19838,1.61756,-0.73278621,0.6522810450000001,0.117126165
1764505245.96995,-2.9757,-0.19838,1.61756,-0.73278621,0.6522810450000001,0.117126165
1764505245.96995,-2.9757,-0.19838,1.61756,-0.73278621,0.6522810450000001,0.117126165
1764505245.96995,-2.9757,-0.19838,1.61756,-0.73278621,0.6522810450000001,0.117126165
1764505245.96995,-2.9757,-0.19838,1.61756,-0.73278621,0.6522810450000001,0.117126165
1764505245.96995,-2.9757,-0.19838,1.61756,-0.73278621,0.6522810450000001,0.117126165
1764505245.96995,-2.38056,-0.41202,0.85456,-0.73229793,0.653135535,0.11791962
1764505245.96995,-2.38056,-0.41202,0.85456,-0.73229793,0.653135535,0.11791962
1764505245.96995,-2.38056,-0.41202,0.85456,-0.73229793,0.653135535,0.11791962
1764505245.96995,-2.38056,-0.41202,0.85456,-0.73229793,0.653135535,0.11791962
1764505245.96995,-2.38056,-0.41202,0.85456,-0.73229793,0.653135535,0.11791962
1764505245.96995,-2.38056,-0.41202,0.85456,-0.73229793,0.653135535,0.11791962
1764505246.0159004,-2.38056,-0.41202,0.85456,-0.73229793,0.653135535,0.11791962
1764505246.0159004,-2.38056,-0.41202,0.85456,-0.73229793,0.653135535,0.11791962
1764505246.0159004,-2.38056,-0.41202,0.85456,-0.73229793,0.653135535,0.11791962
1764505246.0159004,-2.38056,-0.41202,0.85456,-0.73229793,0.653135535,0.11791962
1764505246.0159004,-2.15166,1.11398,0.09156,-0.73046688,0.65356278,0.117858585
1764505246.0159004,-2.15166,1.11398,0.09156,-0.73046688,0.65356278,0.117858585
1764505246.0159004,-2.15166,1.11398,0.09156,-0.73046688,0.65356278,0.117858585
1764505246.0159004,-2.15166,1.11398,0.09156,-0.73046688,0.65356278,0.117858585
1764505246.0159004,-2.15166,1.11398,0.09156,-0.73046688,0.65356278,0.117858585
1764505246.0159004,-2.15166,1.11398,0.09156,-0.73046688,0.65356278,0.117858585
1764505246.0159004,-2.15166,1.11398,0.09156,-0.73046688,0.65356278,0.117858585
1764505246.0159004,-2.15166,1.11398,0.09156,-0.73046688,0.65356278,0.117858585
1764505246.0159004,-2.15166,1.11398,0.09156,-0.73046688,0.65356278,0.117858585
1764505246.0159004,-2.15166,1.11398,0.09156,-0.73046688,0.65356278,0.117858585
1764505246.0159004,-2.5179,0.88508,0.59514,-0.7303448100000001,0.654112095,0.11828583
1764505246.016924,-2.5179,0.88508,0.59514,-0.7303448100000001,0.654112095,0.11828583
1764505246.016924,-2.5179,0.88508,0.59514,-0.7303448100000001,0.654112095,0.11828583
1764505246.016924,-2.5179,0.88508,0.59514,-0.7303448100000001,0.654112095,0.11828583
1764505246.016924,-2.5179,0.88508,0.59514,-0.7303448100000001,0.654112095,0.11828583
1764505246.016924,-2.5179,0.88508,0.59514,-0.7303448100000001,0.654112095,0.11828583
1764505246.016924,-2.5179,0.88508,0.59514,-0.7303448100000001,0.654112095,0.11828583
1764505246.016924,-2.5179,0.88508,0.59514,-0.7303448100000001,0.654112095,0.11828583
1764505246.016924,-2.5179,0.88508,0.59514,-0.7303448100000001,0.654112095,0.11828583
1764505246.016924,-2.5179,0.88508,0.59514,-0.7303448100000001,0.654112095,0.11828583
1764505246.0609975,-3.3572,-0.18312,1.05294,-0.7311993,0.6555159,0.11852997
1764505246.0609975,-3.3572,-0.18312,1.05294,-0.7311993,0.6555159,0.11852997
1764505246.0609975,-3.3572,-0.18312,1.05294,-0.7311993,0.6555159,0.11852997
1764505246.0609975,-3.3572,-0.18312,1.05294,-0.7311993,0.6555159,0.11852997
1764505246.0609975,-3.3572,-0.18312,1.05294,-0.7311993,0.6555159,0.11852997
1764505246.0609975,-3.3572,-0.18312,1.05294,-0.7311993,0.6555159,0.11852997
1764505246.0609975,-3.3572,-0.18312,1.05294,-0.7311993,0.6555159,0.11852997
1764505246.0609975,-3.3572,-0.18312,1.05294,-0.7311993,0.6555159,0.11852997
1764505246.0609975,-3.3572,-0.18312,1.05294,-0.7311993,0.6555159,0.11852997
1764505246.0609975,-3.3572,-0.18312,1.05294,-0.7311993,0.6555159,0.11852997
1764505246.0609975,-4.62378,-0.3815,0.62566,-0.729917565,0.65734695,0.11791962
1764505246.0609975,-4.62378,-0.3815,0.62566,-0.729917565,0.65734695,0.11791962
1764505246.0609975,-4.62378,-0.3815,0.62566,-0.729917565,0.65734695,0.11791962
1764505246.0609975,-4.62378,-0.3815,0.62566,-0.729917565,0.65734695,0.11791962
1764505246.0609975,-4.62378,-0.3815,0.62566,-0.729917565,0.65734695,0.11791962
1764505246.0609975,-4.62378,-0.3815,0.62566,-0.729917565,0.65734695,0.11791962
1764505246.0609975,-4.62378,-0.3815,0.62566,-0.729917565,0.65734695,0.11791962
1764505246.0609975,-4.62378,-0.3815,0.62566,-0.729917565,0.65734695,0.11791962
1764505246.0609975,-4.62378,-0.3815,0.62566,-0.729917565,0.65734695,0.11791962
1764505246.0609975,-4.62378,-0.3815,0.62566,-0.729917565,0.65734695,0.11791962
1764505246.0609975,-6.302379999999999,0.3509799999999999,0.48832,-0.727720305,0.65844558,0.116027535
1764505246.0609975,-6.302379999999999,0.3509799999999999,0.48832,-0.727720305,0.65844558,0.116027535
1764505246.0609975,-6.302379999999999,0.3509799999999999,0.48832,-0.727720305,0.65844558,0.116027535
1764505246.0609975,-6.302379999999999,0.3509799999999999,0.48832,-0.727720305,0.65844558,0.116027535
1764505246.1095855,-6.302379999999999,0.3509799999999999,0.48832,-0.727720305,0.65844558,0.116027535
1764505246.1095855,-6.302379999999999,0.3509799999999999,0.48832,-0.727720305,0.65844558,0.116027535
1764505246.1095855,-6.302379999999999,0.3509799999999999,0.48832,-0.727720305,0.65844558,0.116027535
1764505246.1095855,-6.302379999999999,0.3509799999999999,0.48832,-0.727720305,0.65844558,0.116027535
1764505246.1095855,-6.302379999999999,0.3509799999999999,0.48832,-0.727720305,0.65844558,0.116027535
1764505246.1095855,-6.302379999999999,0.3509799999999999,0.48832,-0.727720305,0.65844558,0.116027535
1764505246.1095855,-4.86794,0.1678599999999999,0.3509799999999999,-0.7261944300000001,0.65649246,0.11657685
1764505246.110585,-4.86794,0.1678599999999999,0.3509799999999999,-0.7261944300000001,0.65649246,0.11657685
1764505246.110585,-4.86794,0.1678599999999999,0.3509799999999999,-0.7261944300000001,0.65649246,0.11657685
1764505246.110585,-4.86794,0.1678599999999999,0.3509799999999999,-0.7261944300000001,0.65649246,0.11657685
1764505246.110585,-4.86794,0.1678599999999999,0.3509799999999999,-0.7261944300000001,0.65649246,0.11657685
1764505246.110585,-4.86794,0.1678599999999999,0.3509799999999999,-0.7261944300000001,0.65649246,0.11657685
1764505246.110585,-4.86794,0.1678599999999999,0.3509799999999999,-0.7261944300000001,0.65649246,0.11657685
1764505246.110585,-4.86794,0.1678599999999999,0.3509799999999999,-0.7261944300000001,0.65649246,0.11657685
1764505246.110585,-4.86794,0.1678599999999999,0.3509799999999999,-0.7261944300000001,0.65649246,0.11657685
1764505246.110585,-4.86794,0.1678599999999999,0.3509799999999999,-0.7261944300000001,0.65649246,0.11657685
1764505246.1115828,-4.91372,1.78542,1.11398,-0.72595029,0.6542952,0.116271675
1764505246.1115828,-4.91372,1.78542,1.11398,-0.72595029,0.6542952,0.116271675
1764505246.1115828,-4.91372,1.78542,1.11398,-0.72595029,0.6542952,0.116271675
1764505246.1115828,-4.91372,1.78542,1.11398,-0.72595029,0.6542952,0.116271675
1764505246.1115828,-4.91372,1.78542,1.11398,-0.72595029,0.6542952,0.116271675
1764505246.1115828,-4.91372,1.78542,1.11398,-0.72595029,0.6542952,0.116271675
1764505246.154305,-4.91372,1.78542,1.11398,-0.72595029,0.6542952,0.116271675
1764505246.154305,-4.91372,1.78542,1.11398,-0.72595029,0.6542952,0.116271675
1764505246.154305,-4.91372,1.78542,1.11398,-0.72595029,0.6542952,0.116271675
1764505246.154305,-4.91372,1.78542,1.11398,-0.72595029,0.6542952,0.116271675
1764505246.154305,-4.822159999999999,1.0682,1.09872,-0.726865815,0.65246415,0.11560029
1764505246.154305,-4.822159999999999,1.0682,1.09872,-0.726865815,0.65246415,0.11560029
1764505246.154305,-4.822159999999999,1.0682,1.09872,-0.726865815,0.65246415,0.11560029
1764505246.154305,-4.822159999999999,1.0682,1.09872,-0.726865815,0.65246415,0.11560029
1764505246.154305,-4.822159999999999,1.0682,1.09872,-0.726865815,0.65246415,0.11560029
1764505246.154305,-4.822159999999999,1.0682,1.09872,-0.726865815,0.65246415,0.11560029
1764505246.154305,-4.822159999999999,1.0682,1.09872,-0.726865815,0.65246415,0.11560029
1764505246.154305,-4.822159999999999,1.0682,1.09872,-0.726865815,0.65246415,0.11560029
1764505246.154305,-4.822159999999999,1.0682,1.09872,-0.726865815,0.65246415,0.11560029
1764505246.154305,-4.822159999999999,1.0682,1.09872,-0.726865815,0.65246415,0.11560029
1764505246.154305,-4.51696,0.54936,1.11398,-0.726987885,0.65148759,0.11645478
1764505246.154305,-4.51696,0.54936,1.11398,-0.726987885,0.65148759,0.11645478
1764505246.154305,-4.51696,0.54936,1.11398,-0.726987885,0.65148759,0.11645478
1764505246.1553204,-4.51696,0.54936,1.11398,-0.726987885,0.65148759,0.11645478
1764505246.1553204,-4.51696,0.54936,1.11398,-0.726987885,0.65148759,0.11645478
1764505246.1553204,-4.51696,0.54936,1.11398,-0.726987885,0.65148759,0.11645478
1764505246.1553204,-4.51696,0.54936,1.11398,-0.726987885,0.65148759,0.11645478
1764505246.1553204,-4.51696,0.54936,1.11398,-0.726987885,0.65148759,0.11645478
1764505246.2036018,-4.51696,0.54936,1.11398,-0.726987885,0.65148759,0.11645478
1764505246.2036018,-4.51696,0.54936,1.11398,-0.726987885,0.65148759,0.11645478
1764505246.2036018,-4.7306,2.27374,0.44254,-0.726255465,0.6518538,0.116149605
1764505246.2036018,-4.7306,2.27374,0.44254,-0.726255465,0.6518538,0.116149605
1764505246.2036018,-4.7306,2.27374,0.44254,-0.726255465,0.6518538,0.116149605
1764505246.2036018,-4.7306,2.27374,0.44254,-0.726255465,0.6518538,0.116149605
1764505246.2036018,-4.7306,2.27374,0.44254,-0.726255465,0.6518538,0.116149605
1764505246.2036018,-4.7306,2.27374,0.44254,-0.726255465,0.6518538,0.116149605
1764505246.2036018,-4.7306,2.27374,0.44254,-0.726255465,0.6518538,0.116149605
1764505246.2036018,-4.7306,2.27374,0.44254,-0.726255465,0.6518538,0.116149605
1764505246.2036018,-4.7306,2.27374,0.44254,-0.726255465,0.6518538,0.116149605
1764505246.2036018,-4.7306,2.27374,0.44254,-0.726255465,0.6518538,0.116149605
1764505246.2036018,-5.2647,2.22796,0.9919,-0.7272320250000001,0.653501745,0.11560029
1764505246.2036018,-5.2647,2.22796,0.9919,-0.7272320250000001,0.653501745,0.11560029
1764505246.2036018,-5.2647,2.22796,0.9919,-0.7272320250000001,0.653501745,0.11560029
1764505246.2036018,-5.2647,2.22796,0.9919,-0.7272320250000001,0.653501745,0.11560029
1764505246.2036018,-5.2647,2.22796,0.9919,-0.7272320250000001,0.653501745,0.11560029
1764505246.2036018,-5.2647,2.22796,0.9919,-0.7272320250000001,0.653501745,0.11560029
1764505246.2036018,-5.2647,2.22796,0.9919,-0.7272320250000001,0.653501745,0.11560029
1764505246.2036018,-5.2647,2.22796,0.9919,-0.7272320250000001,0.653501745,0.11560029
1764505246.2036018,-5.2647,2.22796,0.9919,-0.7272320250000001,0.653501745,0.11560029
1764505246.2036018,-5.2647,2.22796,0.9919,-0.7272320250000001,0.653501745,0.11560029
1764505246.2036018,-5.70724,0.62566,1.70912,-0.729063075,0.655454865,0.114440625
1764505246.2036018,-5.70724,0.62566,1.70912,-0.729063075,0.655454865,0.114440625
1764505246.2036018,-5.70724,0.62566,1.70912,-0.729063075,0.655454865,0.114440625
1764505246.2036018,-5.70724,0.62566,1.70912,-0.729063075,0.655454865,0.114440625
1764505246.2502196,-5.70724,0.62566,1.70912,-0.729063075,0.655454865,0.114440625
1764505246.2502196,-5.70724,0.62566,1.70912,-0.729063075,0.655454865,0.114440625
1764505246.2502196,-5.70724,0.62566,1.70912,-0.729063075,0.655454865,0.114440625
1764505246.2502196,-5.70724,0.62566,1.70912,-0.729063075,0.655454865,0.114440625
1764505246.2502196,-5.70724,0.62566,1.70912,-0.729063075,0.655454865,0.114440625
1764505246.2502196,-5.70724,0.62566,1.70912,-0.729063075,0.655454865,0.114440625
1764505246.2502196,-6.42446,0.2289,0.48832,-0.729917565,0.656187285,0.116027535
1764505246.2502196,-6.42446,0.2289,0.48832,-0.729917565,0.656187285,0.116027535
1764505246.2502196,-6.42446,0.2289,0.48832,-0.729917565,0.656187285,0.116027535
1764505246.2502196,-6.42446,0.2289,0.48832,-0.729917565,0.656187285,0.116027535
1764505246.2502196,-6.42446,0.2289,0.48832,-0.729917565,0.656187285,0.116027535
1764505246.2502196,-6.42446,0.2289,0.48832,-0.729917565,0.656187285,0.116027535
1764505246.2502196,-6.42446,0.2289,0.48832,-0.729917565,0.656187285,0.116027535
1764505246.2502196,-6.42446,0.2289,0.48832,-0.729917565,0.656187285,0.116027535
1764505246.2502196,-6.42446,0.2289,0.48832,-0.729917565,0.656187285,0.116027535
1764505246.2502196,-6.42446,0.2289,0.48832,-0.729917565,0.656187285,0.116027535
1764505246.2502196,-5.615679999999999,1.34288,-0.51884,-0.729551355,0.65368485,0.116759955
1764505246.2502196,-5.615679999999999,1.34288,-0.51884,-0.729551355,0.65368485,0.116759955
1764505246.2502196,-5.615679999999999,1.34288,-0.51884,-0.729551355,0.65368485,0.116759955
1764505246.2502196,-5.615679999999999,1.34288,-0.51884,-0.729551355,0.65368485,0.116759955
1764505246.2502196,-5.615679999999999,1.34288,-0.51884,-0.729551355,0.65368485,0.116759955
1764505246.2502196,-5.615679999999999,1.34288,-0.51884,-0.729551355,0.65368485,0.116759955
1764505246.2980936,-5.615679999999999,1.34288,-0.51884,-0.729551355,0.65368485,0.116759955
1764505246.2980936,-5.615679999999999,1.34288,-0.51884,-0.729551355,0.65368485,0.116759955
1764505246.2980936,-5.615679999999999,1.34288,-0.51884,-0.729551355,0.65368485,0.116759955
1764505246.2980936,-5.615679999999999,1.34288,-0.51884,-0.729551355,0.65368485,0.116759955
1764505246.2980936,-4.6543,1.51074,-0.0762999999999999,-0.730161705,0.6512434500000001,0.11767548
1764505246.2996793,-4.6543,1.51074,-0.0762999999999999,-0.730161705,0.6512434500000001,0.11767548
1764505246.2996793,-4.6543,1.51074,-0.0762999999999999,-0.730161705,0.6512434500000001,0.11767548
1764505246.2996793,-4.6543,1.51074,-0.0762999999999999,-0.730161705,0.6512434500000001,0.11767548
1764505246.2996793,-4.6543,1.51074,-0.0762999999999999,-0.730161705,0.6512434500000001,0.11767548
1764505246.2996793,-4.6543,1.51074,-0.0762999999999999,-0.730161705,0.6512434500000001,0.11767548
1764505246.2996793,-4.6543,1.51074,-0.0762999999999999,-0.730161705,0.6512434500000001,0.11767548
1764505246.2996793,-4.6543,1.51074,-0.0762999999999999,-0.730161705,0.6512434500000001,0.11767548
1764505246.2996793,-4.6543,1.51074,-0.0762999999999999,-0.730161705,0.6512434500000001,0.11767548
1764505246.2996793,-4.6543,1.51074,-0.0762999999999999,-0.730161705,0.6512434500000001,0.11767548
1764505246.2996793,-3.21986,0.10682,0.8392999999999999,-0.73132137,0.650083785,0.11779755
1764505246.2996793,-3.21986,0.10682,0.8392999999999999,-0.73132137,0.650083785,0.11779755
1764505246.2996793,-3.21986,0.10682,0.8392999999999999,-0.73132137,0.650083785,0.11779755
1764505246.2996793,-3.21986,0.10682,0.8392999999999999,-0.73132137,0.650083785,0.11779755
1764505246.2996793,-3.21986,0.10682,0.8392999999999999,-0.73132137,0.650083785,0.11779755
1764505246.2996793,-3.21986,0.10682,0.8392999999999999,-0.73132137,0.650083785,0.11779755
1764505246.2996793,-3.21986,0.10682,0.8392999999999999,-0.73132137,0.650083785,0.11779755
1764505246.2996793,-3.21986,0.10682,0.8392999999999999,-0.73132137,0.650083785,0.11779755
1764505246.2996793,-3.21986,0.10682,0.8392999999999999,-0.73132137,0.650083785,0.11779755
1764505246.2996793,-3.21986,0.10682,0.8392999999999999,-0.73132137,0.650083785,0.11779755
1764505246.3436935,-2.99096,0.06104,1.08346,-0.729063075,0.650449995,0.117980655
1764505246.3450894,-2.99096,0.06104,1.08346,-0.729063075,0.650449995,0.117980655
1764505246.3450894,-2.99096,0.06104,1.08346,-0.729063075,0.650449995,0.117980655
1764505246.3450894,-2.99096,0.06104,1.08346,-0.729063075,0.650449995,0.117980655
1764505246.3450894,-2.99096,0.06104,1.08346,-0.729063075,0.650449995,0.117980655
1764505246.3450894,-2.99096,0.06104,1.08346,-0.729063075,0.650449995,0.117980655
1764505246.3450894,-2.99096,0.06104,1.08346,-0.729063075,0.650449995,0.117980655
1764505246.3450894,-2.99096,0.06104,1.08346,-0.729063075,0.650449995,0.117980655
1764505246.3450894,-2.99096,0.06104,1.08346,-0.729063075,0.650449995,0.117980655
1764505246.3450894,-2.99096,0.06104,1.08346,-0.729063075,0.650449995,0.117980655
1764505246.3450894,-3.08252,1.08346,0.5341,-0.729429285,0.65148759,0.118224795
1764505246.3450894,-3.08252,1.08346,0.5341,-0.729429285,0.65148759,0.118224795
1764505246.3450894,-3.08252,1.08346,0.5341,-0.729429285,0.65148759,0.118224795
1764505246.3450894,-3.08252,1.08346,0.5341,-0.729429285,0.65148759,0.118224795
1764505246.3450894,-3.08252,1.08346,0.5341,-0.729429285,0.65148759,0.118224795
1764505246.3450894,-3.08252,1.08346,0.5341,-0.729429285,0.65148759,0.118224795
1764505246.3450894,-3.08252,1.08346,0.5341,-0.729429285,0.65148759,0.118224795
1764505246.3450894,-3.08252,1.08346,0.5341,-0.729429285,0.65148759,0.118224795
1764505246.3461022,-3.08252,1.08346,0.5341,-0.729429285,0.65148759,0.118224795
1764505246.3461022,-3.08252,1.08346,0.5341,-0.729429285,0.65148759,0.118224795
1764505246.3461022,-2.99096,0.27468,-0.09156,-0.73095516,0.651548625,0.117858585
1764505246.3461022,-2.99096,0.27468,-0.09156,-0.73095516,0.651548625,0.117858585
1764505246.3461022,-2.99096,0.27468,-0.09156,-0.73095516,0.651548625,0.117858585
1764505246.3461022,-2.99096,0.27468,-0.09156,-0.73095516,0.651548625,0.117858585
1764505246.3906252,-2.99096,0.27468,-0.09156,-0.73095516,0.651548625,0.117858585
1764505246.3906252,-2.99096,0.27468,-0.09156,-0.73095516,0.651548625,0.117858585
1764505246.3906252,-2.99096,0.27468,-0.09156,-0.73095516,0.651548625,0.117858585
1764505246.3906252,-2.99096,0.27468,-0.09156,-0.73095516,0.651548625,0.117858585
1764505246.3906252,-2.99096,0.27468,-0.09156,-0.73095516,0.651548625,0.117858585
1764505246.3906252,-2.99096,0.27468,-0.09156,-0.73095516,0.651548625,0.117858585
1764505246.3906252,-2.12114,0.54936,-0.6103999999999999,-0.7308941250000001,0.651548625,0.11791962
1764505246.3906252,-2.12114,0.54936,-0.6103999999999999,-0.7308941250000001,0.651548625,0.11791962
1764505246.3906252,-2.12114,0.54936,-0.6103999999999999,-0.7308941250000001,0.651548625,0.11791962
1764505246.3906252,-2.12114,0.54936,-0.6103999999999999,-0.7308941250000001,0.651548625,0.11791962
1764505246.3906252,-2.12114,0.54936,-0.6103999999999999,-0.7308941250000001,0.651548625,0.11791962
1764505246.3906252,-2.12114,0.54936,-0.6103999999999999,-0.7308941250000001,0.651548625,0.11791962
1764505246.3906252,-2.12114,0.54936,-0.6103999999999999,-0.7308941250000001,0.651548625,0.11791962
1764505246.3906252,-2.12114,0.54936,-0.6103999999999999,-0.7308941250000001,0.651548625,0.11791962
1764505246.3906252,-2.12114,0.54936,-0.6103999999999999,-0.7308941250000001,0.651548625,0.11791962
1764505246.3906252,-2.12114,0.54936,-0.6103999999999999,-0.7308941250000001,0.651548625,0.11791962
1764505246.3906252,-0.71722,0.4578,-0.56462,-0.730405845,0.65368485,0.11730927
1764505246.3906252,-0.71722,0.4578,-0.56462,-0.730405845,0.65368485,0.11730927
1764505246.3906252,-0.71722,0.4578,-0.56462,-0.730405845,0.65368485,0.11730927
1764505246.3906252,-0.71722,0.4578,-0.56462,-0.730405845,0.65368485,0.11730927
1764505246.3906252,-0.71722,0.4578,-0.56462,-0.730405845,0.65368485,0.11730927
1764505246.3906252,-0.71722,0.4578,-0.56462,-0.730405845,0.65368485,0.11730927
1764505246.3906252,-0.71722,0.4578,-0.56462,-0.730405845,0.65368485,0.11730927
1764505246.3906252,-0.71722,0.4578,-0.56462,-0.730405845,0.65368485,0.11730927
1764505246.4353986,-0.71722,0.4578,-0.56462,-0.730405845,0.65368485,0.11730927
1764505246.4353986,-0.71722,0.4578,-0.56462,-0.730405845,0.65368485,0.11730927
1764505246.4353986,-0.96138,-0.12208,-0.42728,-0.72887997,0.65685867,0.118102725
1764505246.4353986,-0.96138,-0.12208,-0.42728,-0.72887997,0.65685867,0.118102725
1764505246.436424,-0.96138,-0.12208,-0.42728,-0.72887997,0.65685867,0.118102725
1764505246.436424,-0.96138,-0.12208,-0.42728,-0.72887997,0.65685867,0.118102725
1764505246.436424,-0.96138,-0.12208,-0.42728,-0.72887997,0.65685867,0.118102725
1764505246.436424,-0.96138,-0.12208,-0.42728,-0.72887997,0.65685867,0.118102725
1764505246.436424,-0.96138,-0.12208,-0.42728,-0.72887997,0.65685867,0.118102725
1764505246.436424,-0.96138,-0.12208,-0.42728,-0.72887997,0.65685867,0.118102725
1764505246.436424,-0.96138,-0.12208,-0.42728,-0.72887997,0.65685867,0.118102725
1764505246.436424,-0.96138,-0.12208,-0.42728,-0.72887997,0.65685867,0.118102725
1764505246.436424,-3.3572,0.57988,-0.3204599999999999,-0.726133395,0.65954421,0.11901825
1764505246.436424,-3.3572,0.57988,-0.3204599999999999,-0.726133395,0.65954421,0.11901825
1764505246.436424,-3.3572,0.57988,-0.3204599999999999,-0.726133395,0.65954421,0.11901825
1764505246.436424,-3.3572,0.57988,-0.3204599999999999,-0.726133395,0.65954421,0.11901825
1764505246.436424,-3.3572,0.57988,-0.3204599999999999,-0.726133395,0.65954421,0.11901825
1764505246.437941,-3.3572,0.57988,-0.3204599999999999,-0.726133395,0.65954421,0.11901825
1764505246.437941,-3.3572,0.57988,-0.3204599999999999,-0.726133395,0.65954421,0.11901825
1764505246.437941,-3.3572,0.57988,-0.3204599999999999,-0.726133395,0.65954421,0.11901825
1764505246.437941,-3.3572,0.57988,-0.3204599999999999,-0.726133395,0.65954421,0.11901825
1764505246.437941,-3.3572,0.57988,-0.3204599999999999,-0.726133395,0.65954421,0.11901825
1764505246.4822583,-5.15788,1.02242,0.3051999999999999,-0.72582822,0.660459735,0.11950653
1764505246.4822583,-5.15788,1.02242,0.3051999999999999,-0.72582822,0.660459735,0.11950653
1764505246.4822583,-5.15788,1.02242,0.3051999999999999,-0.72582822,0.660459735,0.11950653
1764505246.4822583,-5.15788,1.02242,0.3051999999999999,-0.72582822,0.660459735,0.11950653
1764505246.4822583,-5.15788,1.02242,0.3051999999999999,-0.72582822,0.660459735,0.11950653
1764505246.4822583,-5.15788,1.02242,0.3051999999999999,-0.72582822,0.660459735,0.11950653
1764505246.4822583,-5.15788,1.02242,0.3051999999999999,-0.72582822,0.660459735,0.11950653
1764505246.4822583,-5.15788,1.02242,0.3051999999999999,-0.72582822,0.660459735,0.11950653
1764505246.4827852,-5.15788,1.02242,0.3051999999999999,-0.72582822,0.660459735,0.11950653
1764505246.4827852,-5.15788,1.02242,0.3051999999999999,-0.72582822,0.660459735,0.11950653
1764505246.4833164,-6.104,0.6103999999999999,0.62566,-0.727109955,0.65991042,0.118835145
1764505246.4833164,-6.104,0.6103999999999999,0.62566,-0.727109955,0.65991042,0.118835145
1764505246.4833164,-6.104,0.6103999999999999,0.62566,-0.727109955,0.65991042,0.118835145
1764505246.4833164,-6.104,0.6103999999999999,0.62566,-0.727109955,0.65991042,0.118835145
1764505246.4833164,-6.104,0.6103999999999999,0.62566,-0.727109955,0.65991042,0.118835145
1764505246.4833164,-6.104,0.6103999999999999,0.62566,-0.727109955,0.65991042,0.118835145
1764505246.4833164,-6.104,0.6103999999999999,0.62566,-0.727109955,0.65991042,0.118835145
1764505246.4833164,-6.104,0.6103999999999999,0.62566,-0.727109955,0.65991042,0.118835145
1764505246.4833164,-6.104,0.6103999999999999,0.62566,-0.727109955,0.65991042,0.118835145
1764505246.4833164,-6.104,0.6103999999999999,0.62566,-0.727109955,0.65991042,0.118835145
1764505246.4833164,-5.44782,1.23606,0.09156,-0.72765927,0.656187285,0.117126165
1764505246.4833164,-5.44782,1.23606,0.09156,-0.72765927,0.656187285,0.117126165
1764505246.4833164,-5.44782,1.23606,0.09156,-0.72765927,0.656187285,0.117126165
1764505246.4833164,-5.44782,1.23606,0.09156,-0.72765927,0.656187285,0.117126165
1764505246.531155,-5.44782,1.23606,0.09156,-0.72765927,0.656187285,0.117126165
1764505246.531155,-5.44782,1.23606,0.09156,-0.72765927,0.656187285,0.117126165
1764505246.531155,-5.44782,1.23606,0.09156,-0.72765927,0.656187285,0.117126165
1764505246.531155,-5.44782,1.23606,0.09156,-0.72765927,0.656187285,0.117126165
1764505246.531155,-5.44782,1.23606,0.09156,-0.72765927,0.656187285,0.117126165
1764505246.531155,-5.44782,1.23606,0.09156,-0.72765927,0.656187285,0.117126165
1764505246.531155,-5.05106,1.99906,-0.5341,-0.72741513,0.6538679550000001,0.11560029
1764505246.531155,-5.05106,1.99906,-0.5341,-0.72741513,0.6538679550000001,0.11560029
1764505246.531155,-5.05106,1.99906,-0.5341,-0.72741513,0.6538679550000001,0.11560029
1764505246.531155,-5.05106,1.99906,-0.5341,-0.72741513,0.6538679550000001,0.11560029
1764505246.531155,-5.05106,1.99906,-0.5341,-0.72741513,0.6538679550000001,0.11560029
1764505246.531155,-5.05106,1.99906,-0.5341,-0.72741513,0.6538679550000001,0.11560029
1764505246.531155,-5.05106,1.99906,-0.5341,-0.72741513,0.6538679550000001,0.11560029
1764505246.531155,-5.05106,1.99906,-0.5341,-0.72741513,0.6538679550000001,0.11560029
1764505246.531155,-5.05106,1.99906,-0.5341,-0.72741513,0.6538679550000001,0.11560029
1764505246.531155,-5.05106,1.99906,-0.5341,-0.72741513,0.6538679550000001,0.11560029
1764505246.531155,-3.93708,1.4039199999999998,-0.3204599999999999,-0.7287579,0.651060345,0.11657685
1764505246.531155,-3.93708,1.4039199999999998,-0.3204599999999999,-0.7287579,0.651060345,0.11657685
1764505246.531155,-3.93708,1.4039199999999998,-0.3204599999999999,-0.7287579,0.651060345,0.11657685
1764505246.531155,-3.93708,1.4039199999999998,-0.3204599999999999,-0.7287579,0.651060345,0.11657685
1764505246.531155,-3.93708,1.4039199999999998,-0.3204599999999999,-0.7287579,0.651060345,0.11657685
1764505246.531155,-3.93708,1.4039199999999998,-0.3204599999999999,-0.7287579,0.651060345,0.11657685
1764505246.5739362,-3.93708,1.4039199999999998,-0.3204599999999999,-0.7287579,0.651060345,0.11657685
1764505246.5739362,-3.93708,1.4039199999999998,-0.3204599999999999,-0.7287579,0.651060345,0.11657685
1764505246.5749545,-3.93708,1.4039199999999998,-0.3204599999999999,-0.7287579,0.651060345,0.11657685
1764505246.5749545,-3.93708,1.4039199999999998,-0.3204599999999999,-0.7287579,0.651060345,0.11657685
1764505246.5749545,-3.6624,1.41918,0.27468,-0.72839169,0.64990068,0.116271675
1764505246.5749545,-3.6624,1.41918,0.27468,-0.72839169,0.64990068,0.116271675
1764505246.5749545,-3.6624,1.41918,0.27468,-0.72839169,0.64990068,0.116271675
1764505246.5749545,-3.6624,1.41918,0.27468,-0.72839169,0.64990068,0.116271675
1764505246.5749545,-3.6624,1.41918,0.27468,-0.72839169,0.64990068,0.116271675
1764505246.5749545,-3.6624,1.41918,0.27468,-0.72839169,0.64990068,0.116271675
1764505246.5749545,-3.6624,1.41918,0.27468,-0.72839169,0.64990068,0.116271675
1764505246.5749545,-3.6624,1.41918,0.27468,-0.72839169,0.64990068,0.116271675
1764505246.5749545,-3.6624,1.41918,0.27468,-0.72839169,0.64990068,0.116271675
1764505246.5749545,-3.6624,1.41918,0.27468,-0.72839169,0.64990068,0.116271675
1764505246.5749545,-2.83836,0.8392999999999999,1.0682,-0.72851376,0.65087724,0.11511201
1764505246.5749545,-2.83836,0.8392999999999999,1.0682,-0.72851376,0.65087724,0.11511201
1764505246.5749545,-2.83836,0.8392999999999999,1.0682,-0.72851376,0.65087724,0.11511201
1764505246.5749545,-2.83836,0.8392999999999999,1.0682,-0.72851376,0.65087724,0.11511201
1764505246.5749545,-2.83836,0.8392999999999999,1.0682,-0.72851376,0.65087724,0.11511201
1764505246.5759726,-2.83836,0.8392999999999999,1.0682,-0.72851376,0.65087724,0.11511201
1764505246.5759726,-2.83836,0.8392999999999999,1.0682,-0.72851376,0.65087724,0.11511201
1764505246.5759726,-2.83836,0.8392999999999999,1.0682,-0.72851376,0.65087724,0.11511201
1764505246.5759726,-2.83836,0.8392999999999999,1.0682,-0.72851376,0.65087724,0.11511201
1764505246.5759726,-2.83836,0.8392999999999999,1.0682,-0.72851376,0.65087724,0.11511201
1764505246.6204782,-2.99096,0.6409199999999999,0.39676,-0.728696865,0.65209794,0.115661325
1764505246.6204782,-2.99096,0.6409199999999999,0.39676,-0.728696865,0.65209794,0.115661325
1764505246.6204782,-2.99096,0.6409199999999999,0.39676,-0.728696865,0.65209794,0.115661325
1764505246.6215024,-2.99096,0.6409199999999999,0.39676,-0.728696865,0.65209794,0.115661325
1764505246.6215024,-2.99096,0.6409199999999999,0.39676,-0.728696865,0.65209794,0.115661325
1764505246.6215024,-2.99096,0.6409199999999999,0.39676,-0.728696865,0.65209794,0.115661325
1764505246.6215024,-2.99096,0.6409199999999999,0.39676,-0.728696865,0.65209794,0.115661325
1764505246.6215024,-2.99096,0.6409199999999999,0.39676,-0.728696865,0.65209794,0.115661325
1764505246.6215024,-2.99096,0.6409199999999999,0.39676,-0.728696865,0.65209794,0.115661325
1764505246.6215024,-2.99096,0.6409199999999999,0.39676,-0.728696865,0.65209794,0.115661325
1764505246.6215024,-3.31142,1.28184,-0.3815,-0.72900204,0.65258622,0.11547822
1764505246.6215024,-3.31142,1.28184,-0.3815,-0.72900204,0.65258622,0.11547822
1764505246.6215024,-3.31142,1.28184,-0.3815,-0.72900204,0.65258622,0.11547822
1764505246.6215024,-3.31142,1.28184,-0.3815,-0.72900204,0.65258622,0.11547822
1764505246.6215024,-3.31142,1.28184,-0.3815,-0.72900204,0.65258622,0.11547822
1764505246.6215024,-3.31142,1.28184,-0.3815,-0.72900204,0.65258622,0.11547822
1764505246.6215024,-3.31142,1.28184,-0.3815,-0.72900204,0.65258622,0.11547822
1764505246.6225166,-3.31142,1.28184,-0.3815,-0.72900204,0.65258622,0.11547822
1764505246.6225166,-3.31142,1.28184,-0.3815,-0.72900204,0.65258622,0.11547822
1764505246.6225166,-3.31142,1.28184,-0.3815,-0.72900204,0.65258622,0.11547822
1764505246.6225166,-3.44876,2.02958,0.04578,-0.730039635,0.65283036,0.115661325
1764505246.6225166,-3.44876,2.02958,0.04578,-0.730039635,0.65283036,0.115661325
1764505246.6225166,-3.44876,2.02958,0.04578,-0.730039635,0.65283036,0.115661325
1764505246.6225166,-3.44876,2.02958,0.04578,-0.730039635,0.65283036,0.115661325
1764505246.6669457,-3.44876,2.02958,0.04578,-0.730039635,0.65283036,0.115661325
1764505246.6669457,-3.44876,2.02958,0.04578,-0.730039635,0.65283036,0.115661325
1764505246.6669457,-3.44876,2.02958,0.04578,-0.730039635,0.65283036,0.115661325
1764505246.6669457,-3.44876,2.02958,0.04578,-0.730039635,0.65283036,0.115661325
1764505246.6669457,-3.44876,2.02958,0.04578,-0.730039635,0.65283036,0.115661325
1764505246.6669457,-3.44876,2.02958,0.04578,-0.730039635,0.65283036,0.115661325
1764505246.6669457,-2.73154,2.02958,-0.2289,-0.73010067,0.65283036,0.116882025
1764505246.6669457,-2.73154,2.02958,-0.2289,-0.73010067,0.65283036,0.116882025
1764505246.6669457,-2.73154,2.02958,-0.2289,-0.73010067,0.65283036,0.116882025
1764505246.6669457,-2.73154,2.02958,-0.2289,-0.73010067,0.65283036,0.116882025
1764505246.6669457,-2.73154,2.02958,-0.2289,-0.73010067,0.65283036,0.116882025
1764505246.6669457,-2.73154,2.02958,-0.2289,-0.73010067,0.65283036,0.116882025
1764505246.6684873,-2.73154,2.02958,-0.2289,-0.73010067,0.65283036,0.116882025
1764505246.6684873,-2.73154,2.02958,-0.2289,-0.73010067,0.65283036,0.116882025
1764505246.6684873,-2.73154,2.02958,-0.2289,-0.73010067,0.65283036,0.116882025
1764505246.6684873,-2.73154,2.02958,-0.2289,-0.73010067,0.65283036,0.116882025
1764505246.6684873,-2.33478,2.16692,-0.47306,-0.7303448100000001,0.65222001,0.11791962
1764505246.6684873,-2.33478,2.16692,-0.47306,-0.7303448100000001,0.65222001,0.11791962
1764505246.6684873,-2.33478,2.16692,-0.47306,-0.7303448100000001,0.65222001,0.11791962
1764505246.6684873,-2.33478,2.16692,-0.47306,-0.7303448100000001,0.65222001,0.11791962
1764505246.6684873,-2.33478,2.16692,-0.47306,-0.7303448100000001,0.65222001,0.11791962
1764505246.6684873,-2.33478,2.16692,-0.47306,-0.7303448100000001,0.65222001,0.11791962
1764505246.7159111,-2.33478,2.16692,-0.47306,-0.7303448100000001,0.65222001,0.11791962
1764505246.7159111,-2.33478,2.16692,-0.47306,-0.7303448100000001,0.65222001,0.11791962
1764505246.7159111,-2.33478,2.16692,-0.47306,-0.7303448100000001,0.65222001,0.11791962
1764505246.7159111,-2.33478,2.16692,-0.47306,-0.7303448100000001,0.65222001,0.11791962
1764505246.7159111,-3.40298,1.89224,-0.763,-0.73083309,0.653013465,0.11767548
1764505246.7159111,-3.40298,1.89224,-0.763,-0.73083309,0.653013465,0.11767548
1764505246.7159111,-3.40298,1.89224,-0.763,-0.73083309,0.653013465,0.11767548
1764505246.7174232,-3.40298,1.89224,-0.763,-0.73083309,0.653013465,0.11767548
1764505246.7174232,-3.40298,1.89224,-0.763,-0.73083309,0.653013465,0.11767548
1764505246.7174232,-3.40298,1.89224,-0.763,-0.73083309,0.653013465,0.11767548
1764505246.7174232,-3.40298,1.89224,-0.763,-0.73083309,0.653013465,0.11767548
1764505246.7174232,-3.40298,1.89224,-0.763,-0.73083309,0.653013465,0.11767548
1764505246.7174232,-3.40298,1.89224,-0.763,-0.73083309,0.653013465,0.11767548
1764505246.7174232,-3.40298,1.89224,-0.763,-0.73083309,0.653013465,0.11767548
1764505246.7174232,-3.32668,1.11398,-0.3204599999999999,-0.7311993,0.65356278,0.11865204
1764505246.718438,-3.32668,1.11398,-0.3204599999999999,-0.7311993,0.65356278,0.11865204
1764505246.718438,-3.32668,1.11398,-0.3204599999999999,-0.7311993,0.65356278,0.11865204
1764505246.718438,-3.32668,1.11398,-0.3204599999999999,-0.7311993,0.65356278,0.11865204
1764505246.718438,-3.32668,1.11398,-0.3204599999999999,-0.7311993,0.65356278,0.11865204
1764505246.718438,-3.32668,1.11398,-0.3204599999999999,-0.7311993,0.65356278,0.11865204
1764505246.718438,-3.32668,1.11398,-0.3204599999999999,-0.7311993,0.65356278,0.11865204
1764505246.718438,-3.32668,1.11398,-0.3204599999999999,-0.7311993,0.65356278,0.11865204
1764505246.718438,-3.32668,1.11398,-0.3204599999999999,-0.7311993,0.65356278,0.11865204
1764505246.718438,-3.32668,1.11398,-0.3204599999999999,-0.7311993,0.65356278,0.11865204
1764505246.761552,-2.80784,0.42728,0.0,-0.731138265,0.65356278,0.117858585
1764505246.761552,-2.80784,0.42728,0.0,-0.731138265,0.65356278,0.117858585
1764505246.761552,-2.80784,0.42728,0.0,-0.731138265,0.65356278,0.117858585
1764505246.7620904,-2.80784,0.42728,0.0,-0.731138265,0.65356278,0.117858585
1764505246.7620904,-2.80784,0.42728,0.0,-0.731138265,0.65356278,0.117858585
1764505246.7620904,-2.80784,0.42728,0.0,-0.731138265,0.65356278,0.117858585
1764505246.7620904,-2.80784,0.42728,0.0,-0.731138265,0.65356278,0.117858585
1764505246.7620904,-2.80784,0.42728,0.0,-0.731138265,0.65356278,0.117858585
1764505246.7620904,-2.80784,0.42728,0.0,-0.731138265,0.65356278,0.117858585
1764505246.7620904,-2.80784,0.42728,0.0,-0.731138265,0.65356278,0.117858585
1764505246.7620904,-1.73964,0.47306,0.6714399999999999,-0.729917565,0.6538679550000001,0.116393745
1764505246.7620904,-1.73964,0.47306,0.6714399999999999,-0.729917565,0.6538679550000001,0.116393745
1764505246.7620904,-1.73964,0.47306,0.6714399999999999,-0.729917565,0.6538679550000001,0.116393745
1764505246.7620904,-1.73964,0.47306,0.6714399999999999,-0.729917565,0.6538679550000001,0.116393745
1764505246.7620904,-1.73964,0.47306,0.6714399999999999,-0.729917565,0.6538679550000001,0.116393745
1764505246.7620904,-1.73964,0.47306,0.6714399999999999,-0.729917565,0.6538679550000001,0.116393745
1764505246.7620904,-1.73964,0.47306,0.6714399999999999,-0.729917565,0.6538679550000001,0.116393745
1764505246.7626324,-1.73964,0.47306,0.6714399999999999,-0.729917565,0.6538679550000001,0.116393745
1764505246.7626324,-1.73964,0.47306,0.6714399999999999,-0.729917565,0.6538679550000001,0.116393745
1764505246.7626324,-1.73964,0.47306,0.6714399999999999,-0.729917565,0.6538679550000001,0.116393745
1764505246.7626324,-1.26658,-0.13734,0.79352,-0.72900204,0.654844515,0.115295115
1764505246.7626324,-1.26658,-0.13734,0.79352,-0.72900204,0.654844515,0.115295115
1764505246.8100457,-1.26658,-0.13734,0.79352,-0.72900204,0.654844515,0.115295115
1764505246.8100457,-1.26658,-0.13734,0.79352,-0.72900204,0.654844515,0.115295115
1764505246.8100457,-1.26658,-0.13734,0.79352,-0.72900204,0.654844515,0.115295115
1764505246.8100457,-1.26658,-0.13734,0.79352,-0.72900204,0.654844515,0.115295115
1764505246.8100457,-1.26658,-0.13734,0.79352,-0.72900204,0.654844515,0.115295115
1764505246.8100457,-1.26658,-0.13734,0.79352,-0.72900204,0.654844515,0.115295115
1764505246.8100457,-1.26658,-0.13734,0.79352,-0.72900204,0.654844515,0.115295115
1764505246.8100457,-1.26658,-0.13734,0.79352,-0.72900204,0.654844515,0.115295115
1764505246.8100457,-2.5942,0.50358,0.54936,-0.728330655,0.656065215,0.114562695
1764505246.8100457,-2.5942,0.50358,0.54936,-0.728330655,0.656065215,0.114562695
1764505246.8100457,-2.5942,0.50358,0.54936,-0.728330655,0.656065215,0.114562695
1764505246.8100457,-2.5942,0.50358,0.54936,-0.728330655,0.656065215,0.114562695
1764505246.8100457,-2.5942,0.50358,0.54936,-0.728330655,0.656065215,0.114562695
1764505246.8100457,-2.5942,0.50358,0.54936,-0.728330655,0.656065215,0.114562695
1764505246.8100457,-2.5942,0.50358,0.54936,-0.728330655,0.656065215,0.114562695
1764505246.8100457,-2.5942,0.50358,0.54936,-0.728330655,0.656065215,0.114562695
1764505246.8100457,-2.5942,0.50358,0.54936,-0.728330655,0.656065215,0.114562695
1764505246.8100457,-2.5942,0.50358,0.54936,-0.728330655,0.656065215,0.114562695
1764505246.8100457,-4.68482,1.63282,0.01526,-0.727964445,0.65576004,0.11437959
1764505246.8100457,-4.68482,1.63282,0.01526,-0.727964445,0.65576004,0.11437959
1764505246.8100457,-4.68482,1.63282,0.01526,-0.727964445,0.65576004,0.11437959
1764505246.8100457,-4.68482,1.63282,0.01526,-0.727964445,0.65576004,0.11437959
1764505246.811044,-4.68482,1.63282,0.01526,-0.727964445,0.65576004,0.11437959
1764505246.811044,-4.68482,1.63282,0.01526,-0.727964445,0.65576004,0.11437959
1764505246.856124,-4.68482,1.63282,0.01526,-0.727964445,0.65576004,0.11437959
1764505246.856124,-4.68482,1.63282,0.01526,-0.727964445,0.65576004,0.11437959
1764505246.856124,-4.68482,1.63282,0.01526,-0.727964445,0.65576004,0.11437959
1764505246.856124,-4.68482,1.63282,0.01526,-0.727964445,0.65576004,0.11437959
1764505246.856124,-5.46308,2.63998,-0.1678599999999999,-0.727842375,0.654112095,0.114196485
1764505246.856124,-5.46308,2.63998,-0.1678599999999999,-0.727842375,0.654112095,0.114196485
1764505246.856124,-5.46308,2.63998,-0.1678599999999999,-0.727842375,0.654112095,0.114196485
1764505246.856124,-5.46308,2.63998,-0.1678599999999999,-0.727842375,0.654112095,0.114196485
1764505246.856124,-5.46308,2.63998,-0.1678599999999999,-0.727842375,0.654112095,0.114196485
1764505246.856124,-5.46308,2.63998,-0.1678599999999999,-0.727842375,0.654112095,0.114196485
1764505246.856124,-5.46308,2.63998,-0.1678599999999999,-0.727842375,0.654112095,0.114196485
1764505246.856124,-5.46308,2.63998,-0.1678599999999999,-0.727842375,0.654112095,0.114196485
1764505246.856124,-5.46308,2.63998,-0.1678599999999999,-0.727842375,0.654112095,0.114196485
1764505246.856124,-5.46308,2.63998,-0.1678599999999999,-0.727842375,0.654112095,0.114196485
1764505246.856124,-3.64714,2.47212,0.71722,-0.72936825,0.651548625,0.113219925
1764505246.856124,-3.64714,2.47212,0.71722,-0.72936825,0.651548625,0.113219925
1764505246.856124,-3.64714,2.47212,0.71722,-0.72936825,0.651548625,0.113219925
1764505246.856124,-3.64714,2.47212,0.71722,-0.72936825,0.651548625,0.113219925
1764505246.856124,-3.64714,2.47212,0.71722,-0.72936825,0.651548625,0.113219925
1764505246.856124,-3.64714,2.47212,0.71722,-0.72936825,0.651548625,0.113219925
1764505246.856124,-3.64714,2.47212,0.71722,-0.72936825,0.651548625,0.113219925
1764505246.856124,-3.64714,2.47212,0.71722,-0.72936825,0.651548625,0.113219925
1764505246.9010217,-3.64714,2.47212,0.71722,-0.72936825,0.651548625,0.113219925
1764505246.9010217,-3.64714,2.47212,0.71722,-0.72936825,0.651548625,0.113219925
1764505246.9027083,-2.53316,0.48832,-0.27468,-0.73022274,0.65197587,0.113708205
1764505246.9027083,-2.53316,0.48832,-0.27468,-0.73022274,0.65197587,0.113708205
1764505246.9027083,-2.53316,0.48832,-0.27468,-0.73022274,0.65197587,0.113708205
1764505246.9027083,-2.53316,0.48832,-0.27468,-0.73022274,0.65197587,0.113708205
1764505246.9027083,-2.53316,0.48832,-0.27468,-0.73022274,0.65197587,0.113708205
1764505246.9027083,-2.53316,0.48832,-0.27468,-0.73022274,0.65197587,0.113708205
1764505246.9037244,-2.53316,0.48832,-0.27468,-0.73022274,0.65197587,0.113708205
1764505246.9037244,-2.53316,0.48832,-0.27468,-0.73022274,0.65197587,0.113708205
1764505246.9047232,-2.53316,0.48832,-0.27468,-0.73022274,0.65197587,0.113708205
1764505246.9047232,-2.53316,0.48832,-0.27468,-0.73022274,0.65197587,0.113708205
1764505246.9047232,-3.052,0.8698199999999999,-0.3509799999999999,-0.72887997,0.65234208,0.11486787
1764505246.9057302,-3.052,0.8698199999999999,-0.3509799999999999,-0.72887997,0.65234208,0.11486787
1764505246.9061155,-3.052,0.8698199999999999,-0.3509799999999999,-0.72887997,0.65234208,0.11486787
1764505246.9061155,-3.052,0.8698199999999999,-0.3509799999999999,-0.72887997,0.65234208,0.11486787
1764505246.9061155,-3.052,0.8698199999999999,-0.3509799999999999,-0.72887997,0.65234208,0.11486787
1764505246.9067235,-3.052,0.8698199999999999,-0.3509799999999999,-0.72887997,0.65234208,0.11486787
1764505246.9067235,-3.052,0.8698199999999999,-0.3509799999999999,-0.72887997,0.65234208,0.11486787
1764505246.9067235,-3.052,0.8698199999999999,-0.3509799999999999,-0.72887997,0.65234208,0.11486787
1764505246.9067235,-3.052,0.8698199999999999,-0.3509799999999999,-0.72887997,0.65234208,0.11486787
1764505246.9067235,-3.052,0.8698199999999999,-0.3509799999999999,-0.72887997,0.65234208,0.11486787
1764505246.9067235,-3.6624,1.6786,-0.3815,-0.726621675,0.652647255,0.114562695
1764505246.9067235,-3.6624,1.6786,-0.3815,-0.726621675,0.652647255,0.114562695
1764505246.9490862,-3.6624,1.6786,-0.3815,-0.726621675,0.652647255,0.114562695
1764505246.9490862,-3.6624,1.6786,-0.3815,-0.726621675,0.652647255,0.114562695
1764505246.950101,-3.6624,1.6786,-0.3815,-0.726621675,0.652647255,0.114562695
1764505246.950101,-3.6624,1.6786,-0.3815,-0.726621675,0.652647255,0.114562695
1764505246.950101,-3.6624,1.6786,-0.3815,-0.726621675,0.652647255,0.114562695
1764505246.950101,-3.6624,1.6786,-0.3815,-0.726621675,0.652647255,0.114562695
1764505246.950101,-3.6624,1.6786,-0.3815,-0.726621675,0.652647255,0.114562695
1764505246.951112,-3.6624,1.6786,-0.3815,-0.726621675,0.652647255,0.114562695
1764505246.951112,-4.28806,2.73154,0.97664,-0.7275372,0.65380692,0.112609575
1764505246.951112,-4.28806,2.73154,0.97664,-0.7275372,0.65380692,0.112609575
1764505246.951112,-4.28806,2.73154,0.97664,-0.7275372,0.65380692,0.112609575
1764505246.951112,-4.28806,2.73154,0.97664,-0.7275372,0.65380692,0.112609575
1764505246.951112,-4.28806,2.73154,0.97664,-0.7275372,0.65380692,0.112609575
1764505246.951112,-4.28806,2.73154,0.97664,-0.7275372,0.65380692,0.112609575
1764505246.951112,-4.28806,2.73154,0.97664,-0.7275372,0.65380692,0.112609575
1764505246.951112,-4.28806,2.73154,0.97664,-0.7275372,0.65380692,0.112609575
1764505246.951112,-4.28806,2.73154,0.97664,-0.7275372,0.65380692,0.112609575
1764505246.951112,-4.28806,2.73154,0.97664,-0.7275372,0.65380692,0.112609575
1764505246.952628,-4.25754,2.1364,1.09872,-0.730649985,0.65612625,0.111266805
1764505246.952628,-4.25754,2.1364,1.09872,-0.730649985,0.65612625,0.111266805
1764505246.952628,-4.25754,2.1364,1.09872,-0.730649985,0.65612625,0.111266805
1764505246.952628,-4.25754,2.1364,1.09872,-0.730649985,0.65612625,0.111266805
1764505246.952628,-4.25754,2.1364,1.09872,-0.730649985,0.65612625,0.111266805
1764505246.952628,-4.25754,2.1364,1.09872,-0.730649985,0.65612625,0.111266805
1764505246.995895,-4.25754,2.1364,1.09872,-0.730649985,0.65612625,0.111266805
1764505246.995895,-4.25754,2.1364,1.09872,-0.730649985,0.65612625,0.111266805
1764505246.995895,-4.25754,2.1364,1.09872,-0.730649985,0.65612625,0.111266805
1764505246.995895,-4.25754,2.1364,1.09872,-0.730649985,0.65612625,0.111266805
1764505246.996899,-4.303319999999999,0.36624,-0.1678599999999999,-0.7314434400000001,0.65734695,0.113097855
1764505246.996899,-4.303319999999999,0.36624,-0.1678599999999999,-0.7314434400000001,0.65734695,0.113097855
1764505246.996899,-4.303319999999999,0.36624,-0.1678599999999999,-0.7314434400000001,0.65734695,0.113097855
1764505246.996899,-4.303319999999999,0.36624,-0.1678599999999999,-0.7314434400000001,0.65734695,0.113097855
1764505246.996899,-4.303319999999999,0.36624,-0.1678599999999999,-0.7314434400000001,0.65734695,0.113097855
1764505246.996899,-4.303319999999999,0.36624,-0.1678599999999999,-0.7314434400000001,0.65734695,0.113097855
1764505246.996899,-4.303319999999999,0.36624,-0.1678599999999999,-0.7314434400000001,0.65734695,0.113097855
1764505246.9978962,-4.303319999999999,0.36624,-0.1678599999999999,-0.7314434400000001,0.65734695,0.113097855
1764505246.9978962,-4.303319999999999,0.36624,-0.1678599999999999,-0.7314434400000001,0.65734695,0.113097855
1764505246.9978962,-4.303319999999999,0.36624,-0.1678599999999999,-0.7314434400000001,0.65734695,0.113097855
1764505246.9978962,-4.1202,1.63282,-0.7019599999999999,-0.729551355,0.655576935,0.11584443
1764505246.9978962,-4.1202,1.63282,-0.7019599999999999,-0.729551355,0.655576935,0.11584443
1764505246.9978962,-4.1202,1.63282,-0.7019599999999999,-0.729551355,0.655576935,0.11584443
1764505246.9978962,-4.1202,1.63282,-0.7019599999999999,-0.729551355,0.655576935,0.11584443
1764505246.9978962,-4.1202,1.63282,-0.7019599999999999,-0.729551355,0.655576935,0.11584443
1764505246.9978962,-4.1202,1.63282,-0.7019599999999999,-0.729551355,0.655576935,0.11584443
1764505247.0437171,-4.1202,1.63282,-0.7019599999999999,-0.729551355,0.655576935,0.11584443
1764505247.0437171,-4.1202,1.63282,-0.7019599999999999,-0.729551355,0.655576935,0.11584443
1764505247.0437171,-4.1202,1.63282,-0.7019599999999999,-0.729551355,0.655576935,0.11584443
1764505247.0437171,-4.1202,1.63282,-0.7019599999999999,-0.729551355,0.655576935,0.11584443
1764505247.0437171,-4.07442,1.9838,0.0,-0.72900204,0.65222001,0.116882025
1764505247.0437171,-4.07442,1.9838,0.0,-0.72900204,0.65222001,0.116882025
1764505247.0437171,-4.07442,1.9838,0.0,-0.72900204,0.65222001,0.116882025
1764505247.0437171,-4.07442,1.9838,0.0,-0.72900204,0.65222001,0.116882025
1764505247.0437171,-4.07442,1.9838,0.0,-0.72900204,0.65222001,0.116882025
1764505247.0437171,-4.07442,1.9838,0.0,-0.72900204,0.65222001,0.116882025
1764505247.0437171,-4.07442,1.9838,0.0,-0.72900204,0.65222001,0.116882025
1764505247.0437171,-4.07442,1.9838,0.0,-0.72900204,0.65222001,0.116882025
1764505247.0437171,-4.07442,1.9838,0.0,-0.72900204,0.65222001,0.116882025
1764505247.0437171,-4.07442,1.9838,0.0,-0.72900204,0.65222001,0.116882025
1764505247.0437171,-3.03674,1.2055399999999998,1.49548,-0.73010067,0.650327925,0.1159665
1764505247.0437171,-3.03674,1.2055399999999998,1.49548,-0.73010067,0.650327925,0.1159665
1764505247.0437171,-3.03674,1.2055399999999998,1.49548,-0.73010067,0.650327925,0.1159665
1764505247.0437171,-3.03674,1.2055399999999998,1.49548,-0.73010067,0.650327925,0.1159665
1764505247.0437171,-3.03674,1.2055399999999998,1.49548,-0.73010067,0.650327925,0.1159665
1764505247.0437171,-3.03674,1.2055399999999998,1.49548,-0.73010067,0.650327925,0.1159665
1764505247.0437171,-3.03674,1.2055399999999998,1.49548,-0.73010067,0.650327925,0.1159665
1764505247.0437171,-3.03674,1.2055399999999998,1.49548,-0.73010067,0.650327925,0.1159665
1764505247.0437171,-3.03674,1.2055399999999998,1.49548,-0.73010067,0.650327925,0.1159665
1764505247.0437171,-3.03674,1.2055399999999998,1.49548,-0.73010067,0.650327925,0.1159665
1764505247.0437171,-2.47212,1.31236,1.4497,-0.73058895,0.651182415,0.11498994
1764505247.0437171,-2.47212,1.31236,1.4497,-0.73058895,0.651182415,0.11498994
1764505247.0881808,-2.47212,1.31236,1.4497,-0.73058895,0.651182415,0.11498994
1764505247.0881808,-2.47212,1.31236,1.4497,-0.73058895,0.651182415,0.11498994
1764505247.0881808,-2.47212,1.31236,1.4497,-0.73058895,0.651182415,0.11498994
1764505247.0881808,-2.47212,1.31236,1.4497,-0.73058895,0.651182415,0.11498994
1764505247.0881808,-2.47212,1.31236,1.4497,-0.73058895,0.651182415,0.11498994
1764505247.0881808,-2.47212,1.31236,1.4497,-0.73058895,0.651182415,0.11498994
1764505247.0881808,-2.47212,1.31236,1.4497,-0.73058895,0.651182415,0.11498994
1764505247.0881808,-2.47212,1.31236,1.4497,-0.73058895,0.651182415,0.11498994
1764505247.088694,-3.21986,0.97664,0.65618,-0.731382405,0.65405106,0.11413545
1764505247.088694,-3.21986,0.97664,0.65618,-0.731382405,0.65405106,0.11413545
1764505247.088694,-3.21986,0.97664,0.65618,-0.731382405,0.65405106,0.11413545
1764505247.088694,-3.21986,0.97664,0.65618,-0.731382405,0.65405106,0.11413545
1764505247.088694,-3.21986,0.97664,0.65618,-0.731382405,0.65405106,0.11413545
1764505247.088694,-3.21986,0.97664,0.65618,-0.731382405,0.65405106,0.11413545
1764505247.088694,-3.21986,0.97664,0.65618,-0.731382405,0.65405106,0.11413545
1764505247.088694,-3.21986,0.97664,0.65618,-0.731382405,0.65405106,0.11413545
1764505247.088694,-3.21986,0.97664,0.65618,-0.731382405,0.65405106,0.11413545
1764505247.088694,-3.21986,0.97664,0.65618,-0.731382405,0.65405106,0.11413545
1764505247.088694,-4.51696,0.3509799999999999,-0.1525999999999999,-0.73010067,0.655332795,0.11364717
1764505247.089711,-4.51696,0.3509799999999999,-0.1525999999999999,-0.73010067,0.655332795,0.11364717
1764505247.089711,-4.51696,0.3509799999999999,-0.1525999999999999,-0.73010067,0.655332795,0.11364717
1764505247.089711,-4.51696,0.3509799999999999,-0.1525999999999999,-0.73010067,0.655332795,0.11364717
1764505247.0907152,-4.51696,0.3509799999999999,-0.1525999999999999,-0.73010067,0.655332795,0.11364717
1764505247.0907152,-4.51696,0.3509799999999999,-0.1525999999999999,-0.73010067,0.655332795,0.11364717
1764505247.1356964,-4.51696,0.3509799999999999,-0.1525999999999999,-0.73010067,0.655332795,0.11364717
1764505247.1356964,-4.51696,0.3509799999999999,-0.1525999999999999,-0.73010067,0.655332795,0.11364717
1764505247.1356964,-4.51696,0.3509799999999999,-0.1525999999999999,-0.73010067,0.655332795,0.11364717
1764505247.1356964,-4.51696,0.3509799999999999,-0.1525999999999999,-0.73010067,0.655332795,0.11364717
1764505247.1356964,-3.86078,0.44254,-0.1678599999999999,-0.728696865,0.655699005,0.113830275
1764505247.1356964,-3.86078,0.44254,-0.1678599999999999,-0.728696865,0.655699005,0.113830275
1764505247.1356964,-3.86078,0.44254,-0.1678599999999999,-0.728696865,0.655699005,0.113830275
1764505247.1367247,-3.86078,0.44254,-0.1678599999999999,-0.728696865,0.655699005,0.113830275
1764505247.1367247,-3.86078,0.44254,-0.1678599999999999,-0.728696865,0.655699005,0.113830275
1764505247.1367247,-3.86078,0.44254,-0.1678599999999999,-0.728696865,0.655699005,0.113830275
1764505247.1367247,-3.86078,0.44254,-0.1678599999999999,-0.728696865,0.655699005,0.113830275
1764505247.1367247,-3.86078,0.44254,-0.1678599999999999,-0.728696865,0.655699005,0.113830275
1764505247.1367247,-3.86078,0.44254,-0.1678599999999999,-0.728696865,0.655699005,0.113830275
1764505247.1367247,-3.86078,0.44254,-0.1678599999999999,-0.728696865,0.655699005,0.113830275
1764505247.137724,-3.49454,0.51884,0.65618,-0.728086515,0.65527176,0.11425752
1764505247.137724,-3.49454,0.51884,0.65618,-0.728086515,0.65527176,0.11425752
1764505247.137724,-3.49454,0.51884,0.65618,-0.728086515,0.65527176,0.11425752
1764505247.137724,-3.49454,0.51884,0.65618,-0.728086515,0.65527176,0.11425752
1764505247.137724,-3.49454,0.51884,0.65618,-0.728086515,0.65527176,0.11425752
1764505247.137724,-3.49454,0.51884,0.65618,-0.728086515,0.65527176,0.11425752
1764505247.137724,-3.49454,0.51884,0.65618,-0.728086515,0.65527176,0.11425752
1764505247.1387331,-3.49454,0.51884,0.65618,-0.728086515,0.65527176,0.11425752
1764505247.1811943,-3.49454,0.51884,0.65618,-0.728086515,0.65527176,0.11425752
1764505247.1811943,-3.49454,0.51884,0.65618,-0.728086515,0.65527176,0.11425752
1764505247.1811943,-3.64714,1.02242,0.6714399999999999,-0.727964445,0.654600375,0.114684765
1764505247.1811943,-3.64714,1.02242,0.6714399999999999,-0.727964445,0.654600375,0.114684765
1764505247.1811943,-3.64714,1.02242,0.6714399999999999,-0.727964445,0.654600375,0.114684765
1764505247.1811943,-3.64714,1.02242,0.6714399999999999,-0.727964445,0.654600375,0.114684765
1764505247.1827393,-3.64714,1.02242,0.6714399999999999,-0.727964445,0.654600375,0.114684765
1764505247.1827393,-3.64714,1.02242,0.6714399999999999,-0.727964445,0.654600375,0.114684765
1764505247.1827393,-3.64714,1.02242,0.6714399999999999,-0.727964445,0.654600375,0.114684765
1764505247.1827393,-3.64714,1.02242,0.6714399999999999,-0.727964445,0.654600375,0.114684765
1764505247.1827393,-3.64714,1.02242,0.6714399999999999,-0.727964445,0.654600375,0.114684765
1764505247.183758,-3.64714,1.02242,0.6714399999999999,-0.727964445,0.654600375,0.114684765
1764505247.183758,-4.63904,1.46496,0.51884,-0.727720305,0.654844515,0.11450166
1764505247.183758,-4.63904,1.46496,0.51884,-0.727720305,0.654844515,0.11450166
1764505247.183758,-4.63904,1.46496,0.51884,-0.727720305,0.654844515,0.11450166
1764505247.183758,-4.63904,1.46496,0.51884,-0.727720305,0.654844515,0.11450166
1764505247.183758,-4.63904,1.46496,0.51884,-0.727720305,0.654844515,0.11450166
1764505247.183758,-4.63904,1.46496,0.51884,-0.727720305,0.654844515,0.11450166
1764505247.183758,-4.63904,1.46496,0.51884,-0.727720305,0.654844515,0.11450166
1764505247.183758,-4.63904,1.46496,0.51884,-0.727720305,0.654844515,0.11450166
1764505247.183758,-4.63904,1.46496,0.51884,-0.727720305,0.654844515,0.11450166
1764505247.184765,-4.63904,1.46496,0.51884,-0.727720305,0.654844515,0.11450166
1764505247.229387,-5.20366,1.63282,0.6714399999999999,-0.7298565300000001,0.65576004,0.11413545
1764505247.229387,-5.20366,1.63282,0.6714399999999999,-0.7298565300000001,0.65576004,0.11413545
1764505247.229387,-5.20366,1.63282,0.6714399999999999,-0.7298565300000001,0.65576004,0.11413545
1764505247.229387,-5.20366,1.63282,0.6714399999999999,-0.7298565300000001,0.65576004,0.11413545
1764505247.229387,-5.20366,1.63282,0.6714399999999999,-0.7298565300000001,0.65576004,0.11413545
1764505247.229387,-5.20366,1.63282,0.6714399999999999,-0.7298565300000001,0.65576004,0.11413545
1764505247.229387,-5.20366,1.63282,0.6714399999999999,-0.7298565300000001,0.65576004,0.11413545
1764505247.229387,-5.20366,1.63282,0.6714399999999999,-0.7298565300000001,0.65576004,0.11413545
1764505247.229387,-5.20366,1.63282,0.6714399999999999,-0.7298565300000001,0.65576004,0.11413545
1764505247.229387,-5.20366,1.63282,0.6714399999999999,-0.7298565300000001,0.65576004,0.11413545
1764505247.229387,-4.51696,0.59514,0.62566,-0.730772055,0.65527176,0.113830275
1764505247.2303884,-4.51696,0.59514,0.62566,-0.730772055,0.65527176,0.113830275
1764505247.2303884,-4.51696,0.59514,0.62566,-0.730772055,0.65527176,0.113830275
1764505247.2303884,-4.51696,0.59514,0.62566,-0.730772055,0.65527176,0.113830275
1764505247.2303884,-4.51696,0.59514,0.62566,-0.730772055,0.65527176,0.113830275
1764505247.2303884,-4.51696,0.59514,0.62566,-0.730772055,0.65527176,0.113830275
1764505247.2303884,-4.51696,0.59514,0.62566,-0.730772055,0.65527176,0.113830275
1764505247.2303884,-4.51696,0.59514,0.62566,-0.730772055,0.65527176,0.113830275
1764505247.2303884,-4.51696,0.59514,0.62566,-0.730772055,0.65527176,0.113830275
1764505247.2303884,-4.51696,0.59514,0.62566,-0.730772055,0.65527176,0.113830275
1764505247.2303884,-4.48644,1.26658,-0.06104,-0.729551355,0.65319657,0.113464065
1764505247.2303884,-4.48644,1.26658,-0.06104,-0.729551355,0.65319657,0.113464065
1764505247.2303884,-4.48644,1.26658,-0.06104,-0.729551355,0.65319657,0.113464065
1764505247.2303884,-4.48644,1.26658,-0.06104,-0.729551355,0.65319657,0.113464065
1764505247.2756422,-4.48644,1.26658,-0.06104,-0.729551355,0.65319657,0.113464065
1764505247.2756422,-4.48644,1.26658,-0.06104,-0.729551355,0.65319657,0.113464065
1764505247.2756422,-4.48644,1.26658,-0.06104,-0.729551355,0.65319657,0.113464065
1764505247.2756422,-4.48644,1.26658,-0.06104,-0.729551355,0.65319657,0.113464065
1764505247.2756422,-4.48644,1.26658,-0.06104,-0.729551355,0.65319657,0.113464065
1764505247.2756422,-4.48644,1.26658,-0.06104,-0.729551355,0.65319657,0.113464065
1764505247.2756422,-4.13546,2.04484,-0.3357199999999999,-0.729185145,0.65246415,0.112853715
1764505247.2756422,-4.13546,2.04484,-0.3357199999999999,-0.729185145,0.65246415,0.112853715
1764505247.2756422,-4.13546,2.04484,-0.3357199999999999,-0.729185145,0.65246415,0.112853715
1764505247.2756422,-4.13546,2.04484,-0.3357199999999999,-0.729185145,0.65246415,0.112853715
1764505247.2756422,-4.13546,2.04484,-0.3357199999999999,-0.729185145,0.65246415,0.112853715
1764505247.2756422,-4.13546,2.04484,-0.3357199999999999,-0.729185145,0.65246415,0.112853715
1764505247.276659,-4.13546,2.04484,-0.3357199999999999,-0.729185145,0.65246415,0.112853715
1764505247.276659,-4.13546,2.04484,-0.3357199999999999,-0.729185145,0.65246415,0.112853715
1764505247.276659,-4.13546,2.04484,-0.3357199999999999,-0.729185145,0.65246415,0.112853715
1764505247.276659,-4.13546,2.04484,-0.3357199999999999,-0.729185145,0.65246415,0.112853715
1764505247.276659,-3.90656,2.22796,0.6409199999999999,-0.730527915,0.65270829,0.11291475
1764505247.276659,-3.90656,2.22796,0.6409199999999999,-0.730527915,0.65270829,0.11291475
1764505247.276659,-3.90656,2.22796,0.6409199999999999,-0.730527915,0.65270829,0.11291475
1764505247.276659,-3.90656,2.22796,0.6409199999999999,-0.730527915,0.65270829,0.11291475
1764505247.276659,-3.90656,2.22796,0.6409199999999999,-0.730527915,0.65270829,0.11291475
1764505247.276659,-3.90656,2.22796,0.6409199999999999,-0.730527915,0.65270829,0.11291475
1764505247.276659,-3.90656,2.22796,0.6409199999999999,-0.730527915,0.65270829,0.11291475
1764505247.276659,-3.90656,2.22796,0.6409199999999999,-0.730527915,0.65270829,0.11291475
1764505247.320262,-3.90656,2.22796,0.6409199999999999,-0.730527915,0.65270829,0.11291475
1764505247.320262,-3.90656,2.22796,0.6409199999999999,-0.730527915,0.65270829,0.11291475
1764505247.320262,-3.54032,1.6022999999999998,0.79352,-0.7303448100000001,0.6533186400000001,0.11267061
1764505247.320262,-3.54032,1.6022999999999998,0.79352,-0.7303448100000001,0.6533186400000001,0.11267061
1764505247.320262,-3.54032,1.6022999999999998,0.79352,-0.7303448100000001,0.6533186400000001,0.11267061
1764505247.320262,-3.54032,1.6022999999999998,0.79352,-0.7303448100000001,0.6533186400000001,0.11267061
1764505247.320262,-3.54032,1.6022999999999998,0.79352,-0.7303448100000001,0.6533186400000001,0.11267061
1764505247.320262,-3.54032,1.6022999999999998,0.79352,-0.7303448100000001,0.6533186400000001,0.11267061
1764505247.320262,-3.54032,1.6022999999999998,0.79352,-0.7303448100000001,0.6533186400000001,0.11267061
1764505247.320262,-3.54032,1.6022999999999998,0.79352,-0.7303448100000001,0.6533186400000001,0.11267061
1764505247.320262,-3.54032,1.6022999999999998,0.79352,-0.7303448100000001,0.6533186400000001,0.11267061
1764505247.320262,-3.54032,1.6022999999999998,0.79352,-0.7303448100000001,0.6533186400000001,0.11267061
1764505247.320262,-3.78448,1.4039199999999998,0.4578,-0.7298565300000001,0.65368485,0.11206026
1764505247.320262,-3.78448,1.4039199999999998,0.4578,-0.7298565300000001,0.65368485,0.11206026
1764505247.320262,-3.78448,1.4039199999999998,0.4578,-0.7298565300000001,0.65368485,0.11206026
1764505247.320262,-3.78448,1.4039199999999998,0.4578,-0.7298565300000001,0.65368485,0.11206026
1764505247.3218007,-3.78448,1.4039199999999998,0.4578,-0.7298565300000001,0.65368485,0.11206026
1764505247.3218007,-3.78448,1.4039199999999998,0.4578,-0.7298565300000001,0.65368485,0.11206026
1764505247.3218007,-3.78448,1.4039199999999998,0.4578,-0.7298565300000001,0.65368485,0.11206026
1764505247.3218007,-3.78448,1.4039199999999998,0.4578,-0.7298565300000001,0.65368485,0.11206026
1764505247.3218007,-3.78448,1.4039199999999998,0.4578,-0.7298565300000001,0.65368485,0.11206026
1764505247.3218007,-3.78448,1.4039199999999998,0.4578,-0.7298565300000001,0.65368485,0.11206026
1764505247.3218007,-3.14356,0.82404,0.88508,-0.7308941250000001,0.6538679550000001,0.112121295
1764505247.3218007,-3.14356,0.82404,0.88508,-0.7308941250000001,0.6538679550000001,0.112121295
1764505247.367477,-3.14356,0.82404,0.88508,-0.7308941250000001,0.6538679550000001,0.112121295
1764505247.367477,-3.14356,0.82404,0.88508,-0.7308941250000001,0.6538679550000001,0.112121295
1764505247.367477,-3.14356,0.82404,0.88508,-0.7308941250000001,0.6538679550000001,0.112121295
1764505247.367477,-3.14356,0.82404,0.88508,-0.7308941250000001,0.6538679550000001,0.112121295
1764505247.367477,-3.14356,0.82404,0.88508,-0.7308941250000001,0.6538679550000001,0.112121295
1764505247.367477,-3.14356,0.82404,0.88508,-0.7308941250000001,0.6538679550000001,0.112121295
1764505247.367477,-3.14356,0.82404,0.88508,-0.7308941250000001,0.6538679550000001,0.112121295
1764505247.367477,-3.14356,0.82404,0.88508,-0.7308941250000001,0.6538679550000001,0.112121295
1764505247.367477,-2.79258,0.48832,1.0682,-0.730405845,0.65466141,0.11340303
1764505247.367477,-2.79258,0.48832,1.0682,-0.730405845,0.65466141,0.11340303
1764505247.367477,-2.79258,0.48832,1.0682,-0.730405845,0.65466141,0.11340303
1764505247.367477,-2.79258,0.48832,1.0682,-0.730405845,0.65466141,0.11340303
1764505247.367477,-2.79258,0.48832,1.0682,-0.730405845,0.65466141,0.11340303
1764505247.367477,-2.79258,0.48832,1.0682,-0.730405845,0.65466141,0.11340303
1764505247.367477,-2.79258,0.48832,1.0682,-0.730405845,0.65466141,0.11340303
1764505247.367477,-2.79258,0.48832,1.0682,-0.730405845,0.65466141,0.11340303
1764505247.367477,-2.79258,0.48832,1.0682,-0.730405845,0.65466141,0.11340303
1764505247.367477,-2.79258,0.48832,1.0682,-0.730405845,0.65466141,0.11340303
1764505247.367477,-3.76922,0.8087799999999999,0.36624,-0.72949032,0.654112095,0.113464065
1764505247.367477,-3.76922,0.8087799999999999,0.36624,-0.72949032,0.654112095,0.113464065
1764505247.367477,-3.76922,0.8087799999999999,0.36624,-0.72949032,0.654112095,0.113464065
1764505247.367477,-3.76922,0.8087799999999999,0.36624,-0.72949032,0.654112095,0.113464065
1764505247.414883,-3.76922,0.8087799999999999,0.36624,-0.72949032,0.654112095,0.113464065
1764505247.414883,-3.76922,0.8087799999999999,0.36624,-0.72949032,0.654112095,0.113464065
1764505247.414883,-3.76922,0.8087799999999999,0.36624,-0.72949032,0.654112095,0.113464065
1764505247.414883,-3.76922,0.8087799999999999,0.36624,-0.72949032,0.654112095,0.113464065
1764505247.414883,-3.76922,0.8087799999999999,0.36624,-0.72949032,0.654112095,0.113464065
1764505247.414883,-3.76922,0.8087799999999999,0.36624,-0.72949032,0.654112095,0.113464065
1764505247.414883,-4.4254,0.7019599999999999,0.3051999999999999,-0.72851376,0.6542952,0.113097855
1764505247.414883,-4.4254,0.7019599999999999,0.3051999999999999,-0.72851376,0.6542952,0.113097855
1764505247.414883,-4.4254,0.7019599999999999,0.3051999999999999,-0.72851376,0.6542952,0.113097855
1764505247.414883,-4.4254,0.7019599999999999,0.3051999999999999,-0.72851376,0.6542952,0.113097855
1764505247.414883,-4.4254,0.7019599999999999,0.3051999999999999,-0.72851376,0.6542952,0.113097855
1764505247.414883,-4.4254,0.7019599999999999,0.3051999999999999,-0.72851376,0.6542952,0.113097855
1764505247.414883,-4.4254,0.7019599999999999,0.3051999999999999,-0.72851376,0.6542952,0.113097855
1764505247.414883,-4.4254,0.7019599999999999,0.3051999999999999,-0.72851376,0.6542952,0.113097855
1764505247.414883,-4.4254,0.7019599999999999,0.3051999999999999,-0.72851376,0.6542952,0.113097855
1764505247.414883,-4.4254,0.7019599999999999,0.3051999999999999,-0.72851376,0.6542952,0.113097855
1764505247.414883,-4.8832,1.51074,-0.18312,-0.728208585,0.654112095,0.11291475
1764505247.414883,-4.8832,1.51074,-0.18312,-0.728208585,0.654112095,0.11291475
1764505247.414883,-4.8832,1.51074,-0.18312,-0.728208585,0.654112095,0.11291475
1764505247.416056,-4.8832,1.51074,-0.18312,-0.728208585,0.654112095,0.11291475
1764505247.416056,-4.8832,1.51074,-0.18312,-0.728208585,0.654112095,0.11291475
1764505247.416056,-4.8832,1.51074,-0.18312,-0.728208585,0.654112095,0.11291475
1764505247.459422,-4.8832,1.51074,-0.18312,-0.728208585,0.654112095,0.11291475
1764505247.459422,-4.8832,1.51074,-0.18312,-0.728208585,0.654112095,0.11291475
1764505247.459422,-4.8832,1.51074,-0.18312,-0.728208585,0.654112095,0.11291475
1764505247.459422,-4.8832,1.51074,-0.18312,-0.728208585,0.654112095,0.11291475
1764505247.459422,-5.08158,1.84646,-0.41202,-0.72778134,0.65319657,0.11267061
1764505247.459422,-5.08158,1.84646,-0.41202,-0.72778134,0.65319657,0.11267061
1764505247.459422,-5.08158,1.84646,-0.41202,-0.72778134,0.65319657,0.11267061
1764505247.459422,-5.08158,1.84646,-0.41202,-0.72778134,0.65319657,0.11267061
1764505247.459422,-5.08158,1.84646,-0.41202,-0.72778134,0.65319657,0.11267061
1764505247.459422,-5.08158,1.84646,-0.41202,-0.72778134,0.65319657,0.11267061
1764505247.459422,-5.08158,1.84646,-0.41202,-0.72778134,0.65319657,0.11267061
1764505247.459422,-5.08158,1.84646,-0.41202,-0.72778134,0.65319657,0.11267061
1764505247.459422,-5.08158,1.84646,-0.41202,-0.72778134,0.65319657,0.11267061
1764505247.459422,-5.08158,1.84646,-0.41202,-0.72778134,0.65319657,0.11267061
1764505247.459422,-2.70102,1.8006799999999998,0.42728,-0.727598235,0.65099931,0.11242647
1764505247.459422,-2.70102,1.8006799999999998,0.42728,-0.727598235,0.65099931,0.11242647
1764505247.460965,-2.70102,1.8006799999999998,0.42728,-0.727598235,0.65099931,0.11242647
1764505247.460965,-2.70102,1.8006799999999998,0.42728,-0.727598235,0.65099931,0.11242647
1764505247.460965,-2.70102,1.8006799999999998,0.42728,-0.727598235,0.65099931,0.11242647
1764505247.460965,-2.70102,1.8006799999999998,0.42728,-0.727598235,0.65099931,0.11242647
1764505247.460965,-2.70102,1.8006799999999998,0.42728,-0.727598235,0.65099931,0.11242647
1764505247.460965,-2.70102,1.8006799999999998,0.42728,-0.727598235,0.65099931,0.11242647
1764505247.460965,-2.70102,1.8006799999999998,0.42728,-0.727598235,0.65099931,0.11242647
1764505247.460965,-2.70102,1.8006799999999998,0.42728,-0.727598235,0.65099931,0.11242647
1764505247.5084684,-2.9757,0.2289,0.88508,-0.72887997,0.65222001,0.113219925
1764505247.5084684,-2.9757,0.2289,0.88508,-0.72887997,0.65222001,0.113219925
1764505247.5084684,-2.9757,0.2289,0.88508,-0.72887997,0.65222001,0.113219925
1764505247.5084684,-2.9757,0.2289,0.88508,-0.72887997,0.65222001,0.113219925
1764505247.5084684,-2.9757,0.2289,0.88508,-0.72887997,0.65222001,0.113219925
1764505247.5084684,-2.9757,0.2289,0.88508,-0.72887997,0.65222001,0.113219925
1764505247.5084684,-2.9757,0.2289,0.88508,-0.72887997,0.65222001,0.113219925
1764505247.5084684,-2.9757,0.2289,0.88508,-0.72887997,0.65222001,0.113219925
1764505247.5084684,-2.9757,0.2289,0.88508,-0.72887997,0.65222001,0.113219925
1764505247.5084684,-2.9757,0.2289,0.88508,-0.72887997,0.65222001,0.113219925
1764505247.5084684,-3.84552,-0.09156,0.8087799999999999,-0.7288189350000001,0.6538679550000001,0.11376924
1764505247.5084684,-3.84552,-0.09156,0.8087799999999999,-0.7288189350000001,0.6538679550000001,0.11376924
1764505247.5084684,-3.84552,-0.09156,0.8087799999999999,-0.7288189350000001,0.6538679550000001,0.11376924
1764505247.5084684,-3.84552,-0.09156,0.8087799999999999,-0.7288189350000001,0.6538679550000001,0.11376924
1764505247.5084684,-3.84552,-0.09156,0.8087799999999999,-0.7288189350000001,0.6538679550000001,0.11376924
1764505247.5084684,-3.84552,-0.09156,0.8087799999999999,-0.7288189350000001,0.6538679550000001,0.11376924
1764505247.5084684,-3.84552,-0.09156,0.8087799999999999,-0.7288189350000001,0.6538679550000001,0.11376924
1764505247.5084684,-3.84552,-0.09156,0.8087799999999999,-0.7288189350000001,0.6538679550000001,0.11376924
1764505247.5084684,-3.84552,-0.09156,0.8087799999999999,-0.7288189350000001,0.6538679550000001,0.11376924
1764505247.5084684,-3.84552,-0.09156,0.8087799999999999,-0.7288189350000001,0.6538679550000001,0.11376924
1764505247.5084684,-3.60136,0.8087799999999999,0.79352,-0.728208585,0.654722445,0.113586135
1764505247.5084684,-3.60136,0.8087799999999999,0.79352,-0.728208585,0.654722445,0.113586135
1764505247.5084684,-3.60136,0.8087799999999999,0.79352,-0.728208585,0.654722445,0.113586135
1764505247.5084684,-3.60136,0.8087799999999999,0.79352,-0.728208585,0.654722445,0.113586135
1764505247.5528948,-3.60136,0.8087799999999999,0.79352,-0.728208585,0.654722445,0.113586135
1764505247.553426,-3.60136,0.8087799999999999,0.79352,-0.728208585,0.654722445,0.113586135
1764505247.553426,-3.60136,0.8087799999999999,0.79352,-0.728208585,0.654722445,0.113586135
1764505247.553426,-3.60136,0.8087799999999999,0.79352,-0.728208585,0.654722445,0.113586135
1764505247.553426,-3.60136,0.8087799999999999,0.79352,-0.728208585,0.654722445,0.113586135
1764505247.553426,-3.60136,0.8087799999999999,0.79352,-0.728208585,0.654722445,0.113586135
1764505247.553426,-4.94424,1.6633399999999998,0.09156,-0.728574795,0.6549055500000001,0.11279268
1764505247.553426,-4.94424,1.6633399999999998,0.09156,-0.728574795,0.6549055500000001,0.11279268
1764505247.553426,-4.94424,1.6633399999999998,0.09156,-0.728574795,0.6549055500000001,0.11279268
1764505247.553426,-4.94424,1.6633399999999998,0.09156,-0.728574795,0.6549055500000001,0.11279268
1764505247.553426,-4.94424,1.6633399999999998,0.09156,-0.728574795,0.6549055500000001,0.11279268
1764505247.553426,-4.94424,1.6633399999999998,0.09156,-0.728574795,0.6549055500000001,0.11279268
1764505247.553426,-4.94424,1.6633399999999998,0.09156,-0.728574795,0.6549055500000001,0.11279268
1764505247.553426,-4.94424,1.6633399999999998,0.09156,-0.728574795,0.6549055500000001,0.11279268
1764505247.553426,-4.94424,1.6633399999999998,0.09156,-0.728574795,0.6549055500000001,0.11279268
1764505247.553426,-4.94424,1.6633399999999998,0.09156,-0.728574795,0.6549055500000001,0.11279268
1764505247.553426,-5.02054,1.8006799999999998,-0.28994,-0.7287579,0.65441727,0.112243365
1764505247.553426,-5.02054,1.8006799999999998,-0.28994,-0.7287579,0.65441727,0.112243365
1764505247.553426,-5.02054,1.8006799999999998,-0.28994,-0.7287579,0.65441727,0.112243365
1764505247.553426,-5.02054,1.8006799999999998,-0.28994,-0.7287579,0.65441727,0.112243365
1764505247.553426,-5.02054,1.8006799999999998,-0.28994,-0.7287579,0.65441727,0.112243365
1764505247.553426,-5.02054,1.8006799999999998,-0.28994,-0.7287579,0.65441727,0.112243365
1764505247.553426,-5.02054,1.8006799999999998,-0.28994,-0.7287579,0.65441727,0.112243365
1764505247.553426,-5.02054,1.8006799999999998,-0.28994,-0.7287579,0.65441727,0.112243365
1764505247.602785,-5.02054,1.8006799999999998,-0.28994,-0.7287579,0.65441727,0.112243365
1764505247.602785,-5.02054,1.8006799999999998,-0.28994,-0.7287579,0.65441727,0.112243365
1764505247.602785,-5.21892,2.01432,0.0762999999999999,-0.72863583,0.65368485,0.111755085
1764505247.602785,-5.21892,2.01432,0.0762999999999999,-0.72863583,0.65368485,0.111755085
1764505247.602785,-5.21892,2.01432,0.0762999999999999,-0.72863583,0.65368485,0.111755085
1764505247.602785,-5.21892,2.01432,0.0762999999999999,-0.72863583,0.65368485,0.111755085
1764505247.602785,-5.21892,2.01432,0.0762999999999999,-0.72863583,0.65368485,0.111755085
1764505247.602785,-5.21892,2.01432,0.0762999999999999,-0.72863583,0.65368485,0.111755085
1764505247.602785,-5.21892,2.01432,0.0762999999999999,-0.72863583,0.65368485,0.111755085
1764505247.602785,-5.21892,2.01432,0.0762999999999999,-0.72863583,0.65368485,0.111755085
1764505247.603905,-5.21892,2.01432,0.0762999999999999,-0.72863583,0.65368485,0.111755085
1764505247.603905,-5.21892,2.01432,0.0762999999999999,-0.72863583,0.65368485,0.111755085
1764505247.603905,-4.94424,1.32762,0.03052,-0.72949032,0.6530745,0.1123044
1764505247.603905,-4.94424,1.32762,0.03052,-0.72949032,0.6530745,0.1123044
1764505247.603905,-4.94424,1.32762,0.03052,-0.72949032,0.6530745,0.1123044
1764505247.603905,-4.94424,1.32762,0.03052,-0.72949032,0.6530745,0.1123044
1764505247.603905,-4.94424,1.32762,0.03052,-0.72949032,0.6530745,0.1123044
1764505247.603905,-4.94424,1.32762,0.03052,-0.72949032,0.6530745,0.1123044
1764505247.603905,-4.94424,1.32762,0.03052,-0.72949032,0.6530745,0.1123044
1764505247.603905,-4.94424,1.32762,0.03052,-0.72949032,0.6530745,0.1123044
1764505247.603905,-4.94424,1.32762,0.03052,-0.72949032,0.6530745,0.1123044
1764505247.603905,-4.94424,1.32762,0.03052,-0.72949032,0.6530745,0.1123044
1764505247.603905,-5.234179999999999,1.92276,-0.36624,-0.728208585,0.652647255,0.11279268
1764505247.603905,-5.234179999999999,1.92276,-0.36624,-0.728208585,0.652647255,0.11279268
1764505247.6479864,-5.234179999999999,1.92276,-0.36624,-0.728208585,0.652647255,0.11279268
1764505247.6479864,-5.234179999999999,1.92276,-0.36624,-0.728208585,0.652647255,0.11279268
1764505247.6479864,-5.234179999999999,1.92276,-0.36624,-0.728208585,0.652647255,0.11279268
1764505247.6479864,-5.234179999999999,1.92276,-0.36624,-0.728208585,0.652647255,0.11279268
1764505247.6479864,-5.234179999999999,1.92276,-0.36624,-0.728208585,0.652647255,0.11279268
1764505247.6479864,-5.234179999999999,1.92276,-0.36624,-0.728208585,0.652647255,0.11279268
1764505247.6479864,-5.234179999999999,1.92276,-0.36624,-0.728208585,0.652647255,0.11279268
1764505247.6479864,-5.234179999999999,1.92276,-0.36624,-0.728208585,0.652647255,0.11279268
1764505247.6479864,-4.45592,2.73154,-1.00716,-0.72778134,0.650327925,0.112975785
1764505247.6479864,-4.45592,2.73154,-1.00716,-0.72778134,0.650327925,0.112975785
1764505247.6495318,-4.45592,2.73154,-1.00716,-0.72778134,0.650327925,0.112975785
1764505247.6495318,-4.45592,2.73154,-1.00716,-0.72778134,0.650327925,0.112975785
1764505247.6495318,-4.45592,2.73154,-1.00716,-0.72778134,0.650327925,0.112975785
1764505247.6495318,-4.45592,2.73154,-1.00716,-0.72778134,0.650327925,0.112975785
1764505247.6495318,-4.45592,2.73154,-1.00716,-0.72778134,0.650327925,0.112975785
1764505247.6495318,-4.45592,2.73154,-1.00716,-0.72778134,0.650327925,0.112975785
1764505247.6495318,-4.45592,2.73154,-1.00716,-0.72778134,0.650327925,0.112975785
1764505247.6495318,-4.45592,2.73154,-1.00716,-0.72778134,0.650327925,0.112975785
1764505247.6495318,-2.80784,3.60136,-0.2289,-0.729795495,0.64721514,0.11181612
1764505247.6495318,-2.80784,3.60136,-0.2289,-0.729795495,0.64721514,0.11181612
1764505247.6495318,-2.80784,3.60136,-0.2289,-0.729795495,0.64721514,0.11181612
1764505247.6495318,-2.80784,3.60136,-0.2289,-0.729795495,0.64721514,0.11181612
1764505247.6495318,-2.80784,3.60136,-0.2289,-0.729795495,0.64721514,0.11181612
1764505247.6495318,-2.80784,3.60136,-0.2289,-0.729795495,0.64721514,0.11181612
1764505247.6973567,-2.80784,3.60136,-0.2289,-0.729795495,0.64721514,0.11181612
1764505247.6973567,-2.80784,3.60136,-0.2289,-0.729795495,0.64721514,0.11181612
1764505247.6973567,-2.80784,3.60136,-0.2289,-0.729795495,0.64721514,0.11181612
1764505247.6989102,-2.80784,3.60136,-0.2289,-0.729795495,0.64721514,0.11181612
1764505247.6989102,-3.26564,3.02148,-0.88508,-0.733457595,0.64611651,0.109863
1764505247.6989102,-3.26564,3.02148,-0.88508,-0.733457595,0.64611651,0.109863
1764505247.6989102,-3.26564,3.02148,-0.88508,-0.733457595,0.64611651,0.109863
1764505247.6989102,-3.26564,3.02148,-0.88508,-0.733457595,0.64611651,0.109863
1764505247.6989102,-3.26564,3.02148,-0.88508,-0.733457595,0.64611651,0.109863
1764505247.6989102,-3.26564,3.02148,-0.88508,-0.733457595,0.64611651,0.109863
1764505247.6989102,-3.26564,3.02148,-0.88508,-0.733457595,0.64611651,0.109863
1764505247.6989102,-3.26564,3.02148,-0.88508,-0.733457595,0.64611651,0.109863
1764505247.6989102,-3.26564,3.02148,-0.88508,-0.733457595,0.64611651,0.109863
1764505247.6989102,-3.26564,3.02148,-0.88508,-0.733457595,0.64611651,0.109863
1764505247.6989102,-2.15166,1.00716,-3.64714,-0.732114825,0.64684893,0.110046105
1764505247.6989102,-2.15166,1.00716,-3.64714,-0.732114825,0.64684893,0.110046105
1764505247.6989102,-2.15166,1.00716,-3.64714,-0.732114825,0.64684893,0.110046105
1764505247.6989102,-2.15166,1.00716,-3.64714,-0.732114825,0.64684893,0.110046105
1764505247.6989102,-2.15166,1.00716,-3.64714,-0.732114825,0.64684893,0.110046105
1764505247.6989102,-2.15166,1.00716,-3.64714,-0.732114825,0.64684893,0.110046105
1764505247.6989102,-2.15166,1.00716,-3.64714,-0.732114825,0.64684893,0.110046105
1764505247.6989102,-2.15166,1.00716,-3.64714,-0.732114825,0.64684893,0.110046105
1764505247.6989102,-2.15166,1.00716,-3.64714,-0.732114825,0.64684893,0.110046105
1764505247.6989102,-2.15166,1.00716,-3.64714,-0.732114825,0.64684893,0.110046105
1764505247.7458546,0.24416,2.2127,-3.29616,-0.72887997,0.64904619,0.112243365
1764505247.7458546,0.24416,2.2127,-3.29616,-0.72887997,0.64904619,0.112243365
1764505247.7458546,0.24416,2.2127,-3.29616,-0.72887997,0.64904619,0.112243365
1764505247.7468665,0.24416,2.2127,-3.29616,-0.72887997,0.64904619,0.112243365
1764505247.7468665,0.24416,2.2127,-3.29616,-0.72887997,0.64904619,0.112243365
1764505247.7468665,0.24416,2.2127,-3.29616,-0.72887997,0.64904619,0.112243365
1764505247.7468665,0.24416,2.2127,-3.29616,-0.72887997,0.64904619,0.112243365
1764505247.7478845,0.24416,2.2127,-3.29616,-0.72887997,0.64904619,0.112243365
1764505247.7478845,0.24416,2.2127,-3.29616,-0.72887997,0.64904619,0.112243365
1764505247.7478845,0.24416,2.2127,-3.29616,-0.72887997,0.64904619,0.112243365
1764505247.7478845,0.47306,1.7549,0.03052,-0.728208585,0.653379675,0.112731645
1764505247.7478845,0.47306,1.7549,0.03052,-0.728208585,0.653379675,0.112731645
1764505247.7478845,0.47306,1.7549,0.03052,-0.728208585,0.653379675,0.112731645
1764505247.7488842,0.47306,1.7549,0.03052,-0.728208585,0.653379675,0.112731645
1764505247.7488842,0.47306,1.7549,0.03052,-0.728208585,0.653379675,0.112731645
1764505247.7488842,0.47306,1.7549,0.03052,-0.728208585,0.653379675,0.112731645
1764505247.7488842,0.47306,1.7549,0.03052,-0.728208585,0.653379675,0.112731645
1764505247.7488842,0.47306,1.7549,0.03052,-0.728208585,0.653379675,0.112731645
1764505247.7488842,0.47306,1.7549,0.03052,-0.728208585,0.653379675,0.112731645
1764505247.7488842,0.47306,1.7549,0.03052,-0.728208585,0.653379675,0.112731645
1764505247.7488842,-1.87698,-0.8087799999999999,1.95328,-0.728452725,0.659361105,0.11401338
1764505247.7501593,-1.87698,-0.8087799999999999,1.95328,-0.728452725,0.659361105,0.11401338
1764505247.7501593,-1.87698,-0.8087799999999999,1.95328,-0.728452725,0.659361105,0.11401338
1764505247.7501593,-1.87698,-0.8087799999999999,1.95328,-0.728452725,0.659361105,0.11401338
1764505247.7914608,-1.87698,-0.8087799999999999,1.95328,-0.728452725,0.659361105,0.11401338
1764505247.7914608,-1.87698,-0.8087799999999999,1.95328,-0.728452725,0.659361105,0.11401338
1764505247.7914608,-1.87698,-0.8087799999999999,1.95328,-0.728452725,0.659361105,0.11401338
1764505247.7914608,-1.87698,-0.8087799999999999,1.95328,-0.728452725,0.659361105,0.11401338
1764505247.7914608,-1.87698,-0.8087799999999999,1.95328,-0.728452725,0.659361105,0.11401338
1764505247.7914608,-1.87698,-0.8087799999999999,1.95328,-0.728452725,0.659361105,0.11401338
1764505247.7914608,-3.08252,-0.3204599999999999,2.1364,-0.7288189350000001,0.663389415,0.11523408
1764505247.7914608,-3.08252,-0.3204599999999999,2.1364,-0.7288189350000001,0.663389415,0.11523408
1764505247.7914608,-3.08252,-0.3204599999999999,2.1364,-0.7288189350000001,0.663389415,0.11523408
1764505247.7914608,-3.08252,-0.3204599999999999,2.1364,-0.7288189350000001,0.663389415,0.11523408
1764505247.7914608,-3.08252,-0.3204599999999999,2.1364,-0.7288189350000001,0.663389415,0.11523408
1764505247.7914608,-3.08252,-0.3204599999999999,2.1364,-0.7288189350000001,0.663389415,0.11523408
1764505247.7914608,-3.08252,-0.3204599999999999,2.1364,-0.7288189350000001,0.663389415,0.11523408
1764505247.7914608,-3.08252,-0.3204599999999999,2.1364,-0.7288189350000001,0.663389415,0.11523408
1764505247.7914608,-3.08252,-0.3204599999999999,2.1364,-0.7288189350000001,0.663389415,0.11523408
1764505247.7914608,-3.08252,-0.3204599999999999,2.1364,-0.7288189350000001,0.663389415,0.11523408
1764505247.7914608,-4.8832,1.23606,0.9003399999999999,-0.731138265,0.6632673450000001,0.11645478
1764505247.7914608,-4.8832,1.23606,0.9003399999999999,-0.731138265,0.6632673450000001,0.11645478
1764505247.7914608,-4.8832,1.23606,0.9003399999999999,-0.731138265,0.6632673450000001,0.11645478
1764505247.7914608,-4.8832,1.23606,0.9003399999999999,-0.731138265,0.6632673450000001,0.11645478
1764505247.839707,-4.8832,1.23606,0.9003399999999999,-0.731138265,0.6632673450000001,0.11645478
1764505247.839707,-4.8832,1.23606,0.9003399999999999,-0.731138265,0.6632673450000001,0.11645478
1764505247.839707,-4.8832,1.23606,0.9003399999999999,-0.731138265,0.6632673450000001,0.11645478
1764505247.8407016,-4.8832,1.23606,0.9003399999999999,-0.731138265,0.6632673450000001,0.11645478
1764505247.8407016,-4.8832,1.23606,0.9003399999999999,-0.731138265,0.6632673450000001,0.11645478
1764505247.8407016,-4.8832,1.23606,0.9003399999999999,-0.731138265,0.6632673450000001,0.11645478
1764505247.8407016,-6.05822,1.6633399999999998,-0.12208,-0.732603105,0.66149733,0.115295115
1764505247.8407016,-6.05822,1.6633399999999998,-0.12208,-0.732603105,0.66149733,0.115295115
1764505247.8407016,-6.05822,1.6633399999999998,-0.12208,-0.732603105,0.66149733,0.115295115
1764505247.8407016,-6.05822,1.6633399999999998,-0.12208,-0.732603105,0.66149733,0.115295115
1764505247.8407016,-6.05822,1.6633399999999998,-0.12208,-0.732603105,0.66149733,0.115295115
1764505247.8407016,-6.05822,1.6633399999999998,-0.12208,-0.732603105,0.66149733,0.115295115
1764505247.8407016,-6.05822,1.6633399999999998,-0.12208,-0.732603105,0.66149733,0.115295115
1764505247.8407016,-6.05822,1.6633399999999998,-0.12208,-0.732603105,0.66149733,0.115295115
1764505247.8407016,-6.05822,1.6633399999999998,-0.12208,-0.732603105,0.66149733,0.115295115
1764505247.8407016,-6.05822,1.6633399999999998,-0.12208,-0.732603105,0.66149733,0.115295115
1764505247.8407016,-5.08158,1.0682,0.10682,-0.73168758,0.658384545,0.113219925
1764505247.8407016,-5.08158,1.0682,0.10682,-0.73168758,0.658384545,0.113219925
1764505247.8407016,-5.08158,1.0682,0.10682,-0.73168758,0.658384545,0.113219925
1764505247.8407016,-5.08158,1.0682,0.10682,-0.73168758,0.658384545,0.113219925
1764505247.8407016,-5.08158,1.0682,0.10682,-0.73168758,0.658384545,0.113219925
1764505247.8407016,-5.08158,1.0682,0.10682,-0.73168758,0.658384545,0.113219925
1764505247.8407016,-5.08158,1.0682,0.10682,-0.73168758,0.658384545,0.113219925
1764505247.8407016,-5.08158,1.0682,0.10682,-0.73168758,0.658384545,0.113219925
1764505247.882178,-5.08158,1.0682,0.10682,-0.73168758,0.658384545,0.113219925
1764505247.882178,-5.08158,1.0682,0.10682,-0.73168758,0.658384545,0.113219925
1764505247.882178,-4.68482,1.02242,0.47306,-0.729673425,0.6549055500000001,0.11083956
1764505247.882178,-4.68482,1.02242,0.47306,-0.729673425,0.6549055500000001,0.11083956
1764505247.882178,-4.68482,1.02242,0.47306,-0.729673425,0.6549055500000001,0.11083956
1764505247.882178,-4.68482,1.02242,0.47306,-0.729673425,0.6549055500000001,0.11083956
1764505247.8847344,-4.68482,1.02242,0.47306,-0.729673425,0.6549055500000001,0.11083956
1764505247.8847344,-4.68482,1.02242,0.47306,-0.729673425,0.6549055500000001,0.11083956
1764505247.8847344,-4.68482,1.02242,0.47306,-0.729673425,0.6549055500000001,0.11083956
1764505247.8847344,-4.68482,1.02242,0.47306,-0.729673425,0.6549055500000001,0.11083956
1764505247.8847344,-4.68482,1.02242,0.47306,-0.729673425,0.6549055500000001,0.11083956
1764505247.8847344,-4.68482,1.02242,0.47306,-0.729673425,0.6549055500000001,0.11083956
1764505247.8847344,-5.31048,1.38866,0.3051999999999999,-0.72851376,0.654112095,0.109801965
1764505247.8847344,-5.31048,1.38866,0.3051999999999999,-0.72851376,0.654112095,0.109801965
1764505247.8847344,-5.31048,1.38866,0.3051999999999999,-0.72851376,0.654112095,0.109801965
1764505247.885244,-5.31048,1.38866,0.3051999999999999,-0.72851376,0.654112095,0.109801965
1764505247.885244,-5.31048,1.38866,0.3051999999999999,-0.72851376,0.654112095,0.109801965
1764505247.885244,-5.31048,1.38866,0.3051999999999999,-0.72851376,0.654112095,0.109801965
1764505247.885244,-5.31048,1.38866,0.3051999999999999,-0.72851376,0.654112095,0.109801965
1764505247.885244,-5.31048,1.38866,0.3051999999999999,-0.72851376,0.654112095,0.109801965
1764505247.885244,-5.31048,1.38866,0.3051999999999999,-0.72851376,0.654112095,0.109801965
1764505247.885244,-5.31048,1.38866,0.3051999999999999,-0.72851376,0.654112095,0.109801965
1764505247.885244,-6.91278,1.2971,0.10682,-0.727598235,0.65270829,0.108703335
1764505247.885244,-6.91278,1.2971,0.10682,-0.727598235,0.65270829,0.108703335
1764505247.9337568,-6.91278,1.2971,0.10682,-0.727598235,0.65270829,0.108703335
1764505247.9337568,-6.91278,1.2971,0.10682,-0.727598235,0.65270829,0.108703335
1764505247.9337568,-6.91278,1.2971,0.10682,-0.727598235,0.65270829,0.108703335
1764505247.9337568,-6.91278,1.2971,0.10682,-0.727598235,0.65270829,0.108703335
1764505247.9337568,-6.91278,1.2971,0.10682,-0.727598235,0.65270829,0.108703335
1764505247.9337568,-6.91278,1.2971,0.10682,-0.727598235,0.65270829,0.108703335
1764505247.9337568,-6.91278,1.2971,0.10682,-0.727598235,0.65270829,0.108703335
1764505247.9337568,-6.91278,1.2971,0.10682,-0.727598235,0.65270829,0.108703335
1764505247.9337568,-7.446879999999999,2.04484,0.7019599999999999,-0.729063075,0.65112138,0.108092985
1764505247.9347556,-7.446879999999999,2.04484,0.7019599999999999,-0.729063075,0.65112138,0.108092985
1764505247.9347556,-7.446879999999999,2.04484,0.7019599999999999,-0.729063075,0.65112138,0.108092985
1764505247.9347556,-7.446879999999999,2.04484,0.7019599999999999,-0.729063075,0.65112138,0.108092985
1764505247.9347556,-7.446879999999999,2.04484,0.7019599999999999,-0.729063075,0.65112138,0.108092985
1764505247.9347556,-7.446879999999999,2.04484,0.7019599999999999,-0.729063075,0.65112138,0.108092985
1764505247.9347556,-7.446879999999999,2.04484,0.7019599999999999,-0.729063075,0.65112138,0.108092985
1764505247.9347556,-7.446879999999999,2.04484,0.7019599999999999,-0.729063075,0.65112138,0.108092985
1764505247.9347556,-7.446879999999999,2.04484,0.7019599999999999,-0.729063075,0.65112138,0.108092985
1764505247.9347556,-7.446879999999999,2.04484,0.7019599999999999,-0.729063075,0.65112138,0.108092985
1764505247.9347556,-7.08064,1.70912,0.04578,-0.730527915,0.65051103,0.108703335
1764505247.9347556,-7.08064,1.70912,0.04578,-0.730527915,0.65051103,0.108703335
1764505247.9347556,-7.08064,1.70912,0.04578,-0.730527915,0.65051103,0.108703335
1764505247.9347556,-7.08064,1.70912,0.04578,-0.730527915,0.65051103,0.108703335
1764505247.9347556,-7.08064,1.70912,0.04578,-0.730527915,0.65051103,0.108703335
1764505247.9347556,-7.08064,1.70912,0.04578,-0.730527915,0.65051103,0.108703335
1764505247.9802282,-7.08064,1.70912,0.04578,-0.730527915,0.65051103,0.108703335
1764505247.9802282,-7.08064,1.70912,0.04578,-0.730527915,0.65051103,0.108703335
1764505247.9802282,-7.08064,1.70912,0.04578,-0.730527915,0.65051103,0.108703335
1764505247.9802282,-7.08064,1.70912,0.04578,-0.730527915,0.65051103,0.108703335
1764505247.9802282,-5.997179999999999,2.12114,-0.36624,-0.73058895,0.64892412,0.109924035
1764505247.9802282,-5.997179999999999,2.12114,-0.36624,-0.73058895,0.64892412,0.109924035
1764505247.9802282,-5.997179999999999,2.12114,-0.36624,-0.73058895,0.64892412,0.109924035
1764505247.9802282,-5.997179999999999,2.12114,-0.36624,-0.73058895,0.64892412,0.109924035
1764505247.9802282,-5.997179999999999,2.12114,-0.36624,-0.73058895,0.64892412,0.109924035
1764505247.9802282,-5.997179999999999,2.12114,-0.36624,-0.73058895,0.64892412,0.109924035
1764505247.9802282,-5.997179999999999,2.12114,-0.36624,-0.73058895,0.64892412,0.109924035
1764505247.9802282,-5.997179999999999,2.12114,-0.36624,-0.73058895,0.64892412,0.109924035
1764505247.9802282,-5.997179999999999,2.12114,-0.36624,-0.73058895,0.64892412,0.109924035
1764505247.9802282,-5.997179999999999,2.12114,-0.36624,-0.73058895,0.64892412,0.109924035
1764505247.9802282,-4.53222,2.79258,-1.23606,-0.73168758,0.64709307,0.11047335
1764505247.9802282,-4.53222,2.79258,-1.23606,-0.73168758,0.64709307,0.11047335
1764505247.9802282,-4.53222,2.79258,-1.23606,-0.73168758,0.64709307,0.11047335
1764505247.9802282,-4.53222,2.79258,-1.23606,-0.73168758,0.64709307,0.11047335
1764505247.9802282,-4.53222,2.79258,-1.23606,-0.73168758,0.64709307,0.11047335
1764505247.9802282,-4.53222,2.79258,-1.23606,-0.73168758,0.64709307,0.11047335
1764505247.9802282,-4.53222,2.79258,-1.23606,-0.73168758,0.64709307,0.11047335
1764505247.9802282,-4.53222,2.79258,-1.23606,-0.73168758,0.64709307,0.11047335
1764505247.9802282,-4.53222,2.79258,-1.23606,-0.73168758,0.64709307,0.11047335
1764505247.9802282,-4.53222,2.79258,-1.23606,-0.73168758,0.64709307,0.11047335
1764505248.0256126,-3.63188,2.99096,-0.57988,-0.733213455,0.646177545,0.11059542
1764505248.0256126,-3.63188,2.99096,-0.57988,-0.733213455,0.646177545,0.11059542
1764505248.0256126,-3.63188,2.99096,-0.57988,-0.733213455,0.646177545,0.11059542
1764505248.0266268,-3.63188,2.99096,-0.57988,-0.733213455,0.646177545,0.11059542
1764505248.0266268,-3.63188,2.99096,-0.57988,-0.733213455,0.646177545,0.11059542
1764505248.0266268,-3.63188,2.99096,-0.57988,-0.733213455,0.646177545,0.11059542
1764505248.0266268,-3.63188,2.99096,-0.57988,-0.733213455,0.646177545,0.11059542
1764505248.0284238,-3.63188,2.99096,-0.57988,-0.733213455,0.646177545,0.11059542
1764505248.0284238,-3.63188,2.99096,-0.57988,-0.733213455,0.646177545,0.11059542
1764505248.0284238,-3.63188,2.99096,-0.57988,-0.733213455,0.646177545,0.11059542
1764505248.0284238,-3.9676,2.19744,-0.88508,-0.73412898,0.647154105,0.108825405
1764505248.0284238,-3.9676,2.19744,-0.88508,-0.73412898,0.647154105,0.108825405
1764505248.0284238,-3.9676,2.19744,-0.88508,-0.73412898,0.647154105,0.108825405
1764505248.0284238,-3.9676,2.19744,-0.88508,-0.73412898,0.647154105,0.108825405
1764505248.0284238,-3.9676,2.19744,-0.88508,-0.73412898,0.647154105,0.108825405
1764505248.0284238,-3.9676,2.19744,-0.88508,-0.73412898,0.647154105,0.108825405
1764505248.0284238,-3.9676,2.19744,-0.88508,-0.73412898,0.647154105,0.108825405
1764505248.0284238,-3.9676,2.19744,-0.88508,-0.73412898,0.647154105,0.108825405
1764505248.0284238,-3.9676,2.19744,-0.88508,-0.73412898,0.647154105,0.108825405
1764505248.0284238,-3.9676,2.19744,-0.88508,-0.73412898,0.647154105,0.108825405
1764505248.0284238,-2.02958,1.51074,-1.6786,-0.731504475,0.648496875,0.10937472
1764505248.0284238,-2.02958,1.51074,-1.6786,-0.731504475,0.648496875,0.10937472
1764505248.0284238,-2.02958,1.51074,-1.6786,-0.731504475,0.648496875,0.10937472
1764505248.0284238,-2.02958,1.51074,-1.6786,-0.731504475,0.648496875,0.10937472
1764505248.0698326,-2.02958,1.51074,-1.6786,-0.731504475,0.648496875,0.10937472
1764505248.0698326,-2.02958,1.51074,-1.6786,-0.731504475,0.648496875,0.10937472
1764505248.0698326,-2.02958,1.51074,-1.6786,-0.731504475,0.648496875,0.10937472
1764505248.0698326,-2.02958,1.51074,-1.6786,-0.731504475,0.648496875,0.10937472
1764505248.0698326,-2.02958,1.51074,-1.6786,-0.731504475,0.648496875,0.10937472
1764505248.0698326,-2.02958,1.51074,-1.6786,-0.731504475,0.648496875,0.10937472
1764505248.0698326,-0.18312,1.48022,-1.00716,-0.730161705,0.650572065,0.111022665
1764505248.0698326,-0.18312,1.48022,-1.00716,-0.730161705,0.650572065,0.111022665
1764505248.0698326,-0.18312,1.48022,-1.00716,-0.730161705,0.650572065,0.111022665
1764505248.0698326,-0.18312,1.48022,-1.00716,-0.730161705,0.650572065,0.111022665
1764505248.0698326,-0.18312,1.48022,-1.00716,-0.730161705,0.650572065,0.111022665
1764505248.0698326,-0.18312,1.48022,-1.00716,-0.730161705,0.650572065,0.111022665
1764505248.0698326,-0.18312,1.48022,-1.00716,-0.730161705,0.650572065,0.111022665
1764505248.0698326,-0.18312,1.48022,-1.00716,-0.730161705,0.650572065,0.111022665
1764505248.0698326,-0.18312,1.48022,-1.00716,-0.730161705,0.650572065,0.111022665
1764505248.0698326,-0.18312,1.48022,-1.00716,-0.730161705,0.650572065,0.111022665
1764505248.0698326,-0.9156,1.00716,-0.4578,-0.730772055,0.65295243,0.11340303
1764505248.0698326,-0.9156,1.00716,-0.4578,-0.730772055,0.65295243,0.11340303
1764505248.0698326,-0.9156,1.00716,-0.4578,-0.730772055,0.65295243,0.11340303
1764505248.0698326,-0.9156,1.00716,-0.4578,-0.730772055,0.65295243,0.11340303
1764505248.1174314,-0.9156,1.00716,-0.4578,-0.730772055,0.65295243,0.11340303
1764505248.1174314,-0.9156,1.00716,-0.4578,-0.730772055,0.65295243,0.11340303
1764505248.118637,-0.9156,1.00716,-0.4578,-0.730772055,0.65295243,0.11340303
1764505248.118637,-0.9156,1.00716,-0.4578,-0.730772055,0.65295243,0.11340303
1764505248.118637,-0.9156,1.00716,-0.4578,-0.730772055,0.65295243,0.11340303
1764505248.118637,-0.9156,1.00716,-0.4578,-0.730772055,0.65295243,0.11340303
1764505248.1196363,-2.24322,0.18312,0.6714399999999999,-0.7308941250000001,0.656309355,0.11376924
1764505248.1196363,-2.24322,0.18312,0.6714399999999999,-0.7308941250000001,0.656309355,0.11376924
1764505248.1196363,-2.24322,0.18312,0.6714399999999999,-0.7308941250000001,0.656309355,0.11376924
1764505248.1196363,-2.24322,0.18312,0.6714399999999999,-0.7308941250000001,0.656309355,0.11376924
1764505248.1206317,-2.24322,0.18312,0.6714399999999999,-0.7308941250000001,0.656309355,0.11376924
1764505248.1206317,-2.24322,0.18312,0.6714399999999999,-0.7308941250000001,0.656309355,0.11376924
1764505248.1206317,-2.24322,0.18312,0.6714399999999999,-0.7308941250000001,0.656309355,0.11376924
1764505248.1216395,-2.24322,0.18312,0.6714399999999999,-0.7308941250000001,0.656309355,0.11376924
1764505248.1216395,-2.24322,0.18312,0.6714399999999999,-0.7308941250000001,0.656309355,0.11376924
1764505248.1216395,-2.24322,0.18312,0.6714399999999999,-0.7308941250000001,0.656309355,0.11376924
1764505248.1216395,-3.1283,0.6867,0.82404,-0.729795495,0.65954421,0.11364717
1764505248.1216395,-3.1283,0.6867,0.82404,-0.729795495,0.65954421,0.11364717
1764505248.1216395,-3.1283,0.6867,0.82404,-0.729795495,0.65954421,0.11364717
1764505248.1216395,-3.1283,0.6867,0.82404,-0.729795495,0.65954421,0.11364717
1764505248.1216395,-3.1283,0.6867,0.82404,-0.729795495,0.65954421,0.11364717
1764505248.1216395,-3.1283,0.6867,0.82404,-0.729795495,0.65954421,0.11364717
1764505248.1216395,-3.1283,0.6867,0.82404,-0.729795495,0.65954421,0.11364717
1764505248.1231515,-3.1283,0.6867,0.82404,-0.729795495,0.65954421,0.11364717
1764505248.1643672,-3.1283,0.6867,0.82404,-0.729795495,0.65954421,0.11364717
1764505248.1643672,-3.1283,0.6867,0.82404,-0.729795495,0.65954421,0.11364717
1764505248.1643672,-4.92898,1.64808,0.0762999999999999,-0.72912411,0.661436295,0.11254854
1764505248.1643672,-4.92898,1.64808,0.0762999999999999,-0.72912411,0.661436295,0.11254854
1764505248.1643672,-4.92898,1.64808,0.0762999999999999,-0.72912411,0.661436295,0.11254854
1764505248.1660166,-4.92898,1.64808,0.0762999999999999,-0.72912411,0.661436295,0.11254854
1764505248.1660166,-4.92898,1.64808,0.0762999999999999,-0.72912411,0.661436295,0.11254854
1764505248.1660166,-4.92898,1.64808,0.0762999999999999,-0.72912411,0.661436295,0.11254854
1764505248.1660166,-4.92898,1.64808,0.0762999999999999,-0.72912411,0.661436295,0.11254854
1764505248.1660166,-4.92898,1.64808,0.0762999999999999,-0.72912411,0.661436295,0.11254854
1764505248.1675992,-4.92898,1.64808,0.0762999999999999,-0.72912411,0.661436295,0.11254854
1764505248.1675992,-4.92898,1.64808,0.0762999999999999,-0.72912411,0.661436295,0.11254854
1764505248.1675992,-6.69914,3.052,0.28994,-0.72863583,0.660581805,0.110656455
1764505248.1675992,-6.69914,3.052,0.28994,-0.72863583,0.660581805,0.110656455
1764505248.1675992,-6.69914,3.052,0.28994,-0.72863583,0.660581805,0.110656455
1764505248.1675992,-6.69914,3.052,0.28994,-0.72863583,0.660581805,0.110656455
1764505248.1675992,-6.69914,3.052,0.28994,-0.72863583,0.660581805,0.110656455
1764505248.1675992,-6.69914,3.052,0.28994,-0.72863583,0.660581805,0.110656455
1764505248.1675992,-6.69914,3.052,0.28994,-0.72863583,0.660581805,0.110656455
1764505248.1675992,-6.69914,3.052,0.28994,-0.72863583,0.660581805,0.110656455
1764505248.1675992,-6.69914,3.052,0.28994,-0.72863583,0.660581805,0.110656455
1764505248.1675992,-6.69914,3.052,0.28994,-0.72863583,0.660581805,0.110656455
1764505248.1675992,-7.46214,3.11304,0.28994,-0.727842375,0.659971455,0.10900851
1764505248.1675992,-7.46214,3.11304,0.28994,-0.727842375,0.659971455,0.10900851
1764505248.2114496,-7.46214,3.11304,0.28994,-0.727842375,0.659971455,0.10900851
1764505248.2114496,-7.46214,3.11304,0.28994,-0.727842375,0.659971455,0.10900851
1764505248.2114496,-7.46214,3.11304,0.28994,-0.727842375,0.659971455,0.10900851
1764505248.2114496,-7.46214,3.11304,0.28994,-0.727842375,0.659971455,0.10900851
1764505248.2114496,-7.46214,3.11304,0.28994,-0.727842375,0.659971455,0.10900851
1764505248.2114496,-7.46214,3.11304,0.28994,-0.727842375,0.659971455,0.10900851
1764505248.2114496,-7.46214,3.11304,0.28994,-0.727842375,0.659971455,0.10900851
1764505248.2114496,-7.46214,3.11304,0.28994,-0.727842375,0.659971455,0.10900851
1764505248.2114496,-8.10306,2.5942,0.6409199999999999,-0.72802548,0.658262475,0.10961886
1764505248.2114496,-8.10306,2.5942,0.6409199999999999,-0.72802548,0.658262475,0.10961886
1764505248.2114496,-8.10306,2.5942,0.6409199999999999,-0.72802548,0.658262475,0.10961886
1764505248.2114496,-8.10306,2.5942,0.6409199999999999,-0.72802548,0.658262475,0.10961886
1764505248.2129784,-8.10306,2.5942,0.6409199999999999,-0.72802548,0.658262475,0.10961886
1764505248.2129784,-8.10306,2.5942,0.6409199999999999,-0.72802548,0.658262475,0.10961886
1764505248.2129784,-8.10306,2.5942,0.6409199999999999,-0.72802548,0.658262475,0.10961886
1764505248.2129784,-8.10306,2.5942,0.6409199999999999,-0.72802548,0.658262475,0.10961886
1764505248.2139904,-8.10306,2.5942,0.6409199999999999,-0.72802548,0.658262475,0.10961886
1764505248.2139904,-8.10306,2.5942,0.6409199999999999,-0.72802548,0.658262475,0.10961886
1764505248.215,-8.59138,2.85362,0.8392999999999999,-0.727964445,0.655576935,0.110534385
1764505248.215,-8.59138,2.85362,0.8392999999999999,-0.727964445,0.655576935,0.110534385
1764505248.215,-8.59138,2.85362,0.8392999999999999,-0.727964445,0.655576935,0.110534385
1764505248.215,-8.59138,2.85362,0.8392999999999999,-0.727964445,0.655576935,0.110534385
1764505248.215993,-8.59138,2.85362,0.8392999999999999,-0.727964445,0.655576935,0.110534385
1764505248.215993,-8.59138,2.85362,0.8392999999999999,-0.727964445,0.655576935,0.110534385
1764505248.2603498,-8.59138,2.85362,0.8392999999999999,-0.727964445,0.655576935,0.110534385
1764505248.2603498,-8.59138,2.85362,0.8392999999999999,-0.727964445,0.655576935,0.110534385
1764505248.2603498,-8.59138,2.85362,0.8392999999999999,-0.727964445,0.655576935,0.110534385
1764505248.2603498,-8.59138,2.85362,0.8392999999999999,-0.727964445,0.655576935,0.110534385
1764505248.2603498,-7.782599999999999,2.45686,1.2055399999999998,-0.729673425,0.651304485,0.1123044
1764505248.2603498,-7.782599999999999,2.45686,1.2055399999999998,-0.729673425,0.651304485,0.1123044
1764505248.2603498,-7.782599999999999,2.45686,1.2055399999999998,-0.729673425,0.651304485,0.1123044
1764505248.2603498,-7.782599999999999,2.45686,1.2055399999999998,-0.729673425,0.651304485,0.1123044
1764505248.2603498,-7.782599999999999,2.45686,1.2055399999999998,-0.729673425,0.651304485,0.1123044
1764505248.2603498,-7.782599999999999,2.45686,1.2055399999999998,-0.729673425,0.651304485,0.1123044
1764505248.2603498,-7.782599999999999,2.45686,1.2055399999999998,-0.729673425,0.651304485,0.1123044
1764505248.2603498,-7.782599999999999,2.45686,1.2055399999999998,-0.729673425,0.651304485,0.1123044
1764505248.2603498,-7.782599999999999,2.45686,1.2055399999999998,-0.729673425,0.651304485,0.1123044
1764505248.2603498,-7.782599999999999,2.45686,1.2055399999999998,-0.729673425,0.651304485,0.1123044
1764505248.2603498,-5.9514,2.79258,0.763,-0.73315242,0.6457503,0.11218233
1764505248.2603498,-5.9514,2.79258,0.763,-0.73315242,0.6457503,0.11218233
1764505248.2603498,-5.9514,2.79258,0.763,-0.73315242,0.6457503,0.11218233
1764505248.2603498,-5.9514,2.79258,0.763,-0.73315242,0.6457503,0.11218233
1764505248.2603498,-5.9514,2.79258,0.763,-0.73315242,0.6457503,0.11218233
1764505248.2603498,-5.9514,2.79258,0.763,-0.73315242,0.6457503,0.11218233
1764505248.2603498,-5.9514,2.79258,0.763,-0.73315242,0.6457503,0.11218233
1764505248.2613523,-5.9514,2.79258,0.763,-0.73315242,0.6457503,0.11218233
1764505248.2613523,-5.9514,2.79258,0.763,-0.73315242,0.6457503,0.11218233
1764505248.2613523,-5.9514,2.79258,0.763,-0.73315242,0.6457503,0.11218233
1764505248.3048449,-4.62378,1.8006799999999998,-0.74774,-0.736997625,0.6423323400000001,0.11022921
1764505248.3048449,-4.62378,1.8006799999999998,-0.74774,-0.736997625,0.6423323400000001,0.11022921
1764505248.3048449,-4.62378,1.8006799999999998,-0.74774,-0.736997625,0.6423323400000001,0.11022921
1764505248.3048449,-4.62378,1.8006799999999998,-0.74774,-0.736997625,0.6423323400000001,0.11022921
1764505248.3048449,-4.62378,1.8006799999999998,-0.74774,-0.736997625,0.6423323400000001,0.11022921
1764505248.3048449,-4.62378,1.8006799999999998,-0.74774,-0.736997625,0.6423323400000001,0.11022921
1764505248.3048449,-4.62378,1.8006799999999998,-0.74774,-0.736997625,0.6423323400000001,0.11022921
1764505248.3048449,-4.62378,1.8006799999999998,-0.74774,-0.736997625,0.6423323400000001,0.11022921
1764505248.3048449,-4.62378,1.8006799999999998,-0.74774,-0.736997625,0.6423323400000001,0.11022921
1764505248.3048449,-4.62378,1.8006799999999998,-0.74774,-0.736997625,0.6423323400000001,0.11022921
1764505248.3048449,-2.71628,0.9156,-0.6409199999999999,-0.73754694,0.644224425,0.1086423
1764505248.3048449,-2.71628,0.9156,-0.6409199999999999,-0.73754694,0.644224425,0.1086423
1764505248.3048449,-2.71628,0.9156,-0.6409199999999999,-0.73754694,0.644224425,0.1086423
1764505248.3048449,-2.71628,0.9156,-0.6409199999999999,-0.73754694,0.644224425,0.1086423
1764505248.3048449,-2.71628,0.9156,-0.6409199999999999,-0.73754694,0.644224425,0.1086423
1764505248.3048449,-2.71628,0.9156,-0.6409199999999999,-0.73754694,0.644224425,0.1086423
1764505248.3048449,-2.71628,0.9156,-0.6409199999999999,-0.73754694,0.644224425,0.1086423
1764505248.305859,-2.71628,0.9156,-0.6409199999999999,-0.73754694,0.644224425,0.1086423
1764505248.305859,-2.71628,0.9156,-0.6409199999999999,-0.73754694,0.644224425,0.1086423
1764505248.305859,-2.71628,0.9156,-0.6409199999999999,-0.73754694,0.644224425,0.1086423
1764505248.305859,-2.53316,1.03768,-0.13734,-0.736021065,0.648496875,0.10876437
1764505248.305859,-2.53316,1.03768,-0.13734,-0.736021065,0.648496875,0.10876437
1764505248.305859,-2.53316,1.03768,-0.13734,-0.736021065,0.648496875,0.10876437
1764505248.305859,-2.53316,1.03768,-0.13734,-0.736021065,0.648496875,0.10876437
1764505248.3535004,-2.53316,1.03768,-0.13734,-0.736021065,0.648496875,0.10876437
1764505248.3535004,-2.53316,1.03768,-0.13734,-0.736021065,0.648496875,0.10876437
1764505248.3535004,-2.53316,1.03768,-0.13734,-0.736021065,0.648496875,0.10876437
1764505248.3545134,-2.53316,1.03768,-0.13734,-0.736021065,0.648496875,0.10876437
1764505248.3545134,-2.53316,1.03768,-0.13734,-0.736021065,0.648496875,0.10876437
1764505248.3545134,-2.53316,1.03768,-0.13734,-0.736021065,0.648496875,0.10876437
1764505248.3545134,-3.40298,0.62566,0.85456,-0.733945875,0.65222001,0.11083956
1764505248.3545134,-3.40298,0.62566,0.85456,-0.733945875,0.65222001,0.11083956
1764505248.3545134,-3.40298,0.62566,0.85456,-0.733945875,0.65222001,0.11083956
1764505248.3545134,-3.40298,0.62566,0.85456,-0.733945875,0.65222001,0.11083956
1764505248.3545134,-3.40298,0.62566,0.85456,-0.733945875,0.65222001,0.11083956
1764505248.3545134,-3.40298,0.62566,0.85456,-0.733945875,0.65222001,0.11083956
1764505248.3545134,-3.40298,0.62566,0.85456,-0.733945875,0.65222001,0.11083956
1764505248.3545134,-3.40298,0.62566,0.85456,-0.733945875,0.65222001,0.11083956
1764505248.3545134,-3.40298,0.62566,0.85456,-0.733945875,0.65222001,0.11083956
1764505248.3545134,-3.40298,0.62566,0.85456,-0.733945875,0.65222001,0.11083956
1764505248.3545134,-4.715339999999999,0.6409199999999999,0.19838,-0.73205379,0.652891395,0.112243365
1764505248.3545134,-4.715339999999999,0.6409199999999999,0.19838,-0.73205379,0.652891395,0.112243365
1764505248.3545134,-4.715339999999999,0.6409199999999999,0.19838,-0.73205379,0.652891395,0.112243365
1764505248.3545134,-4.715339999999999,0.6409199999999999,0.19838,-0.73205379,0.652891395,0.112243365
1764505248.3545134,-4.715339999999999,0.6409199999999999,0.19838,-0.73205379,0.652891395,0.112243365
1764505248.3545134,-4.715339999999999,0.6409199999999999,0.19838,-0.73205379,0.652891395,0.112243365
1764505248.3545134,-4.715339999999999,0.6409199999999999,0.19838,-0.73205379,0.652891395,0.112243365
1764505248.3545134,-4.715339999999999,0.6409199999999999,0.19838,-0.73205379,0.652891395,0.112243365
1764505248.3983831,-4.715339999999999,0.6409199999999999,0.19838,-0.73205379,0.652891395,0.112243365
1764505248.3983831,-4.715339999999999,0.6409199999999999,0.19838,-0.73205379,0.652891395,0.112243365
1764505248.3983831,-4.715339999999999,2.73154,-0.21364,-0.731138265,0.65038896,0.1110837
1764505248.3983831,-4.715339999999999,2.73154,-0.21364,-0.731138265,0.65038896,0.1110837
1764505248.3983831,-4.715339999999999,2.73154,-0.21364,-0.731138265,0.65038896,0.1110837
1764505248.3983831,-4.715339999999999,2.73154,-0.21364,-0.731138265,0.65038896,0.1110837
1764505248.3983831,-4.715339999999999,2.73154,-0.21364,-0.731138265,0.65038896,0.1110837
1764505248.3983831,-4.715339999999999,2.73154,-0.21364,-0.731138265,0.65038896,0.1110837
1764505248.3983831,-4.715339999999999,2.73154,-0.21364,-0.731138265,0.65038896,0.1110837
1764505248.3983831,-4.715339999999999,2.73154,-0.21364,-0.731138265,0.65038896,0.1110837
1764505248.3983831,-4.715339999999999,2.73154,-0.21364,-0.731138265,0.65038896,0.1110837
1764505248.3983831,-4.715339999999999,2.73154,-0.21364,-0.731138265,0.65038896,0.1110837
1764505248.3983831,-4.59326,3.5861,0.59514,-0.73327449,0.649717575,0.10668918
1764505248.3983831,-4.59326,3.5861,0.59514,-0.73327449,0.649717575,0.10668918
1764505248.3983831,-4.59326,3.5861,0.59514,-0.73327449,0.649717575,0.10668918
1764505248.3983831,-4.59326,3.5861,0.59514,-0.73327449,0.649717575,0.10668918
1764505248.3983831,-4.59326,3.5861,0.59514,-0.73327449,0.649717575,0.10668918
1764505248.3983831,-4.59326,3.5861,0.59514,-0.73327449,0.649717575,0.10668918
1764505248.3983831,-4.59326,3.5861,0.59514,-0.73327449,0.649717575,0.10668918
1764505248.3983831,-4.59326,3.5861,0.59514,-0.73327449,0.649717575,0.10668918
1764505248.4463663,-4.59326,3.5861,0.59514,-0.73327449,0.649717575,0.10668918
1764505248.4463663,-4.59326,3.5861,0.59514,-0.73327449,0.649717575,0.10668918
1764505248.4463663,-5.32574,2.91466,0.42728,-0.73327449,0.650083785,0.104308815
1764505248.4463663,-5.32574,2.91466,0.42728,-0.73327449,0.650083785,0.104308815
1764505248.4463663,-5.32574,2.91466,0.42728,-0.73327449,0.650083785,0.104308815
1764505248.4463663,-5.32574,2.91466,0.42728,-0.73327449,0.650083785,0.104308815
1764505248.4463663,-5.32574,2.91466,0.42728,-0.73327449,0.650083785,0.104308815
1764505248.4463663,-5.32574,2.91466,0.42728,-0.73327449,0.650083785,0.104308815
1764505248.4463663,-5.32574,2.91466,0.42728,-0.73327449,0.650083785,0.104308815
1764505248.4463663,-5.32574,2.91466,0.42728,-0.73327449,0.650083785,0.104308815
1764505248.4473648,-5.32574,2.91466,0.42728,-0.73327449,0.650083785,0.104308815
1764505248.4473648,-5.32574,2.91466,0.42728,-0.73327449,0.650083785,0.104308815
1764505248.4473648,-6.36342,4.2728,-1.02242,-0.730405845,0.65026689,0.103942605
1764505248.4473648,-6.36342,4.2728,-1.02242,-0.730405845,0.65026689,0.103942605
1764505248.4473648,-6.36342,4.2728,-1.02242,-0.730405845,0.65026689,0.103942605
1764505248.4473648,-6.36342,4.2728,-1.02242,-0.730405845,0.65026689,0.103942605
1764505248.4473648,-6.36342,4.2728,-1.02242,-0.730405845,0.65026689,0.103942605
1764505248.4473648,-6.36342,4.2728,-1.02242,-0.730405845,0.65026689,0.103942605
1764505248.4473648,-6.36342,4.2728,-1.02242,-0.730405845,0.65026689,0.103942605
1764505248.4473648,-6.36342,4.2728,-1.02242,-0.730405845,0.65026689,0.103942605
1764505248.4473648,-6.36342,4.2728,-1.02242,-0.730405845,0.65026689,0.103942605
1764505248.4483676,-6.36342,4.2728,-1.02242,-0.730405845,0.65026689,0.103942605
1764505248.4483676,-4.36436,5.40204,-0.3204599999999999,-0.728330655,0.6496565400000001,0.10559055
1764505248.4490128,-4.36436,5.40204,-0.3204599999999999,-0.728330655,0.6496565400000001,0.10559055
1764505248.488849,-4.36436,5.40204,-0.3204599999999999,-0.728330655,0.6496565400000001,0.10559055
1764505248.488849,-4.36436,5.40204,-0.3204599999999999,-0.728330655,0.6496565400000001,0.10559055
1764505248.488849,-4.36436,5.40204,-0.3204599999999999,-0.728330655,0.6496565400000001,0.10559055
1764505248.488849,-4.36436,5.40204,-0.3204599999999999,-0.728330655,0.6496565400000001,0.10559055
1764505248.489861,-4.36436,5.40204,-0.3204599999999999,-0.728330655,0.6496565400000001,0.10559055
1764505248.489861,-4.36436,5.40204,-0.3204599999999999,-0.728330655,0.6496565400000001,0.10559055
1764505248.489861,-4.36436,5.40204,-0.3204599999999999,-0.728330655,0.6496565400000001,0.10559055
1764505248.489861,-4.36436,5.40204,-0.3204599999999999,-0.728330655,0.6496565400000001,0.10559055
1764505248.489861,-1.61756,3.8913,1.51074,-0.72936825,0.648252735,0.10815402
1764505248.489861,-1.61756,3.8913,1.51074,-0.72936825,0.648252735,0.10815402
1764505248.489861,-1.61756,3.8913,1.51074,-0.72936825,0.648252735,0.10815402
1764505248.489861,-1.61756,3.8913,1.51074,-0.72936825,0.648252735,0.10815402
1764505248.489861,-1.61756,3.8913,1.51074,-0.72936825,0.648252735,0.10815402
1764505248.489861,-1.61756,3.8913,1.51074,-0.72936825,0.648252735,0.10815402
1764505248.489861,-1.61756,3.8913,1.51074,-0.72936825,0.648252735,0.10815402
1764505248.489861,-1.61756,3.8913,1.51074,-0.72936825,0.648252735,0.10815402
1764505248.489861,-1.61756,3.8913,1.51074,-0.72936825,0.648252735,0.10815402
1764505248.489861,-1.61756,3.8913,1.51074,-0.72936825,0.648252735,0.10815402
1764505248.489861,-0.19838,1.4497,1.84646,-0.73229793,0.648252735,0.11083956
1764505248.489861,-0.19838,1.4497,1.84646,-0.73229793,0.648252735,0.11083956
1764505248.489861,-0.19838,1.4497,1.84646,-0.73229793,0.648252735,0.11083956
1764505248.489861,-0.19838,1.4497,1.84646,-0.73229793,0.648252735,0.11083956
1764505248.489861,-0.19838,1.4497,1.84646,-0.73229793,0.648252735,0.11083956
1764505248.489861,-0.19838,1.4497,1.84646,-0.73229793,0.648252735,0.11083956
1764505248.5387356,-0.19838,1.4497,1.84646,-0.73229793,0.648252735,0.11083956
1764505248.5387356,-0.19838,1.4497,1.84646,-0.73229793,0.648252735,0.11083956
1764505248.5387356,-0.19838,1.4497,1.84646,-0.73229793,0.648252735,0.11083956
1764505248.5387356,-0.19838,1.4497,1.84646,-0.73229793,0.648252735,0.11083956
1764505248.5387356,-1.08346,0.13734,0.6867,-0.73473933,0.6512434500000001,0.112609575
1764505248.5387356,-1.08346,0.13734,0.6867,-0.73473933,0.6512434500000001,0.112609575
1764505248.5387356,-1.08346,0.13734,0.6867,-0.73473933,0.6512434500000001,0.112609575
1764505248.5387356,-1.08346,0.13734,0.6867,-0.73473933,0.6512434500000001,0.112609575
1764505248.5387356,-1.08346,0.13734,0.6867,-0.73473933,0.6512434500000001,0.112609575
1764505248.5387356,-1.08346,0.13734,0.6867,-0.73473933,0.6512434500000001,0.112609575
1764505248.5387356,-1.08346,0.13734,0.6867,-0.73473933,0.6512434500000001,0.112609575
1764505248.5387356,-1.08346,0.13734,0.6867,-0.73473933,0.6512434500000001,0.112609575
1764505248.5387356,-1.08346,0.13734,0.6867,-0.73473933,0.6512434500000001,0.112609575
1764505248.5387356,-1.08346,0.13734,0.6867,-0.73473933,0.6512434500000001,0.112609575
1764505248.5387356,-2.35004,0.0,-1.55652,-0.73437312,0.656431425,0.114074415
1764505248.5387356,-2.35004,0.0,-1.55652,-0.73437312,0.656431425,0.114074415
1764505248.5387356,-2.35004,0.0,-1.55652,-0.73437312,0.656431425,0.114074415
1764505248.5387356,-2.35004,0.0,-1.55652,-0.73437312,0.656431425,0.114074415
1764505248.5387356,-2.35004,0.0,-1.55652,-0.73437312,0.656431425,0.114074415
1764505248.5387356,-2.35004,0.0,-1.55652,-0.73437312,0.656431425,0.114074415
1764505248.5387356,-2.35004,0.0,-1.55652,-0.73437312,0.656431425,0.114074415
1764505248.5387356,-2.35004,0.0,-1.55652,-0.73437312,0.656431425,0.114074415
1764505248.5387356,-2.35004,0.0,-1.55652,-0.73437312,0.656431425,0.114074415
1764505248.5387356,-2.35004,0.0,-1.55652,-0.73437312,0.656431425,0.114074415
1764505248.5886202,-3.8913,1.32762,-2.3653,-0.7329693150000001,0.659178,0.113708205
1764505248.5886202,-3.8913,1.32762,-2.3653,-0.7329693150000001,0.659178,0.113708205
1764505248.5886202,-3.8913,1.32762,-2.3653,-0.7329693150000001,0.659178,0.113708205
1764505248.5886202,-3.8913,1.32762,-2.3653,-0.7329693150000001,0.659178,0.113708205
1764505248.5886202,-3.8913,1.32762,-2.3653,-0.7329693150000001,0.659178,0.113708205
1764505248.5886202,-3.8913,1.32762,-2.3653,-0.7329693150000001,0.659178,0.113708205
1764505248.5886202,-3.8913,1.32762,-2.3653,-0.7329693150000001,0.659178,0.113708205
1764505248.5886202,-3.8913,1.32762,-2.3653,-0.7329693150000001,0.659178,0.113708205
1764505248.5886202,-3.8913,1.32762,-2.3653,-0.7329693150000001,0.659178,0.113708205
1764505248.5886202,-3.8913,1.32762,-2.3653,-0.7329693150000001,0.659178,0.113708205
1764505248.5886202,-5.40204,2.63998,-1.19028,-0.7311993,0.660703875,0.111144735
1764505248.5886202,-5.40204,2.63998,-1.19028,-0.7311993,0.660703875,0.111144735
1764505248.5886202,-5.40204,2.63998,-1.19028,-0.7311993,0.660703875,0.111144735
1764505248.5886202,-5.40204,2.63998,-1.19028,-0.7311993,0.660703875,0.111144735
1764505248.5886202,-5.40204,2.63998,-1.19028,-0.7311993,0.660703875,0.111144735
1764505248.5886202,-5.40204,2.63998,-1.19028,-0.7311993,0.660703875,0.111144735
1764505248.5886202,-5.40204,2.63998,-1.19028,-0.7311993,0.660703875,0.111144735
1764505248.5886202,-5.40204,2.63998,-1.19028,-0.7311993,0.660703875,0.111144735
1764505248.5886202,-5.40204,2.63998,-1.19028,-0.7311993,0.660703875,0.111144735
1764505248.589615,-5.40204,2.63998,-1.19028,-0.7311993,0.660703875,0.111144735
1764505248.589615,-6.409199999999999,2.4416,0.04578,-0.730527915,0.660825945,0.108825405
1764505248.589615,-6.409199999999999,2.4416,0.04578,-0.730527915,0.660825945,0.108825405
1764505248.589615,-6.409199999999999,2.4416,0.04578,-0.730527915,0.660825945,0.108825405
1764505248.589615,-6.409199999999999,2.4416,0.04578,-0.730527915,0.660825945,0.108825405
1764505248.6334238,-6.409199999999999,2.4416,0.04578,-0.730527915,0.660825945,0.108825405
1764505248.6334238,-6.409199999999999,2.4416,0.04578,-0.730527915,0.660825945,0.108825405
1764505248.6334238,-6.409199999999999,2.4416,0.04578,-0.730527915,0.660825945,0.108825405
1764505248.6334238,-6.409199999999999,2.4416,0.04578,-0.730527915,0.660825945,0.108825405
1764505248.633754,-6.409199999999999,2.4416,0.04578,-0.730527915,0.660825945,0.108825405
1764505248.633754,-6.409199999999999,2.4416,0.04578,-0.730527915,0.660825945,0.108825405
1764505248.633754,-6.28712,1.73964,1.03768,-0.729673425,0.65868972,0.108581265
1764505248.633754,-6.28712,1.73964,1.03768,-0.729673425,0.65868972,0.108581265
1764505248.633754,-6.28712,1.73964,1.03768,-0.729673425,0.65868972,0.108581265
1764505248.633754,-6.28712,1.73964,1.03768,-0.729673425,0.65868972,0.108581265
1764505248.6344328,-6.28712,1.73964,1.03768,-0.729673425,0.65868972,0.108581265
1764505248.6344328,-6.28712,1.73964,1.03768,-0.729673425,0.65868972,0.108581265
1764505248.6344328,-6.28712,1.73964,1.03768,-0.729673425,0.65868972,0.108581265
1764505248.6344328,-6.28712,1.73964,1.03768,-0.729673425,0.65868972,0.108581265
1764505248.6344328,-6.28712,1.73964,1.03768,-0.729673425,0.65868972,0.108581265
1764505248.6344328,-6.28712,1.73964,1.03768,-0.729673425,0.65868972,0.108581265
1764505248.6344328,-6.66862,2.57894,1.64808,-0.73083309,0.6542952,0.10925265
1764505248.6344328,-6.66862,2.57894,1.64808,-0.73083309,0.6542952,0.10925265
1764505248.6354318,-6.66862,2.57894,1.64808,-0.73083309,0.6542952,0.10925265
1764505248.6354318,-6.66862,2.57894,1.64808,-0.73083309,0.6542952,0.10925265
1764505248.6354318,-6.66862,2.57894,1.64808,-0.73083309,0.6542952,0.10925265
1764505248.6354318,-6.66862,2.57894,1.64808,-0.73083309,0.6542952,0.10925265
1764505248.681477,-6.66862,2.57894,1.64808,-0.73083309,0.6542952,0.10925265
1764505248.681477,-6.66862,2.57894,1.64808,-0.73083309,0.6542952,0.10925265
1764505248.681477,-6.66862,2.57894,1.64808,-0.73083309,0.6542952,0.10925265
1764505248.681477,-6.66862,2.57894,1.64808,-0.73083309,0.6542952,0.10925265
1764505248.681477,-7.46214,2.68576,1.55652,-0.733457595,0.651914835,0.1074216
1764505248.681477,-7.46214,2.68576,1.55652,-0.733457595,0.651914835,0.1074216
1764505248.682985,-7.46214,2.68576,1.55652,-0.733457595,0.651914835,0.1074216
1764505248.682985,-7.46214,2.68576,1.55652,-0.733457595,0.651914835,0.1074216
1764505248.682985,-7.46214,2.68576,1.55652,-0.733457595,0.651914835,0.1074216
1764505248.682985,-7.46214,2.68576,1.55652,-0.733457595,0.651914835,0.1074216
1764505248.682985,-7.46214,2.68576,1.55652,-0.733457595,0.651914835,0.1074216
1764505248.682985,-7.46214,2.68576,1.55652,-0.733457595,0.651914835,0.1074216
1764505248.682985,-7.46214,2.68576,1.55652,-0.733457595,0.651914835,0.1074216
1764505248.682985,-7.46214,2.68576,1.55652,-0.733457595,0.651914835,0.1074216
1764505248.682985,-7.340059999999999,0.8698199999999999,0.57988,-0.73547175,0.6517317300000001,0.10644504
1764505248.682985,-7.340059999999999,0.8698199999999999,0.57988,-0.73547175,0.6517317300000001,0.10644504
1764505248.682985,-7.340059999999999,0.8698199999999999,0.57988,-0.73547175,0.6517317300000001,0.10644504
1764505248.682985,-7.340059999999999,0.8698199999999999,0.57988,-0.73547175,0.6517317300000001,0.10644504
1764505248.683998,-7.340059999999999,0.8698199999999999,0.57988,-0.73547175,0.6517317300000001,0.10644504
1764505248.683998,-7.340059999999999,0.8698199999999999,0.57988,-0.73547175,0.6517317300000001,0.10644504
1764505248.683998,-7.340059999999999,0.8698199999999999,0.57988,-0.73547175,0.6517317300000001,0.10644504
1764505248.683998,-7.340059999999999,0.8698199999999999,0.57988,-0.73547175,0.6517317300000001,0.10644504
1764505248.683998,-7.340059999999999,0.8698199999999999,0.57988,-0.73547175,0.6517317300000001,0.10644504
1764505248.683998,-7.340059999999999,0.8698199999999999,0.57988,-0.73547175,0.6517317300000001,0.10644504
1764505248.7265642,-6.08874,1.17502,-0.54936,-0.734434155,0.64953447,0.10668918
1764505248.7265642,-6.08874,1.17502,-0.54936,-0.734434155,0.64953447,0.10668918
1764505248.7265642,-6.08874,1.17502,-0.54936,-0.734434155,0.64953447,0.10668918
1764505248.7265642,-6.08874,1.17502,-0.54936,-0.734434155,0.64953447,0.10668918
1764505248.7265642,-6.08874,1.17502,-0.54936,-0.734434155,0.64953447,0.10668918
1764505248.7265642,-6.08874,1.17502,-0.54936,-0.734434155,0.64953447,0.10668918
1764505248.7265642,-6.08874,1.17502,-0.54936,-0.734434155,0.64953447,0.10668918
1764505248.7265642,-6.08874,1.17502,-0.54936,-0.734434155,0.64953447,0.10668918
1764505248.7265642,-6.08874,1.17502,-0.54936,-0.734434155,0.64953447,0.10668918
1764505248.7265642,-6.08874,1.17502,-0.54936,-0.734434155,0.64953447,0.10668918
1764505248.7265642,-4.92898,1.86172,-0.56462,-0.73449519,0.647520315,0.10937472
1764505248.7265642,-4.92898,1.86172,-0.56462,-0.73449519,0.647520315,0.10937472
1764505248.7265642,-4.92898,1.86172,-0.56462,-0.73449519,0.647520315,0.10937472
1764505248.7265642,-4.92898,1.86172,-0.56462,-0.73449519,0.647520315,0.10937472
1764505248.7265642,-4.92898,1.86172,-0.56462,-0.73449519,0.647520315,0.10937472
1764505248.7265642,-4.92898,1.86172,-0.56462,-0.73449519,0.647520315,0.10937472
1764505248.7265642,-4.92898,1.86172,-0.56462,-0.73449519,0.647520315,0.10937472
1764505248.7265642,-4.92898,1.86172,-0.56462,-0.73449519,0.647520315,0.10937472
1764505248.7265642,-4.92898,1.86172,-0.56462,-0.73449519,0.647520315,0.10937472
1764505248.7265642,-4.92898,1.86172,-0.56462,-0.73449519,0.647520315,0.10937472
1764505248.7265642,-4.5017,1.64808,0.04578,-0.734067945,0.646543755,0.11010714
1764505248.7265642,-4.5017,1.64808,0.04578,-0.734067945,0.646543755,0.11010714
1764505248.774481,-4.5017,1.64808,0.04578,-0.734067945,0.646543755,0.11010714
1764505248.774481,-4.5017,1.64808,0.04578,-0.734067945,0.646543755,0.11010714
1764505248.774481,-4.5017,1.64808,0.04578,-0.734067945,0.646543755,0.11010714
1764505248.774481,-4.5017,1.64808,0.04578,-0.734067945,0.646543755,0.11010714
1764505248.774481,-4.5017,1.64808,0.04578,-0.734067945,0.646543755,0.11010714
1764505248.774481,-4.5017,1.64808,0.04578,-0.734067945,0.646543755,0.11010714
1764505248.774481,-4.5017,1.64808,0.04578,-0.734067945,0.646543755,0.11010714
1764505248.774481,-4.5017,1.64808,0.04578,-0.734067945,0.646543755,0.11010714
1764505248.774481,-4.54748,1.63282,0.51884,-0.73315242,0.646909965,0.10961886
1764505248.774481,-4.54748,1.63282,0.51884,-0.73315242,0.646909965,0.10961886
1764505248.774481,-4.54748,1.63282,0.51884,-0.73315242,0.646909965,0.10961886
1764505248.774481,-4.54748,1.63282,0.51884,-0.73315242,0.646909965,0.10961886
1764505248.774481,-4.54748,1.63282,0.51884,-0.73315242,0.646909965,0.10961886
1764505248.774481,-4.54748,1.63282,0.51884,-0.73315242,0.646909965,0.10961886
1764505248.774481,-4.54748,1.63282,0.51884,-0.73315242,0.646909965,0.10961886
1764505248.774481,-4.54748,1.63282,0.51884,-0.73315242,0.646909965,0.10961886
1764505248.774481,-4.54748,1.63282,0.51884,-0.73315242,0.646909965,0.10961886
1764505248.774481,-4.54748,1.63282,0.51884,-0.73315242,0.646909965,0.10961886
1764505248.774481,-3.11304,1.2055399999999998,1.58704,-0.732847245,0.64794756,0.10900851
1764505248.7754924,-3.11304,1.2055399999999998,1.58704,-0.732847245,0.64794756,0.10900851
1764505248.7754924,-3.11304,1.2055399999999998,1.58704,-0.732847245,0.64794756,0.10900851
1764505248.7754924,-3.11304,1.2055399999999998,1.58704,-0.732847245,0.64794756,0.10900851
1764505248.7754924,-3.11304,1.2055399999999998,1.58704,-0.732847245,0.64794756,0.10900851
1764505248.7754924,-3.11304,1.2055399999999998,1.58704,-0.732847245,0.64794756,0.10900851
1764505248.8216128,-3.11304,1.2055399999999998,1.58704,-0.732847245,0.64794756,0.10900851
1764505248.8216128,-3.11304,1.2055399999999998,1.58704,-0.732847245,0.64794756,0.10900851
1764505248.8216128,-3.11304,1.2055399999999998,1.58704,-0.732847245,0.64794756,0.10900851
1764505248.8216128,-3.11304,1.2055399999999998,1.58704,-0.732847245,0.64794756,0.10900851
1764505248.8216128,-0.8698199999999999,-0.5341,0.8087799999999999,-0.734190015,0.646421685,0.10937472
1764505248.8216128,-0.8698199999999999,-0.5341,0.8087799999999999,-0.734190015,0.646421685,0.10937472
1764505248.8216128,-0.8698199999999999,-0.5341,0.8087799999999999,-0.734190015,0.646421685,0.10937472
1764505248.8216128,-0.8698199999999999,-0.5341,0.8087799999999999,-0.734190015,0.646421685,0.10937472
1764505248.8216128,-0.8698199999999999,-0.5341,0.8087799999999999,-0.734190015,0.646421685,0.10937472
1764505248.8216128,-0.8698199999999999,-0.5341,0.8087799999999999,-0.734190015,0.646421685,0.10937472
1764505248.8216128,-0.8698199999999999,-0.5341,0.8087799999999999,-0.734190015,0.646421685,0.10937472
1764505248.8216128,-0.8698199999999999,-0.5341,0.8087799999999999,-0.734190015,0.646421685,0.10937472
1764505248.8216128,-0.8698199999999999,-0.5341,0.8087799999999999,-0.734190015,0.646421685,0.10937472
1764505248.8216128,-0.8698199999999999,-0.5341,0.8087799999999999,-0.734190015,0.646421685,0.10937472
1764505248.8216128,0.8698199999999999,-1.96854,0.6409199999999999,-0.7355938200000001,0.644590635,0.11035128
1764505248.8216128,0.8698199999999999,-1.96854,0.6409199999999999,-0.7355938200000001,0.644590635,0.11035128
1764505248.8216128,0.8698199999999999,-1.96854,0.6409199999999999,-0.7355938200000001,0.644590635,0.11035128
1764505248.8216128,0.8698199999999999,-1.96854,0.6409199999999999,-0.7355938200000001,0.644590635,0.11035128
1764505248.8216128,0.8698199999999999,-1.96854,0.6409199999999999,-0.7355938200000001,0.644590635,0.11035128
1764505248.8216128,0.8698199999999999,-1.96854,0.6409199999999999,-0.7355938200000001,0.644590635,0.11035128
1764505248.8216128,0.8698199999999999,-1.96854,0.6409199999999999,-0.7355938200000001,0.644590635,0.11035128
1764505248.8216128,0.8698199999999999,-1.96854,0.6409199999999999,-0.7355938200000001,0.644590635,0.11035128
1764505248.8216128,0.8698199999999999,-1.96854,0.6409199999999999,-0.7355938200000001,0.644590635,0.11035128
1764505248.823159,0.8698199999999999,-1.96854,0.6409199999999999,-0.7355938200000001,0.644590635,0.11035128
1764505248.8678613,2.38056,-2.85362,-0.59514,-0.73547175,0.64391925,0.111266805
1764505248.8678613,2.38056,-2.85362,-0.59514,-0.73547175,0.64391925,0.111266805
1764505248.8678613,2.38056,-2.85362,-0.59514,-0.73547175,0.64391925,0.111266805
1764505248.8678613,2.38056,-2.85362,-0.59514,-0.73547175,0.64391925,0.111266805
1764505248.8678613,2.38056,-2.85362,-0.59514,-0.73547175,0.64391925,0.111266805
1764505248.8678613,2.38056,-2.85362,-0.59514,-0.73547175,0.64391925,0.111266805
1764505248.8678613,2.38056,-2.85362,-0.59514,-0.73547175,0.64391925,0.111266805
1764505248.8678613,2.38056,-2.85362,-0.59514,-0.73547175,0.64391925,0.111266805
1764505248.8678613,2.38056,-2.85362,-0.59514,-0.73547175,0.64391925,0.111266805
1764505248.8678613,2.38056,-2.85362,-0.59514,-0.73547175,0.64391925,0.111266805
1764505248.8678613,3.29616,-2.289,-1.57178,-0.73571589,0.64428546,0.112121295
1764505248.8678613,3.29616,-2.289,-1.57178,-0.73571589,0.64428546,0.112121295
1764505248.8678613,3.29616,-2.289,-1.57178,-0.73571589,0.64428546,0.112121295
1764505248.8678613,3.29616,-2.289,-1.57178,-0.73571589,0.64428546,0.112121295
1764505248.8678613,3.29616,-2.289,-1.57178,-0.73571589,0.64428546,0.112121295
1764505248.8678613,3.29616,-2.289,-1.57178,-0.73571589,0.64428546,0.112121295
1764505248.8678613,3.29616,-2.289,-1.57178,-0.73571589,0.64428546,0.112121295
1764505248.8678613,3.29616,-2.289,-1.57178,-0.73571589,0.64428546,0.112121295
1764505248.8678613,3.29616,-2.289,-1.57178,-0.73571589,0.64428546,0.112121295
1764505248.8688595,3.29616,-2.289,-1.57178,-0.73571589,0.64428546,0.112121295
1764505248.8688595,2.73154,-1.05294,-1.93802,-0.734678295,0.64391925,0.111877155
1764505248.8688595,2.73154,-1.05294,-1.93802,-0.734678295,0.64391925,0.111877155
1764505248.8698766,2.73154,-1.05294,-1.93802,-0.734678295,0.64391925,0.111877155
1764505248.8698766,2.73154,-1.05294,-1.93802,-0.734678295,0.64391925,0.111877155
1764505248.916818,2.73154,-1.05294,-1.93802,-0.734678295,0.64391925,0.111877155
1764505248.916818,2.73154,-1.05294,-1.93802,-0.734678295,0.64391925,0.111877155
1764505248.916818,2.73154,-1.05294,-1.93802,-0.734678295,0.64391925,0.111877155
1764505248.916818,2.73154,-1.05294,-1.93802,-0.734678295,0.64391925,0.111877155
1764505248.916818,2.73154,-1.05294,-1.93802,-0.734678295,0.64391925,0.111877155
1764505248.916818,2.73154,-1.05294,-1.93802,-0.734678295,0.64391925,0.111877155
1764505248.916818,3.03674,-3.08252,-3.49454,-0.73498347,0.6420882,0.112243365
1764505248.916818,3.03674,-3.08252,-3.49454,-0.73498347,0.6420882,0.112243365
1764505248.916818,3.03674,-3.08252,-3.49454,-0.73498347,0.6420882,0.112243365
1764505248.916818,3.03674,-3.08252,-3.49454,-0.73498347,0.6420882,0.112243365
1764505248.9178398,3.03674,-3.08252,-3.49454,-0.73498347,0.6420882,0.112243365
1764505248.9178398,3.03674,-3.08252,-3.49454,-0.73498347,0.6420882,0.112243365
1764505248.9178398,3.03674,-3.08252,-3.49454,-0.73498347,0.6420882,0.112243365
1764505248.9178398,3.03674,-3.08252,-3.49454,-0.73498347,0.6420882,0.112243365
1764505248.9178398,3.03674,-3.08252,-3.49454,-0.73498347,0.6420882,0.112243365
1764505248.9178398,3.03674,-3.08252,-3.49454,-0.73498347,0.6420882,0.112243365
1764505248.9178398,7.49266,-5.06632,-4.70008,-0.739072815,0.632993985,0.11669892
1764505248.9178398,7.49266,-5.06632,-4.70008,-0.739072815,0.632993985,0.11669892
1764505248.9178398,7.49266,-5.06632,-4.70008,-0.739072815,0.632993985,0.11669892
1764505248.9178398,7.49266,-5.06632,-4.70008,-0.739072815,0.632993985,0.11669892
1764505248.9178398,7.49266,-5.06632,-4.70008,-0.739072815,0.632993985,0.11669892
1764505248.9178398,7.49266,-5.06632,-4.70008,-0.739072815,0.632993985,0.11669892
1764505248.9178398,7.49266,-5.06632,-4.70008,-0.739072815,0.632993985,0.11669892
1764505248.9178398,7.49266,-5.06632,-4.70008,-0.739072815,0.632993985,0.11669892
1764505248.9624565,7.49266,-5.06632,-4.70008,-0.739072815,0.632993985,0.11669892
1764505248.9624565,7.49266,-5.06632,-4.70008,-0.739072815,0.632993985,0.11669892
1764505248.962976,14.46648,-6.50076,-9.26282,-0.74560356,0.61706385,0.11950653
1764505248.962976,14.46648,-6.50076,-9.26282,-0.74560356,0.61706385,0.11950653
1764505248.962976,14.46648,-6.50076,-9.26282,-0.74560356,0.61706385,0.11950653
1764505248.962976,14.46648,-6.50076,-9.26282,-0.74560356,0.61706385,0.11950653
1764505248.962976,14.46648,-6.50076,-9.26282,-0.74560356,0.61706385,0.11950653
1764505248.962976,14.46648,-6.50076,-9.26282,-0.74560356,0.61706385,0.11950653
1764505248.962976,14.46648,-6.50076,-9.26282,-0.74560356,0.61706385,0.11950653
1764505248.962976,14.46648,-6.50076,-9.26282,-0.74560356,0.61706385,0.11950653
1764505248.962976,14.46648,-6.50076,-9.26282,-0.74560356,0.61706385,0.11950653
1764505248.962976,14.46648,-6.50076,-9.26282,-0.74560356,0.61706385,0.11950653
1764505248.962976,20.4484,-8.6982,-19.02922,-0.7507915350000001,0.59899749,0.119201355
1764505248.962976,20.4484,-8.6982,-19.02922,-0.7507915350000001,0.59899749,0.119201355
1764505248.962976,20.4484,-8.6982,-19.02922,-0.7507915350000001,0.59899749,0.119201355
1764505248.962976,20.4484,-8.6982,-19.02922,-0.7507915350000001,0.59899749,0.119201355
1764505248.962976,20.4484,-8.6982,-19.02922,-0.7507915350000001,0.59899749,0.119201355
1764505248.962976,20.4484,-8.6982,-19.02922,-0.7507915350000001,0.59899749,0.119201355
1764505248.962976,20.4484,-8.6982,-19.02922,-0.7507915350000001,0.59899749,0.119201355
1764505248.962976,20.4484,-8.6982,-19.02922,-0.7507915350000001,0.59899749,0.119201355
1764505248.962976,20.4484,-8.6982,-19.02922,-0.7507915350000001,0.59899749,0.119201355
1764505248.962976,20.4484,-8.6982,-19.02922,-0.7507915350000001,0.59899749,0.119201355
1764505249.007532,32.473279999999995,-14.92428,-27.05598,-0.75720021,0.57946629,0.123229665
1764505249.007532,32.473279999999995,-14.92428,-27.05598,-0.75720021,0.57946629,0.123229665
1764505249.007532,32.473279999999995,-14.92428,-27.05598,-0.75720021,0.57946629,0.123229665
1764505249.007532,32.473279999999995,-14.92428,-27.05598,-0.75720021,0.57946629,0.123229665
1764505249.007532,32.473279999999995,-14.92428,-27.05598,-0.75720021,0.57946629,0.123229665
1764505249.007532,32.473279999999995,-14.92428,-27.05598,-0.75720021,0.57946629,0.123229665
1764505249.007532,32.473279999999995,-14.92428,-27.05598,-0.75720021,0.57946629,0.123229665
1764505249.007532,32.473279999999995,-14.92428,-27.05598,-0.75720021,0.57946629,0.123229665
1764505249.0080411,32.473279999999995,-14.92428,-27.05598,-0.75720021,0.57946629,0.123229665
1764505249.0080411,32.473279999999995,-14.92428,-27.05598,-0.75720021,0.57946629,0.123229665
1764505249.0080411,50.86158,-25.20952,-36.0136,-0.770811015,0.5595078450000001,0.131286285
1764505249.0080411,50.86158,-25.20952,-36.0136,-0.770811015,0.5595078450000001,0.131286285
1764505249.0080411,50.86158,-25.20952,-36.0136,-0.770811015,0.5595078450000001,0.131286285
1764505249.0080411,50.86158,-25.20952,-36.0136,-0.770811015,0.5595078450000001,0.131286285
1764505249.0080411,50.86158,-25.20952,-36.0136,-0.770811015,0.5595078450000001,0.131286285
1764505249.0080411,50.86158,-25.20952,-36.0136,-0.770811015,0.5595078450000001,0.131286285
1764505249.0080411,50.86158,-25.20952,-36.0136,-0.770811015,0.5595078450000001,0.131286285
1764505249.0080411,50.86158,-25.20952,-36.0136,-0.770811015,0.5595078450000001,0.131286285
1764505249.0080411,50.86158,-25.20952,-36.0136,-0.770811015,0.5595078450000001,0.131286285
1764505249.0080411,50.86158,-25.20952,-36.0136,-0.770811015,0.5595078450000001,0.131286285
1764505249.0080411,63.54264,-29.71122,-42.89586,-0.798765045,0.54748395,0.12866178
1764505249.0080411,63.54264,-29.71122,-42.89586,-0.798765045,0.54748395,0.12866178
1764505249.0567436,63.54264,-29.71122,-42.89586,-0.798765045,0.54748395,0.12866178
1764505249.0577395,63.54264,-29.71122,-42.89586,-0.798765045,0.54748395,0.12866178
1764505249.0577395,63.54264,-29.71122,-42.89586,-0.798765045,0.54748395,0.12866178
1764505249.0577395,63.54264,-29.71122,-42.89586,-0.798765045,0.54748395,0.12866178
1764505249.058269,63.54264,-29.71122,-42.89586,-0.798765045,0.54748395,0.12866178
1764505249.0585554,63.54264,-29.71122,-42.89586,-0.798765045,0.54748395,0.12866178
1764505249.0585554,63.54264,-29.71122,-42.89586,-0.798765045,0.54748395,0.12866178
1764505249.0585554,63.54264,-29.71122,-42.89586,-0.798765045,0.54748395,0.12866178
1764505249.0585554,58.49158,-39.00456,-55.50062,-0.82067661,0.55151226,0.118468935
1764505249.0585554,58.49158,-39.00456,-55.50062,-0.82067661,0.55151226,0.118468935
1764505249.0595677,58.49158,-39.00456,-55.50062,-0.82067661,0.55151226,0.118468935
1764505249.0595677,58.49158,-39.00456,-55.50062,-0.82067661,0.55151226,0.118468935
1764505249.0595677,58.49158,-39.00456,-55.50062,-0.82067661,0.55151226,0.118468935
1764505249.0595677,58.49158,-39.00456,-55.50062,-0.82067661,0.55151226,0.118468935
1764505249.0605674,58.49158,-39.00456,-55.50062,-0.82067661,0.55151226,0.118468935
1764505249.0605674,58.49158,-39.00456,-55.50062,-0.82067661,0.55151226,0.118468935
1764505249.0605674,58.49158,-39.00456,-55.50062,-0.82067661,0.55151226,0.118468935
1764505249.0605674,58.49158,-39.00456,-55.50062,-0.82067661,0.55151226,0.118468935
1764505249.0605674,54.46294,-47.79432,-64.0157,-0.82580355,0.5605454400000001,0.117004095
1764505249.0615673,54.46294,-47.79432,-64.0157,-0.82580355,0.5605454400000001,0.117004095
1764505249.0615673,54.46294,-47.79432,-64.0157,-0.82580355,0.5605454400000001,0.117004095
1764505249.0615673,54.46294,-47.79432,-64.0157,-0.82580355,0.5605454400000001,0.117004095
1764505249.0615673,54.46294,-47.79432,-64.0157,-0.82580355,0.5605454400000001,0.117004095
1764505249.0615673,54.46294,-47.79432,-64.0157,-0.82580355,0.5605454400000001,0.117004095
1764505249.1041913,54.46294,-47.79432,-64.0157,-0.82580355,0.5605454400000001,0.117004095
1764505249.1041913,54.46294,-47.79432,-64.0157,-0.82580355,0.5605454400000001,0.117004095
1764505249.1041913,54.46294,-47.79432,-64.0157,-0.82580355,0.5605454400000001,0.117004095
1764505249.1041913,54.46294,-47.79432,-64.0157,-0.82580355,0.5605454400000001,0.117004095
1764505249.1041913,56.43148,-53.76098,-66.88458,-0.8203104,0.56506203,0.1232907
1764505249.1041913,56.43148,-53.76098,-66.88458,-0.8203104,0.56506203,0.1232907
1764505249.1041913,56.43148,-53.76098,-66.88458,-0.8203104,0.56506203,0.1232907
1764505249.1041913,56.43148,-53.76098,-66.88458,-0.8203104,0.56506203,0.1232907
1764505249.1041913,56.43148,-53.76098,-66.88458,-0.8203104,0.56506203,0.1232907
1764505249.1041913,56.43148,-53.76098,-66.88458,-0.8203104,0.56506203,0.1232907
1764505249.1041913,56.43148,-53.76098,-66.88458,-0.8203104,0.56506203,0.1232907
1764505249.1041913,56.43148,-53.76098,-66.88458,-0.8203104,0.56506203,0.1232907
1764505249.1041913,56.43148,-53.76098,-66.88458,-0.8203104,0.56506203,0.1232907
1764505249.1041913,56.43148,-53.76098,-66.88458,-0.8203104,0.56506203,0.1232907
1764505249.1041913,54.53924,-52.4944,-72.34765999999999,-0.806699595,0.565123065,0.12524382
1764505249.1041913,54.53924,-52.4944,-72.34765999999999,-0.806699595,0.565123065,0.12524382
1764505249.1041913,54.53924,-52.4944,-72.34765999999999,-0.806699595,0.565123065,0.12524382
1764505249.1041913,54.53924,-52.4944,-72.34765999999999,-0.806699595,0.565123065,0.12524382
1764505249.1041913,54.53924,-52.4944,-72.34765999999999,-0.806699595,0.565123065,0.12524382
1764505249.1041913,54.53924,-52.4944,-72.34765999999999,-0.806699595,0.565123065,0.12524382
1764505249.1041913,54.53924,-52.4944,-72.34765999999999,-0.806699595,0.565123065,0.12524382
1764505249.1041913,54.53924,-52.4944,-72.34765999999999,-0.806699595,0.565123065,0.12524382
1764505249.1041913,54.53924,-52.4944,-72.34765999999999,-0.806699595,0.565123065,0.12524382
1764505249.1041913,54.53924,-52.4944,-72.34765999999999,-0.806699595,0.565123065,0.12524382
1764505249.1508224,46.35988,-42.8806,-79.79454,-0.7946757,0.56323098,0.11376924
1764505249.1508224,46.35988,-42.8806,-79.79454,-0.7946757,0.56323098,0.11376924
1764505249.1508224,46.35988,-42.8806,-79.79454,-0.7946757,0.56323098,0.11376924
1764505249.1508224,46.35988,-42.8806,-79.79454,-0.7946757,0.56323098,0.11376924
1764505249.151821,46.35988,-42.8806,-79.79454,-0.7946757,0.56323098,0.11376924
1764505249.151821,46.35988,-42.8806,-79.79454,-0.7946757,0.56323098,0.11376924
1764505249.151821,46.35988,-42.8806,-79.79454,-0.7946757,0.56323098,0.11376924
1764505249.151821,46.35988,-42.8806,-79.79454,-0.7946757,0.56323098,0.11376924
1764505249.151821,46.35988,-42.8806,-79.79454,-0.7946757,0.56323098,0.11376924
1764505249.151821,46.35988,-42.8806,-79.79454,-0.7946757,0.56323098,0.11376924
1764505249.151821,41.41564,-35.49476,-86.12743999999999,-0.79150188,0.56115579,0.09545874
1764505249.151821,41.41564,-35.49476,-86.12743999999999,-0.79150188,0.56115579,0.09545874
1764505249.151821,41.41564,-35.49476,-86.12743999999999,-0.79150188,0.56115579,0.09545874
1764505249.151821,41.41564,-35.49476,-86.12743999999999,-0.79150188,0.56115579,0.09545874
1764505249.151821,41.41564,-35.49476,-86.12743999999999,-0.79150188,0.56115579,0.09545874
1764505249.151821,41.41564,-35.49476,-86.12743999999999,-0.79150188,0.56115579,0.09545874
1764505249.151821,41.41564,-35.49476,-86.12743999999999,-0.79150188,0.56115579,0.09545874
1764505249.151821,41.41564,-35.49476,-86.12743999999999,-0.79150188,0.56115579,0.09545874
1764505249.151821,41.41564,-35.49476,-86.12743999999999,-0.79150188,0.56115579,0.09545874
1764505249.1535027,41.41564,-35.49476,-86.12743999999999,-0.79150188,0.56115579,0.09545874
1764505249.1535027,47.50438,-36.83764,-91.8652,-0.796445715,0.55065777,0.0842283
1764505249.1535027,47.50438,-36.83764,-91.8652,-0.796445715,0.55065777,0.0842283
1764505249.1535027,47.50438,-36.83764,-91.8652,-0.796445715,0.55065777,0.0842283
1764505249.1535027,47.50438,-36.83764,-91.8652,-0.796445715,0.55065777,0.0842283
1764505249.1952095,47.50438,-36.83764,-91.8652,-0.796445715,0.55065777,0.0842283
1764505249.1952095,47.50438,-36.83764,-91.8652,-0.796445715,0.55065777,0.0842283
1764505249.1952095,47.50438,-36.83764,-91.8652,-0.796445715,0.55065777,0.0842283
1764505249.1952095,47.50438,-36.83764,-91.8652,-0.796445715,0.55065777,0.0842283
1764505249.1952095,47.50438,-36.83764,-91.8652,-0.796445715,0.55065777,0.0842283
1764505249.1952095,47.50438,-36.83764,-91.8652,-0.796445715,0.55065777,0.0842283
1764505249.1972203,62.21502,-43.44522,-93.74218,-0.81432897,0.540831135,0.085021755
1764505249.1972203,62.21502,-43.44522,-93.74218,-0.81432897,0.540831135,0.085021755
1764505249.1972203,62.21502,-43.44522,-93.74218,-0.81432897,0.540831135,0.085021755
1764505249.1972203,62.21502,-43.44522,-93.74218,-0.81432897,0.540831135,0.085021755
1764505249.1972203,62.21502,-43.44522,-93.74218,-0.81432897,0.540831135,0.085021755
1764505249.1972203,62.21502,-43.44522,-93.74218,-0.81432897,0.540831135,0.085021755
1764505249.1972203,62.21502,-43.44522,-93.74218,-0.81432897,0.540831135,0.085021755
1764505249.1972203,62.21502,-43.44522,-93.74218,-0.81432897,0.540831135,0.085021755
1764505249.1972203,62.21502,-43.44522,-93.74218,-0.81432897,0.540831135,0.085021755
1764505249.1972203,62.21502,-43.44522,-93.74218,-0.81432897,0.540831135,0.085021755
1764505249.1972203,77.44449999999999,-53.01324,-88.56904,-0.83691192,0.53893905,0.091247325
1764505249.1972203,77.44449999999999,-53.01324,-88.56904,-0.83691192,0.53893905,0.091247325
1764505249.1972203,77.44449999999999,-53.01324,-88.56904,-0.83691192,0.53893905,0.091247325
1764505249.1972203,77.44449999999999,-53.01324,-88.56904,-0.83691192,0.53893905,0.091247325
1764505249.1982212,77.44449999999999,-53.01324,-88.56904,-0.83691192,0.53893905,0.091247325
1764505249.1982212,77.44449999999999,-53.01324,-88.56904,-0.83691192,0.53893905,0.091247325
1764505249.1992378,77.44449999999999,-53.01324,-88.56904,-0.83691192,0.53893905,0.091247325
1764505249.1992378,77.44449999999999,-53.01324,-88.56904,-0.83691192,0.53893905,0.091247325
1764505249.2441895,77.44449999999999,-53.01324,-88.56904,-0.83691192,0.53893905,0.091247325
1764505249.2446015,77.44449999999999,-53.01324,-88.56904,-0.83691192,0.53893905,0.091247325
1764505249.2446015,80.98482,-56.12628,-82.46504,-0.838926075,0.552305715,0.092590095
1764505249.2446015,80.98482,-56.12628,-82.46504,-0.838926075,0.552305715,0.092590095
1764505249.2446015,80.98482,-56.12628,-82.46504,-0.838926075,0.552305715,0.092590095
1764505249.2446015,80.98482,-56.12628,-82.46504,-0.838926075,0.552305715,0.092590095
1764505249.2446015,80.98482,-56.12628,-82.46504,-0.838926075,0.552305715,0.092590095
1764505249.2446015,80.98482,-56.12628,-82.46504,-0.838926075,0.552305715,0.092590095
1764505249.2446015,80.98482,-56.12628,-82.46504,-0.838926075,0.552305715,0.092590095
1764505249.2446015,80.98482,-56.12628,-82.46504,-0.838926075,0.552305715,0.092590095
1764505249.2446015,80.98482,-56.12628,-82.46504,-0.838926075,0.552305715,0.092590095
1764505249.2446015,80.98482,-56.12628,-82.46504,-0.838926075,0.552305715,0.092590095
1764505249.2446015,77.99386,-50.25118,-79.48934,-0.819394875,0.5673813600000001,0.08862282
1764505249.2446015,77.99386,-50.25118,-79.48934,-0.819394875,0.5673813600000001,0.08862282
1764505249.2446015,77.99386,-50.25118,-79.48934,-0.819394875,0.5673813600000001,0.08862282
1764505249.2446015,77.99386,-50.25118,-79.48934,-0.819394875,0.5673813600000001,0.08862282
1764505249.2446015,77.99386,-50.25118,-79.48934,-0.819394875,0.5673813600000001,0.08862282
1764505249.2451935,77.99386,-50.25118,-79.48934,-0.819394875,0.5673813600000001,0.08862282
1764505249.2451935,77.99386,-50.25118,-79.48934,-0.819394875,0.5673813600000001,0.08862282
1764505249.2451935,77.99386,-50.25118,-79.48934,-0.819394875,0.5673813600000001,0.08862282
1764505249.2451935,77.99386,-50.25118,-79.48934,-0.819394875,0.5673813600000001,0.08862282
1764505249.2451935,77.99386,-50.25118,-79.48934,-0.819394875,0.5673813600000001,0.08862282
1764505249.2451935,68.68526,-39.9812,-73.6295,-0.80309853,0.57946629,0.076476855
1764505249.2451935,68.68526,-39.9812,-73.6295,-0.80309853,0.57946629,0.076476855
1764505249.291885,68.68526,-39.9812,-73.6295,-0.80309853,0.57946629,0.076476855
1764505249.291885,68.68526,-39.9812,-73.6295,-0.80309853,0.57946629,0.076476855
1764505249.291885,68.68526,-39.9812,-73.6295,-0.80309853,0.57946629,0.076476855
1764505249.291885,68.68526,-39.9812,-73.6295,-0.80309853,0.57946629,0.076476855
1764505249.291885,68.68526,-39.9812,-73.6295,-0.80309853,0.57946629,0.076476855
1764505249.291885,68.68526,-39.9812,-73.6295,-0.80309853,0.57946629,0.076476855
1764505249.291885,68.68526,-39.9812,-73.6295,-0.80309853,0.57946629,0.076476855
1764505249.291885,68.68526,-39.9812,-73.6295,-0.80309853,0.57946629,0.076476855
1764505249.291885,68.10538,-28.18522,-64.27512,-0.79821573,0.585508755,0.06152328
1764505249.2934115,68.10538,-28.18522,-64.27512,-0.79821573,0.585508755,0.06152328
1764505249.2934115,68.10538,-28.18522,-64.27512,-0.79821573,0.585508755,0.06152328
1764505249.2934115,68.10538,-28.18522,-64.27512,-0.79821573,0.585508755,0.06152328
1764505249.2934115,68.10538,-28.18522,-64.27512,-0.79821573,0.585508755,0.06152328
1764505249.2934115,68.10538,-28.18522,-64.27512,-0.79821573,0.585508755,0.06152328
1764505249.2934115,68.10538,-28.18522,-64.27512,-0.79821573,0.585508755,0.06152328
1764505249.2934115,68.10538,-28.18522,-64.27512,-0.79821573,0.585508755,0.06152328
1764505249.2934115,68.10538,-28.18522,-64.27512,-0.79821573,0.585508755,0.06152328
1764505249.2934115,68.10538,-28.18522,-64.27512,-0.79821573,0.585508755,0.06152328
1764505249.2934115,63.67997999999999,-19.36494,-63.77154,-0.80309853,0.58373874,0.04797351
1764505249.2934115,63.67997999999999,-19.36494,-63.77154,-0.80309853,0.58373874,0.04797351
1764505249.2934115,63.67997999999999,-19.36494,-63.77154,-0.80309853,0.58373874,0.04797351
1764505249.2934115,63.67997999999999,-19.36494,-63.77154,-0.80309853,0.58373874,0.04797351
1764505249.336464,63.67997999999999,-19.36494,-63.77154,-0.80309853,0.58373874,0.04797351
1764505249.3369913,63.67997999999999,-19.36494,-63.77154,-0.80309853,0.58373874,0.04797351
1764505249.3369913,63.67997999999999,-19.36494,-63.77154,-0.80309853,0.58373874,0.04797351
1764505249.3369913,63.67997999999999,-19.36494,-63.77154,-0.80309853,0.58373874,0.04797351
1764505249.3369913,63.67997999999999,-19.36494,-63.77154,-0.80309853,0.58373874,0.04797351
1764505249.3369913,63.67997999999999,-19.36494,-63.77154,-0.80309853,0.58373874,0.04797351
1764505249.3369913,54.37138,-16.160339999999998,-63.1001,-0.803525775,0.58117527,0.0390624
1764505249.3369913,54.37138,-16.160339999999998,-63.1001,-0.803525775,0.58117527,0.0390624
1764505249.3369913,54.37138,-16.160339999999998,-63.1001,-0.803525775,0.58117527,0.0390624
1764505249.3369913,54.37138,-16.160339999999998,-63.1001,-0.803525775,0.58117527,0.0390624
1764505249.3369913,54.37138,-16.160339999999998,-63.1001,-0.803525775,0.58117527,0.0390624
1764505249.3369913,54.37138,-16.160339999999998,-63.1001,-0.803525775,0.58117527,0.0390624
1764505249.3369913,54.37138,-16.160339999999998,-63.1001,-0.803525775,0.58117527,0.0390624
1764505249.3369913,54.37138,-16.160339999999998,-63.1001,-0.803525775,0.58117527,0.0390624
1764505249.3369913,54.37138,-16.160339999999998,-63.1001,-0.803525775,0.58117527,0.0390624
1764505249.3369913,54.37138,-16.160339999999998,-63.1001,-0.803525775,0.58117527,0.0390624
1764505249.3369913,41.3546,-8.82028,-56.56882,-0.794004315,0.582212865,0.03894033
1764505249.3369913,41.3546,-8.82028,-56.56882,-0.794004315,0.582212865,0.03894033
1764505249.3369913,41.3546,-8.82028,-56.56882,-0.794004315,0.582212865,0.03894033
1764505249.3375237,41.3546,-8.82028,-56.56882,-0.794004315,0.582212865,0.03894033
1764505249.3375237,41.3546,-8.82028,-56.56882,-0.794004315,0.582212865,0.03894033
1764505249.3375237,41.3546,-8.82028,-56.56882,-0.794004315,0.582212865,0.03894033
1764505249.3375237,41.3546,-8.82028,-56.56882,-0.794004315,0.582212865,0.03894033
1764505249.3375237,41.3546,-8.82028,-56.56882,-0.794004315,0.582212865,0.03894033
1764505249.3864093,41.3546,-8.82028,-56.56882,-0.794004315,0.582212865,0.03894033
1764505249.3864093,41.3546,-8.82028,-56.56882,-0.794004315,0.582212865,0.03894033
1764505249.387469,32.06126,-1.15976,-45.10856,-0.78942669,0.584410125,0.04199208
1764505249.387469,32.06126,-1.15976,-45.10856,-0.78942669,0.584410125,0.04199208
1764505249.387469,32.06126,-1.15976,-45.10856,-0.78942669,0.584410125,0.04199208
1764505249.387469,32.06126,-1.15976,-45.10856,-0.78942669,0.584410125,0.04199208
1764505249.387469,32.06126,-1.15976,-45.10856,-0.78942669,0.584410125,0.04199208
1764505249.387469,32.06126,-1.15976,-45.10856,-0.78942669,0.584410125,0.04199208
1764505249.387469,32.06126,-1.15976,-45.10856,-0.78942669,0.584410125,0.04199208
1764505249.387469,32.06126,-1.15976,-45.10856,-0.78942669,0.584410125,0.04199208
1764505249.387469,32.06126,-1.15976,-45.10856,-0.78942669,0.584410125,0.04199208
1764505249.387469,32.06126,-1.15976,-45.10856,-0.78942669,0.584410125,0.04199208
1764505249.387469,27.83424,1.35814,-32.473279999999995,-0.797788485,0.580748025,0.048400755
1764505249.387469,27.83424,1.35814,-32.473279999999995,-0.797788485,0.580748025,0.048400755
1764505249.387469,27.83424,1.35814,-32.473279999999995,-0.797788485,0.580748025,0.048400755
1764505249.387469,27.83424,1.35814,-32.473279999999995,-0.797788485,0.580748025,0.048400755
1764505249.387469,27.83424,1.35814,-32.473279999999995,-0.797788485,0.580748025,0.048400755
1764505249.387469,27.83424,1.35814,-32.473279999999995,-0.797788485,0.580748025,0.048400755
1764505249.387469,27.83424,1.35814,-32.473279999999995,-0.797788485,0.580748025,0.048400755
1764505249.387469,27.83424,1.35814,-32.473279999999995,-0.797788485,0.580748025,0.048400755
1764505249.387469,27.83424,1.35814,-32.473279999999995,-0.797788485,0.580748025,0.048400755
1764505249.387469,27.83424,1.35814,-32.473279999999995,-0.797788485,0.580748025,0.048400755
1764505249.429078,28.6125,1.64808,-22.90526,-0.81469518,0.5725083,0.04772937
1764505249.429078,28.6125,1.64808,-22.90526,-0.81469518,0.5725083,0.04772937
1764505249.4300952,28.6125,1.64808,-22.90526,-0.81469518,0.5725083,0.04772937
1764505249.4300952,28.6125,1.64808,-22.90526,-0.81469518,0.5725083,0.04772937
1764505249.4300952,28.6125,1.64808,-22.90526,-0.81469518,0.5725083,0.04772937
1764505249.4300952,28.6125,1.64808,-22.90526,-0.81469518,0.5725083,0.04772937
1764505249.4300952,28.6125,1.64808,-22.90526,-0.81469518,0.5725083,0.04772937
1764505249.4300952,28.6125,1.64808,-22.90526,-0.81469518,0.5725083,0.04772937
1764505249.4300952,28.6125,1.64808,-22.90526,-0.81469518,0.5725083,0.04772937
1764505249.4300952,28.6125,1.64808,-22.90526,-0.81469518,0.5725083,0.04772937
1764505249.4306056,24.37022,-0.18312,-13.87134,-0.826474935,0.56371926,0.04626453
1764505249.4306056,24.37022,-0.18312,-13.87134,-0.826474935,0.56371926,0.04626453
1764505249.4306056,24.37022,-0.18312,-13.87134,-0.826474935,0.56371926,0.04626453
1764505249.4306056,24.37022,-0.18312,-13.87134,-0.826474935,0.56371926,0.04626453
1764505249.4306056,24.37022,-0.18312,-13.87134,-0.826474935,0.56371926,0.04626453
1764505249.4306056,24.37022,-0.18312,-13.87134,-0.826474935,0.56371926,0.04626453
1764505249.4306056,24.37022,-0.18312,-13.87134,-0.826474935,0.56371926,0.04626453
1764505249.4306056,24.37022,-0.18312,-13.87134,-0.826474935,0.56371926,0.04626453
1764505249.4306056,24.37022,-0.18312,-13.87134,-0.826474935,0.56371926,0.04626453
1764505249.4306056,24.37022,-0.18312,-13.87134,-0.826474935,0.56371926,0.04626453
1764505249.4306056,21.8218,2.07536,-8.89658,-0.830259105,0.55358745,0.04528797
1764505249.4306056,21.8218,2.07536,-8.89658,-0.830259105,0.55358745,0.04528797
1764505249.4306056,21.8218,2.07536,-8.89658,-0.830259105,0.55358745,0.04528797
1764505249.4306056,21.8218,2.07536,-8.89658,-0.830259105,0.55358745,0.04528797
1764505249.4772787,21.8218,2.07536,-8.89658,-0.830259105,0.55358745,0.04528797
1764505249.4772787,21.8218,2.07536,-8.89658,-0.830259105,0.55358745,0.04528797
1764505249.478309,21.8218,2.07536,-8.89658,-0.830259105,0.55358745,0.04528797
1764505249.478309,21.8218,2.07536,-8.89658,-0.830259105,0.55358745,0.04528797
1764505249.478309,21.8218,2.07536,-8.89658,-0.830259105,0.55358745,0.04528797
1764505249.478309,21.8218,2.07536,-8.89658,-0.830259105,0.55358745,0.04528797
1764505249.478309,15.15318,8.57612,-4.577999999999999,-0.8315408400000001,0.546568425,0.043395885
1764505249.478309,15.15318,8.57612,-4.577999999999999,-0.8315408400000001,0.546568425,0.043395885
1764505249.4793222,15.15318,8.57612,-4.577999999999999,-0.8315408400000001,0.546568425,0.043395885
1764505249.4793222,15.15318,8.57612,-4.577999999999999,-0.8315408400000001,0.546568425,0.043395885
1764505249.4793222,15.15318,8.57612,-4.577999999999999,-0.8315408400000001,0.546568425,0.043395885
1764505249.4793222,15.15318,8.57612,-4.577999999999999,-0.8315408400000001,0.546568425,0.043395885
1764505249.4793222,15.15318,8.57612,-4.577999999999999,-0.8315408400000001,0.546568425,0.043395885
1764505249.4793222,15.15318,8.57612,-4.577999999999999,-0.8315408400000001,0.546568425,0.043395885
1764505249.4793222,15.15318,8.57612,-4.577999999999999,-0.8315408400000001,0.546568425,0.043395885
1764505249.4793222,15.15318,8.57612,-4.577999999999999,-0.8315408400000001,0.546568425,0.043395885
1764505249.4793222,3.09778,14.68012,-1.6022999999999998,-0.833921205,0.543882885,0.040466205
1764505249.4793222,3.09778,14.68012,-1.6022999999999998,-0.833921205,0.543882885,0.040466205
1764505249.4808297,3.09778,14.68012,-1.6022999999999998,-0.833921205,0.543882885,0.040466205
1764505249.4808297,3.09778,14.68012,-1.6022999999999998,-0.833921205,0.543882885,0.040466205
1764505249.4808297,3.09778,14.68012,-1.6022999999999998,-0.833921205,0.543882885,0.040466205
1764505249.481392,3.09778,14.68012,-1.6022999999999998,-0.833921205,0.543882885,0.040466205
1764505249.481392,3.09778,14.68012,-1.6022999999999998,-0.833921205,0.543882885,0.040466205
1764505249.481392,3.09778,14.68012,-1.6022999999999998,-0.833921205,0.543882885,0.040466205
1764505249.5253687,3.09778,14.68012,-1.6022999999999998,-0.833921205,0.543882885,0.040466205
1764505249.5253687,3.09778,14.68012,-1.6022999999999998,-0.833921205,0.543882885,0.040466205
1764505249.5253687,-10.92616,17.961019999999998,1.92276,-0.84008574,0.543638745,0.038024805
1764505249.5253687,-10.92616,17.961019999999998,1.92276,-0.84008574,0.543638745,0.038024805
1764505249.5253687,-10.92616,17.961019999999998,1.92276,-0.84008574,0.543638745,0.038024805
1764505249.5253687,-10.92616,17.961019999999998,1.92276,-0.84008574,0.543638745,0.038024805
1764505249.5253687,-10.92616,17.961019999999998,1.92276,-0.84008574,0.543638745,0.038024805
1764505249.5253687,-10.92616,17.961019999999998,1.92276,-0.84008574,0.543638745,0.038024805
1764505249.5253687,-10.92616,17.961019999999998,1.92276,-0.84008574,0.543638745,0.038024805
1764505249.5253687,-10.92616,17.961019999999998,1.92276,-0.84008574,0.543638745,0.038024805
1764505249.5253687,-10.92616,17.961019999999998,1.92276,-0.84008574,0.543638745,0.038024805
1764505249.5253687,-10.92616,17.961019999999998,1.92276,-0.84008574,0.543638745,0.038024805
1764505249.5253687,-26.29298,17.04542,4.6543,-0.84545682,0.547056705,0.03918447
1764505249.5253687,-26.29298,17.04542,4.6543,-0.84545682,0.547056705,0.03918447
1764505249.5253687,-26.29298,17.04542,4.6543,-0.84545682,0.547056705,0.03918447
1764505249.5253687,-26.29298,17.04542,4.6543,-0.84545682,0.547056705,0.03918447
1764505249.5253687,-26.29298,17.04542,4.6543,-0.84545682,0.547056705,0.03918447
1764505249.5253687,-26.29298,17.04542,4.6543,-0.84545682,0.547056705,0.03918447
1764505249.5253687,-26.29298,17.04542,4.6543,-0.84545682,0.547056705,0.03918447
1764505249.5253687,-26.29298,17.04542,4.6543,-0.84545682,0.547056705,0.03918447
1764505249.5253687,-26.29298,17.04542,4.6543,-0.84545682,0.547056705,0.03918447
1764505249.5253687,-26.29298,17.04542,4.6543,-0.84545682,0.547056705,0.03918447
1764505249.5253687,-37.35648,20.1432,5.69198,-0.846982695,0.544249095,0.042053115
1764505249.5253687,-37.35648,20.1432,5.69198,-0.846982695,0.544249095,0.042053115
1764505249.5682223,-37.35648,20.1432,5.69198,-0.846982695,0.544249095,0.042053115
1764505249.5682223,-37.35648,20.1432,5.69198,-0.846982695,0.544249095,0.042053115
1764505249.5682223,-37.35648,20.1432,5.69198,-0.846982695,0.544249095,0.042053115
1764505249.5692334,-37.35648,20.1432,5.69198,-0.846982695,0.544249095,0.042053115
1764505249.5692334,-37.35648,20.1432,5.69198,-0.846982695,0.544249095,0.042053115
1764505249.5692334,-37.35648,20.1432,5.69198,-0.846982695,0.544249095,0.042053115
1764505249.5692334,-37.35648,20.1432,5.69198,-0.846982695,0.544249095,0.042053115
1764505249.5692334,-37.35648,20.1432,5.69198,-0.846982695,0.544249095,0.042053115
1764505249.5692334,-47.48912,24.416,4.1965,-0.84728787,0.53600937,0.04345692
1764505249.5692334,-47.48912,24.416,4.1965,-0.84728787,0.53600937,0.04345692
1764505249.5692334,-47.48912,24.416,4.1965,-0.84728787,0.53600937,0.04345692
1764505249.5692334,-47.48912,24.416,4.1965,-0.84728787,0.53600937,0.04345692
1764505249.5692334,-47.48912,24.416,4.1965,-0.84728787,0.53600937,0.04345692
1764505249.5692334,-47.48912,24.416,4.1965,-0.84728787,0.53600937,0.04345692
1764505249.5692334,-47.48912,24.416,4.1965,-0.84728787,0.53600937,0.04345692
1764505249.5692334,-47.48912,24.416,4.1965,-0.84728787,0.53600937,0.04345692
1764505249.5692334,-47.48912,24.416,4.1965,-0.84728787,0.53600937,0.04345692
1764505249.5692334,-47.48912,24.416,4.1965,-0.84728787,0.53600937,0.04345692
1764505249.5692334,-50.29696,27.75794,6.60758,-0.84997341,0.520933725,0.04650867
1764505249.5692334,-50.29696,27.75794,6.60758,-0.84997341,0.520933725,0.04650867
1764505249.5692334,-50.29696,27.75794,6.60758,-0.84997341,0.520933725,0.04650867
1764505249.5692334,-50.29696,27.75794,6.60758,-0.84997341,0.520933725,0.04650867
1764505249.6160011,-50.29696,27.75794,6.60758,-0.84997341,0.520933725,0.04650867
1764505249.6160011,-50.29696,27.75794,6.60758,-0.84997341,0.520933725,0.04650867
1764505249.6160011,-50.29696,27.75794,6.60758,-0.84997341,0.520933725,0.04650867
1764505249.6160011,-50.29696,27.75794,6.60758,-0.84997341,0.520933725,0.04650867
1764505249.6169994,-50.29696,27.75794,6.60758,-0.84997341,0.520933725,0.04650867
1764505249.6169994,-50.29696,27.75794,6.60758,-0.84997341,0.520933725,0.04650867
1764505249.6169994,-45.6274,24.88906,12.94048,-0.862851795,0.503965995,0.050842155
1764505249.6169994,-45.6274,24.88906,12.94048,-0.862851795,0.503965995,0.050842155
1764505249.6169994,-45.6274,24.88906,12.94048,-0.862851795,0.503965995,0.050842155
1764505249.6169994,-45.6274,24.88906,12.94048,-0.862851795,0.503965995,0.050842155
1764505249.6169994,-45.6274,24.88906,12.94048,-0.862851795,0.503965995,0.050842155
1764505249.6169994,-45.6274,24.88906,12.94048,-0.862851795,0.503965995,0.050842155
1764505249.6169994,-45.6274,24.88906,12.94048,-0.862851795,0.503965995,0.050842155
1764505249.6169994,-45.6274,24.88906,12.94048,-0.862851795,0.503965995,0.050842155
1764505249.6169994,-45.6274,24.88906,12.94048,-0.862851795,0.503965995,0.050842155
1764505249.6169994,-45.6274,24.88906,12.94048,-0.862851795,0.503965995,0.050842155
1764505249.6169994,-42.25494,13.67296,17.4727,-0.87316671,0.49743525,0.05810532
1764505249.6169994,-42.25494,13.67296,17.4727,-0.87316671,0.49743525,0.05810532
1764505249.6169994,-42.25494,13.67296,17.4727,-0.87316671,0.49743525,0.05810532
1764505249.6169994,-42.25494,13.67296,17.4727,-0.87316671,0.49743525,0.05810532
1764505249.6169994,-42.25494,13.67296,17.4727,-0.87316671,0.49743525,0.05810532
1764505249.6169994,-42.25494,13.67296,17.4727,-0.87316671,0.49743525,0.05810532
1764505249.6169994,-42.25494,13.67296,17.4727,-0.87316671,0.49743525,0.05810532
1764505249.6169994,-42.25494,13.67296,17.4727,-0.87316671,0.49743525,0.05810532
1764505249.666387,-42.25494,13.67296,17.4727,-0.87316671,0.49743525,0.05810532
1764505249.666387,-42.25494,13.67296,17.4727,-0.87316671,0.49743525,0.05810532
1764505249.666387,-40.72894,10.7583,17.83894,-0.875913285,0.49108761,0.065490555
1764505249.666387,-40.72894,10.7583,17.83894,-0.875913285,0.49108761,0.065490555
1764505249.6673987,-40.72894,10.7583,17.83894,-0.875913285,0.49108761,0.065490555
1764505249.6673987,-40.72894,10.7583,17.83894,-0.875913285,0.49108761,0.065490555
1764505249.6673987,-40.72894,10.7583,17.83894,-0.875913285,0.49108761,0.065490555
1764505249.6673987,-40.72894,10.7583,17.83894,-0.875913285,0.49108761,0.065490555
1764505249.6673987,-40.72894,10.7583,17.83894,-0.875913285,0.49108761,0.065490555
1764505249.6673987,-40.72894,10.7583,17.83894,-0.875913285,0.49108761,0.065490555
1764505249.6673987,-40.72894,10.7583,17.83894,-0.875913285,0.49108761,0.065490555
1764505249.6673987,-40.72894,10.7583,17.83894,-0.875913285,0.49108761,0.065490555
1764505249.6673987,-44.26926,16.236639999999998,16.038259999999998,-0.874082235,0.48522825,0.065368485
1764505249.6673987,-44.26926,16.236639999999998,16.038259999999998,-0.874082235,0.48522825,0.065368485
1764505249.6673987,-44.26926,16.236639999999998,16.038259999999998,-0.874082235,0.48522825,0.065368485
1764505249.6673987,-44.26926,16.236639999999998,16.038259999999998,-0.874082235,0.48522825,0.065368485
1764505249.6673987,-44.26926,16.236639999999998,16.038259999999998,-0.874082235,0.48522825,0.065368485
1764505249.6673987,-44.26926,16.236639999999998,16.038259999999998,-0.874082235,0.48522825,0.065368485
1764505249.6673987,-44.26926,16.236639999999998,16.038259999999998,-0.874082235,0.48522825,0.065368485
1764505249.6673987,-44.26926,16.236639999999998,16.038259999999998,-0.874082235,0.48522825,0.065368485
1764505249.6673987,-44.26926,16.236639999999998,16.038259999999998,-0.874082235,0.48522825,0.065368485
1764505249.6673987,-44.26926,16.236639999999998,16.038259999999998,-0.874082235,0.48522825,0.065368485
1764505249.759861,-44.62024,16.95386,16.54184,-0.87011496,0.480528555,0.06274398
1764505249.760861,-44.62024,16.95386,16.54184,-0.87011496,0.480528555,0.06274398
1764505249.760861,-44.62024,16.95386,16.54184,-0.87011496,0.480528555,0.06274398
1764505249.760861,-44.62024,16.95386,16.54184,-0.87011496,0.480528555,0.06274398
1764505249.760861,-44.62024,16.95386,16.54184,-0.87011496,0.480528555,0.06274398
1764505249.760861,-44.62024,16.95386,16.54184,-0.87011496,0.480528555,0.06274398
1764505249.760861,-44.62024,16.95386,16.54184,-0.87011496,0.480528555,0.06274398
1764505249.760861,-44.62024,16.95386,16.54184,-0.87011496,0.480528555,0.06274398
1764505249.760861,-44.62024,16.95386,16.54184,-0.87011496,0.480528555,0.06274398
1764505249.760861,-44.62024,16.95386,16.54184,-0.87011496,0.480528555,0.06274398
1764505249.760861,-40.37796,16.83178,18.96818,-0.866880105,0.47595093,0.06335433
1764505249.760861,-40.37796,16.83178,18.96818,-0.866880105,0.47595093,0.06335433
1764505249.760861,-40.37796,16.83178,18.96818,-0.866880105,0.47595093,0.06335433
1764505249.760861,-40.37796,16.83178,18.96818,-0.866880105,0.47595093,0.06335433
1764505249.760861,-40.37796,16.83178,18.96818,-0.866880105,0.47595093,0.06335433
1764505249.760861,-40.37796,16.83178,18.96818,-0.866880105,0.47595093,0.06335433
1764505249.760861,-40.37796,16.83178,18.96818,-0.866880105,0.47595093,0.06335433
1764505249.760861,-40.37796,16.83178,18.96818,-0.866880105,0.47595093,0.06335433
1764505249.760861,-40.37796,16.83178,18.96818,-0.866880105,0.47595093,0.06335433
1764505249.760861,-40.37796,16.83178,18.96818,-0.866880105,0.47595093,0.06335433
1764505249.760861,-37.72272,15.97722,20.66204,-0.8679177,0.477965085,0.04687488
1764505249.760861,-37.72272,15.97722,20.66204,-0.8679177,0.477965085,0.04687488
1764505249.760861,-37.72272,15.97722,20.66204,-0.8679177,0.477965085,0.04687488
1764505249.760861,-37.72272,15.97722,20.66204,-0.8679177,0.477965085,0.04687488
1764505249.760861,-37.72272,15.97722,20.66204,-0.8679177,0.477965085,0.04687488
1764505249.760861,-37.72272,15.97722,20.66204,-0.8679177,0.477965085,0.04687488
1764505249.760861,-37.72272,15.97722,20.66204,-0.8679177,0.477965085,0.04687488
1764505249.760861,-37.72272,15.97722,20.66204,-0.8679177,0.477965085,0.04687488
1764505249.760861,-37.72272,15.97722,20.66204,-0.8679177,0.477965085,0.04687488
1764505249.760861,-37.72272,15.97722,20.66204,-0.8679177,0.477965085,0.04687488
1764505249.760861,-39.3708,11.91806,22.23382,-0.86877219,0.487364475,0.06335433
1764505249.760861,-39.3708,11.91806,22.23382,-0.86877219,0.487364475,0.06335433
1764505249.760861,-39.3708,11.91806,22.23382,-0.86877219,0.487364475,0.06335433
1764505249.760861,-39.3708,11.91806,22.23382,-0.86877219,0.487364475,0.06335433
1764505249.760861,-39.3708,11.91806,22.23382,-0.86877219,0.487364475,0.06335433
1764505249.760861,-39.3708,11.91806,22.23382,-0.86877219,0.487364475,0.06335433
1764505249.760861,-39.3708,11.91806,22.23382,-0.86877219,0.487364475,0.06335433
1764505249.760861,-39.3708,11.91806,22.23382,-0.86877219,0.487364475,0.06335433
1764505249.760861,-39.3708,11.91806,22.23382,-0.86877219,0.487364475,0.06335433
1764505249.760861,-39.3708,11.91806,22.23382,-0.86877219,0.487364475,0.06335433
1764505249.7618785,-40.53056,6.98908,22.76792,-0.863828355,0.499693545,0.067199535
1764505249.7618785,-40.53056,6.98908,22.76792,-0.863828355,0.499693545,0.067199535
1764505249.7618785,-40.53056,6.98908,22.76792,-0.863828355,0.499693545,0.067199535
1764505249.7618785,-40.53056,6.98908,22.76792,-0.863828355,0.499693545,0.067199535
1764505249.7618785,-40.53056,6.98908,22.76792,-0.863828355,0.499693545,0.067199535
1764505249.7618785,-40.53056,6.98908,22.76792,-0.863828355,0.499693545,0.067199535
1764505249.7618785,-40.53056,6.98908,22.76792,-0.863828355,0.499693545,0.067199535
1764505249.7618785,-40.53056,6.98908,22.76792,-0.863828355,0.499693545,0.067199535
1764505249.8073792,-40.53056,6.98908,22.76792,-0.863828355,0.499693545,0.067199535
1764505249.8073792,-40.53056,6.98908,22.76792,-0.863828355,0.499693545,0.067199535
1764505249.8073792,-45.9326,8.10306,21.50134,-0.85412379,0.5078112,0.072814755
1764505249.8073792,-45.9326,8.10306,21.50134,-0.85412379,0.5078112,0.072814755
1764505249.8073792,-45.9326,8.10306,21.50134,-0.85412379,0.5078112,0.072814755
1764505249.8073792,-45.9326,8.10306,21.50134,-0.85412379,0.5078112,0.072814755
1764505249.8073792,-45.9326,8.10306,21.50134,-0.85412379,0.5078112,0.072814755
1764505249.8073792,-45.9326,8.10306,21.50134,-0.85412379,0.5078112,0.072814755
1764505249.8073792,-45.9326,8.10306,21.50134,-0.85412379,0.5078112,0.072814755
1764505249.8073792,-45.9326,8.10306,21.50134,-0.85412379,0.5078112,0.072814755
1764505249.8073792,-45.9326,8.10306,21.50134,-0.85412379,0.5078112,0.072814755
1764505249.8073792,-45.9326,8.10306,21.50134,-0.85412379,0.5078112,0.072814755
1764505249.8073792,-49.10668,14.98532,16.908079999999998,-0.846372345,0.50598015,0.07665996
1764505249.8073792,-49.10668,14.98532,16.908079999999998,-0.846372345,0.50598015,0.07665996
1764505249.8073792,-49.10668,14.98532,16.908079999999998,-0.846372345,0.50598015,0.07665996
1764505249.8073792,-49.10668,14.98532,16.908079999999998,-0.846372345,0.50598015,0.07665996
1764505249.8073792,-49.10668,14.98532,16.908079999999998,-0.846372345,0.50598015,0.07665996
1764505249.8073792,-49.10668,14.98532,16.908079999999998,-0.846372345,0.50598015,0.07665996
1764505249.8073792,-49.10668,14.98532,16.908079999999998,-0.846372345,0.50598015,0.07665996
1764505249.8073792,-49.10668,14.98532,16.908079999999998,-0.846372345,0.50598015,0.07665996
1764505249.8073792,-49.10668,14.98532,16.908079999999998,-0.846372345,0.50598015,0.07665996
1764505249.8083906,-49.10668,14.98532,16.908079999999998,-0.846372345,0.50598015,0.07665996
1764505249.8083906,-52.73856,20.57048,11.38396,-0.845639925,0.49670283,0.0769041
1764505249.8083906,-52.73856,20.57048,11.38396,-0.845639925,0.49670283,0.0769041
1764505249.855204,-52.73856,20.57048,11.38396,-0.845639925,0.49670283,0.0769041
1764505249.855204,-52.73856,20.57048,11.38396,-0.845639925,0.49670283,0.0769041
1764505249.855204,-52.73856,20.57048,11.38396,-0.845639925,0.49670283,0.0769041
1764505249.855204,-52.73856,20.57048,11.38396,-0.845639925,0.49670283,0.0769041
1764505249.855204,-52.73856,20.57048,11.38396,-0.845639925,0.49670283,0.0769041
1764505249.855204,-52.73856,20.57048,11.38396,-0.845639925,0.49670283,0.0769041
1764505249.855204,-52.73856,20.57048,11.38396,-0.845639925,0.49670283,0.0769041
1764505249.855204,-52.73856,20.57048,11.38396,-0.845639925,0.49670283,0.0769041
1764505249.855204,-50.11384,19.1513,7.56896,-0.8519875650000001,0.483946515,0.07910136
1764505249.855204,-50.11384,19.1513,7.56896,-0.8519875650000001,0.483946515,0.07910136
1764505249.8562205,-50.11384,19.1513,7.56896,-0.8519875650000001,0.483946515,0.07910136
1764505249.8562205,-50.11384,19.1513,7.56896,-0.8519875650000001,0.483946515,0.07910136
1764505249.8562205,-50.11384,19.1513,7.56896,-0.8519875650000001,0.483946515,0.07910136
1764505249.8562205,-50.11384,19.1513,7.56896,-0.8519875650000001,0.483946515,0.07910136
1764505249.8562205,-50.11384,19.1513,7.56896,-0.8519875650000001,0.483946515,0.07910136
1764505249.8562205,-50.11384,19.1513,7.56896,-0.8519875650000001,0.483946515,0.07910136
1764505249.8562205,-50.11384,19.1513,7.56896,-0.8519875650000001,0.483946515,0.07910136
1764505249.8562205,-50.11384,19.1513,7.56896,-0.8519875650000001,0.483946515,0.07910136
1764505249.8562205,-39.81334,12.26904,5.17314,-0.861753165,0.4687488,0.085876245
1764505249.8572164,-39.81334,12.26904,5.17314,-0.861753165,0.4687488,0.085876245
1764505249.8572164,-39.81334,12.26904,5.17314,-0.861753165,0.4687488,0.085876245
1764505249.8572164,-39.81334,12.26904,5.17314,-0.861753165,0.4687488,0.085876245
1764505249.8572164,-39.81334,12.26904,5.17314,-0.861753165,0.4687488,0.085876245
1764505249.8572164,-39.81334,12.26904,5.17314,-0.861753165,0.4687488,0.085876245
1764505249.8997955,-39.81334,12.26904,5.17314,-0.861753165,0.4687488,0.085876245
1764505249.8997955,-39.81334,12.26904,5.17314,-0.861753165,0.4687488,0.085876245
1764505249.8997955,-39.81334,12.26904,5.17314,-0.861753165,0.4687488,0.085876245
1764505249.8997955,-39.81334,12.26904,5.17314,-0.861753165,0.4687488,0.085876245
1764505249.8997955,-25.942,4.6543,2.38056,-0.868833225,0.451659,0.09436011
1764505249.8997955,-25.942,4.6543,2.38056,-0.868833225,0.451659,0.09436011
1764505249.8997955,-25.942,4.6543,2.38056,-0.868833225,0.451659,0.09436011
1764505249.8997955,-25.942,4.6543,2.38056,-0.868833225,0.451659,0.09436011
1764505249.8997955,-25.942,4.6543,2.38056,-0.868833225,0.451659,0.09436011
1764505249.8997955,-25.942,4.6543,2.38056,-0.868833225,0.451659,0.09436011
1764505249.8997955,-25.942,4.6543,2.38056,-0.868833225,0.451659,0.09436011
1764505249.8997955,-25.942,4.6543,2.38056,-0.868833225,0.451659,0.09436011
1764505249.8997955,-25.942,4.6543,2.38056,-0.868833225,0.451659,0.09436011
1764505249.8997955,-25.942,4.6543,2.38056,-0.868833225,0.451659,0.09436011
1764505249.8997955,-13.07782,-1.02242,0.97664,-0.87048117,0.439146825,0.10095189
1764505249.8997955,-13.07782,-1.02242,0.97664,-0.87048117,0.439146825,0.10095189
1764505249.8997955,-13.07782,-1.02242,0.97664,-0.87048117,0.439146825,0.10095189
1764505249.8997955,-13.07782,-1.02242,0.97664,-0.87048117,0.439146825,0.10095189
1764505249.8997955,-13.07782,-1.02242,0.97664,-0.87048117,0.439146825,0.10095189
1764505249.8997955,-13.07782,-1.02242,0.97664,-0.87048117,0.439146825,0.10095189
1764505249.8997955,-13.07782,-1.02242,0.97664,-0.87048117,0.439146825,0.10095189
1764505249.8997955,-13.07782,-1.02242,0.97664,-0.87048117,0.439146825,0.10095189
1764505249.9011226,-13.07782,-1.02242,0.97664,-0.87048117,0.439146825,0.10095189
1764505249.9011226,-13.07782,-1.02242,0.97664,-0.87048117,0.439146825,0.10095189
1764505249.9471755,-2.5179,-3.8913,-3.17408,-0.86840598,0.42687879,0.102843975
1764505249.9471755,-2.5179,-3.8913,-3.17408,-0.86840598,0.42687879,0.102843975
1764505249.9471755,-2.5179,-3.8913,-3.17408,-0.86840598,0.42687879,0.102843975
1764505249.9471755,-2.5179,-3.8913,-3.17408,-0.86840598,0.42687879,0.102843975
1764505249.948157,-2.5179,-3.8913,-3.17408,-0.86840598,0.42687879,0.102843975
1764505249.948157,-2.5179,-3.8913,-3.17408,-0.86840598,0.42687879,0.102843975
1764505249.948157,-2.5179,-3.8913,-3.17408,-0.86840598,0.42687879,0.102843975
1764505249.9490242,-2.5179,-3.8913,-3.17408,-0.86840598,0.42687879,0.102843975
1764505249.9490242,-2.5179,-3.8913,-3.17408,-0.86840598,0.42687879,0.102843975
1764505249.9490242,-2.5179,-3.8913,-3.17408,-0.86840598,0.42687879,0.102843975
1764505249.949471,10.04108,-7.095899999999999,-6.04296,-0.86523216,0.41454972,0.103454325
1764505249.949471,10.04108,-7.095899999999999,-6.04296,-0.86523216,0.41454972,0.103454325
1764505249.949471,10.04108,-7.095899999999999,-6.04296,-0.86523216,0.41454972,0.103454325
1764505249.949471,10.04108,-7.095899999999999,-6.04296,-0.86523216,0.41454972,0.103454325
1764505249.949471,10.04108,-7.095899999999999,-6.04296,-0.86523216,0.41454972,0.103454325
1764505249.949471,10.04108,-7.095899999999999,-6.04296,-0.86523216,0.41454972,0.103454325
1764505249.9504848,10.04108,-7.095899999999999,-6.04296,-0.86523216,0.41454972,0.103454325
1764505249.9504848,10.04108,-7.095899999999999,-6.04296,-0.86523216,0.41454972,0.103454325
1764505249.9504848,10.04108,-7.095899999999999,-6.04296,-0.86523216,0.41454972,0.103454325
1764505249.9504848,10.04108,-7.095899999999999,-6.04296,-0.86523216,0.41454972,0.103454325
1764505249.9504848,25.1027,-8.34722,-6.88226,-0.8630349,0.40576068,0.098205315
1764505249.9504848,25.1027,-8.34722,-6.88226,-0.8630349,0.40576068,0.098205315
1764505249.9924805,25.1027,-8.34722,-6.88226,-0.8630349,0.40576068,0.098205315
1764505249.9924805,25.1027,-8.34722,-6.88226,-0.8630349,0.40576068,0.098205315
1764505249.9924805,25.1027,-8.34722,-6.88226,-0.8630349,0.40576068,0.098205315
1764505249.9924805,25.1027,-8.34722,-6.88226,-0.8630349,0.40576068,0.098205315
1764505249.9924805,25.1027,-8.34722,-6.88226,-0.8630349,0.40576068,0.098205315
1764505249.9924805,25.1027,-8.34722,-6.88226,-0.8630349,0.40576068,0.098205315
1764505249.9924805,25.1027,-8.34722,-6.88226,-0.8630349,0.40576068,0.098205315
1764505249.9924805,25.1027,-8.34722,-6.88226,-0.8630349,0.40576068,0.098205315
1764505249.9924805,35.12852,-9.0797,-6.28712,-0.86132592,0.406920345,0.087219015
1764505249.9924805,35.12852,-9.0797,-6.28712,-0.86132592,0.406920345,0.087219015
1764505249.9956534,35.12852,-9.0797,-6.28712,-0.86132592,0.406920345,0.087219015
1764505249.9956534,35.12852,-9.0797,-6.28712,-0.86132592,0.406920345,0.087219015
1764505249.9956534,35.12852,-9.0797,-6.28712,-0.86132592,0.406920345,0.087219015
1764505249.9956534,35.12852,-9.0797,-6.28712,-0.86132592,0.406920345,0.087219015
1764505249.9956534,35.12852,-9.0797,-6.28712,-0.86132592,0.406920345,0.087219015
1764505249.9956534,35.12852,-9.0797,-6.28712,-0.86132592,0.406920345,0.087219015
1764505249.9956534,35.12852,-9.0797,-6.28712,-0.86132592,0.406920345,0.087219015
1764505249.9956534,35.12852,-9.0797,-6.28712,-0.86132592,0.406920345,0.087219015
1764505249.9956534,34.57916,-7.15694,-6.05822,-0.8566872600000001,0.426817755,0.06872541
1764505249.9956534,34.57916,-7.15694,-6.05822,-0.8566872600000001,0.426817755,0.06872541
1764505249.9956534,34.57916,-7.15694,-6.05822,-0.8566872600000001,0.426817755,0.06872541
1764505249.9956534,34.57916,-7.15694,-6.05822,-0.8566872600000001,0.426817755,0.06872541
1764505250.0385458,34.57916,-7.15694,-6.05822,-0.8566872600000001,0.426817755,0.06872541
1764505250.0395577,34.57916,-7.15694,-6.05822,-0.8566872600000001,0.426817755,0.06872541
1764505250.0395577,34.57916,-7.15694,-6.05822,-0.8566872600000001,0.426817755,0.06872541
1764505250.0395577,34.57916,-7.15694,-6.05822,-0.8566872600000001,0.426817755,0.06872541
1764505250.0395577,34.57916,-7.15694,-6.05822,-0.8566872600000001,0.426817755,0.06872541
1764505250.0400689,34.57916,-7.15694,-6.05822,-0.8566872600000001,0.426817755,0.06872541
1764505250.0400689,35.9373,-8.37774,-2.07536,-0.847959255,0.45800664,0.06115707
1764505250.0400689,35.9373,-8.37774,-2.07536,-0.847959255,0.45800664,0.06115707
1764505250.0400689,35.9373,-8.37774,-2.07536,-0.847959255,0.45800664,0.06115707
1764505250.0400689,35.9373,-8.37774,-2.07536,-0.847959255,0.45800664,0.06115707
1764505250.0400689,35.9373,-8.37774,-2.07536,-0.847959255,0.45800664,0.06115707
1764505250.0400689,35.9373,-8.37774,-2.07536,-0.847959255,0.45800664,0.06115707
1764505250.0411315,35.9373,-8.37774,-2.07536,-0.847959255,0.45800664,0.06115707
1764505250.0411315,35.9373,-8.37774,-2.07536,-0.847959255,0.45800664,0.06115707
1764505250.0414083,35.9373,-8.37774,-2.07536,-0.847959255,0.45800664,0.06115707
1764505250.0414083,35.9373,-8.37774,-2.07536,-0.847959255,0.45800664,0.06115707
1764505250.0414083,33.99928,-10.19368,0.79352,-0.84313749,0.49328487,0.06567366
1764505250.0414083,33.99928,-10.19368,0.79352,-0.84313749,0.49328487,0.06567366
1764505250.0414083,33.99928,-10.19368,0.79352,-0.84313749,0.49328487,0.06567366
1764505250.0414083,33.99928,-10.19368,0.79352,-0.84313749,0.49328487,0.06567366
1764505250.04242,33.99928,-10.19368,0.79352,-0.84313749,0.49328487,0.06567366
1764505250.04242,33.99928,-10.19368,0.79352,-0.84313749,0.49328487,0.06567366
1764505250.04242,33.99928,-10.19368,0.79352,-0.84313749,0.49328487,0.06567366
1764505250.04242,33.99928,-10.19368,0.79352,-0.84313749,0.49328487,0.06567366
1764505250.0843945,33.99928,-10.19368,0.79352,-0.84313749,0.49328487,0.06567366
1764505250.0843945,33.99928,-10.19368,0.79352,-0.84313749,0.49328487,0.06567366
1764505250.0843945,27.51378,-7.12642,3.78448,-0.841367475,0.524229615,0.073180965
1764505250.0843945,27.51378,-7.12642,3.78448,-0.841367475,0.524229615,0.073180965
1764505250.0843945,27.51378,-7.12642,3.78448,-0.841367475,0.524229615,0.073180965
1764505250.0843945,27.51378,-7.12642,3.78448,-0.841367475,0.524229615,0.073180965
1764505250.0843945,27.51378,-7.12642,3.78448,-0.841367475,0.524229615,0.073180965
1764505250.0843945,27.51378,-7.12642,3.78448,-0.841367475,0.524229615,0.073180965
1764505250.0843945,27.51378,-7.12642,3.78448,-0.841367475,0.524229615,0.073180965
1764505250.0843945,27.51378,-7.12642,3.78448,-0.841367475,0.524229615,0.073180965
1764505250.0843945,27.51378,-7.12642,3.78448,-0.841367475,0.524229615,0.073180965
1764505250.0843945,27.51378,-7.12642,3.78448,-0.841367475,0.524229615,0.073180965
1764505250.0859635,15.107399999999998,-4.91372,7.79786,-0.842710245,0.5505967350000001,0.078063765
1764505250.0859635,15.107399999999998,-4.91372,7.79786,-0.842710245,0.5505967350000001,0.078063765
1764505250.0859635,15.107399999999998,-4.91372,7.79786,-0.842710245,0.5505967350000001,0.078063765
1764505250.0859635,15.107399999999998,-4.91372,7.79786,-0.842710245,0.5505967350000001,0.078063765
1764505250.0859635,15.107399999999998,-4.91372,7.79786,-0.842710245,0.5505967350000001,0.078063765
1764505250.0859635,15.107399999999998,-4.91372,7.79786,-0.842710245,0.5505967350000001,0.078063765
1764505250.0869951,15.107399999999998,-4.91372,7.79786,-0.842710245,0.5505967350000001,0.078063765
1764505250.0869951,15.107399999999998,-4.91372,7.79786,-0.842710245,0.5505967350000001,0.078063765
1764505250.0869951,15.107399999999998,-4.91372,7.79786,-0.842710245,0.5505967350000001,0.078063765
1764505250.0869951,15.107399999999998,-4.91372,7.79786,-0.842710245,0.5505967350000001,0.078063765
1764505250.0879867,1.84646,-7.3248,7.782599999999999,-0.842588175,0.5647568550000001,0.082458285
1764505250.0879867,1.84646,-7.3248,7.782599999999999,-0.842588175,0.5647568550000001,0.082458285
1764505250.130944,1.84646,-7.3248,7.782599999999999,-0.842588175,0.5647568550000001,0.082458285
1764505250.130944,1.84646,-7.3248,7.782599999999999,-0.842588175,0.5647568550000001,0.082458285
1764505250.130944,1.84646,-7.3248,7.782599999999999,-0.842588175,0.5647568550000001,0.082458285
1764505250.130944,1.84646,-7.3248,7.782599999999999,-0.842588175,0.5647568550000001,0.082458285
1764505250.1324935,1.84646,-7.3248,7.782599999999999,-0.842588175,0.5647568550000001,0.082458285
1764505250.1324935,1.84646,-7.3248,7.782599999999999,-0.842588175,0.5647568550000001,0.082458285
1764505250.1324935,1.84646,-7.3248,7.782599999999999,-0.842588175,0.5647568550000001,0.082458285
1764505250.1324935,1.84646,-7.3248,7.782599999999999,-0.842588175,0.5647568550000001,0.082458285
1764505250.1324935,-9.50698,-4.01338,5.15788,-0.8399026350000001,0.5647568550000001,0.08117655
1764505250.1324935,-9.50698,-4.01338,5.15788,-0.8399026350000001,0.5647568550000001,0.08117655
1764505250.1324935,-9.50698,-4.01338,5.15788,-0.8399026350000001,0.5647568550000001,0.08117655
1764505250.1324935,-9.50698,-4.01338,5.15788,-0.8399026350000001,0.5647568550000001,0.08117655
1764505250.1324935,-9.50698,-4.01338,5.15788,-0.8399026350000001,0.5647568550000001,0.08117655
1764505250.1324935,-9.50698,-4.01338,5.15788,-0.8399026350000001,0.5647568550000001,0.08117655
1764505250.1324935,-9.50698,-4.01338,5.15788,-0.8399026350000001,0.5647568550000001,0.08117655
1764505250.1324935,-9.50698,-4.01338,5.15788,-0.8399026350000001,0.5647568550000001,0.08117655
1764505250.1324935,-9.50698,-4.01338,5.15788,-0.8399026350000001,0.5647568550000001,0.08117655
1764505250.1324935,-9.50698,-4.01338,5.15788,-0.8399026350000001,0.5647568550000001,0.08117655
1764505250.1324935,-14.31388,-0.5341,1.8006799999999998,-0.8386209,0.54907086,0.07604961
1764505250.1324935,-14.31388,-0.5341,1.8006799999999998,-0.8386209,0.54907086,0.07604961
1764505250.134733,-14.31388,-0.5341,1.8006799999999998,-0.8386209,0.54907086,0.07604961
1764505250.1357565,-14.31388,-0.5341,1.8006799999999998,-0.8386209,0.54907086,0.07604961
1764505250.1357565,-14.31388,-0.5341,1.8006799999999998,-0.8386209,0.54907086,0.07604961
1764505250.1357565,-14.31388,-0.5341,1.8006799999999998,-0.8386209,0.54907086,0.07604961
1764505250.178946,-14.31388,-0.5341,1.8006799999999998,-0.8386209,0.54907086,0.07604961
1764505250.178946,-14.31388,-0.5341,1.8006799999999998,-0.8386209,0.54907086,0.07604961
1764505250.1799874,-14.31388,-0.5341,1.8006799999999998,-0.8386209,0.54907086,0.07604961
1764505250.1799874,-14.31388,-0.5341,1.8006799999999998,-0.8386209,0.54907086,0.07604961
1764505250.1799874,-13.94764,2.16692,0.3509799999999999,-0.83825469,0.527281365,0.067077465
1764505250.1799874,-13.94764,2.16692,0.3509799999999999,-0.83825469,0.527281365,0.067077465
1764505250.1799874,-13.94764,2.16692,0.3509799999999999,-0.83825469,0.527281365,0.067077465
1764505250.1799874,-13.94764,2.16692,0.3509799999999999,-0.83825469,0.527281365,0.067077465
1764505250.1799874,-13.94764,2.16692,0.3509799999999999,-0.83825469,0.527281365,0.067077465
1764505250.1799874,-13.94764,2.16692,0.3509799999999999,-0.83825469,0.527281365,0.067077465
1764505250.1799874,-13.94764,2.16692,0.3509799999999999,-0.83825469,0.527281365,0.067077465
1764505250.1799874,-13.94764,2.16692,0.3509799999999999,-0.83825469,0.527281365,0.067077465
1764505250.1799874,-13.94764,2.16692,0.3509799999999999,-0.83825469,0.527281365,0.067077465
1764505250.1799874,-13.94764,2.16692,0.3509799999999999,-0.83825469,0.527281365,0.067077465
1764505250.1799874,-9.90374,2.88414,-0.6409199999999999,-0.839170215,0.50768913,0.06030258
1764505250.1799874,-9.90374,2.88414,-0.6409199999999999,-0.839170215,0.50768913,0.06030258
1764505250.1799874,-9.90374,2.88414,-0.6409199999999999,-0.839170215,0.50768913,0.06030258
1764505250.1799874,-9.90374,2.88414,-0.6409199999999999,-0.839170215,0.50768913,0.06030258
1764505250.1799874,-9.90374,2.88414,-0.6409199999999999,-0.839170215,0.50768913,0.06030258
1764505250.1799874,-9.90374,2.88414,-0.6409199999999999,-0.839170215,0.50768913,0.06030258
1764505250.1799874,-9.90374,2.88414,-0.6409199999999999,-0.839170215,0.50768913,0.06030258
1764505250.1799874,-9.90374,2.88414,-0.6409199999999999,-0.839170215,0.50768913,0.06030258
1764505250.2245042,-9.90374,2.88414,-0.6409199999999999,-0.839170215,0.50768913,0.06030258
1764505250.2245042,-9.90374,2.88414,-0.6409199999999999,-0.839170215,0.50768913,0.06030258
1764505250.2255256,-4.822159999999999,0.6714399999999999,-0.71722,-0.8447244,0.49816767,0.05932602
1764505250.2255256,-4.822159999999999,0.6714399999999999,-0.71722,-0.8447244,0.49816767,0.05932602
1764505250.2255256,-4.822159999999999,0.6714399999999999,-0.71722,-0.8447244,0.49816767,0.05932602
1764505250.2255256,-4.822159999999999,0.6714399999999999,-0.71722,-0.8447244,0.49816767,0.05932602
1764505250.2255256,-4.822159999999999,0.6714399999999999,-0.71722,-0.8447244,0.49816767,0.05932602
1764505250.2255256,-4.822159999999999,0.6714399999999999,-0.71722,-0.8447244,0.49816767,0.05932602
1764505250.2255256,-4.822159999999999,0.6714399999999999,-0.71722,-0.8447244,0.49816767,0.05932602
1764505250.2255256,-4.822159999999999,0.6714399999999999,-0.71722,-0.8447244,0.49816767,0.05932602
1764505250.2255256,-4.822159999999999,0.6714399999999999,-0.71722,-0.8447244,0.49816767,0.05932602
1764505250.2255256,-4.822159999999999,0.6714399999999999,-0.71722,-0.8447244,0.49816767,0.05932602
1764505250.2255256,-3.29616,-2.02958,-1.34288,-0.84802029,0.497984565,0.06433089
1764505250.2255256,-3.29616,-2.02958,-1.34288,-0.84802029,0.497984565,0.06433089
1764505250.2255256,-3.29616,-2.02958,-1.34288,-0.84802029,0.497984565,0.06433089
1764505250.2255256,-3.29616,-2.02958,-1.34288,-0.84802029,0.497984565,0.06433089
1764505250.2255256,-3.29616,-2.02958,-1.34288,-0.84802029,0.497984565,0.06433089
1764505250.2255256,-3.29616,-2.02958,-1.34288,-0.84802029,0.497984565,0.06433089
1764505250.2255256,-3.29616,-2.02958,-1.34288,-0.84802029,0.497984565,0.06433089
1764505250.2255256,-3.29616,-2.02958,-1.34288,-0.84802029,0.497984565,0.06433089
1764505250.2255256,-3.29616,-2.02958,-1.34288,-0.84802029,0.497984565,0.06433089
1764505250.2270606,-3.29616,-2.02958,-1.34288,-0.84802029,0.497984565,0.06433089
1764505250.2270606,-4.22702,-2.54842,-0.62566,-0.846372345,0.5029284,0.073180965
1764505250.2270606,-4.22702,-2.54842,-0.62566,-0.846372345,0.5029284,0.073180965
1764505250.2721426,-4.22702,-2.54842,-0.62566,-0.846372345,0.5029284,0.073180965
1764505250.2721426,-4.22702,-2.54842,-0.62566,-0.846372345,0.5029284,0.073180965
1764505250.272653,-4.22702,-2.54842,-0.62566,-0.846372345,0.5029284,0.073180965
1764505250.272653,-4.22702,-2.54842,-0.62566,-0.846372345,0.5029284,0.073180965
1764505250.272653,-4.22702,-2.54842,-0.62566,-0.846372345,0.5029284,0.073180965
1764505250.2736938,-4.22702,-2.54842,-0.62566,-0.846372345,0.5029284,0.073180965
1764505250.2736938,-4.22702,-2.54842,-0.62566,-0.846372345,0.5029284,0.073180965
1764505250.2736938,-4.22702,-2.54842,-0.62566,-0.846372345,0.5029284,0.073180965
1764505250.2736938,-5.82932,0.94612,-0.8087799999999999,-0.84362577,0.503843925,0.07958964
1764505250.2736938,-5.82932,0.94612,-0.8087799999999999,-0.84362577,0.503843925,0.07958964
1764505250.2736938,-5.82932,0.94612,-0.8087799999999999,-0.84362577,0.503843925,0.07958964
1764505250.2736938,-5.82932,0.94612,-0.8087799999999999,-0.84362577,0.503843925,0.07958964
1764505250.2736938,-5.82932,0.94612,-0.8087799999999999,-0.84362577,0.503843925,0.07958964
1764505250.2736938,-5.82932,0.94612,-0.8087799999999999,-0.84362577,0.503843925,0.07958964
1764505250.2736938,-5.82932,0.94612,-0.8087799999999999,-0.84362577,0.503843925,0.07958964
1764505250.2736938,-5.82932,0.94612,-0.8087799999999999,-0.84362577,0.503843925,0.07958964
1764505250.2736938,-5.82932,0.94612,-0.8087799999999999,-0.84362577,0.503843925,0.07958964
1764505250.2736938,-5.82932,0.94612,-0.8087799999999999,-0.84362577,0.503843925,0.07958964
1764505250.2736938,-6.821219999999999,4.07442,-0.27468,-0.845029575,0.502134945,0.08044413
1764505250.2736938,-6.821219999999999,4.07442,-0.27468,-0.845029575,0.502134945,0.08044413
1764505250.2736938,-6.821219999999999,4.07442,-0.27468,-0.845029575,0.502134945,0.08044413
1764505250.2736938,-6.821219999999999,4.07442,-0.27468,-0.845029575,0.502134945,0.08044413
1764505250.275733,-6.821219999999999,4.07442,-0.27468,-0.845029575,0.502134945,0.08044413
1764505250.275733,-6.821219999999999,4.07442,-0.27468,-0.845029575,0.502134945,0.08044413
1764505250.3213692,-6.821219999999999,4.07442,-0.27468,-0.845029575,0.502134945,0.08044413
1764505250.3213692,-6.821219999999999,4.07442,-0.27468,-0.845029575,0.502134945,0.08044413
1764505250.3213692,-6.821219999999999,4.07442,-0.27468,-0.845029575,0.502134945,0.08044413
1764505250.3213692,-6.821219999999999,4.07442,-0.27468,-0.845029575,0.502134945,0.08044413
1764505250.3213692,-7.08064,4.45592,-0.85456,-0.84667752,0.498961125,0.077819625
1764505250.3229537,-7.08064,4.45592,-0.85456,-0.84667752,0.498961125,0.077819625
1764505250.3230214,-7.08064,4.45592,-0.85456,-0.84667752,0.498961125,0.077819625
1764505250.3230214,-7.08064,4.45592,-0.85456,-0.84667752,0.498961125,0.077819625
1764505250.3230214,-7.08064,4.45592,-0.85456,-0.84667752,0.498961125,0.077819625
1764505250.3235295,-7.08064,4.45592,-0.85456,-0.84667752,0.498961125,0.077819625
1764505250.3235295,-7.08064,4.45592,-0.85456,-0.84667752,0.498961125,0.077819625
1764505250.3235295,-7.08064,4.45592,-0.85456,-0.84667752,0.498961125,0.077819625
1764505250.3235295,-7.08064,4.45592,-0.85456,-0.84667752,0.498961125,0.077819625
1764505250.3235295,-7.08064,4.45592,-0.85456,-0.84667752,0.498961125,0.077819625
1764505250.3235295,-6.821219999999999,2.4416,-2.79258,-0.84814236,0.49706904,0.07458477
1764505250.3235295,-6.821219999999999,2.4416,-2.79258,-0.84814236,0.49706904,0.07458477
1764505250.3235295,-6.821219999999999,2.4416,-2.79258,-0.84814236,0.49706904,0.07458477
1764505250.3235295,-6.821219999999999,2.4416,-2.79258,-0.84814236,0.49706904,0.07458477
1764505250.3245382,-6.821219999999999,2.4416,-2.79258,-0.84814236,0.49706904,0.07458477
1764505250.3245382,-6.821219999999999,2.4416,-2.79258,-0.84814236,0.49706904,0.07458477
1764505250.3245382,-6.821219999999999,2.4416,-2.79258,-0.84814236,0.49706904,0.07458477
1764505250.3245382,-6.821219999999999,2.4416,-2.79258,-0.84814236,0.49706904,0.07458477
1764505250.3666296,-6.821219999999999,2.4416,-2.79258,-0.84814236,0.49706904,0.07458477
1764505250.3666296,-6.821219999999999,2.4416,-2.79258,-0.84814236,0.49706904,0.07458477
1764505250.3666296,-5.44782,-0.94612,-5.55464,-0.8498513400000001,0.49767939,0.07458477
1764505250.3666296,-5.44782,-0.94612,-5.55464,-0.8498513400000001,0.49767939,0.07458477
1764505250.3696194,-5.44782,-0.94612,-5.55464,-0.8498513400000001,0.49767939,0.07458477
1764505250.3696194,-5.44782,-0.94612,-5.55464,-0.8498513400000001,0.49767939,0.07458477
1764505250.3699026,-5.44782,-0.94612,-5.55464,-0.8498513400000001,0.49767939,0.07458477
1764505250.3701136,-5.44782,-0.94612,-5.55464,-0.8498513400000001,0.49767939,0.07458477
1764505250.3701136,-5.44782,-0.94612,-5.55464,-0.8498513400000001,0.49767939,0.07458477
1764505250.3703172,-5.44782,-0.94612,-5.55464,-0.8498513400000001,0.49767939,0.07458477
1764505250.3703172,-5.44782,-0.94612,-5.55464,-0.8498513400000001,0.49767939,0.07458477
1764505250.3703172,-5.44782,-0.94612,-5.55464,-0.8498513400000001,0.49767939,0.07458477
1764505250.3703172,-5.52412,0.50358,-9.59854,-0.854673105,0.5007921750000001,0.075012015
1764505250.3703172,-5.52412,0.50358,-9.59854,-0.854673105,0.5007921750000001,0.075012015
1764505250.3703172,-5.52412,0.50358,-9.59854,-0.854673105,0.5007921750000001,0.075012015
1764505250.3703172,-5.52412,0.50358,-9.59854,-0.854673105,0.5007921750000001,0.075012015
1764505250.3703172,-5.52412,0.50358,-9.59854,-0.854673105,0.5007921750000001,0.075012015
1764505250.3703172,-5.52412,0.50358,-9.59854,-0.854673105,0.5007921750000001,0.075012015
1764505250.3703172,-5.52412,0.50358,-9.59854,-0.854673105,0.5007921750000001,0.075012015
1764505250.3703172,-5.52412,0.50358,-9.59854,-0.854673105,0.5007921750000001,0.075012015
1764505250.3703172,-5.52412,0.50358,-9.59854,-0.854673105,0.5007921750000001,0.075012015
1764505250.3703172,-5.52412,0.50358,-9.59854,-0.854673105,0.5007921750000001,0.075012015
1764505250.3703172,-7.29428,-3.79974,-10.0716,-0.85888452,0.503233575,0.07348614
1764505250.3703172,-7.29428,-3.79974,-10.0716,-0.85888452,0.503233575,0.07348614
1764505250.4149244,-7.29428,-3.79974,-10.0716,-0.85888452,0.503233575,0.07348614
1764505250.4149244,-7.29428,-3.79974,-10.0716,-0.85888452,0.503233575,0.07348614
1764505250.4149244,-7.29428,-3.79974,-10.0716,-0.85888452,0.503233575,0.07348614
1764505250.4149244,-7.29428,-3.79974,-10.0716,-0.85888452,0.503233575,0.07348614
1764505250.4149244,-7.29428,-3.79974,-10.0716,-0.85888452,0.503233575,0.07348614
1764505250.4149244,-7.29428,-3.79974,-10.0716,-0.85888452,0.503233575,0.07348614
1764505250.4149244,-7.29428,-3.79974,-10.0716,-0.85888452,0.503233575,0.07348614
1764505250.4149244,-7.29428,-3.79974,-10.0716,-0.85888452,0.503233575,0.07348614
1764505250.4149244,-8.65242,-5.00528,-4.91372,-0.8566872600000001,0.5044542750000001,0.074035455
1764505250.4149244,-8.65242,-5.00528,-4.91372,-0.8566872600000001,0.5044542750000001,0.074035455
1764505250.4149244,-8.65242,-5.00528,-4.91372,-0.8566872600000001,0.5044542750000001,0.074035455
1764505250.4149244,-8.65242,-5.00528,-4.91372,-0.8566872600000001,0.5044542750000001,0.074035455
1764505250.4159522,-8.65242,-5.00528,-4.91372,-0.8566872600000001,0.5044542750000001,0.074035455
1764505250.4159522,-8.65242,-5.00528,-4.91372,-0.8566872600000001,0.5044542750000001,0.074035455
1764505250.4159522,-8.65242,-5.00528,-4.91372,-0.8566872600000001,0.5044542750000001,0.074035455
1764505250.4159522,-8.65242,-5.00528,-4.91372,-0.8566872600000001,0.5044542750000001,0.074035455
1764505250.4159522,-8.65242,-5.00528,-4.91372,-0.8566872600000001,0.5044542750000001,0.074035455
1764505250.4159522,-8.65242,-5.00528,-4.91372,-0.8566872600000001,0.5044542750000001,0.074035455
1764505250.4159522,-10.0716,-2.73154,0.1525999999999999,-0.849912375,0.50573601,0.07751445
1764505250.4159522,-10.0716,-2.73154,0.1525999999999999,-0.849912375,0.50573601,0.07751445
1764505250.4159522,-10.0716,-2.73154,0.1525999999999999,-0.849912375,0.50573601,0.07751445
1764505250.4159522,-10.0716,-2.73154,0.1525999999999999,-0.849912375,0.50573601,0.07751445
1764505250.4159522,-10.0716,-2.73154,0.1525999999999999,-0.849912375,0.50573601,0.07751445
1764505250.4159522,-10.0716,-2.73154,0.1525999999999999,-0.849912375,0.50573601,0.07751445
1764505250.4607084,-10.0716,-2.73154,0.1525999999999999,-0.849912375,0.50573601,0.07751445
1764505250.4607084,-10.0716,-2.73154,0.1525999999999999,-0.849912375,0.50573601,0.07751445
1764505250.4607084,-10.0716,-2.73154,0.1525999999999999,-0.849912375,0.50573601,0.07751445
1764505250.4607084,-10.0716,-2.73154,0.1525999999999999,-0.849912375,0.50573601,0.07751445
1764505250.4607084,-9.8427,-0.47306,0.8087799999999999,-0.8446023300000001,0.504210135,0.08288553
1764505250.4607084,-9.8427,-0.47306,0.8087799999999999,-0.8446023300000001,0.504210135,0.08288553
1764505250.4607084,-9.8427,-0.47306,0.8087799999999999,-0.8446023300000001,0.504210135,0.08288553
1764505250.4607084,-9.8427,-0.47306,0.8087799999999999,-0.8446023300000001,0.504210135,0.08288553
1764505250.4607084,-9.8427,-0.47306,0.8087799999999999,-0.8446023300000001,0.504210135,0.08288553
1764505250.4607084,-9.8427,-0.47306,0.8087799999999999,-0.8446023300000001,0.504210135,0.08288553
1764505250.4607084,-9.8427,-0.47306,0.8087799999999999,-0.8446023300000001,0.504210135,0.08288553
1764505250.4607084,-9.8427,-0.47306,0.8087799999999999,-0.8446023300000001,0.504210135,0.08288553
1764505250.4607084,-9.8427,-0.47306,0.8087799999999999,-0.8446023300000001,0.504210135,0.08288553
1764505250.4607084,-9.8427,-0.47306,0.8087799999999999,-0.8446023300000001,0.504210135,0.08288553
1764505250.4607084,-9.93426,2.25848,-1.25132,-0.84362577,0.49951044,0.08435037
1764505250.4607084,-9.93426,2.25848,-1.25132,-0.84362577,0.49951044,0.08435037
1764505250.4607084,-9.93426,2.25848,-1.25132,-0.84362577,0.49951044,0.08435037
1764505250.4607084,-9.93426,2.25848,-1.25132,-0.84362577,0.49951044,0.08435037
1764505250.4607084,-9.93426,2.25848,-1.25132,-0.84362577,0.49951044,0.08435037
1764505250.4607084,-9.93426,2.25848,-1.25132,-0.84362577,0.49951044,0.08435037
1764505250.4607084,-9.93426,2.25848,-1.25132,-0.84362577,0.49951044,0.08435037
1764505250.4617257,-9.93426,2.25848,-1.25132,-0.84362577,0.49951044,0.08435037
1764505250.4617257,-9.93426,2.25848,-1.25132,-0.84362577,0.49951044,0.08435037
1764505250.4617257,-9.93426,2.25848,-1.25132,-0.84362577,0.49951044,0.08435037
1764505250.5118234,-9.98004,1.15976,-0.57988,-0.84655545,0.49291866,0.08483865
1764505250.5118234,-9.98004,1.15976,-0.57988,-0.84655545,0.49291866,0.08483865
1764505250.5118234,-9.98004,1.15976,-0.57988,-0.84655545,0.49291866,0.08483865
1764505250.5118234,-9.98004,1.15976,-0.57988,-0.84655545,0.49291866,0.08483865
1764505250.5118234,-9.98004,1.15976,-0.57988,-0.84655545,0.49291866,0.08483865
1764505250.5118234,-9.98004,1.15976,-0.57988,-0.84655545,0.49291866,0.08483865
1764505250.5118234,-9.98004,1.15976,-0.57988,-0.84655545,0.49291866,0.08483865
1764505250.5118234,-9.98004,1.15976,-0.57988,-0.84655545,0.49291866,0.08483865
1764505250.5118234,-9.98004,1.15976,-0.57988,-0.84655545,0.49291866,0.08483865
1764505250.5118234,-9.98004,1.15976,-0.57988,-0.84655545,0.49291866,0.08483865
1764505250.5118234,-8.27092,0.7019599999999999,1.41918,-0.847837185,0.486265845,0.0830076
1764505250.5118234,-8.27092,0.7019599999999999,1.41918,-0.847837185,0.486265845,0.0830076
1764505250.5118234,-8.27092,0.7019599999999999,1.41918,-0.847837185,0.486265845,0.0830076
1764505250.5118234,-8.27092,0.7019599999999999,1.41918,-0.847837185,0.486265845,0.0830076
1764505250.5118234,-8.27092,0.7019599999999999,1.41918,-0.847837185,0.486265845,0.0830076
1764505250.5118234,-8.27092,0.7019599999999999,1.41918,-0.847837185,0.486265845,0.0830076
1764505250.5118234,-8.27092,0.7019599999999999,1.41918,-0.847837185,0.486265845,0.0830076
1764505250.5118234,-8.27092,0.7019599999999999,1.41918,-0.847837185,0.486265845,0.0830076
1764505250.5118234,-8.27092,0.7019599999999999,1.41918,-0.847837185,0.486265845,0.0830076
1764505250.5133336,-8.27092,0.7019599999999999,1.41918,-0.847837185,0.486265845,0.0830076
1764505250.5133336,-5.753019999999999,0.21364,2.62472,-0.849302025,0.482603745,0.082092075
1764505250.5133336,-5.753019999999999,0.21364,2.62472,-0.849302025,0.482603745,0.082092075
1764505250.5133336,-5.753019999999999,0.21364,2.62472,-0.849302025,0.482603745,0.082092075
1764505250.5133336,-5.753019999999999,0.21364,2.62472,-0.849302025,0.482603745,0.082092075
1764505250.557702,-5.753019999999999,0.21364,2.62472,-0.849302025,0.482603745,0.082092075
1764505250.557702,-5.753019999999999,0.21364,2.62472,-0.849302025,0.482603745,0.082092075
1764505250.557702,-5.753019999999999,0.21364,2.62472,-0.849302025,0.482603745,0.082092075
1764505250.557702,-5.753019999999999,0.21364,2.62472,-0.849302025,0.482603745,0.082092075
1764505250.557702,-5.753019999999999,0.21364,2.62472,-0.849302025,0.482603745,0.082092075
1764505250.557702,-5.753019999999999,0.21364,2.62472,-0.849302025,0.482603745,0.082092075
1764505250.557702,-3.052,0.57988,1.89224,-0.851621355,0.48205443,0.0830076
1764505250.557702,-3.052,0.57988,1.89224,-0.851621355,0.48205443,0.0830076
1764505250.557702,-3.052,0.57988,1.89224,-0.851621355,0.48205443,0.0830076
1764505250.557702,-3.052,0.57988,1.89224,-0.851621355,0.48205443,0.0830076
1764505250.5587015,-3.052,0.57988,1.89224,-0.851621355,0.48205443,0.0830076
1764505250.5587015,-3.052,0.57988,1.89224,-0.851621355,0.48205443,0.0830076
1764505250.5587015,-3.052,0.57988,1.89224,-0.851621355,0.48205443,0.0830076
1764505250.5587015,-3.052,0.57988,1.89224,-0.851621355,0.48205443,0.0830076
1764505250.5587015,-3.052,0.57988,1.89224,-0.851621355,0.48205443,0.0830076
1764505250.5587015,-3.052,0.57988,1.89224,-0.851621355,0.48205443,0.0830076
1764505250.5587015,-2.63998,0.06104,0.6103999999999999,-0.8530251600000001,0.48535032,0.08361795
1764505250.5587015,-2.63998,0.06104,0.6103999999999999,-0.8530251600000001,0.48535032,0.08361795
1764505250.5587015,-2.63998,0.06104,0.6103999999999999,-0.8530251600000001,0.48535032,0.08361795
1764505250.5587015,-2.63998,0.06104,0.6103999999999999,-0.8530251600000001,0.48535032,0.08361795
1764505250.5587015,-2.63998,0.06104,0.6103999999999999,-0.8530251600000001,0.48535032,0.08361795
1764505250.5587015,-2.63998,0.06104,0.6103999999999999,-0.8530251600000001,0.48535032,0.08361795
1764505250.6033778,-2.63998,0.06104,0.6103999999999999,-0.8530251600000001,0.48535032,0.08361795
1764505250.6040328,-2.63998,0.06104,0.6103999999999999,-0.8530251600000001,0.48535032,0.08361795
1764505250.6040328,-2.63998,0.06104,0.6103999999999999,-0.8530251600000001,0.48535032,0.08361795
1764505250.6040328,-2.63998,0.06104,0.6103999999999999,-0.8530251600000001,0.48535032,0.08361795
1764505250.6040328,-1.6633399999999998,0.62566,0.3509799999999999,-0.851499285,0.489683805,0.08532693
1764505250.6040328,-1.6633399999999998,0.62566,0.3509799999999999,-0.851499285,0.489683805,0.08532693
1764505250.6040328,-1.6633399999999998,0.62566,0.3509799999999999,-0.851499285,0.489683805,0.08532693
1764505250.6040328,-1.6633399999999998,0.62566,0.3509799999999999,-0.851499285,0.489683805,0.08532693
1764505250.6040328,-1.6633399999999998,0.62566,0.3509799999999999,-0.851499285,0.489683805,0.08532693
1764505250.605043,-1.6633399999999998,0.62566,0.3509799999999999,-0.851499285,0.489683805,0.08532693
1764505250.605043,-1.6633399999999998,0.62566,0.3509799999999999,-0.851499285,0.489683805,0.08532693
1764505250.605043,-1.6633399999999998,0.62566,0.3509799999999999,-0.851499285,0.489683805,0.08532693
1764505250.605043,-1.6633399999999998,0.62566,0.3509799999999999,-0.851499285,0.489683805,0.08532693
1764505250.605043,-1.6633399999999998,0.62566,0.3509799999999999,-0.851499285,0.489683805,0.08532693
1764505250.605043,-2.39582,2.41108,1.09872,-0.850278585,0.49474971,0.08605935
1764505250.605043,-2.39582,2.41108,1.09872,-0.850278585,0.49474971,0.08605935
1764505250.6060386,-2.39582,2.41108,1.09872,-0.850278585,0.49474971,0.08605935
1764505250.6060386,-2.39582,2.41108,1.09872,-0.850278585,0.49474971,0.08605935
1764505250.6060386,-2.39582,2.41108,1.09872,-0.850278585,0.49474971,0.08605935
1764505250.6060386,-2.39582,2.41108,1.09872,-0.850278585,0.49474971,0.08605935
1764505250.6060386,-2.39582,2.41108,1.09872,-0.850278585,0.49474971,0.08605935
1764505250.6060386,-2.39582,2.41108,1.09872,-0.850278585,0.49474971,0.08605935
1764505250.6060386,-2.39582,2.41108,1.09872,-0.850278585,0.49474971,0.08605935
1764505250.6060386,-2.39582,2.41108,1.09872,-0.850278585,0.49474971,0.08605935
1764505250.6482472,-3.3572,1.2971,1.73964,-0.8508889350000001,0.498228705,0.085632105
1764505250.6482472,-3.3572,1.2971,1.73964,-0.8508889350000001,0.498228705,0.085632105
1764505250.6482472,-3.3572,1.2971,1.73964,-0.8508889350000001,0.498228705,0.085632105
1764505250.6482472,-3.3572,1.2971,1.73964,-0.8508889350000001,0.498228705,0.085632105
1764505250.6482472,-3.3572,1.2971,1.73964,-0.8508889350000001,0.498228705,0.085632105
1764505250.6482472,-3.3572,1.2971,1.73964,-0.8508889350000001,0.498228705,0.085632105
1764505250.6482472,-3.3572,1.2971,1.73964,-0.8508889350000001,0.498228705,0.085632105
1764505250.6482472,-3.3572,1.2971,1.73964,-0.8508889350000001,0.498228705,0.085632105
1764505250.6482472,-3.3572,1.2971,1.73964,-0.8508889350000001,0.498228705,0.085632105
1764505250.6482472,-3.3572,1.2971,1.73964,-0.8508889350000001,0.498228705,0.085632105
1764505250.6492608,-5.2647,1.63282,1.31236,-0.8504006550000001,0.49828974,0.084899685
1764505250.6492608,-5.2647,1.63282,1.31236,-0.8504006550000001,0.49828974,0.084899685
1764505250.6492608,-5.2647,1.63282,1.31236,-0.8504006550000001,0.49828974,0.084899685
1764505250.6492608,-5.2647,1.63282,1.31236,-0.8504006550000001,0.49828974,0.084899685
1764505250.65026,-5.2647,1.63282,1.31236,-0.8504006550000001,0.49828974,0.084899685
1764505250.65026,-5.2647,1.63282,1.31236,-0.8504006550000001,0.49828974,0.084899685
1764505250.65026,-5.2647,1.63282,1.31236,-0.8504006550000001,0.49828974,0.084899685
1764505250.65026,-5.2647,1.63282,1.31236,-0.8504006550000001,0.49828974,0.084899685
1764505250.651441,-5.2647,1.63282,1.31236,-0.8504006550000001,0.49828974,0.084899685
1764505250.651441,-5.2647,1.63282,1.31236,-0.8504006550000001,0.49828974,0.084899685
1764505250.651441,-6.790699999999999,2.4416,0.27468,-0.84924099,0.497008005,0.083556915
1764505250.651441,-6.790699999999999,2.4416,0.27468,-0.84924099,0.497008005,0.083556915
1764505250.651441,-6.790699999999999,2.4416,0.27468,-0.84924099,0.497008005,0.083556915
1764505250.652239,-6.790699999999999,2.4416,0.27468,-0.84924099,0.497008005,0.083556915
1764505250.69585,-6.790699999999999,2.4416,0.27468,-0.84924099,0.497008005,0.083556915
1764505250.69585,-6.790699999999999,2.4416,0.27468,-0.84924099,0.497008005,0.083556915
1764505250.6971354,-6.790699999999999,2.4416,0.27468,-0.84924099,0.497008005,0.083556915
1764505250.6971354,-6.790699999999999,2.4416,0.27468,-0.84924099,0.497008005,0.083556915
1764505250.6971354,-6.790699999999999,2.4416,0.27468,-0.84924099,0.497008005,0.083556915
1764505250.6971354,-6.790699999999999,2.4416,0.27468,-0.84924099,0.497008005,0.083556915
1764505250.6981492,-6.21082,2.38056,-0.25942,-0.8504006550000001,0.49572627,0.082702425
1764505250.6981492,-6.21082,2.38056,-0.25942,-0.8504006550000001,0.49572627,0.082702425
1764505250.6985795,-6.21082,2.38056,-0.25942,-0.8504006550000001,0.49572627,0.082702425
1764505250.69893,-6.21082,2.38056,-0.25942,-0.8504006550000001,0.49572627,0.082702425
1764505250.69893,-6.21082,2.38056,-0.25942,-0.8504006550000001,0.49572627,0.082702425
1764505250.69893,-6.21082,2.38056,-0.25942,-0.8504006550000001,0.49572627,0.082702425
1764505250.69893,-6.21082,2.38056,-0.25942,-0.8504006550000001,0.49572627,0.082702425
1764505250.69893,-6.21082,2.38056,-0.25942,-0.8504006550000001,0.49572627,0.082702425
1764505250.69995,-6.21082,2.38056,-0.25942,-0.8504006550000001,0.49572627,0.082702425
1764505250.69995,-6.21082,2.38056,-0.25942,-0.8504006550000001,0.49572627,0.082702425
1764505250.69995,-5.21892,1.17502,0.1678599999999999,-0.852719985,0.49645869,0.08325174
1764505250.7009408,-5.21892,1.17502,0.1678599999999999,-0.852719985,0.49645869,0.08325174
1764505250.7009408,-5.21892,1.17502,0.1678599999999999,-0.852719985,0.49645869,0.08325174
1764505250.7009408,-5.21892,1.17502,0.1678599999999999,-0.852719985,0.49645869,0.08325174
1764505250.7009408,-5.21892,1.17502,0.1678599999999999,-0.852719985,0.49645869,0.08325174
1764505250.7009408,-5.21892,1.17502,0.1678599999999999,-0.852719985,0.49645869,0.08325174
1764505250.7419372,-5.21892,1.17502,0.1678599999999999,-0.852719985,0.49645869,0.08325174
1764505250.7419372,-5.21892,1.17502,0.1678599999999999,-0.852719985,0.49645869,0.08325174
1764505250.742954,-5.21892,1.17502,0.1678599999999999,-0.852719985,0.49645869,0.08325174
1764505250.742954,-5.21892,1.17502,0.1678599999999999,-0.852719985,0.49645869,0.08325174
1764505250.742954,-5.24944,-0.48832,0.18312,-0.853086195,0.496763865,0.083434845
1764505250.742954,-5.24944,-0.48832,0.18312,-0.853086195,0.496763865,0.083434845
1764505250.742954,-5.24944,-0.48832,0.18312,-0.853086195,0.496763865,0.083434845
1764505250.742954,-5.24944,-0.48832,0.18312,-0.853086195,0.496763865,0.083434845
1764505250.742954,-5.24944,-0.48832,0.18312,-0.853086195,0.496763865,0.083434845
1764505250.742954,-5.24944,-0.48832,0.18312,-0.853086195,0.496763865,0.083434845
1764505250.742954,-5.24944,-0.48832,0.18312,-0.853086195,0.496763865,0.083434845
1764505250.7434657,-5.24944,-0.48832,0.18312,-0.853086195,0.496763865,0.083434845
1764505250.7434657,-5.24944,-0.48832,0.18312,-0.853086195,0.496763865,0.083434845
1764505250.7434657,-5.24944,-0.48832,0.18312,-0.853086195,0.496763865,0.083434845
1764505250.7434657,-5.0358,0.0762999999999999,-0.13734,-0.85058376,0.49658076,0.08374002
1764505250.7434657,-5.0358,0.0762999999999999,-0.13734,-0.85058376,0.49658076,0.08374002
1764505250.7434657,-5.0358,0.0762999999999999,-0.13734,-0.85058376,0.49658076,0.08374002
1764505250.7434657,-5.0358,0.0762999999999999,-0.13734,-0.85058376,0.49658076,0.08374002
1764505250.7434657,-5.0358,0.0762999999999999,-0.13734,-0.85058376,0.49658076,0.08374002
1764505250.7434657,-5.0358,0.0762999999999999,-0.13734,-0.85058376,0.49658076,0.08374002
1764505250.7434657,-5.0358,0.0762999999999999,-0.13734,-0.85058376,0.49658076,0.08374002
1764505250.7434657,-5.0358,0.0762999999999999,-0.13734,-0.85058376,0.49658076,0.08374002
1764505250.7434657,-5.0358,0.0762999999999999,-0.13734,-0.85058376,0.49658076,0.08374002
1764505250.7434657,-5.0358,0.0762999999999999,-0.13734,-0.85058376,0.49658076,0.08374002
1764505250.7911718,-5.1121,1.72438,0.04578,-0.84875271,0.49548213,0.08325174
1764505250.7911718,-5.1121,1.72438,0.04578,-0.84875271,0.49548213,0.08325174
1764505250.7911718,-5.1121,1.72438,0.04578,-0.84875271,0.49548213,0.08325174
1764505250.7911718,-5.1121,1.72438,0.04578,-0.84875271,0.49548213,0.08325174
1764505250.7921684,-5.1121,1.72438,0.04578,-0.84875271,0.49548213,0.08325174
1764505250.7921684,-5.1121,1.72438,0.04578,-0.84875271,0.49548213,0.08325174
1764505250.7921684,-5.1121,1.72438,0.04578,-0.84875271,0.49548213,0.08325174
1764505250.7921684,-5.1121,1.72438,0.04578,-0.84875271,0.49548213,0.08325174
1764505250.7921684,-5.1121,1.72438,0.04578,-0.84875271,0.49548213,0.08325174
1764505250.7921684,-5.1121,1.72438,0.04578,-0.84875271,0.49548213,0.08325174
1764505250.7921684,-4.54748,0.73248,0.4578,-0.849057885,0.496519725,0.08227518
1764505250.7921684,-4.54748,0.73248,0.4578,-0.849057885,0.496519725,0.08227518
1764505250.7921684,-4.54748,0.73248,0.4578,-0.849057885,0.496519725,0.08227518
1764505250.7921684,-4.54748,0.73248,0.4578,-0.849057885,0.496519725,0.08227518
1764505250.7921684,-4.54748,0.73248,0.4578,-0.849057885,0.496519725,0.08227518
1764505250.7921684,-4.54748,0.73248,0.4578,-0.849057885,0.496519725,0.08227518
1764505250.7921684,-4.54748,0.73248,0.4578,-0.849057885,0.496519725,0.08227518
1764505250.7921684,-4.54748,0.73248,0.4578,-0.849057885,0.496519725,0.08227518
1764505250.7921684,-4.54748,0.73248,0.4578,-0.849057885,0.496519725,0.08227518
1764505250.7921684,-4.54748,0.73248,0.4578,-0.849057885,0.496519725,0.08227518
1764505250.7921684,-5.31048,1.0682,-0.18312,-0.84863064,0.498961125,0.08251932
1764505250.7921684,-5.31048,1.0682,-0.18312,-0.84863064,0.498961125,0.08251932
1764505250.7921684,-5.31048,1.0682,-0.18312,-0.84863064,0.498961125,0.08251932
1764505250.7921684,-5.31048,1.0682,-0.18312,-0.84863064,0.498961125,0.08251932
1764505250.8368876,-5.31048,1.0682,-0.18312,-0.84863064,0.498961125,0.08251932
1764505250.8368876,-5.31048,1.0682,-0.18312,-0.84863064,0.498961125,0.08251932
1764505250.8368876,-5.31048,1.0682,-0.18312,-0.84863064,0.498961125,0.08251932
1764505250.8368876,-5.31048,1.0682,-0.18312,-0.84863064,0.498961125,0.08251932
1764505250.8368876,-5.31048,1.0682,-0.18312,-0.84863064,0.498961125,0.08251932
1764505250.8368876,-5.31048,1.0682,-0.18312,-0.84863064,0.498961125,0.08251932
1764505250.8368876,-7.0196,2.73154,0.10682,-0.848447535,0.50024286,0.08288553
1764505250.8368876,-7.0196,2.73154,0.10682,-0.848447535,0.50024286,0.08288553
1764505250.8368876,-7.0196,2.73154,0.10682,-0.848447535,0.50024286,0.08288553
1764505250.8368876,-7.0196,2.73154,0.10682,-0.848447535,0.50024286,0.08288553
1764505250.8368876,-7.0196,2.73154,0.10682,-0.848447535,0.50024286,0.08288553
1764505250.8368876,-7.0196,2.73154,0.10682,-0.848447535,0.50024286,0.08288553
1764505250.8368876,-7.0196,2.73154,0.10682,-0.848447535,0.50024286,0.08288553
1764505250.8368876,-7.0196,2.73154,0.10682,-0.848447535,0.50024286,0.08288553
1764505250.8368876,-7.0196,2.73154,0.10682,-0.848447535,0.50024286,0.08288553
1764505250.8368876,-7.0196,2.73154,0.10682,-0.848447535,0.50024286,0.08288553
1764505250.8368876,-8.14884,1.41918,0.6714399999999999,-0.850278585,0.50012079,0.082824495
1764505250.8373964,-8.14884,1.41918,0.6714399999999999,-0.850278585,0.50012079,0.082824495
1764505250.8373964,-8.14884,1.41918,0.6714399999999999,-0.850278585,0.50012079,0.082824495
1764505250.8373964,-8.14884,1.41918,0.6714399999999999,-0.850278585,0.50012079,0.082824495
1764505250.8373964,-8.14884,1.41918,0.6714399999999999,-0.850278585,0.50012079,0.082824495
1764505250.8373964,-8.14884,1.41918,0.6714399999999999,-0.850278585,0.50012079,0.082824495
1764505250.884805,-8.14884,1.41918,0.6714399999999999,-0.850278585,0.50012079,0.082824495
1764505250.884805,-8.14884,1.41918,0.6714399999999999,-0.850278585,0.50012079,0.082824495
1764505250.884805,-8.14884,1.41918,0.6714399999999999,-0.850278585,0.50012079,0.082824495
1764505250.884805,-8.14884,1.41918,0.6714399999999999,-0.850278585,0.50012079,0.082824495
1764505250.884805,-7.752079999999999,-0.3509799999999999,0.85456,-0.8519875650000001,0.499449405,0.08325174
1764505250.884805,-7.752079999999999,-0.3509799999999999,0.85456,-0.8519875650000001,0.499449405,0.08325174
1764505250.884805,-7.752079999999999,-0.3509799999999999,0.85456,-0.8519875650000001,0.499449405,0.08325174
1764505250.884805,-7.752079999999999,-0.3509799999999999,0.85456,-0.8519875650000001,0.499449405,0.08325174
1764505250.884805,-7.752079999999999,-0.3509799999999999,0.85456,-0.8519875650000001,0.499449405,0.08325174
1764505250.884805,-7.752079999999999,-0.3509799999999999,0.85456,-0.8519875650000001,0.499449405,0.08325174
1764505250.884805,-7.752079999999999,-0.3509799999999999,0.85456,-0.8519875650000001,0.499449405,0.08325174
1764505250.884805,-7.752079999999999,-0.3509799999999999,0.85456,-0.8519875650000001,0.499449405,0.08325174
1764505250.884805,-7.752079999999999,-0.3509799999999999,0.85456,-0.8519875650000001,0.499449405,0.08325174
1764505250.885367,-7.752079999999999,-0.3509799999999999,0.85456,-0.8519875650000001,0.499449405,0.08325174
1764505250.885367,-6.66862,0.73248,0.97664,-0.852597915,0.497008005,0.082824495
1764505250.885367,-6.66862,0.73248,0.97664,-0.852597915,0.497008005,0.082824495
1764505250.885367,-6.66862,0.73248,0.97664,-0.852597915,0.497008005,0.082824495
1764505250.885367,-6.66862,0.73248,0.97664,-0.852597915,0.497008005,0.082824495
1764505250.885367,-6.66862,0.73248,0.97664,-0.852597915,0.497008005,0.082824495
1764505250.885367,-6.66862,0.73248,0.97664,-0.852597915,0.497008005,0.082824495
1764505250.885367,-6.66862,0.73248,0.97664,-0.852597915,0.497008005,0.082824495
1764505250.885367,-6.66862,0.73248,0.97664,-0.852597915,0.497008005,0.082824495
1764505250.885367,-6.66862,0.73248,0.97664,-0.852597915,0.497008005,0.082824495
1764505250.885367,-6.66862,0.73248,0.97664,-0.852597915,0.497008005,0.082824495
1764505250.9305756,-6.47024,0.3815,0.3815,-0.853086195,0.49597041,0.08312967
1764505250.9305756,-6.47024,0.3815,0.3815,-0.853086195,0.49597041,0.08312967
1764505250.9305756,-6.47024,0.3815,0.3815,-0.853086195,0.49597041,0.08312967
1764505250.9305756,-6.47024,0.3815,0.3815,-0.853086195,0.49597041,0.08312967
1764505250.9305756,-6.47024,0.3815,0.3815,-0.853086195,0.49597041,0.08312967
1764505250.9305756,-6.47024,0.3815,0.3815,-0.853086195,0.49597041,0.08312967
1764505250.9305756,-6.47024,0.3815,0.3815,-0.853086195,0.49597041,0.08312967
1764505250.9305756,-6.47024,0.3815,0.3815,-0.853086195,0.49597041,0.08312967
1764505250.9305756,-6.47024,0.3815,0.3815,-0.853086195,0.49597041,0.08312967
1764505250.9305756,-6.47024,0.3815,0.3815,-0.853086195,0.49597041,0.08312967
1764505250.9305756,-4.959499999999999,-0.24416,-0.9156,-0.854306895,0.495299025,0.084289335
1764505250.9305756,-4.959499999999999,-0.24416,-0.9156,-0.854306895,0.495299025,0.084289335
1764505250.9305756,-4.959499999999999,-0.24416,-0.9156,-0.854306895,0.495299025,0.084289335
1764505250.9305756,-4.959499999999999,-0.24416,-0.9156,-0.854306895,0.495299025,0.084289335
1764505250.9305756,-4.959499999999999,-0.24416,-0.9156,-0.854306895,0.495299025,0.084289335
1764505250.9305756,-4.959499999999999,-0.24416,-0.9156,-0.854306895,0.495299025,0.084289335
1764505250.9305756,-4.959499999999999,-0.24416,-0.9156,-0.854306895,0.495299025,0.084289335
1764505250.9305756,-4.959499999999999,-0.24416,-0.9156,-0.854306895,0.495299025,0.084289335
1764505250.9305756,-4.959499999999999,-0.24416,-0.9156,-0.854306895,0.495299025,0.084289335
1764505250.9305756,-4.959499999999999,-0.24416,-0.9156,-0.854306895,0.495299025,0.084289335
1764505250.9305756,-4.25754,-0.62566,-2.19744,-0.8540627550000001,0.495543165,0.084899685
1764505250.9305756,-4.25754,-0.62566,-2.19744,-0.8540627550000001,0.495543165,0.084899685
1764505250.9752936,-4.25754,-0.62566,-2.19744,-0.8540627550000001,0.495543165,0.084899685
1764505250.9752936,-4.25754,-0.62566,-2.19744,-0.8540627550000001,0.495543165,0.084899685
1764505250.9752936,-4.25754,-0.62566,-2.19744,-0.8540627550000001,0.495543165,0.084899685
1764505250.9752936,-4.25754,-0.62566,-2.19744,-0.8540627550000001,0.495543165,0.084899685
1764505250.9752936,-4.25754,-0.62566,-2.19744,-0.8540627550000001,0.495543165,0.084899685
1764505250.9763143,-4.25754,-0.62566,-2.19744,-0.8540627550000001,0.495543165,0.084899685
1764505250.9763143,-4.25754,-0.62566,-2.19744,-0.8540627550000001,0.495543165,0.084899685
1764505250.9763143,-4.25754,-0.62566,-2.19744,-0.8540627550000001,0.495543165,0.084899685
1764505250.9763143,-4.91372,-0.6714399999999999,-2.10588,-0.853696545,0.497740425,0.08532693
1764505250.977307,-4.91372,-0.6714399999999999,-2.10588,-0.853696545,0.497740425,0.08532693
1764505250.977307,-4.91372,-0.6714399999999999,-2.10588,-0.853696545,0.497740425,0.08532693
1764505250.977307,-4.91372,-0.6714399999999999,-2.10588,-0.853696545,0.497740425,0.08532693
1764505250.977307,-4.91372,-0.6714399999999999,-2.10588,-0.853696545,0.497740425,0.08532693
1764505250.977307,-4.91372,-0.6714399999999999,-2.10588,-0.853696545,0.497740425,0.08532693
1764505250.9783072,-4.91372,-0.6714399999999999,-2.10588,-0.853696545,0.497740425,0.08532693
1764505250.9783072,-4.91372,-0.6714399999999999,-2.10588,-0.853696545,0.497740425,0.08532693
1764505250.9783072,-4.91372,-0.6714399999999999,-2.10588,-0.853696545,0.497740425,0.08532693
1764505250.9783072,-4.91372,-0.6714399999999999,-2.10588,-0.853696545,0.497740425,0.08532693
1764505250.9793024,-5.52412,-0.6714399999999999,-1.6022999999999998,-0.851499285,0.499449405,0.085876245
1764505250.9793024,-5.52412,-0.6714399999999999,-1.6022999999999998,-0.851499285,0.499449405,0.085876245
1764505250.9793024,-5.52412,-0.6714399999999999,-1.6022999999999998,-0.851499285,0.499449405,0.085876245
1764505250.9793024,-5.52412,-0.6714399999999999,-1.6022999999999998,-0.851499285,0.499449405,0.085876245
1764505250.9793024,-5.52412,-0.6714399999999999,-1.6022999999999998,-0.851499285,0.499449405,0.085876245
1764505250.980302,-5.52412,-0.6714399999999999,-1.6022999999999998,-0.851499285,0.499449405,0.085876245
1764505251.0224926,-5.52412,-0.6714399999999999,-1.6022999999999998,-0.851499285,0.499449405,0.085876245
1764505251.0224926,-5.52412,-0.6714399999999999,-1.6022999999999998,-0.851499285,0.499449405,0.085876245
1764505251.0224926,-5.52412,-0.6714399999999999,-1.6022999999999998,-0.851499285,0.499449405,0.085876245
1764505251.0236442,-5.52412,-0.6714399999999999,-1.6022999999999998,-0.851499285,0.499449405,0.085876245
1764505251.0236442,-7.66052,1.1445,-1.19028,-0.84740994,0.500548035,0.086486595
1764505251.0236442,-7.66052,1.1445,-1.19028,-0.84740994,0.500548035,0.086486595
1764505251.0236442,-7.66052,1.1445,-1.19028,-0.84740994,0.500548035,0.086486595
1764505251.0236442,-7.66052,1.1445,-1.19028,-0.84740994,0.500548035,0.086486595
1764505251.0236442,-7.66052,1.1445,-1.19028,-0.84740994,0.500548035,0.086486595
1764505251.0236442,-7.66052,1.1445,-1.19028,-0.84740994,0.500548035,0.086486595
1764505251.0236442,-7.66052,1.1445,-1.19028,-0.84740994,0.500548035,0.086486595
1764505251.024658,-7.66052,1.1445,-1.19028,-0.84740994,0.500548035,0.086486595
1764505251.024658,-7.66052,1.1445,-1.19028,-0.84740994,0.500548035,0.086486595
1764505251.024658,-7.66052,1.1445,-1.19028,-0.84740994,0.500548035,0.086486595
1764505251.024658,-9.04918,2.30426,-1.6633399999999998,-0.844785435,0.49780146,0.08715798
1764505251.024658,-9.04918,2.30426,-1.6633399999999998,-0.844785435,0.49780146,0.08715798
1764505251.024658,-9.04918,2.30426,-1.6633399999999998,-0.844785435,0.49780146,0.08715798
1764505251.024658,-9.04918,2.30426,-1.6633399999999998,-0.844785435,0.49780146,0.08715798
1764505251.024658,-9.04918,2.30426,-1.6633399999999998,-0.844785435,0.49780146,0.08715798
1764505251.024658,-9.04918,2.30426,-1.6633399999999998,-0.844785435,0.49780146,0.08715798
1764505251.024658,-9.04918,2.30426,-1.6633399999999998,-0.844785435,0.49780146,0.08715798
1764505251.025661,-9.04918,2.30426,-1.6633399999999998,-0.844785435,0.49780146,0.08715798
1764505251.025661,-9.04918,2.30426,-1.6633399999999998,-0.844785435,0.49780146,0.08715798
1764505251.025661,-9.04918,2.30426,-1.6633399999999998,-0.844785435,0.49780146,0.08715798
1764505251.068199,-8.40826,2.94518,-1.11398,-0.8435647350000001,0.492125205,0.087707295
1764505251.068199,-8.40826,2.94518,-1.11398,-0.8435647350000001,0.492125205,0.087707295
1764505251.068199,-8.40826,2.94518,-1.11398,-0.8435647350000001,0.492125205,0.087707295
1764505251.0687473,-8.40826,2.94518,-1.11398,-0.8435647350000001,0.492125205,0.087707295
1764505251.0687473,-8.40826,2.94518,-1.11398,-0.8435647350000001,0.492125205,0.087707295
1764505251.0687473,-8.40826,2.94518,-1.11398,-0.8435647350000001,0.492125205,0.087707295
1764505251.0687473,-8.40826,2.94518,-1.11398,-0.8435647350000001,0.492125205,0.087707295
1764505251.0687473,-8.40826,2.94518,-1.11398,-0.8435647350000001,0.492125205,0.087707295
1764505251.0687473,-8.40826,2.94518,-1.11398,-0.8435647350000001,0.492125205,0.087707295
1764505251.0687473,-8.40826,2.94518,-1.11398,-0.8435647350000001,0.492125205,0.087707295
1764505251.0687473,-7.095899999999999,2.80784,0.54936,-0.84435819,0.487730685,0.08605935
1764505251.0687473,-7.095899999999999,2.80784,0.54936,-0.84435819,0.487730685,0.08605935
1764505251.0687473,-7.095899999999999,2.80784,0.54936,-0.84435819,0.487730685,0.08605935
1764505251.0687473,-7.095899999999999,2.80784,0.54936,-0.84435819,0.487730685,0.08605935
1764505251.0687473,-7.095899999999999,2.80784,0.54936,-0.84435819,0.487730685,0.08605935
1764505251.0687473,-7.095899999999999,2.80784,0.54936,-0.84435819,0.487730685,0.08605935
1764505251.0687473,-7.095899999999999,2.80784,0.54936,-0.84435819,0.487730685,0.08605935
1764505251.0687473,-7.095899999999999,2.80784,0.54936,-0.84435819,0.487730685,0.08605935
1764505251.0687473,-7.095899999999999,2.80784,0.54936,-0.84435819,0.487730685,0.08605935
1764505251.0687473,-7.095899999999999,2.80784,0.54936,-0.84435819,0.487730685,0.08605935
1764505251.0687473,-5.21892,1.12924,1.34288,-0.847470975,0.48571653,0.08532693
1764505251.0687473,-5.21892,1.12924,1.34288,-0.847470975,0.48571653,0.08532693
1764505251.1177824,-5.21892,1.12924,1.34288,-0.847470975,0.48571653,0.08532693
1764505251.1177824,-5.21892,1.12924,1.34288,-0.847470975,0.48571653,0.08532693
1764505251.1177824,-5.21892,1.12924,1.34288,-0.847470975,0.48571653,0.08532693
1764505251.1177824,-5.21892,1.12924,1.34288,-0.847470975,0.48571653,0.08532693
1764505251.1177824,-5.21892,1.12924,1.34288,-0.847470975,0.48571653,0.08532693
1764505251.1177824,-5.21892,1.12924,1.34288,-0.847470975,0.48571653,0.08532693
1764505251.1177824,-5.21892,1.12924,1.34288,-0.847470975,0.48571653,0.08532693
1764505251.1177824,-5.21892,1.12924,1.34288,-0.847470975,0.48571653,0.08532693
1764505251.1177824,-3.84552,-0.2289,0.97664,-0.84887478,0.484312725,0.08618142
1764505251.1177824,-3.84552,-0.2289,0.97664,-0.84887478,0.484312725,0.08618142
1764505251.1177824,-3.84552,-0.2289,0.97664,-0.84887478,0.484312725,0.08618142
1764505251.1177824,-3.84552,-0.2289,0.97664,-0.84887478,0.484312725,0.08618142
1764505251.1177824,-3.84552,-0.2289,0.97664,-0.84887478,0.484312725,0.08618142
1764505251.1177824,-3.84552,-0.2289,0.97664,-0.84887478,0.484312725,0.08618142
1764505251.1177824,-3.84552,-0.2289,0.97664,-0.84887478,0.484312725,0.08618142
1764505251.1177824,-3.84552,-0.2289,0.97664,-0.84887478,0.484312725,0.08618142
1764505251.1177824,-3.84552,-0.2289,0.97664,-0.84887478,0.484312725,0.08618142
1764505251.1177824,-3.84552,-0.2289,0.97664,-0.84887478,0.484312725,0.08618142
1764505251.1177824,-2.2127,0.3509799999999999,0.96138,-0.85070583,0.48351927,0.088805925
1764505251.1177824,-2.2127,0.3509799999999999,0.96138,-0.85070583,0.48351927,0.088805925
1764505251.1177824,-2.2127,0.3509799999999999,0.96138,-0.85070583,0.48351927,0.088805925
1764505251.1177824,-2.2127,0.3509799999999999,0.96138,-0.85070583,0.48351927,0.088805925
1764505251.1177824,-2.2127,0.3509799999999999,0.96138,-0.85070583,0.48351927,0.088805925
1764505251.1177824,-2.2127,0.3509799999999999,0.96138,-0.85070583,0.48351927,0.088805925
1764505251.164278,-2.2127,0.3509799999999999,0.96138,-0.85070583,0.48351927,0.088805925
1764505251.164278,-2.2127,0.3509799999999999,0.96138,-0.85070583,0.48351927,0.088805925
1764505251.164278,-2.2127,0.3509799999999999,0.96138,-0.85070583,0.48351927,0.088805925
1764505251.164278,-2.2127,0.3509799999999999,0.96138,-0.85070583,0.48351927,0.088805925
1764505251.164278,-1.6022999999999998,0.93086,1.00716,-0.85265895,0.48559446,0.089538345
1764505251.164278,-1.6022999999999998,0.93086,1.00716,-0.85265895,0.48559446,0.089538345
1764505251.164278,-1.6022999999999998,0.93086,1.00716,-0.85265895,0.48559446,0.089538345
1764505251.164278,-1.6022999999999998,0.93086,1.00716,-0.85265895,0.48559446,0.089538345
1764505251.164278,-1.6022999999999998,0.93086,1.00716,-0.85265895,0.48559446,0.089538345
1764505251.164278,-1.6022999999999998,0.93086,1.00716,-0.85265895,0.48559446,0.089538345
1764505251.164278,-1.6022999999999998,0.93086,1.00716,-0.85265895,0.48559446,0.089538345
1764505251.164278,-1.6022999999999998,0.93086,1.00716,-0.85265895,0.48559446,0.089538345
1764505251.164278,-1.6022999999999998,0.93086,1.00716,-0.85265895,0.48559446,0.089538345
1764505251.164278,-1.6022999999999998,0.93086,1.00716,-0.85265895,0.48559446,0.089538345
1764505251.164278,-2.22796,1.02242,1.3734,-0.85400172,0.490660365,0.08801247
1764505251.164278,-2.22796,1.02242,1.3734,-0.85400172,0.490660365,0.08801247
1764505251.164278,-2.22796,1.02242,1.3734,-0.85400172,0.490660365,0.08801247
1764505251.164278,-2.22796,1.02242,1.3734,-0.85400172,0.490660365,0.08801247
1764505251.164278,-2.22796,1.02242,1.3734,-0.85400172,0.490660365,0.08801247
1764505251.164278,-2.22796,1.02242,1.3734,-0.85400172,0.490660365,0.08801247
1764505251.164278,-2.22796,1.02242,1.3734,-0.85400172,0.490660365,0.08801247
1764505251.164278,-2.22796,1.02242,1.3734,-0.85400172,0.490660365,0.08801247
1764505251.164278,-2.22796,1.02242,1.3734,-0.85400172,0.490660365,0.08801247
1764505251.164278,-2.22796,1.02242,1.3734,-0.85400172,0.490660365,0.08801247
1764505251.21252,-4.39488,0.39676,-0.47306,-0.85290309,0.49584834,0.08728005
1764505251.21252,-4.39488,0.39676,-0.47306,-0.85290309,0.49584834,0.08728005
1764505251.21252,-4.39488,0.39676,-0.47306,-0.85290309,0.49584834,0.08728005
1764505251.21252,-4.39488,0.39676,-0.47306,-0.85290309,0.49584834,0.08728005
1764505251.21252,-4.39488,0.39676,-0.47306,-0.85290309,0.49584834,0.08728005
1764505251.21252,-4.39488,0.39676,-0.47306,-0.85290309,0.49584834,0.08728005
1764505251.21252,-4.39488,0.39676,-0.47306,-0.85290309,0.49584834,0.08728005
1764505251.21252,-4.39488,0.39676,-0.47306,-0.85290309,0.49584834,0.08728005
1764505251.21252,-4.39488,0.39676,-0.47306,-0.85290309,0.49584834,0.08728005
1764505251.21252,-4.39488,0.39676,-0.47306,-0.85290309,0.49584834,0.08728005
1764505251.21252,-4.21176,1.12924,-0.2289,-0.85021755,0.498961125,0.0878904
1764505251.21252,-4.21176,1.12924,-0.2289,-0.85021755,0.498961125,0.0878904
1764505251.21252,-4.21176,1.12924,-0.2289,-0.85021755,0.498961125,0.0878904
1764505251.21252,-4.21176,1.12924,-0.2289,-0.85021755,0.498961125,0.0878904
1764505251.21252,-4.21176,1.12924,-0.2289,-0.85021755,0.498961125,0.0878904
1764505251.21252,-4.21176,1.12924,-0.2289,-0.85021755,0.498961125,0.0878904
1764505251.21252,-4.21176,1.12924,-0.2289,-0.85021755,0.498961125,0.0878904
1764505251.21252,-4.21176,1.12924,-0.2289,-0.85021755,0.498961125,0.0878904
1764505251.21252,-4.21176,1.12924,-0.2289,-0.85021755,0.498961125,0.0878904
1764505251.213538,-4.21176,1.12924,-0.2289,-0.85021755,0.498961125,0.0878904
1764505251.213538,-5.05106,1.69386,0.82404,-0.849912375,0.498106635,0.08679177
1764505251.213538,-5.05106,1.69386,0.82404,-0.849912375,0.498106635,0.08679177
1764505251.213538,-5.05106,1.69386,0.82404,-0.849912375,0.498106635,0.08679177
1764505251.213538,-5.05106,1.69386,0.82404,-0.849912375,0.498106635,0.08679177
1764505251.2588708,-5.05106,1.69386,0.82404,-0.849912375,0.498106635,0.08679177
1764505251.2588708,-5.05106,1.69386,0.82404,-0.849912375,0.498106635,0.08679177
1764505251.2604768,-5.05106,1.69386,0.82404,-0.849912375,0.498106635,0.08679177
1764505251.2604768,-5.05106,1.69386,0.82404,-0.849912375,0.498106635,0.08679177
1764505251.2604768,-5.05106,1.69386,0.82404,-0.849912375,0.498106635,0.08679177
1764505251.2604768,-5.05106,1.69386,0.82404,-0.849912375,0.498106635,0.08679177
1764505251.2604768,-5.371519999999999,1.63282,1.25132,-0.849302025,0.497130075,0.08557107
1764505251.2604768,-5.371519999999999,1.63282,1.25132,-0.849302025,0.497130075,0.08557107
1764505251.2604768,-5.371519999999999,1.63282,1.25132,-0.849302025,0.497130075,0.08557107
1764505251.2604768,-5.371519999999999,1.63282,1.25132,-0.849302025,0.497130075,0.08557107
1764505251.2604768,-5.371519999999999,1.63282,1.25132,-0.849302025,0.497130075,0.08557107
1764505251.2604768,-5.371519999999999,1.63282,1.25132,-0.849302025,0.497130075,0.08557107
1764505251.2604768,-5.371519999999999,1.63282,1.25132,-0.849302025,0.497130075,0.08557107
1764505251.2614875,-5.371519999999999,1.63282,1.25132,-0.849302025,0.497130075,0.08557107
1764505251.2614875,-5.371519999999999,1.63282,1.25132,-0.849302025,0.497130075,0.08557107
1764505251.2614875,-5.371519999999999,1.63282,1.25132,-0.849302025,0.497130075,0.08557107
1764505251.2614875,-5.5699,0.96138,0.8392999999999999,-0.8493630600000001,0.493590045,0.085021755
1764505251.2614875,-5.5699,0.96138,0.8392999999999999,-0.8493630600000001,0.493590045,0.085021755
1764505251.2614875,-5.5699,0.96138,0.8392999999999999,-0.8493630600000001,0.493590045,0.085021755
1764505251.2614875,-5.5699,0.96138,0.8392999999999999,-0.8493630600000001,0.493590045,0.085021755
1764505251.2614875,-5.5699,0.96138,0.8392999999999999,-0.8493630600000001,0.493590045,0.085021755
1764505251.2614875,-5.5699,0.96138,0.8392999999999999,-0.8493630600000001,0.493590045,0.085021755
1764505251.2624855,-5.5699,0.96138,0.8392999999999999,-0.8493630600000001,0.493590045,0.085021755
1764505251.2624855,-5.5699,0.96138,0.8392999999999999,-0.8493630600000001,0.493590045,0.085021755
1764505251.305864,-5.5699,0.96138,0.8392999999999999,-0.8493630600000001,0.493590045,0.085021755
1764505251.305864,-5.5699,0.96138,0.8392999999999999,-0.8493630600000001,0.493590045,0.085021755
1764505251.305864,-4.8069,1.4039199999999998,0.3815,-0.85021755,0.491148645,0.08532693
1764505251.305864,-4.8069,1.4039199999999998,0.3815,-0.85021755,0.491148645,0.08532693
1764505251.305864,-4.8069,1.4039199999999998,0.3815,-0.85021755,0.491148645,0.08532693
1764505251.305864,-4.8069,1.4039199999999998,0.3815,-0.85021755,0.491148645,0.08532693
1764505251.305864,-4.8069,1.4039199999999998,0.3815,-0.85021755,0.491148645,0.08532693
1764505251.305864,-4.8069,1.4039199999999998,0.3815,-0.85021755,0.491148645,0.08532693
1764505251.305864,-4.8069,1.4039199999999998,0.3815,-0.85021755,0.491148645,0.08532693
1764505251.305864,-4.8069,1.4039199999999998,0.3815,-0.85021755,0.491148645,0.08532693
1764505251.305864,-4.8069,1.4039199999999998,0.3815,-0.85021755,0.491148645,0.08532693
1764505251.306862,-4.8069,1.4039199999999998,0.3815,-0.85021755,0.491148645,0.08532693
1764505251.306862,-3.32668,1.2055399999999998,0.88508,-0.85021755,0.489561735,0.08569314
1764505251.306862,-3.32668,1.2055399999999998,0.88508,-0.85021755,0.489561735,0.08569314
1764505251.306862,-3.32668,1.2055399999999998,0.88508,-0.85021755,0.489561735,0.08569314
1764505251.306862,-3.32668,1.2055399999999998,0.88508,-0.85021755,0.489561735,0.08569314
1764505251.306862,-3.32668,1.2055399999999998,0.88508,-0.85021755,0.489561735,0.08569314
1764505251.306862,-3.32668,1.2055399999999998,0.88508,-0.85021755,0.489561735,0.08569314
1764505251.306862,-3.32668,1.2055399999999998,0.88508,-0.85021755,0.489561735,0.08569314
1764505251.306862,-3.32668,1.2055399999999998,0.88508,-0.85021755,0.489561735,0.08569314
1764505251.306862,-3.32668,1.2055399999999998,0.88508,-0.85021755,0.489561735,0.08569314
1764505251.306862,-3.32668,1.2055399999999998,0.88508,-0.85021755,0.489561735,0.08569314
1764505251.306862,-2.96044,0.9003399999999999,0.79352,-0.850034445,0.49011105,0.086608665
1764505251.306862,-2.96044,0.9003399999999999,0.79352,-0.850034445,0.49011105,0.086608665
1764505251.3543477,-2.96044,0.9003399999999999,0.79352,-0.850034445,0.49011105,0.086608665
1764505251.3543477,-2.96044,0.9003399999999999,0.79352,-0.850034445,0.49011105,0.086608665
1764505251.3543477,-2.96044,0.9003399999999999,0.79352,-0.850034445,0.49011105,0.086608665
1764505251.3543477,-2.96044,0.9003399999999999,0.79352,-0.850034445,0.49011105,0.086608665
1764505251.3543477,-2.96044,0.9003399999999999,0.79352,-0.850034445,0.49011105,0.086608665
1764505251.3543477,-2.96044,0.9003399999999999,0.79352,-0.850034445,0.49011105,0.086608665
1764505251.3543477,-2.96044,0.9003399999999999,0.79352,-0.850034445,0.49011105,0.086608665
1764505251.3553631,-2.96044,0.9003399999999999,0.79352,-0.850034445,0.49011105,0.086608665
1764505251.3553631,-2.01432,0.763,1.00716,-0.850278585,0.49023312,0.087463155
1764505251.3553631,-2.01432,0.763,1.00716,-0.850278585,0.49023312,0.087463155
1764505251.3553631,-2.01432,0.763,1.00716,-0.850278585,0.49023312,0.087463155
1764505251.3553631,-2.01432,0.763,1.00716,-0.850278585,0.49023312,0.087463155
1764505251.3553631,-2.01432,0.763,1.00716,-0.850278585,0.49023312,0.087463155
1764505251.3553631,-2.01432,0.763,1.00716,-0.850278585,0.49023312,0.087463155
1764505251.3553631,-2.01432,0.763,1.00716,-0.850278585,0.49023312,0.087463155
1764505251.3553631,-2.01432,0.763,1.00716,-0.850278585,0.49023312,0.087463155
1764505251.3553631,-2.01432,0.763,1.00716,-0.850278585,0.49023312,0.087463155
1764505251.3553631,-2.01432,0.763,1.00716,-0.850278585,0.49023312,0.087463155
1764505251.3553631,-2.04484,0.62566,1.2971,-0.85094997,0.49182003,0.086974875
1764505251.3553631,-2.04484,0.62566,1.2971,-0.85094997,0.49182003,0.086974875
1764505251.3553631,-2.04484,0.62566,1.2971,-0.85094997,0.49182003,0.086974875
1764505251.3553631,-2.04484,0.62566,1.2971,-0.85094997,0.49182003,0.086974875
1764505251.4031868,-2.04484,0.62566,1.2971,-0.85094997,0.49182003,0.086974875
1764505251.4031868,-2.04484,0.62566,1.2971,-0.85094997,0.49182003,0.086974875
1764505251.4031868,-2.04484,0.62566,1.2971,-0.85094997,0.49182003,0.086974875
1764505251.4031868,-2.04484,0.62566,1.2971,-0.85094997,0.49182003,0.086974875
1764505251.4031868,-2.04484,0.62566,1.2971,-0.85094997,0.49182003,0.086974875
1764505251.4031868,-2.04484,0.62566,1.2971,-0.85094997,0.49182003,0.086974875
1764505251.4031868,-2.04484,0.48832,1.3734,-0.84997341,0.494078325,0.086974875
1764505251.4031868,-2.04484,0.48832,1.3734,-0.84997341,0.494078325,0.086974875
1764505251.4031868,-2.04484,0.48832,1.3734,-0.84997341,0.494078325,0.086974875
1764505251.4037344,-2.04484,0.48832,1.3734,-0.84997341,0.494078325,0.086974875
1764505251.4037344,-2.04484,0.48832,1.3734,-0.84997341,0.494078325,0.086974875
1764505251.4037344,-2.04484,0.48832,1.3734,-0.84997341,0.494078325,0.086974875
1764505251.4037344,-2.04484,0.48832,1.3734,-0.84997341,0.494078325,0.086974875
1764505251.4037344,-2.04484,0.48832,1.3734,-0.84997341,0.494078325,0.086974875
1764505251.4037344,-2.04484,0.48832,1.3734,-0.84997341,0.494078325,0.086974875
1764505251.4037344,-2.04484,0.48832,1.3734,-0.84997341,0.494078325,0.086974875
1764505251.4037344,-2.83836,1.78542,0.93086,-0.8488137450000001,0.49548213,0.0866697
1764505251.4037344,-2.83836,1.78542,0.93086,-0.8488137450000001,0.49548213,0.0866697
1764505251.4037344,-2.83836,1.78542,0.93086,-0.8488137450000001,0.49548213,0.0866697
1764505251.4037344,-2.83836,1.78542,0.93086,-0.8488137450000001,0.49548213,0.0866697
1764505251.4037344,-2.83836,1.78542,0.93086,-0.8488137450000001,0.49548213,0.0866697
1764505251.4037344,-2.83836,1.78542,0.93086,-0.8488137450000001,0.49548213,0.0866697
1764505251.4037344,-2.83836,1.78542,0.93086,-0.8488137450000001,0.49548213,0.0866697
1764505251.4037344,-2.83836,1.78542,0.93086,-0.8488137450000001,0.49548213,0.0866697
1764505251.4483764,-2.83836,1.78542,0.93086,-0.8488137450000001,0.49548213,0.0866697
1764505251.4483764,-2.83836,1.78542,0.93086,-0.8488137450000001,0.49548213,0.0866697
1764505251.4483764,-2.9757,2.25848,1.0682,-0.84887478,0.49706904,0.08605935
1764505251.44888,-2.9757,2.25848,1.0682,-0.84887478,0.49706904,0.08605935
1764505251.44888,-2.9757,2.25848,1.0682,-0.84887478,0.49706904,0.08605935
1764505251.449164,-2.9757,2.25848,1.0682,-0.84887478,0.49706904,0.08605935
1764505251.449164,-2.9757,2.25848,1.0682,-0.84887478,0.49706904,0.08605935
1764505251.449164,-2.9757,2.25848,1.0682,-0.84887478,0.49706904,0.08605935
1764505251.449164,-2.9757,2.25848,1.0682,-0.84887478,0.49706904,0.08605935
1764505251.449164,-2.9757,2.25848,1.0682,-0.84887478,0.49706904,0.08605935
1764505251.449164,-2.9757,2.25848,1.0682,-0.84887478,0.49706904,0.08605935
1764505251.449164,-2.9757,2.25848,1.0682,-0.84887478,0.49706904,0.08605935
1764505251.4501858,-2.38056,0.9919,0.59514,-0.85009548,0.497862495,0.08605935
1764505251.4501858,-2.38056,0.9919,0.59514,-0.85009548,0.497862495,0.08605935
1764505251.4501858,-2.38056,0.9919,0.59514,-0.85009548,0.497862495,0.08605935
1764505251.4501858,-2.38056,0.9919,0.59514,-0.85009548,0.497862495,0.08605935
1764505251.4501858,-2.38056,0.9919,0.59514,-0.85009548,0.497862495,0.08605935
1764505251.4501858,-2.38056,0.9919,0.59514,-0.85009548,0.497862495,0.08605935
1764505251.4501858,-2.38056,0.9919,0.59514,-0.85009548,0.497862495,0.08605935
1764505251.4501858,-2.38056,0.9919,0.59514,-0.85009548,0.497862495,0.08605935
1764505251.4501858,-2.38056,0.9919,0.59514,-0.85009548,0.497862495,0.08605935
1764505251.4501858,-2.38056,0.9919,0.59514,-0.85009548,0.497862495,0.08605935
1764505251.4501858,-2.41108,0.1678599999999999,0.2289,-0.8508279,0.49853388,0.087463155
1764505251.4501858,-2.41108,0.1678599999999999,0.2289,-0.8508279,0.49853388,0.087463155
1764505251.4943423,-2.41108,0.1678599999999999,0.2289,-0.8508279,0.49853388,0.087463155
1764505251.4943423,-2.41108,0.1678599999999999,0.2289,-0.8508279,0.49853388,0.087463155
1764505251.4963582,-2.41108,0.1678599999999999,0.2289,-0.8508279,0.49853388,0.087463155
1764505251.4963582,-2.41108,0.1678599999999999,0.2289,-0.8508279,0.49853388,0.087463155
1764505251.4963582,-2.41108,0.1678599999999999,0.2289,-0.8508279,0.49853388,0.087463155
1764505251.4963582,-2.41108,0.1678599999999999,0.2289,-0.8508279,0.49853388,0.087463155
1764505251.4973698,-2.41108,0.1678599999999999,0.2289,-0.8508279,0.49853388,0.087463155
1764505251.4973698,-2.41108,0.1678599999999999,0.2289,-0.8508279,0.49853388,0.087463155
1764505251.4973698,-3.49454,1.23606,0.2289,-0.85058376,0.49828974,0.086852805
1764505251.498369,-3.49454,1.23606,0.2289,-0.85058376,0.49828974,0.086852805
1764505251.498369,-3.49454,1.23606,0.2289,-0.85058376,0.49828974,0.086852805
1764505251.498369,-3.49454,1.23606,0.2289,-0.85058376,0.49828974,0.086852805
1764505251.498369,-3.49454,1.23606,0.2289,-0.85058376,0.49828974,0.086852805
1764505251.498369,-3.49454,1.23606,0.2289,-0.85058376,0.49828974,0.086852805
1764505251.498369,-3.49454,1.23606,0.2289,-0.85058376,0.49828974,0.086852805
1764505251.4993682,-3.49454,1.23606,0.2289,-0.85058376,0.49828974,0.086852805
1764505251.4993682,-3.49454,1.23606,0.2289,-0.85058376,0.49828974,0.086852805
1764505251.4993682,-3.49454,1.23606,0.2289,-0.85058376,0.49828974,0.086852805
1764505251.4993682,-4.02864,0.88508,0.73248,-0.8496072,0.49743525,0.086120385
1764505251.4993682,-4.02864,0.88508,0.73248,-0.8496072,0.49743525,0.086120385
1764505251.4993682,-4.02864,0.88508,0.73248,-0.8496072,0.49743525,0.086120385
1764505251.4993682,-4.02864,0.88508,0.73248,-0.8496072,0.49743525,0.086120385
1764505251.5434375,-4.02864,0.88508,0.73248,-0.8496072,0.49743525,0.086120385
1764505251.5434375,-4.02864,0.88508,0.73248,-0.8496072,0.49743525,0.086120385
1764505251.5434375,-4.02864,0.88508,0.73248,-0.8496072,0.49743525,0.086120385
1764505251.5434375,-4.02864,0.88508,0.73248,-0.8496072,0.49743525,0.086120385
1764505251.5434375,-4.02864,0.88508,0.73248,-0.8496072,0.49743525,0.086120385
1764505251.5434375,-4.02864,0.88508,0.73248,-0.8496072,0.49743525,0.086120385
1764505251.5434375,-3.76922,0.6867,0.51884,-0.848081325,0.49609248,0.08642556
1764505251.5434375,-3.76922,0.6867,0.51884,-0.848081325,0.49609248,0.08642556
1764505251.5434375,-3.76922,0.6867,0.51884,-0.848081325,0.49609248,0.08642556
1764505251.5434375,-3.76922,0.6867,0.51884,-0.848081325,0.49609248,0.08642556
1764505251.5434375,-3.76922,0.6867,0.51884,-0.848081325,0.49609248,0.08642556
1764505251.5434375,-3.76922,0.6867,0.51884,-0.848081325,0.49609248,0.08642556
1764505251.5434375,-3.76922,0.6867,0.51884,-0.848081325,0.49609248,0.08642556
1764505251.5434375,-3.76922,0.6867,0.51884,-0.848081325,0.49609248,0.08642556
1764505251.5434375,-3.76922,0.6867,0.51884,-0.848081325,0.49609248,0.08642556
1764505251.5434375,-3.76922,0.6867,0.51884,-0.848081325,0.49609248,0.08642556
1764505251.5434375,-3.29616,2.15166,0.47306,-0.84789822,0.49377315,0.087096945
1764505251.5434375,-3.29616,2.15166,0.47306,-0.84789822,0.49377315,0.087096945
1764505251.5434375,-3.29616,2.15166,0.47306,-0.84789822,0.49377315,0.087096945
1764505251.5434375,-3.29616,2.15166,0.47306,-0.84789822,0.49377315,0.087096945
1764505251.5434375,-3.29616,2.15166,0.47306,-0.84789822,0.49377315,0.087096945
1764505251.5434375,-3.29616,2.15166,0.47306,-0.84789822,0.49377315,0.087096945
1764505251.5434375,-3.29616,2.15166,0.47306,-0.84789822,0.49377315,0.087096945
1764505251.5434375,-3.29616,2.15166,0.47306,-0.84789822,0.49377315,0.087096945
1764505251.5857189,-3.29616,2.15166,0.47306,-0.84789822,0.49377315,0.087096945
1764505251.5857189,-3.29616,2.15166,0.47306,-0.84789822,0.49377315,0.087096945
1764505251.5857189,-3.38772,2.07536,1.35814,-0.8493630600000001,0.49328487,0.086242455
1764505251.5857189,-3.38772,2.07536,1.35814,-0.8493630600000001,0.49328487,0.086242455
1764505251.5870433,-3.38772,2.07536,1.35814,-0.8493630600000001,0.49328487,0.086242455
1764505251.5875666,-3.38772,2.07536,1.35814,-0.8493630600000001,0.49328487,0.086242455
1764505251.5875666,-3.38772,2.07536,1.35814,-0.8493630600000001,0.49328487,0.086242455
1764505251.5875666,-3.38772,2.07536,1.35814,-0.8493630600000001,0.49328487,0.086242455
1764505251.5875666,-3.38772,2.07536,1.35814,-0.8493630600000001,0.49328487,0.086242455
1764505251.5875666,-3.38772,2.07536,1.35814,-0.8493630600000001,0.49328487,0.086242455
1764505251.5875666,-3.38772,2.07536,1.35814,-0.8493630600000001,0.49328487,0.086242455
1764505251.5875666,-3.38772,2.07536,1.35814,-0.8493630600000001,0.49328487,0.086242455
1764505251.5875666,-3.32668,0.8698199999999999,1.2971,-0.85033962,0.49352901,0.085998315
1764505251.5875666,-3.32668,0.8698199999999999,1.2971,-0.85033962,0.49352901,0.085998315
1764505251.5875666,-3.32668,0.8698199999999999,1.2971,-0.85033962,0.49352901,0.085998315
1764505251.5875666,-3.32668,0.8698199999999999,1.2971,-0.85033962,0.49352901,0.085998315
1764505251.5875666,-3.32668,0.8698199999999999,1.2971,-0.85033962,0.49352901,0.085998315
1764505251.5875666,-3.32668,0.8698199999999999,1.2971,-0.85033962,0.49352901,0.085998315
1764505251.5875666,-3.32668,0.8698199999999999,1.2971,-0.85033962,0.49352901,0.085998315
1764505251.5875666,-3.32668,0.8698199999999999,1.2971,-0.85033962,0.49352901,0.085998315
1764505251.5875666,-3.32668,0.8698199999999999,1.2971,-0.85033962,0.49352901,0.085998315
1764505251.5875666,-3.32668,0.8698199999999999,1.2971,-0.85033962,0.49352901,0.085998315
1764505251.5895748,-2.54842,0.1525999999999999,0.9919,-0.85046169,0.49401729,0.085387965
1764505251.5895748,-2.54842,0.1525999999999999,0.9919,-0.85046169,0.49401729,0.085387965
1764505251.6341896,-2.54842,0.1525999999999999,0.9919,-0.85046169,0.49401729,0.085387965
1764505251.6341896,-2.54842,0.1525999999999999,0.9919,-0.85046169,0.49401729,0.085387965
1764505251.6341896,-2.54842,0.1525999999999999,0.9919,-0.85046169,0.49401729,0.085387965
1764505251.6341896,-2.54842,0.1525999999999999,0.9919,-0.85046169,0.49401729,0.085387965
1764505251.6341896,-2.54842,0.1525999999999999,0.9919,-0.85046169,0.49401729,0.085387965
1764505251.6341896,-2.54842,0.1525999999999999,0.9919,-0.85046169,0.49401729,0.085387965
1764505251.6341896,-2.54842,0.1525999999999999,0.9919,-0.85046169,0.49401729,0.085387965
1764505251.6341896,-2.54842,0.1525999999999999,0.9919,-0.85046169,0.49401729,0.085387965
1764505251.6341896,-1.77016,0.3815,0.39676,-0.850766865,0.494932815,0.08557107
1764505251.6341896,-1.77016,0.3815,0.39676,-0.850766865,0.494932815,0.08557107
1764505251.6341896,-1.77016,0.3815,0.39676,-0.850766865,0.494932815,0.08557107
1764505251.6341896,-1.77016,0.3815,0.39676,-0.850766865,0.494932815,0.08557107
1764505251.6341896,-1.77016,0.3815,0.39676,-0.850766865,0.494932815,0.08557107
1764505251.6341896,-1.77016,0.3815,0.39676,-0.850766865,0.494932815,0.08557107
1764505251.6341896,-1.77016,0.3815,0.39676,-0.850766865,0.494932815,0.08557107
1764505251.6341896,-1.77016,0.3815,0.39676,-0.850766865,0.494932815,0.08557107
1764505251.6341896,-1.77016,0.3815,0.39676,-0.850766865,0.494932815,0.08557107
1764505251.6341896,-1.77016,0.3815,0.39676,-0.850766865,0.494932815,0.08557107
1764505251.6341896,-1.2208,1.58704,0.28994,-0.85021755,0.49548213,0.08459451
1764505251.6341896,-1.2208,1.58704,0.28994,-0.85021755,0.49548213,0.08459451
1764505251.6341896,-1.2208,1.58704,0.28994,-0.85021755,0.49548213,0.08459451
1764505251.6341896,-1.2208,1.58704,0.28994,-0.85021755,0.49548213,0.08459451
1764505251.6341896,-1.2208,1.58704,0.28994,-0.85021755,0.49548213,0.08459451
1764505251.6341896,-1.2208,1.58704,0.28994,-0.85021755,0.49548213,0.08459451
1764505251.683597,-1.2208,1.58704,0.28994,-0.85021755,0.49548213,0.08459451
1764505251.683597,-1.2208,1.58704,0.28994,-0.85021755,0.49548213,0.08459451
1764505251.683597,-1.2208,1.58704,0.28994,-0.85021755,0.49548213,0.08459451
1764505251.683597,-1.2208,1.58704,0.28994,-0.85021755,0.49548213,0.08459451
1764505251.683597,-2.41108,1.72438,0.19838,-0.8488137450000001,0.495909375,0.084533475
1764505251.683597,-2.41108,1.72438,0.19838,-0.8488137450000001,0.495909375,0.084533475
1764505251.683597,-2.41108,1.72438,0.19838,-0.8488137450000001,0.495909375,0.084533475
1764505251.683597,-2.41108,1.72438,0.19838,-0.8488137450000001,0.495909375,0.084533475
1764505251.683597,-2.41108,1.72438,0.19838,-0.8488137450000001,0.495909375,0.084533475
1764505251.683597,-2.41108,1.72438,0.19838,-0.8488137450000001,0.495909375,0.084533475
1764505251.683597,-2.41108,1.72438,0.19838,-0.8488137450000001,0.495909375,0.084533475
1764505251.6846075,-2.41108,1.72438,0.19838,-0.8488137450000001,0.495909375,0.084533475
1764505251.6846075,-2.41108,1.72438,0.19838,-0.8488137450000001,0.495909375,0.084533475
1764505251.6846075,-2.41108,1.72438,0.19838,-0.8488137450000001,0.495909375,0.084533475
1764505251.6846075,-3.41824,1.84646,0.65618,-0.849302025,0.496519725,0.08410623
1764505251.6846075,-3.41824,1.84646,0.65618,-0.849302025,0.496519725,0.08410623
1764505251.6846075,-3.41824,1.84646,0.65618,-0.849302025,0.496519725,0.08410623
1764505251.6856182,-3.41824,1.84646,0.65618,-0.849302025,0.496519725,0.08410623
1764505251.6858685,-3.41824,1.84646,0.65618,-0.849302025,0.496519725,0.08410623
1764505251.6858685,-3.41824,1.84646,0.65618,-0.849302025,0.496519725,0.08410623
1764505251.6858685,-3.41824,1.84646,0.65618,-0.849302025,0.496519725,0.08410623
1764505251.6858685,-3.41824,1.84646,0.65618,-0.849302025,0.496519725,0.08410623
1764505251.729097,-3.41824,1.84646,0.65618,-0.849302025,0.496519725,0.08410623
1764505251.729097,-3.41824,1.84646,0.65618,-0.849302025,0.496519725,0.08410623
1764505251.729097,-3.69292,0.3815,0.71722,-0.850644795,0.49767939,0.08374002
1764505251.729097,-3.69292,0.3815,0.71722,-0.850644795,0.49767939,0.08374002
1764505251.729097,-3.69292,0.3815,0.71722,-0.850644795,0.49767939,0.08374002
1764505251.729097,-3.69292,0.3815,0.71722,-0.850644795,0.49767939,0.08374002
1764505251.729097,-3.69292,0.3815,0.71722,-0.850644795,0.49767939,0.08374002
1764505251.729097,-3.69292,0.3815,0.71722,-0.850644795,0.49767939,0.08374002
1764505251.729097,-3.69292,0.3815,0.71722,-0.850644795,0.49767939,0.08374002
1764505251.730118,-3.69292,0.3815,0.71722,-0.850644795,0.49767939,0.08374002
1764505251.730118,-3.69292,0.3815,0.71722,-0.850644795,0.49767939,0.08374002
1764505251.730118,-3.69292,0.3815,0.71722,-0.850644795,0.49767939,0.08374002
1764505251.730118,-3.64714,0.56462,0.50358,-0.850522725,0.498350775,0.08374002
1764505251.730118,-3.64714,0.56462,0.50358,-0.850522725,0.498350775,0.08374002
1764505251.730118,-3.64714,0.56462,0.50358,-0.850522725,0.498350775,0.08374002
1764505251.730118,-3.64714,0.56462,0.50358,-0.850522725,0.498350775,0.08374002
1764505251.730118,-3.64714,0.56462,0.50358,-0.850522725,0.498350775,0.08374002
1764505251.730118,-3.64714,0.56462,0.50358,-0.850522725,0.498350775,0.08374002
1764505251.730118,-3.64714,0.56462,0.50358,-0.850522725,0.498350775,0.08374002
1764505251.730118,-3.64714,0.56462,0.50358,-0.850522725,0.498350775,0.08374002
1764505251.730118,-3.64714,0.56462,0.50358,-0.850522725,0.498350775,0.08374002
1764505251.730118,-3.64714,0.56462,0.50358,-0.850522725,0.498350775,0.08374002
1764505251.730118,-3.7387,1.8312,0.3509799999999999,-0.84899685,0.497740425,0.084411405
1764505251.730118,-3.7387,1.8312,0.3509799999999999,-0.84899685,0.497740425,0.084411405
1764505251.7738576,-3.7387,1.8312,0.3509799999999999,-0.84899685,0.497740425,0.084411405
1764505251.7738576,-3.7387,1.8312,0.3509799999999999,-0.84899685,0.497740425,0.084411405
1764505251.7738576,-3.7387,1.8312,0.3509799999999999,-0.84899685,0.497740425,0.084411405
1764505251.7738576,-3.7387,1.8312,0.3509799999999999,-0.84899685,0.497740425,0.084411405
1764505251.7738576,-3.7387,1.8312,0.3509799999999999,-0.84899685,0.497740425,0.084411405
1764505251.7738576,-3.7387,1.8312,0.3509799999999999,-0.84899685,0.497740425,0.084411405
1764505251.7738576,-3.7387,1.8312,0.3509799999999999,-0.84899685,0.497740425,0.084411405
1764505251.7738576,-3.7387,1.8312,0.3509799999999999,-0.84899685,0.497740425,0.084411405
1764505251.774887,-3.86078,2.18218,1.05294,-0.84887478,0.497130075,0.084655545
1764505251.774887,-3.86078,2.18218,1.05294,-0.84887478,0.497130075,0.084655545
1764505251.774887,-3.86078,2.18218,1.05294,-0.84887478,0.497130075,0.084655545
1764505251.774887,-3.86078,2.18218,1.05294,-0.84887478,0.497130075,0.084655545
1764505251.774887,-3.86078,2.18218,1.05294,-0.84887478,0.497130075,0.084655545
1764505251.774887,-3.86078,2.18218,1.05294,-0.84887478,0.497130075,0.084655545
1764505251.774887,-3.86078,2.18218,1.05294,-0.84887478,0.497130075,0.084655545
1764505251.774887,-3.86078,2.18218,1.05294,-0.84887478,0.497130075,0.084655545
1764505251.774887,-3.86078,2.18218,1.05294,-0.84887478,0.497130075,0.084655545
1764505251.774887,-3.86078,2.18218,1.05294,-0.84887478,0.497130075,0.084655545
1764505251.77689,-3.75396,1.8006799999999998,1.02242,-0.849057885,0.49548213,0.08459451
1764505251.77689,-3.75396,1.8006799999999998,1.02242,-0.849057885,0.49548213,0.08459451
1764505251.77689,-3.75396,1.8006799999999998,1.02242,-0.849057885,0.49548213,0.08459451
1764505251.77689,-3.75396,1.8006799999999998,1.02242,-0.849057885,0.49548213,0.08459451
1764505251.8226986,-3.75396,1.8006799999999998,1.02242,-0.849057885,0.49548213,0.08459451
1764505251.8226986,-3.75396,1.8006799999999998,1.02242,-0.849057885,0.49548213,0.08459451
1764505251.8226986,-3.75396,1.8006799999999998,1.02242,-0.849057885,0.49548213,0.08459451
1764505251.8226986,-3.75396,1.8006799999999998,1.02242,-0.849057885,0.49548213,0.08459451
1764505251.8236918,-3.75396,1.8006799999999998,1.02242,-0.849057885,0.49548213,0.08459451
1764505251.8236918,-3.75396,1.8006799999999998,1.02242,-0.849057885,0.49548213,0.08459451
1764505251.8236918,-3.14356,1.93802,0.97664,-0.848935815,0.4943835,0.083923125
1764505251.8236918,-3.14356,1.93802,0.97664,-0.848935815,0.4943835,0.083923125
1764505251.8236918,-3.14356,1.93802,0.97664,-0.848935815,0.4943835,0.083923125
1764505251.8236918,-3.14356,1.93802,0.97664,-0.848935815,0.4943835,0.083923125
1764505251.8236918,-3.14356,1.93802,0.97664,-0.848935815,0.4943835,0.083923125
1764505251.8248138,-3.14356,1.93802,0.97664,-0.848935815,0.4943835,0.083923125
1764505251.8248138,-3.14356,1.93802,0.97664,-0.848935815,0.4943835,0.083923125
1764505251.8248138,-3.14356,1.93802,0.97664,-0.848935815,0.4943835,0.083923125
1764505251.8248138,-3.14356,1.93802,0.97664,-0.848935815,0.4943835,0.083923125
1764505251.8248138,-3.14356,1.93802,0.97664,-0.848935815,0.4943835,0.083923125
1764505251.8248138,-2.30426,1.9075,0.7019599999999999,-0.850766865,0.49450557,0.08337381
1764505251.8248138,-2.30426,1.9075,0.7019599999999999,-0.850766865,0.49450557,0.08337381
1764505251.8248138,-2.30426,1.9075,0.7019599999999999,-0.850766865,0.49450557,0.08337381
1764505251.825816,-2.30426,1.9075,0.7019599999999999,-0.850766865,0.49450557,0.08337381
1764505251.825816,-2.30426,1.9075,0.7019599999999999,-0.850766865,0.49450557,0.08337381
1764505251.825816,-2.30426,1.9075,0.7019599999999999,-0.850766865,0.49450557,0.08337381
1764505251.825816,-2.30426,1.9075,0.7019599999999999,-0.850766865,0.49450557,0.08337381
1764505251.825816,-2.30426,1.9075,0.7019599999999999,-0.850766865,0.49450557,0.08337381
1764505251.8690047,-2.30426,1.9075,0.7019599999999999,-0.850766865,0.49450557,0.08337381
1764505251.8690047,-2.30426,1.9075,0.7019599999999999,-0.850766865,0.49450557,0.08337381
1764505251.8690047,-2.33478,1.2055399999999998,0.97664,-0.852842055,0.49609248,0.08251932
1764505251.8690047,-2.33478,1.2055399999999998,0.97664,-0.852842055,0.49609248,0.08251932
1764505251.8690047,-2.33478,1.2055399999999998,0.97664,-0.852842055,0.49609248,0.08251932
1764505251.8690047,-2.33478,1.2055399999999998,0.97664,-0.852842055,0.49609248,0.08251932
1764505251.8690047,-2.33478,1.2055399999999998,0.97664,-0.852842055,0.49609248,0.08251932
1764505251.8690047,-2.33478,1.2055399999999998,0.97664,-0.852842055,0.49609248,0.08251932
1764505251.8690047,-2.33478,1.2055399999999998,0.97664,-0.852842055,0.49609248,0.08251932
1764505251.8690047,-2.33478,1.2055399999999998,0.97664,-0.852842055,0.49609248,0.08251932
1764505251.8690047,-2.33478,1.2055399999999998,0.97664,-0.852842055,0.49609248,0.08251932
1764505251.8690047,-2.33478,1.2055399999999998,0.97664,-0.852842055,0.49609248,0.08251932
1764505251.8690047,-2.50264,1.11398,1.05294,-0.854306895,0.49841181,0.082336215
1764505251.8690047,-2.50264,1.11398,1.05294,-0.854306895,0.49841181,0.082336215
1764505251.8690047,-2.50264,1.11398,1.05294,-0.854306895,0.49841181,0.082336215
1764505251.8690047,-2.50264,1.11398,1.05294,-0.854306895,0.49841181,0.082336215
1764505251.8690047,-2.50264,1.11398,1.05294,-0.854306895,0.49841181,0.082336215
1764505251.8690047,-2.50264,1.11398,1.05294,-0.854306895,0.49841181,0.082336215
1764505251.8690047,-2.50264,1.11398,1.05294,-0.854306895,0.49841181,0.082336215
1764505251.8690047,-2.50264,1.11398,1.05294,-0.854306895,0.49841181,0.082336215
1764505251.8690047,-2.50264,1.11398,1.05294,-0.854306895,0.49841181,0.082336215
1764505251.8690047,-2.50264,1.11398,1.05294,-0.854306895,0.49841181,0.082336215
1764505251.8690047,-3.54032,0.9919,0.8698199999999999,-0.8546120700000001,0.50109735,0.082824495
1764505251.8690047,-3.54032,0.9919,0.8698199999999999,-0.8546120700000001,0.50109735,0.082824495
1764505251.9165025,-3.54032,0.9919,0.8698199999999999,-0.8546120700000001,0.50109735,0.082824495
1764505251.9165025,-3.54032,0.9919,0.8698199999999999,-0.8546120700000001,0.50109735,0.082824495
1764505251.9165025,-3.54032,0.9919,0.8698199999999999,-0.8546120700000001,0.50109735,0.082824495
1764505251.9165025,-3.54032,0.9919,0.8698199999999999,-0.8546120700000001,0.50109735,0.082824495
1764505251.9165025,-3.54032,0.9919,0.8698199999999999,-0.8546120700000001,0.50109735,0.082824495
1764505251.9165025,-3.54032,0.9919,0.8698199999999999,-0.8546120700000001,0.50109735,0.082824495
1764505251.9165025,-3.54032,0.9919,0.8698199999999999,-0.8546120700000001,0.50109735,0.082824495
1764505251.9165025,-3.54032,0.9919,0.8698199999999999,-0.8546120700000001,0.50109735,0.082824495
1764505251.9165025,-4.39488,0.50358,0.03052,-0.851865495,0.502989435,0.084411405
1764505251.9165025,-4.39488,0.50358,0.03052,-0.851865495,0.502989435,0.084411405
1764505251.9165025,-4.39488,0.50358,0.03052,-0.851865495,0.502989435,0.084411405
1764505251.9165025,-4.39488,0.50358,0.03052,-0.851865495,0.502989435,0.084411405
1764505251.9165025,-4.39488,0.50358,0.03052,-0.851865495,0.502989435,0.084411405
1764505251.9174826,-4.39488,0.50358,0.03052,-0.851865495,0.502989435,0.084411405
1764505251.9174826,-4.39488,0.50358,0.03052,-0.851865495,0.502989435,0.084411405
1764505251.9174826,-4.39488,0.50358,0.03052,-0.851865495,0.502989435,0.084411405
1764505251.9174826,-4.39488,0.50358,0.03052,-0.851865495,0.502989435,0.084411405
1764505251.9174826,-4.39488,0.50358,0.03052,-0.851865495,0.502989435,0.084411405
1764505251.9174826,-6.34816,2.25848,-0.24416,-0.848569605,0.502745295,0.08605935
1764505251.9174826,-6.34816,2.25848,-0.24416,-0.848569605,0.502745295,0.08605935
1764505251.918497,-6.34816,2.25848,-0.24416,-0.848569605,0.502745295,0.08605935
1764505251.918497,-6.34816,2.25848,-0.24416,-0.848569605,0.502745295,0.08605935
1764505251.918497,-6.34816,2.25848,-0.24416,-0.848569605,0.502745295,0.08605935
1764505251.918991,-6.34816,2.25848,-0.24416,-0.848569605,0.502745295,0.08605935
1764505251.964624,-6.34816,2.25848,-0.24416,-0.848569605,0.502745295,0.08605935
1764505251.964624,-6.34816,2.25848,-0.24416,-0.848569605,0.502745295,0.08605935
1764505251.964624,-6.34816,2.25848,-0.24416,-0.848569605,0.502745295,0.08605935
1764505251.964624,-6.34816,2.25848,-0.24416,-0.848569605,0.502745295,0.08605935
1764505251.964624,-6.83648,1.92276,0.9156,-0.84655545,0.5017077,0.086364525
1764505251.964624,-6.83648,1.92276,0.9156,-0.84655545,0.5017077,0.086364525
1764505251.964624,-6.83648,1.92276,0.9156,-0.84655545,0.5017077,0.086364525
1764505251.964624,-6.83648,1.92276,0.9156,-0.84655545,0.5017077,0.086364525
1764505251.964624,-6.83648,1.92276,0.9156,-0.84655545,0.5017077,0.086364525
1764505251.964624,-6.83648,1.92276,0.9156,-0.84655545,0.5017077,0.086364525
1764505251.964624,-6.83648,1.92276,0.9156,-0.84655545,0.5017077,0.086364525
1764505251.9656415,-6.83648,1.92276,0.9156,-0.84655545,0.5017077,0.086364525
1764505251.9656415,-6.83648,1.92276,0.9156,-0.84655545,0.5017077,0.086364525
1764505251.9656415,-6.83648,1.92276,0.9156,-0.84655545,0.5017077,0.086364525
1764505251.9656415,-7.00434,1.92276,0.94612,-0.8461892400000001,0.49780146,0.085143825
1764505251.9656415,-7.00434,1.92276,0.94612,-0.8461892400000001,0.49780146,0.085143825
1764505251.9656415,-7.00434,1.92276,0.94612,-0.8461892400000001,0.49780146,0.085143825
1764505251.9656415,-7.00434,1.92276,0.94612,-0.8461892400000001,0.49780146,0.085143825
1764505251.9656415,-7.00434,1.92276,0.94612,-0.8461892400000001,0.49780146,0.085143825
1764505251.9656415,-7.00434,1.92276,0.94612,-0.8461892400000001,0.49780146,0.085143825
1764505251.9656415,-7.00434,1.92276,0.94612,-0.8461892400000001,0.49780146,0.085143825
1764505251.9656415,-7.00434,1.92276,0.94612,-0.8461892400000001,0.49780146,0.085143825
1764505252.0065725,-7.00434,1.92276,0.94612,-0.8461892400000001,0.49780146,0.085143825
1764505252.0065725,-7.00434,1.92276,0.94612,-0.8461892400000001,0.49780146,0.085143825
1764505252.0065725,-6.76018,1.89224,1.05294,-0.846372345,0.49426143,0.083923125
1764505252.0065725,-6.76018,1.89224,1.05294,-0.846372345,0.49426143,0.083923125
1764505252.0065725,-6.76018,1.89224,1.05294,-0.846372345,0.49426143,0.083923125
1764505252.0065725,-6.76018,1.89224,1.05294,-0.846372345,0.49426143,0.083923125
1764505252.0065725,-6.76018,1.89224,1.05294,-0.846372345,0.49426143,0.083923125
1764505252.0065725,-6.76018,1.89224,1.05294,-0.846372345,0.49426143,0.083923125
1764505252.0065725,-6.76018,1.89224,1.05294,-0.846372345,0.49426143,0.083923125
1764505252.0065725,-6.76018,1.89224,1.05294,-0.846372345,0.49426143,0.083923125
1764505252.0065725,-6.76018,1.89224,1.05294,-0.846372345,0.49426143,0.083923125
1764505252.0065725,-6.76018,1.89224,1.05294,-0.846372345,0.49426143,0.083923125
1764505252.0065725,-5.890359999999999,1.17502,0.9156,-0.84753201,0.491758995,0.083434845
1764505252.0065725,-5.890359999999999,1.17502,0.9156,-0.84753201,0.491758995,0.083434845
1764505252.0065725,-5.890359999999999,1.17502,0.9156,-0.84753201,0.491758995,0.083434845
1764505252.0065725,-5.890359999999999,1.17502,0.9156,-0.84753201,0.491758995,0.083434845
1764505252.0065725,-5.890359999999999,1.17502,0.9156,-0.84753201,0.491758995,0.083434845
1764505252.0065725,-5.890359999999999,1.17502,0.9156,-0.84753201,0.491758995,0.083434845
1764505252.0065725,-5.890359999999999,1.17502,0.9156,-0.84753201,0.491758995,0.083434845
1764505252.0065725,-5.890359999999999,1.17502,0.9156,-0.84753201,0.491758995,0.083434845
1764505252.0065725,-5.890359999999999,1.17502,0.9156,-0.84753201,0.491758995,0.083434845
1764505252.0075696,-5.890359999999999,1.17502,0.9156,-0.84753201,0.491758995,0.083434845
1764505252.0075696,-4.21176,0.21364,1.31236,-0.84765408,0.490538295,0.08410623
1764505252.0075696,-4.21176,0.21364,1.31236,-0.84765408,0.490538295,0.08410623
1764505252.056646,-4.21176,0.21364,1.31236,-0.84765408,0.490538295,0.08410623
1764505252.0576568,-4.21176,0.21364,1.31236,-0.84765408,0.490538295,0.08410623
1764505252.0576568,-4.21176,0.21364,1.31236,-0.84765408,0.490538295,0.08410623
1764505252.0576568,-4.21176,0.21364,1.31236,-0.84765408,0.490538295,0.08410623
1764505252.0576568,-4.21176,0.21364,1.31236,-0.84765408,0.490538295,0.08410623
1764505252.0576568,-4.21176,0.21364,1.31236,-0.84765408,0.490538295,0.08410623
1764505252.0576568,-4.21176,0.21364,1.31236,-0.84765408,0.490538295,0.08410623
1764505252.0576568,-4.21176,0.21364,1.31236,-0.84765408,0.490538295,0.08410623
1764505252.0586596,-2.63998,0.3815,1.17502,-0.848203395,0.48901242,0.08508279
1764505252.0586596,-2.63998,0.3815,1.17502,-0.848203395,0.48901242,0.08508279
1764505252.0586596,-2.63998,0.3815,1.17502,-0.848203395,0.48901242,0.08508279
1764505252.0586596,-2.63998,0.3815,1.17502,-0.848203395,0.48901242,0.08508279
1764505252.0586596,-2.63998,0.3815,1.17502,-0.848203395,0.48901242,0.08508279
1764505252.0586596,-2.63998,0.3815,1.17502,-0.848203395,0.48901242,0.08508279
1764505252.0586596,-2.63998,0.3815,1.17502,-0.848203395,0.48901242,0.08508279
1764505252.0586596,-2.63998,0.3815,1.17502,-0.848203395,0.48901242,0.08508279
1764505252.0586596,-2.63998,0.3815,1.17502,-0.848203395,0.48901242,0.08508279
1764505252.0586596,-2.63998,0.3815,1.17502,-0.848203395,0.48901242,0.08508279
1764505252.0586596,-2.01432,1.8312,1.4039199999999998,-0.84875271,0.489805875,0.08593728
1764505252.0586596,-2.01432,1.8312,1.4039199999999998,-0.84875271,0.489805875,0.08593728
1764505252.0586596,-2.01432,1.8312,1.4039199999999998,-0.84875271,0.489805875,0.08593728
1764505252.0586596,-2.01432,1.8312,1.4039199999999998,-0.84875271,0.489805875,0.08593728
1764505252.0586596,-2.01432,1.8312,1.4039199999999998,-0.84875271,0.489805875,0.08593728
1764505252.0586596,-2.01432,1.8312,1.4039199999999998,-0.84875271,0.489805875,0.08593728
1764505252.1011932,-2.01432,1.8312,1.4039199999999998,-0.84875271,0.489805875,0.08593728
1764505252.1011932,-2.01432,1.8312,1.4039199999999998,-0.84875271,0.489805875,0.08593728
1764505252.102211,-2.01432,1.8312,1.4039199999999998,-0.84875271,0.489805875,0.08593728
1764505252.102211,-2.01432,1.8312,1.4039199999999998,-0.84875271,0.489805875,0.08593728
1764505252.102211,-1.92276,1.54126,0.24416,-0.84887478,0.492491415,0.08532693
1764505252.102211,-1.92276,1.54126,0.24416,-0.84887478,0.492491415,0.08532693
1764505252.102211,-1.92276,1.54126,0.24416,-0.84887478,0.492491415,0.08532693
1764505252.102211,-1.92276,1.54126,0.24416,-0.84887478,0.492491415,0.08532693
1764505252.102211,-1.92276,1.54126,0.24416,-0.84887478,0.492491415,0.08532693
1764505252.102211,-1.92276,1.54126,0.24416,-0.84887478,0.492491415,0.08532693
1764505252.102211,-1.92276,1.54126,0.24416,-0.84887478,0.492491415,0.08532693
1764505252.102211,-1.92276,1.54126,0.24416,-0.84887478,0.492491415,0.08532693
1764505252.103744,-1.92276,1.54126,0.24416,-0.84887478,0.492491415,0.08532693
1764505252.103744,-1.92276,1.54126,0.24416,-0.84887478,0.492491415,0.08532693
1764505252.103744,-1.72438,1.7549,-0.13734,-0.84765408,0.49511592,0.08374002
1764505252.103744,-1.72438,1.7549,-0.13734,-0.84765408,0.49511592,0.08374002
1764505252.1046407,-1.72438,1.7549,-0.13734,-0.84765408,0.49511592,0.08374002
1764505252.1046407,-1.72438,1.7549,-0.13734,-0.84765408,0.49511592,0.08374002
1764505252.1050076,-1.72438,1.7549,-0.13734,-0.84765408,0.49511592,0.08374002
1764505252.1050076,-1.72438,1.7549,-0.13734,-0.84765408,0.49511592,0.08374002
1764505252.1050076,-1.72438,1.7549,-0.13734,-0.84765408,0.49511592,0.08374002
1764505252.105755,-1.72438,1.7549,-0.13734,-0.84765408,0.49511592,0.08374002
1764505252.1464243,-1.72438,1.7549,-0.13734,-0.84765408,0.49511592,0.08374002
1764505252.1464243,-1.72438,1.7549,-0.13734,-0.84765408,0.49511592,0.08374002
1764505252.1464243,-2.86888,1.86172,0.41202,-0.84679959,0.497130075,0.08264139
1764505252.1464243,-2.86888,1.86172,0.41202,-0.84679959,0.497130075,0.08264139
1764505252.1464243,-2.86888,1.86172,0.41202,-0.84679959,0.497130075,0.08264139
1764505252.1464243,-2.86888,1.86172,0.41202,-0.84679959,0.497130075,0.08264139
1764505252.1464243,-2.86888,1.86172,0.41202,-0.84679959,0.497130075,0.08264139
1764505252.1464243,-2.86888,1.86172,0.41202,-0.84679959,0.497130075,0.08264139
1764505252.1464243,-2.86888,1.86172,0.41202,-0.84679959,0.497130075,0.08264139
1764505252.1464243,-2.86888,1.86172,0.41202,-0.84679959,0.497130075,0.08264139
1764505252.1464243,-2.86888,1.86172,0.41202,-0.84679959,0.497130075,0.08264139
1764505252.1464243,-2.86888,1.86172,0.41202,-0.84679959,0.497130075,0.08264139
1764505252.1464243,-3.52506,1.73964,1.25132,-0.84826443,0.499205265,0.080627235
1764505252.1464243,-3.52506,1.73964,1.25132,-0.84826443,0.499205265,0.080627235
1764505252.1464243,-3.52506,1.73964,1.25132,-0.84826443,0.499205265,0.080627235
1764505252.1464243,-3.52506,1.73964,1.25132,-0.84826443,0.499205265,0.080627235
1764505252.1464243,-3.52506,1.73964,1.25132,-0.84826443,0.499205265,0.080627235
1764505252.1480772,-3.52506,1.73964,1.25132,-0.84826443,0.499205265,0.080627235
1764505252.1480772,-3.52506,1.73964,1.25132,-0.84826443,0.499205265,0.080627235
1764505252.1480772,-3.52506,1.73964,1.25132,-0.84826443,0.499205265,0.080627235
1764505252.1480772,-3.52506,1.73964,1.25132,-0.84826443,0.499205265,0.080627235
1764505252.1480772,-3.52506,1.73964,1.25132,-0.84826443,0.499205265,0.080627235
1764505252.1480772,-3.93708,0.18312,1.54126,-0.85009548,0.500487,0.08166483
1764505252.1480772,-3.93708,0.18312,1.54126,-0.85009548,0.500487,0.08166483
1764505252.1985345,-3.93708,0.18312,1.54126,-0.85009548,0.500487,0.08166483
1764505252.1985345,-3.93708,0.18312,1.54126,-0.85009548,0.500487,0.08166483
1764505252.1985345,-3.93708,0.18312,1.54126,-0.85009548,0.500487,0.08166483
1764505252.1985345,-3.93708,0.18312,1.54126,-0.85009548,0.500487,0.08166483
1764505252.1985345,-3.93708,0.18312,1.54126,-0.85009548,0.500487,0.08166483
1764505252.1985345,-3.93708,0.18312,1.54126,-0.85009548,0.500487,0.08166483
1764505252.1985345,-3.93708,0.18312,1.54126,-0.85009548,0.500487,0.08166483
1764505252.1985345,-3.93708,0.18312,1.54126,-0.85009548,0.500487,0.08166483
1764505252.1985345,-4.13546,0.7019599999999999,0.8087799999999999,-0.8493630600000001,0.50012079,0.08227518
1764505252.1985345,-4.13546,0.7019599999999999,0.8087799999999999,-0.8493630600000001,0.50012079,0.08227518
1764505252.1985345,-4.13546,0.7019599999999999,0.8087799999999999,-0.8493630600000001,0.50012079,0.08227518
1764505252.1985345,-4.13546,0.7019599999999999,0.8087799999999999,-0.8493630600000001,0.50012079,0.08227518
1764505252.1985345,-4.13546,0.7019599999999999,0.8087799999999999,-0.8493630600000001,0.50012079,0.08227518
1764505252.1985345,-4.13546,0.7019599999999999,0.8087799999999999,-0.8493630600000001,0.50012079,0.08227518
1764505252.1985345,-4.13546,0.7019599999999999,0.8087799999999999,-0.8493630600000001,0.50012079,0.08227518
1764505252.1985345,-4.13546,0.7019599999999999,0.8087799999999999,-0.8493630600000001,0.50012079,0.08227518
1764505252.1985345,-4.13546,0.7019599999999999,0.8087799999999999,-0.8493630600000001,0.50012079,0.08227518
1764505252.1985345,-4.13546,0.7019599999999999,0.8087799999999999,-0.8493630600000001,0.50012079,0.08227518
1764505252.1985345,-4.16598,1.43444,0.57988,-0.848569605,0.4980456,0.083190705
1764505252.1985345,-4.16598,1.43444,0.57988,-0.848569605,0.4980456,0.083190705
1764505252.1985345,-4.16598,1.43444,0.57988,-0.848569605,0.4980456,0.083190705
1764505252.1985345,-4.16598,1.43444,0.57988,-0.848569605,0.4980456,0.083190705
1764505252.1985345,-4.16598,1.43444,0.57988,-0.848569605,0.4980456,0.083190705
1764505252.1985345,-4.16598,1.43444,0.57988,-0.848569605,0.4980456,0.083190705
1764505252.243682,-4.16598,1.43444,0.57988,-0.848569605,0.4980456,0.083190705
1764505252.243682,-4.16598,1.43444,0.57988,-0.848569605,0.4980456,0.083190705
1764505252.243682,-4.16598,1.43444,0.57988,-0.848569605,0.4980456,0.083190705
1764505252.243682,-4.16598,1.43444,0.57988,-0.848569605,0.4980456,0.083190705
1764505252.243682,-4.4254,2.60946,1.17502,-0.847470975,0.496153515,0.083678985
1764505252.244627,-4.4254,2.60946,1.17502,-0.847470975,0.496153515,0.083678985
1764505252.244627,-4.4254,2.60946,1.17502,-0.847470975,0.496153515,0.083678985
1764505252.244627,-4.4254,2.60946,1.17502,-0.847470975,0.496153515,0.083678985
1764505252.244627,-4.4254,2.60946,1.17502,-0.847470975,0.496153515,0.083678985
1764505252.244627,-4.4254,2.60946,1.17502,-0.847470975,0.496153515,0.083678985
1764505252.244627,-4.4254,2.60946,1.17502,-0.847470975,0.496153515,0.083678985
1764505252.244627,-4.4254,2.60946,1.17502,-0.847470975,0.496153515,0.083678985
1764505252.244627,-4.4254,2.60946,1.17502,-0.847470975,0.496153515,0.083678985
1764505252.2456348,-4.4254,2.60946,1.17502,-0.847470975,0.496153515,0.083678985
1764505252.2456348,-4.822159999999999,1.63282,1.57178,-0.8472268350000001,0.49597041,0.083678985
1764505252.2456348,-4.822159999999999,1.63282,1.57178,-0.8472268350000001,0.49597041,0.083678985
1764505252.2456348,-4.822159999999999,1.63282,1.57178,-0.8472268350000001,0.49597041,0.083678985
1764505252.2456348,-4.822159999999999,1.63282,1.57178,-0.8472268350000001,0.49597041,0.083678985
1764505252.2456348,-4.822159999999999,1.63282,1.57178,-0.8472268350000001,0.49597041,0.083678985
1764505252.2456348,-4.822159999999999,1.63282,1.57178,-0.8472268350000001,0.49597041,0.083678985
1764505252.2456348,-4.822159999999999,1.63282,1.57178,-0.8472268350000001,0.49597041,0.083678985
1764505252.2456348,-4.822159999999999,1.63282,1.57178,-0.8472268350000001,0.49597041,0.083678985
1764505252.2897248,-4.822159999999999,1.63282,1.57178,-0.8472268350000001,0.49597041,0.083678985
1764505252.2897248,-4.822159999999999,1.63282,1.57178,-0.8472268350000001,0.49597041,0.083678985
1764505252.2897248,-5.29522,1.26658,1.34288,-0.847593045,0.494688675,0.083923125
1764505252.2904963,-5.29522,1.26658,1.34288,-0.847593045,0.494688675,0.083923125
1764505252.2904963,-5.29522,1.26658,1.34288,-0.847593045,0.494688675,0.083923125
1764505252.2904963,-5.29522,1.26658,1.34288,-0.847593045,0.494688675,0.083923125
1764505252.2904963,-5.29522,1.26658,1.34288,-0.847593045,0.494688675,0.083923125
1764505252.2904963,-5.29522,1.26658,1.34288,-0.847593045,0.494688675,0.083923125
1764505252.2904963,-5.29522,1.26658,1.34288,-0.847593045,0.494688675,0.083923125
1764505252.2904963,-5.29522,1.26658,1.34288,-0.847593045,0.494688675,0.083923125
1764505252.2904963,-5.29522,1.26658,1.34288,-0.847593045,0.494688675,0.083923125
1764505252.2904963,-5.29522,1.26658,1.34288,-0.847593045,0.494688675,0.083923125
1764505252.2915046,-4.1965,1.1445,1.32762,-0.84863064,0.49352901,0.084167265
1764505252.2915046,-4.1965,1.1445,1.32762,-0.84863064,0.49352901,0.084167265
1764505252.2915046,-4.1965,1.1445,1.32762,-0.84863064,0.49352901,0.084167265
1764505252.2915046,-4.1965,1.1445,1.32762,-0.84863064,0.49352901,0.084167265
1764505252.2915046,-4.1965,1.1445,1.32762,-0.84863064,0.49352901,0.084167265
1764505252.2915046,-4.1965,1.1445,1.32762,-0.84863064,0.49352901,0.084167265
1764505252.2915046,-4.1965,1.1445,1.32762,-0.84863064,0.49352901,0.084167265
1764505252.2915046,-4.1965,1.1445,1.32762,-0.84863064,0.49352901,0.084167265
1764505252.2915046,-4.1965,1.1445,1.32762,-0.84863064,0.49352901,0.084167265
1764505252.2925067,-4.1965,1.1445,1.32762,-0.84863064,0.49352901,0.084167265
1764505252.335928,-2.91466,0.8392999999999999,1.02242,-0.8493630600000001,0.493467975,0.083556915
1764505252.335928,-2.91466,0.8392999999999999,1.02242,-0.8493630600000001,0.493467975,0.083556915
1764505252.338491,-2.91466,0.8392999999999999,1.02242,-0.8493630600000001,0.493467975,0.083556915
1764505252.338491,-2.91466,0.8392999999999999,1.02242,-0.8493630600000001,0.493467975,0.083556915
1764505252.338491,-2.91466,0.8392999999999999,1.02242,-0.8493630600000001,0.493467975,0.083556915
1764505252.338491,-2.91466,0.8392999999999999,1.02242,-0.8493630600000001,0.493467975,0.083556915
1764505252.338491,-2.91466,0.8392999999999999,1.02242,-0.8493630600000001,0.493467975,0.083556915
1764505252.338491,-2.91466,0.8392999999999999,1.02242,-0.8493630600000001,0.493467975,0.083556915
1764505252.338491,-2.91466,0.8392999999999999,1.02242,-0.8493630600000001,0.493467975,0.083556915
1764505252.338491,-2.91466,0.8392999999999999,1.02242,-0.8493630600000001,0.493467975,0.083556915
1764505252.338491,-2.22796,0.3509799999999999,0.9919,-0.84911892,0.49474971,0.082336215
1764505252.338491,-2.22796,0.3509799999999999,0.9919,-0.84911892,0.49474971,0.082336215
1764505252.338491,-2.22796,0.3509799999999999,0.9919,-0.84911892,0.49474971,0.082336215
1764505252.338491,-2.22796,0.3509799999999999,0.9919,-0.84911892,0.49474971,0.082336215
1764505252.338491,-2.22796,0.3509799999999999,0.9919,-0.84911892,0.49474971,0.082336215
1764505252.338491,-2.22796,0.3509799999999999,0.9919,-0.84911892,0.49474971,0.082336215
1764505252.338491,-2.22796,0.3509799999999999,0.9919,-0.84911892,0.49474971,0.082336215
1764505252.338491,-2.22796,0.3509799999999999,0.9919,-0.84911892,0.49474971,0.082336215
1764505252.338491,-2.22796,0.3509799999999999,0.9919,-0.84911892,0.49474971,0.082336215
1764505252.338491,-2.22796,0.3509799999999999,0.9919,-0.84911892,0.49474971,0.082336215
1764505252.338491,-2.85362,0.3509799999999999,0.48832,-0.8483254650000001,0.497252145,0.08215311
1764505252.338491,-2.85362,0.3509799999999999,0.48832,-0.8483254650000001,0.497252145,0.08215311
1764505252.338491,-2.85362,0.3509799999999999,0.48832,-0.8483254650000001,0.497252145,0.08215311
1764505252.338491,-2.85362,0.3509799999999999,0.48832,-0.8483254650000001,0.497252145,0.08215311
1764505252.3404846,-2.85362,0.3509799999999999,0.48832,-0.8483254650000001,0.497252145,0.08215311
1764505252.3404846,-2.85362,0.3509799999999999,0.48832,-0.8483254650000001,0.497252145,0.08215311
1764505252.3811948,-2.85362,0.3509799999999999,0.48832,-0.8483254650000001,0.497252145,0.08215311
1764505252.3811948,-2.85362,0.3509799999999999,0.48832,-0.8483254650000001,0.497252145,0.08215311
1764505252.3811948,-2.85362,0.3509799999999999,0.48832,-0.8483254650000001,0.497252145,0.08215311
1764505252.3811948,-2.85362,0.3509799999999999,0.48832,-0.8483254650000001,0.497252145,0.08215311
1764505252.382206,-3.95234,1.09872,-0.12208,-0.84667752,0.499083195,0.08374002
1764505252.382206,-3.95234,1.09872,-0.12208,-0.84667752,0.499083195,0.08374002
1764505252.382206,-3.95234,1.09872,-0.12208,-0.84667752,0.499083195,0.08374002
1764505252.382206,-3.95234,1.09872,-0.12208,-0.84667752,0.499083195,0.08374002
1764505252.382206,-3.95234,1.09872,-0.12208,-0.84667752,0.499083195,0.08374002
1764505252.382206,-3.95234,1.09872,-0.12208,-0.84667752,0.499083195,0.08374002
1764505252.382206,-3.95234,1.09872,-0.12208,-0.84667752,0.499083195,0.08374002
1764505252.382206,-3.95234,1.09872,-0.12208,-0.84667752,0.499083195,0.08374002
1764505252.382206,-3.95234,1.09872,-0.12208,-0.84667752,0.499083195,0.08374002
1764505252.382206,-3.95234,1.09872,-0.12208,-0.84667752,0.499083195,0.08374002
1764505252.382206,-5.40204,1.2971,0.6714399999999999,-0.84643338,0.49987665,0.08361795
1764505252.382206,-5.40204,1.2971,0.6714399999999999,-0.84643338,0.49987665,0.08361795
1764505252.3837306,-5.40204,1.2971,0.6714399999999999,-0.84643338,0.49987665,0.08361795
1764505252.3837306,-5.40204,1.2971,0.6714399999999999,-0.84643338,0.49987665,0.08361795
1764505252.3837306,-5.40204,1.2971,0.6714399999999999,-0.84643338,0.49987665,0.08361795
1764505252.3837306,-5.40204,1.2971,0.6714399999999999,-0.84643338,0.49987665,0.08361795
1764505252.3837306,-5.40204,1.2971,0.6714399999999999,-0.84643338,0.49987665,0.08361795
1764505252.3837306,-5.40204,1.2971,0.6714399999999999,-0.84643338,0.49987665,0.08361795
1764505252.3837306,-5.40204,1.2971,0.6714399999999999,-0.84643338,0.49987665,0.08361795
1764505252.3837306,-5.40204,1.2971,0.6714399999999999,-0.84643338,0.49987665,0.08361795
1764505252.430655,-6.24134,0.9003399999999999,0.85456,-0.84753201,0.49975458,0.08288553
1764505252.430655,-6.24134,0.9003399999999999,0.85456,-0.84753201,0.49975458,0.08288553
1764505252.430655,-6.24134,0.9003399999999999,0.85456,-0.84753201,0.49975458,0.08288553
1764505252.430655,-6.24134,0.9003399999999999,0.85456,-0.84753201,0.49975458,0.08288553
1764505252.430655,-6.24134,0.9003399999999999,0.85456,-0.84753201,0.49975458,0.08288553
1764505252.430655,-6.24134,0.9003399999999999,0.85456,-0.84753201,0.49975458,0.08288553
1764505252.430655,-6.24134,0.9003399999999999,0.85456,-0.84753201,0.49975458,0.08288553
1764505252.430655,-6.24134,0.9003399999999999,0.85456,-0.84753201,0.49975458,0.08288553
1764505252.430655,-6.24134,0.9003399999999999,0.85456,-0.84753201,0.49975458,0.08288553
1764505252.430655,-6.24134,0.9003399999999999,0.85456,-0.84753201,0.49975458,0.08288553
1764505252.430655,-6.39394,0.42728,0.8392999999999999,-0.8477761500000001,0.49914423,0.08154276
1764505252.430655,-6.39394,0.42728,0.8392999999999999,-0.8477761500000001,0.49914423,0.08154276
1764505252.430655,-6.39394,0.42728,0.8392999999999999,-0.8477761500000001,0.49914423,0.08154276
1764505252.430655,-6.39394,0.42728,0.8392999999999999,-0.8477761500000001,0.49914423,0.08154276
1764505252.430655,-6.39394,0.42728,0.8392999999999999,-0.8477761500000001,0.49914423,0.08154276
1764505252.430655,-6.39394,0.42728,0.8392999999999999,-0.8477761500000001,0.49914423,0.08154276
1764505252.4316485,-6.39394,0.42728,0.8392999999999999,-0.8477761500000001,0.49914423,0.08154276
1764505252.4316485,-6.39394,0.42728,0.8392999999999999,-0.8477761500000001,0.49914423,0.08154276
1764505252.4316485,-6.39394,0.42728,0.8392999999999999,-0.8477761500000001,0.49914423,0.08154276
1764505252.4316485,-6.39394,0.42728,0.8392999999999999,-0.8477761500000001,0.49914423,0.08154276
1764505252.4316485,-5.35626,0.97664,0.10682,-0.84753201,0.49670283,0.08264139
1764505252.4316485,-5.35626,0.97664,0.10682,-0.84753201,0.49670283,0.08264139
1764505252.4757824,-5.35626,0.97664,0.10682,-0.84753201,0.49670283,0.08264139
1764505252.4757824,-5.35626,0.97664,0.10682,-0.84753201,0.49670283,0.08264139
1764505252.4757824,-5.35626,0.97664,0.10682,-0.84753201,0.49670283,0.08264139
1764505252.4757824,-5.35626,0.97664,0.10682,-0.84753201,0.49670283,0.08264139
1764505252.4757824,-5.35626,0.97664,0.10682,-0.84753201,0.49670283,0.08264139
1764505252.4757824,-5.35626,0.97664,0.10682,-0.84753201,0.49670283,0.08264139
1764505252.4757824,-5.35626,0.97664,0.10682,-0.84753201,0.49670283,0.08264139
1764505252.4757824,-5.35626,0.97664,0.10682,-0.84753201,0.49670283,0.08264139
1764505252.4757824,-4.21176,1.28184,0.6714399999999999,-0.848203395,0.49389522,0.08276346
1764505252.4767926,-4.21176,1.28184,0.6714399999999999,-0.848203395,0.49389522,0.08276346
1764505252.4767926,-4.21176,1.28184,0.6714399999999999,-0.848203395,0.49389522,0.08276346
1764505252.4767926,-4.21176,1.28184,0.6714399999999999,-0.848203395,0.49389522,0.08276346
1764505252.4767926,-4.21176,1.28184,0.6714399999999999,-0.848203395,0.49389522,0.08276346
1764505252.4767926,-4.21176,1.28184,0.6714399999999999,-0.848203395,0.49389522,0.08276346
1764505252.4767926,-4.21176,1.28184,0.6714399999999999,-0.848203395,0.49389522,0.08276346
1764505252.4767926,-4.21176,1.28184,0.6714399999999999,-0.848203395,0.49389522,0.08276346
1764505252.4767926,-4.21176,1.28184,0.6714399999999999,-0.848203395,0.49389522,0.08276346
1764505252.4767926,-4.21176,1.28184,0.6714399999999999,-0.848203395,0.49389522,0.08276346
1764505252.4767926,-3.5098,0.6103999999999999,1.02242,-0.848569605,0.49340694,0.08239725
1764505252.4767926,-3.5098,0.6103999999999999,1.02242,-0.848569605,0.49340694,0.08239725
1764505252.4767926,-3.5098,0.6103999999999999,1.02242,-0.848569605,0.49340694,0.08239725
1764505252.4767926,-3.5098,0.6103999999999999,1.02242,-0.848569605,0.49340694,0.08239725
1764505252.4767926,-3.5098,0.6103999999999999,1.02242,-0.848569605,0.49340694,0.08239725
1764505252.4767926,-3.5098,0.6103999999999999,1.02242,-0.848569605,0.49340694,0.08239725
1764505252.5251997,-3.5098,0.6103999999999999,1.02242,-0.848569605,0.49340694,0.08239725
1764505252.5251997,-3.5098,0.6103999999999999,1.02242,-0.848569605,0.49340694,0.08239725
1764505252.5251997,-3.5098,0.6103999999999999,1.02242,-0.848569605,0.49340694,0.08239725
1764505252.5251997,-3.5098,0.6103999999999999,1.02242,-0.848569605,0.49340694,0.08239725
1764505252.5251997,-3.31142,0.79352,0.8087799999999999,-0.848569605,0.495176955,0.08190897
1764505252.5251997,-3.31142,0.79352,0.8087799999999999,-0.848569605,0.495176955,0.08190897
1764505252.5251997,-3.31142,0.79352,0.8087799999999999,-0.848569605,0.495176955,0.08190897
1764505252.5251997,-3.31142,0.79352,0.8087799999999999,-0.848569605,0.495176955,0.08190897
1764505252.5251997,-3.31142,0.79352,0.8087799999999999,-0.848569605,0.495176955,0.08190897
1764505252.5251997,-3.31142,0.79352,0.8087799999999999,-0.848569605,0.495176955,0.08190897
1764505252.5251997,-3.31142,0.79352,0.8087799999999999,-0.848569605,0.495176955,0.08190897
1764505252.5251997,-3.31142,0.79352,0.8087799999999999,-0.848569605,0.495176955,0.08190897
1764505252.5251997,-3.31142,0.79352,0.8087799999999999,-0.848569605,0.495176955,0.08190897
1764505252.5251997,-3.31142,0.79352,0.8087799999999999,-0.848569605,0.495176955,0.08190897
1764505252.5251997,-3.47928,1.34288,0.57988,-0.84802029,0.497618355,0.081237585
1764505252.5262008,-3.47928,1.34288,0.57988,-0.84802029,0.497618355,0.081237585
1764505252.5262008,-3.47928,1.34288,0.57988,-0.84802029,0.497618355,0.081237585
1764505252.5262008,-3.47928,1.34288,0.57988,-0.84802029,0.497618355,0.081237585
1764505252.5262008,-3.47928,1.34288,0.57988,-0.84802029,0.497618355,0.081237585
1764505252.5262008,-3.47928,1.34288,0.57988,-0.84802029,0.497618355,0.081237585
1764505252.5262008,-3.47928,1.34288,0.57988,-0.84802029,0.497618355,0.081237585
1764505252.5262008,-3.47928,1.34288,0.57988,-0.84802029,0.497618355,0.081237585
1764505252.5262008,-3.47928,1.34288,0.57988,-0.84802029,0.497618355,0.081237585
1764505252.5262008,-3.47928,1.34288,0.57988,-0.84802029,0.497618355,0.081237585
1764505252.5724492,-3.34194,0.93086,0.3204599999999999,-0.8483254650000001,0.500487,0.08251932
1764505252.575001,-3.34194,0.93086,0.3204599999999999,-0.8483254650000001,0.500487,0.08251932
1764505252.575001,-3.34194,0.93086,0.3204599999999999,-0.8483254650000001,0.500487,0.08251932
1764505252.575001,-3.34194,0.93086,0.3204599999999999,-0.8483254650000001,0.500487,0.08251932
1764505252.575001,-3.34194,0.93086,0.3204599999999999,-0.8483254650000001,0.500487,0.08251932
1764505252.575001,-3.34194,0.93086,0.3204599999999999,-0.8483254650000001,0.500487,0.08251932
1764505252.575001,-3.34194,0.93086,0.3204599999999999,-0.8483254650000001,0.500487,0.08251932
1764505252.575001,-3.34194,0.93086,0.3204599999999999,-0.8483254650000001,0.500487,0.08251932
1764505252.575001,-3.34194,0.93086,0.3204599999999999,-0.8483254650000001,0.500487,0.08251932
1764505252.575001,-3.34194,0.93086,0.3204599999999999,-0.8483254650000001,0.500487,0.08251932
1764505252.575001,-3.44876,0.39676,0.88508,-0.847715115,0.50256219,0.08386209
1764505252.576004,-3.44876,0.39676,0.88508,-0.847715115,0.50256219,0.08386209
1764505252.576004,-3.44876,0.39676,0.88508,-0.847715115,0.50256219,0.08386209
1764505252.576004,-3.44876,0.39676,0.88508,-0.847715115,0.50256219,0.08386209
1764505252.576004,-3.44876,0.39676,0.88508,-0.847715115,0.50256219,0.08386209
1764505252.576004,-3.44876,0.39676,0.88508,-0.847715115,0.50256219,0.08386209
1764505252.576004,-3.44876,0.39676,0.88508,-0.847715115,0.50256219,0.08386209
1764505252.576004,-3.44876,0.39676,0.88508,-0.847715115,0.50256219,0.08386209
1764505252.576004,-3.44876,0.39676,0.88508,-0.847715115,0.50256219,0.08386209
1764505252.576004,-3.44876,0.39676,0.88508,-0.847715115,0.50256219,0.08386209
1764505252.576004,-4.4254,0.6867,0.96138,-0.848081325,0.503355645,0.083923125
1764505252.576004,-4.4254,0.6867,0.96138,-0.848081325,0.503355645,0.083923125
1764505252.616975,-4.4254,0.6867,0.96138,-0.848081325,0.503355645,0.083923125
1764505252.616975,-4.4254,0.6867,0.96138,-0.848081325,0.503355645,0.083923125
1764505252.616975,-4.4254,0.6867,0.96138,-0.848081325,0.503355645,0.083923125
1764505252.616975,-4.4254,0.6867,0.96138,-0.848081325,0.503355645,0.083923125
1764505252.616975,-4.4254,0.6867,0.96138,-0.848081325,0.503355645,0.083923125
1764505252.616975,-4.4254,0.6867,0.96138,-0.848081325,0.503355645,0.083923125
1764505252.616975,-4.4254,0.6867,0.96138,-0.848081325,0.503355645,0.083923125
1764505252.616975,-4.4254,0.6867,0.96138,-0.848081325,0.503355645,0.083923125
1764505252.616975,-5.60042,1.3734,0.6409199999999999,-0.8477761500000001,0.50305047,0.085021755
1764505252.616975,-5.60042,1.3734,0.6409199999999999,-0.8477761500000001,0.50305047,0.085021755
1764505252.616975,-5.60042,1.3734,0.6409199999999999,-0.8477761500000001,0.50305047,0.085021755
1764505252.616975,-5.60042,1.3734,0.6409199999999999,-0.8477761500000001,0.50305047,0.085021755
1764505252.616975,-5.60042,1.3734,0.6409199999999999,-0.8477761500000001,0.50305047,0.085021755
1764505252.616975,-5.60042,1.3734,0.6409199999999999,-0.8477761500000001,0.50305047,0.085021755
1764505252.6189885,-5.60042,1.3734,0.6409199999999999,-0.8477761500000001,0.50305047,0.085021755
1764505252.6189885,-5.60042,1.3734,0.6409199999999999,-0.8477761500000001,0.50305047,0.085021755
1764505252.6189885,-5.60042,1.3734,0.6409199999999999,-0.8477761500000001,0.50305047,0.085021755
1764505252.6189885,-5.60042,1.3734,0.6409199999999999,-0.8477761500000001,0.50305047,0.085021755
1764505252.6189885,-6.21082,1.54126,0.19838,-0.84789822,0.502745295,0.085510035
1764505252.6189885,-6.21082,1.54126,0.19838,-0.84789822,0.502745295,0.085510035
1764505252.6189885,-6.21082,1.54126,0.19838,-0.84789822,0.502745295,0.085510035
1764505252.6189885,-6.21082,1.54126,0.19838,-0.84789822,0.502745295,0.085510035
1764505252.6189885,-6.21082,1.54126,0.19838,-0.84789822,0.502745295,0.085510035
1764505252.6189885,-6.21082,1.54126,0.19838,-0.84789822,0.502745295,0.085510035
1764505252.6620846,-6.21082,1.54126,0.19838,-0.84789822,0.502745295,0.085510035
1764505252.6620846,-6.21082,1.54126,0.19838,-0.84789822,0.502745295,0.085510035
1764505252.6620846,-6.21082,1.54126,0.19838,-0.84789822,0.502745295,0.085510035
1764505252.6620846,-6.21082,1.54126,0.19838,-0.84789822,0.502745295,0.085510035
1764505252.663098,-6.3329,1.81594,0.24416,-0.847348905,0.501280455,0.085265895
1764505252.663098,-6.3329,1.81594,0.24416,-0.847348905,0.501280455,0.085265895
1764505252.663098,-6.3329,1.81594,0.24416,-0.847348905,0.501280455,0.085265895
1764505252.663098,-6.3329,1.81594,0.24416,-0.847348905,0.501280455,0.085265895
1764505252.663098,-6.3329,1.81594,0.24416,-0.847348905,0.501280455,0.085265895
1764505252.663098,-6.3329,1.81594,0.24416,-0.847348905,0.501280455,0.085265895
1764505252.663098,-6.3329,1.81594,0.24416,-0.847348905,0.501280455,0.085265895
1764505252.663098,-6.3329,1.81594,0.24416,-0.847348905,0.501280455,0.085265895
1764505252.663098,-6.3329,1.81594,0.24416,-0.847348905,0.501280455,0.085265895
1764505252.663098,-6.3329,1.81594,0.24416,-0.847348905,0.501280455,0.085265895
1764505252.663098,-5.58516,1.81594,0.51884,-0.848447535,0.49828974,0.084533475
1764505252.663098,-5.58516,1.81594,0.51884,-0.848447535,0.49828974,0.084533475
1764505252.663098,-5.58516,1.81594,0.51884,-0.848447535,0.49828974,0.084533475
1764505252.663098,-5.58516,1.81594,0.51884,-0.848447535,0.49828974,0.084533475
1764505252.663098,-5.58516,1.81594,0.51884,-0.848447535,0.49828974,0.084533475
1764505252.663098,-5.58516,1.81594,0.51884,-0.848447535,0.49828974,0.084533475
1764505252.663098,-5.58516,1.81594,0.51884,-0.848447535,0.49828974,0.084533475
1764505252.663098,-5.58516,1.81594,0.51884,-0.848447535,0.49828974,0.084533475
1764505252.663098,-5.58516,1.81594,0.51884,-0.848447535,0.49828974,0.084533475
1764505252.663098,-5.58516,1.81594,0.51884,-0.848447535,0.49828974,0.084533475
1764505252.7095325,-5.7988,1.55652,0.36624,-0.8493630600000001,0.497008005,0.08361795
1764505252.7095325,-5.7988,1.55652,0.36624,-0.8493630600000001,0.497008005,0.08361795
1764505252.7095325,-5.7988,1.55652,0.36624,-0.8493630600000001,0.497008005,0.08361795
1764505252.7095325,-5.7988,1.55652,0.36624,-0.8493630600000001,0.497008005,0.08361795
1764505252.7095325,-5.7988,1.55652,0.36624,-0.8493630600000001,0.497008005,0.08361795
1764505252.7095325,-5.7988,1.55652,0.36624,-0.8493630600000001,0.497008005,0.08361795
1764505252.7095325,-5.7988,1.55652,0.36624,-0.8493630600000001,0.497008005,0.08361795
1764505252.7095325,-5.7988,1.55652,0.36624,-0.8493630600000001,0.497008005,0.08361795
1764505252.710565,-5.7988,1.55652,0.36624,-0.8493630600000001,0.497008005,0.08361795
1764505252.710565,-5.7988,1.55652,0.36624,-0.8493630600000001,0.497008005,0.08361795
1764505252.710565,-5.4173,0.59514,0.8392999999999999,-0.8493630600000001,0.49670283,0.08325174
1764505252.710565,-5.4173,0.59514,0.8392999999999999,-0.8493630600000001,0.49670283,0.08325174
1764505252.710565,-5.4173,0.59514,0.8392999999999999,-0.8493630600000001,0.49670283,0.08325174
1764505252.710565,-5.4173,0.59514,0.8392999999999999,-0.8493630600000001,0.49670283,0.08325174
1764505252.710565,-5.4173,0.59514,0.8392999999999999,-0.8493630600000001,0.49670283,0.08325174
1764505252.710565,-5.4173,0.59514,0.8392999999999999,-0.8493630600000001,0.49670283,0.08325174
1764505252.7115812,-5.4173,0.59514,0.8392999999999999,-0.8493630600000001,0.49670283,0.08325174
1764505252.7115812,-5.4173,0.59514,0.8392999999999999,-0.8493630600000001,0.49670283,0.08325174
1764505252.712562,-5.4173,0.59514,0.8392999999999999,-0.8493630600000001,0.49670283,0.08325174
1764505252.712562,-5.4173,0.59514,0.8392999999999999,-0.8493630600000001,0.49670283,0.08325174
1764505252.712562,-4.577999999999999,1.23606,0.88508,-0.8483254650000001,0.49609248,0.084167265
1764505252.712562,-4.577999999999999,1.23606,0.88508,-0.8483254650000001,0.49609248,0.084167265
1764505252.7561357,-4.577999999999999,1.23606,0.88508,-0.8483254650000001,0.49609248,0.084167265
1764505252.7561357,-4.577999999999999,1.23606,0.88508,-0.8483254650000001,0.49609248,0.084167265
1764505252.7561357,-4.577999999999999,1.23606,0.88508,-0.8483254650000001,0.49609248,0.084167265
1764505252.7561357,-4.577999999999999,1.23606,0.88508,-0.8483254650000001,0.49609248,0.084167265
1764505252.7561357,-4.577999999999999,1.23606,0.88508,-0.8483254650000001,0.49609248,0.084167265
1764505252.7561357,-4.577999999999999,1.23606,0.88508,-0.8483254650000001,0.49609248,0.084167265
1764505252.7561357,-4.577999999999999,1.23606,0.88508,-0.8483254650000001,0.49609248,0.084167265
1764505252.7561357,-4.577999999999999,1.23606,0.88508,-0.8483254650000001,0.49609248,0.084167265
1764505252.7561357,-4.36436,1.03768,0.79352,-0.84863064,0.49584834,0.08435037
1764505252.7561357,-4.36436,1.03768,0.79352,-0.84863064,0.49584834,0.08435037
1764505252.757151,-4.36436,1.03768,0.79352,-0.84863064,0.49584834,0.08435037
1764505252.757151,-4.36436,1.03768,0.79352,-0.84863064,0.49584834,0.08435037
1764505252.757151,-4.36436,1.03768,0.79352,-0.84863064,0.49584834,0.08435037
1764505252.757151,-4.36436,1.03768,0.79352,-0.84863064,0.49584834,0.08435037
1764505252.757151,-4.36436,1.03768,0.79352,-0.84863064,0.49584834,0.08435037
1764505252.757151,-4.36436,1.03768,0.79352,-0.84863064,0.49584834,0.08435037
1764505252.757151,-4.36436,1.03768,0.79352,-0.84863064,0.49584834,0.08435037
1764505252.757151,-4.36436,1.03768,0.79352,-0.84863064,0.49584834,0.08435037
1764505252.757151,-3.5861,1.1445,0.6103999999999999,-0.84753201,0.497008005,0.08508279
1764505252.757151,-3.5861,1.1445,0.6103999999999999,-0.84753201,0.497008005,0.08508279
1764505252.757151,-3.5861,1.1445,0.6103999999999999,-0.84753201,0.497008005,0.08508279
1764505252.757151,-3.5861,1.1445,0.6103999999999999,-0.84753201,0.497008005,0.08508279
1764505252.757151,-3.5861,1.1445,0.6103999999999999,-0.84753201,0.497008005,0.08508279
1764505252.757151,-3.5861,1.1445,0.6103999999999999,-0.84753201,0.497008005,0.08508279
1764505252.802673,-3.5861,1.1445,0.6103999999999999,-0.84753201,0.497008005,0.08508279
1764505252.802673,-3.5861,1.1445,0.6103999999999999,-0.84753201,0.497008005,0.08508279
1764505252.802673,-3.5861,1.1445,0.6103999999999999,-0.84753201,0.497008005,0.08508279
1764505252.802673,-3.5861,1.1445,0.6103999999999999,-0.84753201,0.497008005,0.08508279
1764505252.803686,-4.059159999999999,1.7549,0.3357199999999999,-0.84643338,0.497984565,0.084899685
1764505252.803686,-4.059159999999999,1.7549,0.3357199999999999,-0.84643338,0.497984565,0.084899685
1764505252.8042004,-4.059159999999999,1.7549,0.3357199999999999,-0.84643338,0.497984565,0.084899685
1764505252.8042004,-4.059159999999999,1.7549,0.3357199999999999,-0.84643338,0.497984565,0.084899685
1764505252.8042004,-4.059159999999999,1.7549,0.3357199999999999,-0.84643338,0.497984565,0.084899685
1764505252.8042004,-4.059159999999999,1.7549,0.3357199999999999,-0.84643338,0.497984565,0.084899685
1764505252.8042004,-4.059159999999999,1.7549,0.3357199999999999,-0.84643338,0.497984565,0.084899685
1764505252.8042004,-4.059159999999999,1.7549,0.3357199999999999,-0.84643338,0.497984565,0.084899685
1764505252.8042004,-4.059159999999999,1.7549,0.3357199999999999,-0.84643338,0.497984565,0.084899685
1764505252.8042004,-4.059159999999999,1.7549,0.3357199999999999,-0.84643338,0.497984565,0.084899685
1764505252.8042004,-4.89846,1.7549,-0.36624,-0.8459451,0.49816767,0.083556915
1764505252.8042004,-4.89846,1.7549,-0.36624,-0.8459451,0.49816767,0.083556915
1764505252.8042004,-4.89846,1.7549,-0.36624,-0.8459451,0.49816767,0.083556915
1764505252.8042004,-4.89846,1.7549,-0.36624,-0.8459451,0.49816767,0.083556915
1764505252.8042004,-4.89846,1.7549,-0.36624,-0.8459451,0.49816767,0.083556915
1764505252.8042004,-4.89846,1.7549,-0.36624,-0.8459451,0.49816767,0.083556915
1764505252.8042004,-4.89846,1.7549,-0.36624,-0.8459451,0.49816767,0.083556915
1764505252.8042004,-4.89846,1.7549,-0.36624,-0.8459451,0.49816767,0.083556915
1764505252.8042004,-4.89846,1.7549,-0.36624,-0.8459451,0.49816767,0.083556915
1764505252.8042004,-4.89846,1.7549,-0.36624,-0.8459451,0.49816767,0.083556915
1764505252.852797,-4.8069,0.8698199999999999,1.02242,-0.84826443,0.49975458,0.082946565
1764505252.852797,-4.8069,0.8698199999999999,1.02242,-0.84826443,0.49975458,0.082946565
1764505252.852797,-4.8069,0.8698199999999999,1.02242,-0.84826443,0.49975458,0.082946565
1764505252.852797,-4.8069,0.8698199999999999,1.02242,-0.84826443,0.49975458,0.082946565
1764505252.852797,-4.8069,0.8698199999999999,1.02242,-0.84826443,0.49975458,0.082946565
1764505252.852797,-4.8069,0.8698199999999999,1.02242,-0.84826443,0.49975458,0.082946565
1764505252.852797,-4.8069,0.8698199999999999,1.02242,-0.84826443,0.49975458,0.082946565
1764505252.852797,-4.8069,0.8698199999999999,1.02242,-0.84826443,0.49975458,0.082946565
1764505252.852797,-4.8069,0.8698199999999999,1.02242,-0.84826443,0.49975458,0.082946565
1764505252.852797,-4.8069,0.8698199999999999,1.02242,-0.84826443,0.49975458,0.082946565
1764505252.853795,-5.55464,-0.06104,0.41202,-0.849057885,0.501768735,0.083434845
1764505252.853795,-5.55464,-0.06104,0.41202,-0.849057885,0.501768735,0.083434845
1764505252.853795,-5.55464,-0.06104,0.41202,-0.849057885,0.501768735,0.083434845
1764505252.853795,-5.55464,-0.06104,0.41202,-0.849057885,0.501768735,0.083434845
1764505252.853795,-5.55464,-0.06104,0.41202,-0.849057885,0.501768735,0.083434845
1764505252.853795,-5.55464,-0.06104,0.41202,-0.849057885,0.501768735,0.083434845
1764505252.853795,-5.55464,-0.06104,0.41202,-0.849057885,0.501768735,0.083434845
1764505252.853795,-5.55464,-0.06104,0.41202,-0.849057885,0.501768735,0.083434845
1764505252.853795,-5.55464,-0.06104,0.41202,-0.849057885,0.501768735,0.083434845
1764505252.853795,-5.55464,-0.06104,0.41202,-0.849057885,0.501768735,0.083434845
1764505252.853795,-6.11926,0.7019599999999999,0.0762999999999999,-0.84753201,0.50317254,0.0842283
1764505252.8551471,-6.11926,0.7019599999999999,0.0762999999999999,-0.84753201,0.50317254,0.0842283
1764505252.8551471,-6.11926,0.7019599999999999,0.0762999999999999,-0.84753201,0.50317254,0.0842283
1764505252.8551471,-6.11926,0.7019599999999999,0.0762999999999999,-0.84753201,0.50317254,0.0842283
1764505252.895929,-6.11926,0.7019599999999999,0.0762999999999999,-0.84753201,0.50317254,0.0842283
1764505252.895929,-6.11926,0.7019599999999999,0.0762999999999999,-0.84753201,0.50317254,0.0842283
1764505252.8969696,-6.11926,0.7019599999999999,0.0762999999999999,-0.84753201,0.50317254,0.0842283
1764505252.8969696,-6.11926,0.7019599999999999,0.0762999999999999,-0.84753201,0.50317254,0.0842283
1764505252.8969696,-6.11926,0.7019599999999999,0.0762999999999999,-0.84753201,0.50317254,0.0842283
1764505252.8969696,-6.11926,0.7019599999999999,0.0762999999999999,-0.84753201,0.50317254,0.0842283
1764505252.8969696,-5.508859999999999,1.28184,-0.01526,-0.846128205,0.501524595,0.085632105
1764505252.8969696,-5.508859999999999,1.28184,-0.01526,-0.846128205,0.501524595,0.085632105
1764505252.8969696,-5.508859999999999,1.28184,-0.01526,-0.846128205,0.501524595,0.085632105
1764505252.8974817,-5.508859999999999,1.28184,-0.01526,-0.846128205,0.501524595,0.085632105
1764505252.8979907,-5.508859999999999,1.28184,-0.01526,-0.846128205,0.501524595,0.085632105
1764505252.8979907,-5.508859999999999,1.28184,-0.01526,-0.846128205,0.501524595,0.085632105
1764505252.8979907,-5.508859999999999,1.28184,-0.01526,-0.846128205,0.501524595,0.085632105
1764505252.8979907,-5.508859999999999,1.28184,-0.01526,-0.846128205,0.501524595,0.085632105
1764505252.8979907,-5.508859999999999,1.28184,-0.01526,-0.846128205,0.501524595,0.085632105
1764505252.8979907,-5.508859999999999,1.28184,-0.01526,-0.846128205,0.501524595,0.085632105
1764505252.8979907,-4.8069,1.41918,0.3204599999999999,-0.8457009600000001,0.4992663,0.08691384
1764505252.8979907,-4.8069,1.41918,0.3204599999999999,-0.8457009600000001,0.4992663,0.08691384
1764505252.8979907,-4.8069,1.41918,0.3204599999999999,-0.8457009600000001,0.4992663,0.08691384
1764505252.8979907,-4.8069,1.41918,0.3204599999999999,-0.8457009600000001,0.4992663,0.08691384
1764505252.8979907,-4.8069,1.41918,0.3204599999999999,-0.8457009600000001,0.4992663,0.08691384
1764505252.8979907,-4.8069,1.41918,0.3204599999999999,-0.8457009600000001,0.4992663,0.08691384
1764505252.9455302,-4.8069,1.41918,0.3204599999999999,-0.8457009600000001,0.4992663,0.08691384
1764505252.9455302,-4.8069,1.41918,0.3204599999999999,-0.8457009600000001,0.4992663,0.08691384
1764505252.9455302,-4.8069,1.41918,0.3204599999999999,-0.8457009600000001,0.4992663,0.08691384
1764505252.9455302,-4.8069,1.41918,0.3204599999999999,-0.8457009600000001,0.4992663,0.08691384
1764505252.9455302,-5.4173,2.01432,0.36624,-0.8457009600000001,0.497618355,0.085876245
1764505252.9455302,-5.4173,2.01432,0.36624,-0.8457009600000001,0.497618355,0.085876245
1764505252.9455302,-5.4173,2.01432,0.36624,-0.8457009600000001,0.497618355,0.085876245
1764505252.9455302,-5.4173,2.01432,0.36624,-0.8457009600000001,0.497618355,0.085876245
1764505252.9455302,-5.4173,2.01432,0.36624,-0.8457009600000001,0.497618355,0.085876245
1764505252.9455302,-5.4173,2.01432,0.36624,-0.8457009600000001,0.497618355,0.085876245
1764505252.9455302,-5.4173,2.01432,0.36624,-0.8457009600000001,0.497618355,0.085876245
1764505252.9455302,-5.4173,2.01432,0.36624,-0.8457009600000001,0.497618355,0.085876245
1764505252.9455302,-5.4173,2.01432,0.36624,-0.8457009600000001,0.497618355,0.085876245
1764505252.9455302,-5.4173,2.01432,0.36624,-0.8457009600000001,0.497618355,0.085876245
1764505252.9455302,-5.70724,1.69386,0.13734,-0.8459451,0.497374215,0.084655545
1764505252.9455302,-5.70724,1.69386,0.13734,-0.8459451,0.497374215,0.084655545
1764505252.9455302,-5.70724,1.69386,0.13734,-0.8459451,0.497374215,0.084655545
1764505252.9455302,-5.70724,1.69386,0.13734,-0.8459451,0.497374215,0.084655545
1764505252.9455302,-5.70724,1.69386,0.13734,-0.8459451,0.497374215,0.084655545
1764505252.9455302,-5.70724,1.69386,0.13734,-0.8459451,0.497374215,0.084655545
1764505252.9455302,-5.70724,1.69386,0.13734,-0.8459451,0.497374215,0.084655545
1764505252.9455302,-5.70724,1.69386,0.13734,-0.8459451,0.497374215,0.084655545
1764505252.9455302,-5.70724,1.69386,0.13734,-0.8459451,0.497374215,0.084655545
1764505252.9455302,-5.70724,1.69386,0.13734,-0.8459451,0.497374215,0.084655545
1764505252.9931252,-5.38678,1.12924,0.41202,-0.847593045,0.49816767,0.083556915
1764505252.9931252,-5.38678,1.12924,0.41202,-0.847593045,0.49816767,0.083556915
1764505252.9931252,-5.38678,1.12924,0.41202,-0.847593045,0.49816767,0.083556915
1764505252.9941225,-5.38678,1.12924,0.41202,-0.847593045,0.49816767,0.083556915
1764505252.9941225,-5.38678,1.12924,0.41202,-0.847593045,0.49816767,0.083556915
1764505252.9941225,-5.38678,1.12924,0.41202,-0.847593045,0.49816767,0.083556915
1764505252.9941225,-5.38678,1.12924,0.41202,-0.847593045,0.49816767,0.083556915
1764505252.9941225,-5.38678,1.12924,0.41202,-0.847593045,0.49816767,0.083556915
1764505252.9941225,-5.38678,1.12924,0.41202,-0.847593045,0.49816767,0.083556915
1764505252.9941225,-5.38678,1.12924,0.41202,-0.847593045,0.49816767,0.083556915
1764505252.9941225,-4.2728,0.10682,-0.10682,-0.8483254650000001,0.49816767,0.083312775
1764505252.995202,-4.2728,0.10682,-0.10682,-0.8483254650000001,0.49816767,0.083312775
1764505252.995202,-4.2728,0.10682,-0.10682,-0.8483254650000001,0.49816767,0.083312775
1764505252.995202,-4.2728,0.10682,-0.10682,-0.8483254650000001,0.49816767,0.083312775
1764505252.995202,-4.2728,0.10682,-0.10682,-0.8483254650000001,0.49816767,0.083312775
1764505252.995202,-4.2728,0.10682,-0.10682,-0.8483254650000001,0.49816767,0.083312775
1764505252.995202,-4.2728,0.10682,-0.10682,-0.8483254650000001,0.49816767,0.083312775
1764505252.995202,-4.2728,0.10682,-0.10682,-0.8483254650000001,0.49816767,0.083312775
1764505252.995202,-4.2728,0.10682,-0.10682,-0.8483254650000001,0.49816767,0.083312775
1764505252.995202,-4.2728,0.10682,-0.10682,-0.8483254650000001,0.49816767,0.083312775
1764505252.995202,-4.303319999999999,1.28184,0.24416,-0.8488137450000001,0.49865595,0.08349588
1764505252.995202,-4.303319999999999,1.28184,0.24416,-0.8488137450000001,0.49865595,0.08349588
1764505252.995202,-4.303319999999999,1.28184,0.24416,-0.8488137450000001,0.49865595,0.08349588
1764505252.995202,-4.303319999999999,1.28184,0.24416,-0.8488137450000001,0.49865595,0.08349588
1764505253.041622,-4.303319999999999,1.28184,0.24416,-0.8488137450000001,0.49865595,0.08349588
1764505253.041622,-4.303319999999999,1.28184,0.24416,-0.8488137450000001,0.49865595,0.08349588
1764505253.041622,-4.303319999999999,1.28184,0.24416,-0.8488137450000001,0.49865595,0.08349588
1764505253.041622,-4.303319999999999,1.28184,0.24416,-0.8488137450000001,0.49865595,0.08349588
1764505253.041622,-4.303319999999999,1.28184,0.24416,-0.8488137450000001,0.49865595,0.08349588
1764505253.041622,-4.303319999999999,1.28184,0.24416,-0.8488137450000001,0.49865595,0.08349588
1764505253.041622,-4.6543,0.94612,0.1525999999999999,-0.849179955,0.5007921750000001,0.084289335
1764505253.041622,-4.6543,0.94612,0.1525999999999999,-0.849179955,0.5007921750000001,0.084289335
1764505253.041622,-4.6543,0.94612,0.1525999999999999,-0.849179955,0.5007921750000001,0.084289335
1764505253.041622,-4.6543,0.94612,0.1525999999999999,-0.849179955,0.5007921750000001,0.084289335
1764505253.0426202,-4.6543,0.94612,0.1525999999999999,-0.849179955,0.5007921750000001,0.084289335
1764505253.0426202,-4.6543,0.94612,0.1525999999999999,-0.849179955,0.5007921750000001,0.084289335
1764505253.0426202,-4.6543,0.94612,0.1525999999999999,-0.849179955,0.5007921750000001,0.084289335
1764505253.0426202,-4.6543,0.94612,0.1525999999999999,-0.849179955,0.5007921750000001,0.084289335
1764505253.0426202,-4.6543,0.94612,0.1525999999999999,-0.849179955,0.5007921750000001,0.084289335
1764505253.0426202,-4.6543,0.94612,0.1525999999999999,-0.849179955,0.5007921750000001,0.084289335
1764505253.0426202,-5.7988,1.72438,-0.47306,-0.84802029,0.5007921750000001,0.086120385
1764505253.0426202,-5.7988,1.72438,-0.47306,-0.84802029,0.5007921750000001,0.086120385
1764505253.0426202,-5.7988,1.72438,-0.47306,-0.84802029,0.5007921750000001,0.086120385
1764505253.0426202,-5.7988,1.72438,-0.47306,-0.84802029,0.5007921750000001,0.086120385
1764505253.0426202,-5.7988,1.72438,-0.47306,-0.84802029,0.5007921750000001,0.086120385
1764505253.0426202,-5.7988,1.72438,-0.47306,-0.84802029,0.5007921750000001,0.086120385
1764505253.0862472,-5.7988,1.72438,-0.47306,-0.84802029,0.5007921750000001,0.086120385
1764505253.0862472,-5.7988,1.72438,-0.47306,-0.84802029,0.5007921750000001,0.086120385
1764505253.087246,-5.7988,1.72438,-0.47306,-0.84802029,0.5007921750000001,0.086120385
1764505253.0878415,-5.7988,1.72438,-0.47306,-0.84802029,0.5007921750000001,0.086120385
1764505253.0878415,-5.35626,2.19744,0.09156,-0.847959255,0.500303895,0.086730735
1764505253.0878415,-5.35626,2.19744,0.09156,-0.847959255,0.500303895,0.086730735
1764505253.0878415,-5.35626,2.19744,0.09156,-0.847959255,0.500303895,0.086730735
1764505253.0878415,-5.35626,2.19744,0.09156,-0.847959255,0.500303895,0.086730735
1764505253.0885637,-5.35626,2.19744,0.09156,-0.847959255,0.500303895,0.086730735
1764505253.0887723,-5.35626,2.19744,0.09156,-0.847959255,0.500303895,0.086730735
1764505253.0887723,-5.35626,2.19744,0.09156,-0.847959255,0.500303895,0.086730735
1764505253.0887723,-5.35626,2.19744,0.09156,-0.847959255,0.500303895,0.086730735
1764505253.0887723,-5.35626,2.19744,0.09156,-0.847959255,0.500303895,0.086730735
1764505253.0887723,-5.35626,2.19744,0.09156,-0.847959255,0.500303895,0.086730735
1764505253.0887723,-5.646199999999999,1.08346,0.3815,-0.84899685,0.499327335,0.08520486
1764505253.0887723,-5.646199999999999,1.08346,0.3815,-0.84899685,0.499327335,0.08520486
1764505253.089781,-5.646199999999999,1.08346,0.3815,-0.84899685,0.499327335,0.08520486
1764505253.089781,-5.646199999999999,1.08346,0.3815,-0.84899685,0.499327335,0.08520486
1764505253.089781,-5.646199999999999,1.08346,0.3815,-0.84899685,0.499327335,0.08520486
1764505253.089781,-5.646199999999999,1.08346,0.3815,-0.84899685,0.499327335,0.08520486
1764505253.089781,-5.646199999999999,1.08346,0.3815,-0.84899685,0.499327335,0.08520486
1764505253.089781,-5.646199999999999,1.08346,0.3815,-0.84899685,0.499327335,0.08520486
1764505253.089781,-5.646199999999999,1.08346,0.3815,-0.84899685,0.499327335,0.08520486
1764505253.089781,-5.646199999999999,1.08346,0.3815,-0.84899685,0.499327335,0.08520486
1764505253.1348765,-5.35626,1.00716,-0.12208,-0.84899685,0.497984565,0.08435037
1764505253.1348765,-5.35626,1.00716,-0.12208,-0.84899685,0.497984565,0.08435037
1764505253.1348765,-5.35626,1.00716,-0.12208,-0.84899685,0.497984565,0.08435037
1764505253.1348765,-5.35626,1.00716,-0.12208,-0.84899685,0.497984565,0.08435037
1764505253.1348765,-5.35626,1.00716,-0.12208,-0.84899685,0.497984565,0.08435037
1764505253.1348765,-5.35626,1.00716,-0.12208,-0.84899685,0.497984565,0.08435037
1764505253.1348765,-5.35626,1.00716,-0.12208,-0.84899685,0.497984565,0.08435037
1764505253.1348765,-5.35626,1.00716,-0.12208,-0.84899685,0.497984565,0.08435037
1764505253.1348765,-5.35626,1.00716,-0.12208,-0.84899685,0.497984565,0.08435037
1764505253.1348765,-5.35626,1.00716,-0.12208,-0.84899685,0.497984565,0.08435037
1764505253.1348765,-5.00528,1.63282,-0.21364,-0.84802029,0.496275585,0.084899685
1764505253.1348765,-5.00528,1.63282,-0.21364,-0.84802029,0.496275585,0.084899685
1764505253.1348765,-5.00528,1.63282,-0.21364,-0.84802029,0.496275585,0.084899685
1764505253.1348765,-5.00528,1.63282,-0.21364,-0.84802029,0.496275585,0.084899685
1764505253.1348765,-5.00528,1.63282,-0.21364,-0.84802029,0.496275585,0.084899685
1764505253.1348765,-5.00528,1.63282,-0.21364,-0.84802029,0.496275585,0.084899685
1764505253.1348765,-5.00528,1.63282,-0.21364,-0.84802029,0.496275585,0.084899685
1764505253.1348765,-5.00528,1.63282,-0.21364,-0.84802029,0.496275585,0.084899685
1764505253.1348765,-5.00528,1.63282,-0.21364,-0.84802029,0.496275585,0.084899685
1764505253.1348765,-5.00528,1.63282,-0.21364,-0.84802029,0.496275585,0.084899685
1764505253.1358938,-4.31858,1.43444,0.3509799999999999,-0.8483254650000001,0.494200395,0.085449
1764505253.1358938,-4.31858,1.43444,0.3509799999999999,-0.8483254650000001,0.494200395,0.085449
1764505253.1358938,-4.31858,1.43444,0.3509799999999999,-0.8483254650000001,0.494200395,0.085449
1764505253.1358938,-4.31858,1.43444,0.3509799999999999,-0.8483254650000001,0.494200395,0.085449
1764505253.180209,-4.31858,1.43444,0.3509799999999999,-0.8483254650000001,0.494200395,0.085449
1764505253.180209,-4.31858,1.43444,0.3509799999999999,-0.8483254650000001,0.494200395,0.085449
1764505253.180209,-4.31858,1.43444,0.3509799999999999,-0.8483254650000001,0.494200395,0.085449
1764505253.1812491,-4.31858,1.43444,0.3509799999999999,-0.8483254650000001,0.494200395,0.085449
1764505253.1812491,-4.31858,1.43444,0.3509799999999999,-0.8483254650000001,0.494200395,0.085449
1764505253.1812491,-4.31858,1.43444,0.3509799999999999,-0.8483254650000001,0.494200395,0.085449
1764505253.1812491,-3.79974,1.4039199999999998,0.8087799999999999,-0.848691675,0.493467975,0.085265895
1764505253.1812491,-3.79974,1.4039199999999998,0.8087799999999999,-0.848691675,0.493467975,0.085265895
1764505253.1812491,-3.79974,1.4039199999999998,0.8087799999999999,-0.848691675,0.493467975,0.085265895
1764505253.1812491,-3.79974,1.4039199999999998,0.8087799999999999,-0.848691675,0.493467975,0.085265895
1764505253.1812491,-3.79974,1.4039199999999998,0.8087799999999999,-0.848691675,0.493467975,0.085265895
1764505253.1822493,-3.79974,1.4039199999999998,0.8087799999999999,-0.848691675,0.493467975,0.085265895
1764505253.1822493,-3.79974,1.4039199999999998,0.8087799999999999,-0.848691675,0.493467975,0.085265895
1764505253.1822493,-3.79974,1.4039199999999998,0.8087799999999999,-0.848691675,0.493467975,0.085265895
1764505253.1822493,-3.79974,1.4039199999999998,0.8087799999999999,-0.848691675,0.493467975,0.085265895
1764505253.1822493,-3.79974,1.4039199999999998,0.8087799999999999,-0.848691675,0.493467975,0.085265895
1764505253.1822493,-2.88414,0.74774,0.96138,-0.848203395,0.493467975,0.084777615
1764505253.1822493,-2.88414,0.74774,0.96138,-0.848203395,0.493467975,0.084777615
1764505253.1822493,-2.88414,0.74774,0.96138,-0.848203395,0.493467975,0.084777615
1764505253.1822493,-2.88414,0.74774,0.96138,-0.848203395,0.493467975,0.084777615
1764505253.1822493,-2.88414,0.74774,0.96138,-0.848203395,0.493467975,0.084777615
1764505253.1822493,-2.88414,0.74774,0.96138,-0.848203395,0.493467975,0.084777615
1764505253.2256224,-2.88414,0.74774,0.96138,-0.848203395,0.493467975,0.084777615
1764505253.2256224,-2.88414,0.74774,0.96138,-0.848203395,0.493467975,0.084777615
1764505253.2256224,-2.88414,0.74774,0.96138,-0.848203395,0.493467975,0.084777615
1764505253.2256224,-2.88414,0.74774,0.96138,-0.848203395,0.493467975,0.084777615
1764505253.2256224,-1.57178,1.15976,1.1445,-0.8483254650000001,0.494566605,0.08471658
1764505253.2256224,-1.57178,1.15976,1.1445,-0.8483254650000001,0.494566605,0.08471658
1764505253.2256224,-1.57178,1.15976,1.1445,-0.8483254650000001,0.494566605,0.08471658
1764505253.2256224,-1.57178,1.15976,1.1445,-0.8483254650000001,0.494566605,0.08471658
1764505253.2256224,-1.57178,1.15976,1.1445,-0.8483254650000001,0.494566605,0.08471658
1764505253.2256224,-1.57178,1.15976,1.1445,-0.8483254650000001,0.494566605,0.08471658
1764505253.2256224,-1.57178,1.15976,1.1445,-0.8483254650000001,0.494566605,0.08471658
1764505253.2256224,-1.57178,1.15976,1.1445,-0.8483254650000001,0.494566605,0.08471658
1764505253.2256224,-1.57178,1.15976,1.1445,-0.8483254650000001,0.494566605,0.08471658
1764505253.2256224,-1.57178,1.15976,1.1445,-0.8483254650000001,0.494566605,0.08471658
1764505253.2256224,-1.34288,0.3357199999999999,1.92276,-0.848447535,0.49621455,0.08386209
1764505253.2256224,-1.34288,0.3357199999999999,1.92276,-0.848447535,0.49621455,0.08386209
1764505253.22716,-1.34288,0.3357199999999999,1.92276,-0.848447535,0.49621455,0.08386209
1764505253.22716,-1.34288,0.3357199999999999,1.92276,-0.848447535,0.49621455,0.08386209
1764505253.22716,-1.34288,0.3357199999999999,1.92276,-0.848447535,0.49621455,0.08386209
1764505253.22716,-1.34288,0.3357199999999999,1.92276,-0.848447535,0.49621455,0.08386209
1764505253.22716,-1.34288,0.3357199999999999,1.92276,-0.848447535,0.49621455,0.08386209
1764505253.2281735,-1.34288,0.3357199999999999,1.92276,-0.848447535,0.49621455,0.08386209
1764505253.2281735,-1.34288,0.3357199999999999,1.92276,-0.848447535,0.49621455,0.08386209
1764505253.2281735,-1.34288,0.3357199999999999,1.92276,-0.848447535,0.49621455,0.08386209
1764505253.271772,-1.38866,0.10682,1.72438,-0.84740994,0.49865595,0.084533475
1764505253.271772,-1.38866,0.10682,1.72438,-0.84740994,0.49865595,0.084533475
1764505253.271772,-1.38866,0.10682,1.72438,-0.84740994,0.49865595,0.084533475
1764505253.271772,-1.38866,0.10682,1.72438,-0.84740994,0.49865595,0.084533475
1764505253.271772,-1.38866,0.10682,1.72438,-0.84740994,0.49865595,0.084533475
1764505253.271772,-1.38866,0.10682,1.72438,-0.84740994,0.49865595,0.084533475
1764505253.271772,-1.38866,0.10682,1.72438,-0.84740994,0.49865595,0.084533475
1764505253.2728028,-1.38866,0.10682,1.72438,-0.84740994,0.49865595,0.084533475
1764505253.2728028,-1.38866,0.10682,1.72438,-0.84740994,0.49865595,0.084533475
1764505253.2728028,-1.38866,0.10682,1.72438,-0.84740994,0.49865595,0.084533475
1764505253.2728028,-1.12924,1.05294,0.96138,-0.84631131,0.50012079,0.086608665
1764505253.2728028,-1.12924,1.05294,0.96138,-0.84631131,0.50012079,0.086608665
1764505253.2728028,-1.12924,1.05294,0.96138,-0.84631131,0.50012079,0.086608665
1764505253.2728028,-1.12924,1.05294,0.96138,-0.84631131,0.50012079,0.086608665
1764505253.273803,-1.12924,1.05294,0.96138,-0.84631131,0.50012079,0.086608665
1764505253.273803,-1.12924,1.05294,0.96138,-0.84631131,0.50012079,0.086608665
1764505253.273803,-1.12924,1.05294,0.96138,-0.84631131,0.50012079,0.086608665
1764505253.273803,-1.12924,1.05294,0.96138,-0.84631131,0.50012079,0.086608665
1764505253.273803,-1.12924,1.05294,0.96138,-0.84631131,0.50012079,0.086608665
1764505253.273803,-1.12924,1.05294,0.96138,-0.84631131,0.50012079,0.086608665
1764505253.273803,-2.38056,2.289,0.6409199999999999,-0.846616485,0.501036315,0.08764626
1764505253.273803,-2.38056,2.289,0.6409199999999999,-0.846616485,0.501036315,0.08764626
1764505253.273803,-2.38056,2.289,0.6409199999999999,-0.846616485,0.501036315,0.08764626
1764505253.273803,-2.38056,2.289,0.6409199999999999,-0.846616485,0.501036315,0.08764626
1764505253.3188808,-2.38056,2.289,0.6409199999999999,-0.846616485,0.501036315,0.08764626
1764505253.3188808,-2.38056,2.289,0.6409199999999999,-0.846616485,0.501036315,0.08764626
1764505253.3188808,-2.38056,2.289,0.6409199999999999,-0.846616485,0.501036315,0.08764626
1764505253.3188808,-2.38056,2.289,0.6409199999999999,-0.846616485,0.501036315,0.08764626
1764505253.3188808,-2.38056,2.289,0.6409199999999999,-0.846616485,0.501036315,0.08764626
1764505253.3188808,-2.38056,2.289,0.6409199999999999,-0.846616485,0.501036315,0.08764626
1764505253.3188808,-3.6624,1.84646,0.50358,-0.84679959,0.50195184,0.087707295
1764505253.3188808,-3.6624,1.84646,0.50358,-0.84679959,0.50195184,0.087707295
1764505253.3188808,-3.6624,1.84646,0.50358,-0.84679959,0.50195184,0.087707295
1764505253.3188808,-3.6624,1.84646,0.50358,-0.84679959,0.50195184,0.087707295
1764505253.3198838,-3.6624,1.84646,0.50358,-0.84679959,0.50195184,0.087707295
1764505253.3198838,-3.6624,1.84646,0.50358,-0.84679959,0.50195184,0.087707295
1764505253.3209558,-3.6624,1.84646,0.50358,-0.84679959,0.50195184,0.087707295
1764505253.3209558,-3.6624,1.84646,0.50358,-0.84679959,0.50195184,0.087707295
1764505253.321165,-3.6624,1.84646,0.50358,-0.84679959,0.50195184,0.087707295
1764505253.321165,-3.6624,1.84646,0.50358,-0.84679959,0.50195184,0.087707295
1764505253.321165,-4.62378,1.87698,0.6409199999999999,-0.846372345,0.502623225,0.08703591
1764505253.321165,-4.62378,1.87698,0.6409199999999999,-0.846372345,0.502623225,0.08703591
1764505253.321165,-4.62378,1.87698,0.6409199999999999,-0.846372345,0.502623225,0.08703591
1764505253.321165,-4.62378,1.87698,0.6409199999999999,-0.846372345,0.502623225,0.08703591
1764505253.321165,-4.62378,1.87698,0.6409199999999999,-0.846372345,0.502623225,0.08703591
1764505253.3221805,-4.62378,1.87698,0.6409199999999999,-0.846372345,0.502623225,0.08703591
1764505253.3653407,-4.62378,1.87698,0.6409199999999999,-0.846372345,0.502623225,0.08703591
1764505253.3653407,-4.62378,1.87698,0.6409199999999999,-0.846372345,0.502623225,0.08703591
1764505253.3653407,-4.62378,1.87698,0.6409199999999999,-0.846372345,0.502623225,0.08703591
1764505253.3653407,-4.62378,1.87698,0.6409199999999999,-0.846372345,0.502623225,0.08703591
1764505253.3653407,-4.33384,2.02958,0.65618,-0.8461892400000001,0.502257015,0.08569314
1764505253.3653407,-4.33384,2.02958,0.65618,-0.8461892400000001,0.502257015,0.08569314
1764505253.3653407,-4.33384,2.02958,0.65618,-0.8461892400000001,0.502257015,0.08569314
1764505253.3653407,-4.33384,2.02958,0.65618,-0.8461892400000001,0.502257015,0.08569314
1764505253.3653407,-4.33384,2.02958,0.65618,-0.8461892400000001,0.502257015,0.08569314
1764505253.3653407,-4.33384,2.02958,0.65618,-0.8461892400000001,0.502257015,0.08569314
1764505253.3653407,-4.33384,2.02958,0.65618,-0.8461892400000001,0.502257015,0.08569314
1764505253.3653407,-4.33384,2.02958,0.65618,-0.8461892400000001,0.502257015,0.08569314
1764505253.3653407,-4.33384,2.02958,0.65618,-0.8461892400000001,0.502257015,0.08569314
1764505253.3653407,-4.33384,2.02958,0.65618,-0.8461892400000001,0.502257015,0.08569314
1764505253.3653407,-4.60852,1.2971,0.65618,-0.848081325,0.502501155,0.083801055
1764505253.3653407,-4.60852,1.2971,0.65618,-0.848081325,0.502501155,0.083801055
1764505253.3653407,-4.60852,1.2971,0.65618,-0.848081325,0.502501155,0.083801055
1764505253.3653407,-4.60852,1.2971,0.65618,-0.848081325,0.502501155,0.083801055
1764505253.3653407,-4.60852,1.2971,0.65618,-0.848081325,0.502501155,0.083801055
1764505253.3653407,-4.60852,1.2971,0.65618,-0.848081325,0.502501155,0.083801055
1764505253.3653407,-4.60852,1.2971,0.65618,-0.848081325,0.502501155,0.083801055
1764505253.3653407,-4.60852,1.2971,0.65618,-0.848081325,0.502501155,0.083801055
1764505253.3653407,-4.60852,1.2971,0.65618,-0.848081325,0.502501155,0.083801055
1764505253.3653407,-4.60852,1.2971,0.65618,-0.848081325,0.502501155,0.083801055
1764505253.412616,-5.17314,0.85456,0.21364,-0.849057885,0.503355645,0.08337381
1764505253.412616,-5.17314,0.85456,0.21364,-0.849057885,0.503355645,0.08337381
1764505253.412616,-5.17314,0.85456,0.21364,-0.849057885,0.503355645,0.08337381
1764505253.412616,-5.17314,0.85456,0.21364,-0.849057885,0.503355645,0.08337381
1764505253.412616,-5.17314,0.85456,0.21364,-0.849057885,0.503355645,0.08337381
1764505253.412616,-5.17314,0.85456,0.21364,-0.849057885,0.503355645,0.08337381
1764505253.412616,-5.17314,0.85456,0.21364,-0.849057885,0.503355645,0.08337381
1764505253.412616,-5.17314,0.85456,0.21364,-0.849057885,0.503355645,0.08337381
1764505253.412616,-5.17314,0.85456,0.21364,-0.849057885,0.503355645,0.08337381
1764505253.412616,-5.17314,0.85456,0.21364,-0.849057885,0.503355645,0.08337381
1764505253.412616,-5.24944,1.15976,0.21364,-0.84789822,0.50244012,0.083312775
1764505253.412616,-5.24944,1.15976,0.21364,-0.84789822,0.50244012,0.083312775
1764505253.412616,-5.24944,1.15976,0.21364,-0.84789822,0.50244012,0.083312775
1764505253.412616,-5.24944,1.15976,0.21364,-0.84789822,0.50244012,0.083312775
1764505253.412616,-5.24944,1.15976,0.21364,-0.84789822,0.50244012,0.083312775
1764505253.412616,-5.24944,1.15976,0.21364,-0.84789822,0.50244012,0.083312775
1764505253.412616,-5.24944,1.15976,0.21364,-0.84789822,0.50244012,0.083312775
1764505253.412616,-5.24944,1.15976,0.21364,-0.84789822,0.50244012,0.083312775
1764505253.412616,-5.24944,1.15976,0.21364,-0.84789822,0.50244012,0.083312775
1764505253.412616,-5.24944,1.15976,0.21364,-0.84789822,0.50244012,0.083312775
1764505253.412616,-4.2728,1.78542,0.1678599999999999,-0.84802029,0.5007921750000001,0.083556915
1764505253.412616,-4.2728,1.78542,0.1678599999999999,-0.84802029,0.5007921750000001,0.083556915
1764505253.4557292,-4.2728,1.78542,0.1678599999999999,-0.84802029,0.5007921750000001,0.083556915
1764505253.4557292,-4.2728,1.78542,0.1678599999999999,-0.84802029,0.5007921750000001,0.083556915
1764505253.4567406,-4.2728,1.78542,0.1678599999999999,-0.84802029,0.5007921750000001,0.083556915
1764505253.4567406,-4.2728,1.78542,0.1678599999999999,-0.84802029,0.5007921750000001,0.083556915
1764505253.4567406,-4.2728,1.78542,0.1678599999999999,-0.84802029,0.5007921750000001,0.083556915
1764505253.4567406,-4.2728,1.78542,0.1678599999999999,-0.84802029,0.5007921750000001,0.083556915
1764505253.4567406,-4.2728,1.78542,0.1678599999999999,-0.84802029,0.5007921750000001,0.083556915
1764505253.4567406,-4.2728,1.78542,0.1678599999999999,-0.84802029,0.5007921750000001,0.083556915
1764505253.4567406,-3.54032,1.1445,0.1678599999999999,-0.847715115,0.501158385,0.083190705
1764505253.4567406,-3.54032,1.1445,0.1678599999999999,-0.847715115,0.501158385,0.083190705
1764505253.4567406,-3.54032,1.1445,0.1678599999999999,-0.847715115,0.501158385,0.083190705
1764505253.4567406,-3.54032,1.1445,0.1678599999999999,-0.847715115,0.501158385,0.083190705
1764505253.4567406,-3.54032,1.1445,0.1678599999999999,-0.847715115,0.501158385,0.083190705
1764505253.4567406,-3.54032,1.1445,0.1678599999999999,-0.847715115,0.501158385,0.083190705
1764505253.4577398,-3.54032,1.1445,0.1678599999999999,-0.847715115,0.501158385,0.083190705
1764505253.4577398,-3.54032,1.1445,0.1678599999999999,-0.847715115,0.501158385,0.083190705
1764505253.4577398,-3.54032,1.1445,0.1678599999999999,-0.847715115,0.501158385,0.083190705
1764505253.4577398,-3.54032,1.1445,0.1678599999999999,-0.847715115,0.501158385,0.083190705
1764505253.4577398,-3.44876,1.38866,0.06104,-0.8457009600000001,0.501158385,0.08337381
1764505253.4577398,-3.44876,1.38866,0.06104,-0.8457009600000001,0.501158385,0.08337381
1764505253.4577398,-3.44876,1.38866,0.06104,-0.8457009600000001,0.501158385,0.08337381
1764505253.4592469,-3.44876,1.38866,0.06104,-0.8457009600000001,0.501158385,0.08337381
1764505253.4592469,-3.44876,1.38866,0.06104,-0.8457009600000001,0.501158385,0.08337381
1764505253.4592469,-3.44876,1.38866,0.06104,-0.8457009600000001,0.501158385,0.08337381
1764505253.5041344,-3.44876,1.38866,0.06104,-0.8457009600000001,0.501158385,0.08337381
1764505253.5041344,-3.44876,1.38866,0.06104,-0.8457009600000001,0.501158385,0.08337381
1764505253.5041344,-3.44876,1.38866,0.06104,-0.8457009600000001,0.501158385,0.08337381
1764505253.5041344,-3.44876,1.38866,0.06104,-0.8457009600000001,0.501158385,0.08337381
1764505253.5041344,-4.53222,2.22796,-0.41202,-0.844663365,0.500425965,0.082214145
1764505253.5041344,-4.53222,2.22796,-0.41202,-0.844663365,0.500425965,0.082214145
1764505253.5041344,-4.53222,2.22796,-0.41202,-0.844663365,0.500425965,0.082214145
1764505253.5041344,-4.53222,2.22796,-0.41202,-0.844663365,0.500425965,0.082214145
1764505253.5041344,-4.53222,2.22796,-0.41202,-0.844663365,0.500425965,0.082214145
1764505253.5041344,-4.53222,2.22796,-0.41202,-0.844663365,0.500425965,0.082214145
1764505253.5041344,-4.53222,2.22796,-0.41202,-0.844663365,0.500425965,0.082214145
1764505253.5041344,-4.53222,2.22796,-0.41202,-0.844663365,0.500425965,0.082214145
1764505253.5041344,-4.53222,2.22796,-0.41202,-0.844663365,0.500425965,0.082214145
1764505253.5041344,-4.53222,2.22796,-0.41202,-0.844663365,0.500425965,0.082214145
1764505253.5041344,-5.21892,2.12114,0.6103999999999999,-0.84679959,0.49975458,0.079528605
1764505253.5041344,-5.21892,2.12114,0.6103999999999999,-0.84679959,0.49975458,0.079528605
1764505253.5041344,-5.21892,2.12114,0.6103999999999999,-0.84679959,0.49975458,0.079528605
1764505253.5041344,-5.21892,2.12114,0.6103999999999999,-0.84679959,0.49975458,0.079528605
1764505253.5046446,-5.21892,2.12114,0.6103999999999999,-0.84679959,0.49975458,0.079528605
1764505253.5046446,-5.21892,2.12114,0.6103999999999999,-0.84679959,0.49975458,0.079528605
1764505253.5046446,-5.21892,2.12114,0.6103999999999999,-0.84679959,0.49975458,0.079528605
1764505253.5046446,-5.21892,2.12114,0.6103999999999999,-0.84679959,0.49975458,0.079528605
1764505253.5046446,-5.21892,2.12114,0.6103999999999999,-0.84679959,0.49975458,0.079528605
1764505253.5046446,-5.21892,2.12114,0.6103999999999999,-0.84679959,0.49975458,0.079528605
1764505253.5510578,-5.1884,-0.50358,0.96138,-0.850156515,0.498716985,0.078429975
1764505253.5510578,-5.1884,-0.50358,0.96138,-0.850156515,0.498716985,0.078429975
1764505253.5520575,-5.1884,-0.50358,0.96138,-0.850156515,0.498716985,0.078429975
1764505253.5520575,-5.1884,-0.50358,0.96138,-0.850156515,0.498716985,0.078429975
1764505253.5520575,-5.1884,-0.50358,0.96138,-0.850156515,0.498716985,0.078429975
1764505253.5520575,-5.1884,-0.50358,0.96138,-0.850156515,0.498716985,0.078429975
1764505253.5520575,-5.1884,-0.50358,0.96138,-0.850156515,0.498716985,0.078429975
1764505253.5520575,-5.1884,-0.50358,0.96138,-0.850156515,0.498716985,0.078429975
1764505253.5520575,-5.1884,-0.50358,0.96138,-0.850156515,0.498716985,0.078429975
1764505253.55337,-5.1884,-0.50358,0.96138,-0.850156515,0.498716985,0.078429975
1764505253.55337,-4.54748,0.21364,0.50358,-0.85021755,0.49816767,0.08007792
1764505253.55337,-4.54748,0.21364,0.50358,-0.85021755,0.49816767,0.08007792
1764505253.5538776,-4.54748,0.21364,0.50358,-0.85021755,0.49816767,0.08007792
1764505253.5538776,-4.54748,0.21364,0.50358,-0.85021755,0.49816767,0.08007792
1764505253.5538776,-4.54748,0.21364,0.50358,-0.85021755,0.49816767,0.08007792
1764505253.5538776,-4.54748,0.21364,0.50358,-0.85021755,0.49816767,0.08007792
1764505253.5538776,-4.54748,0.21364,0.50358,-0.85021755,0.49816767,0.08007792
1764505253.5538776,-4.54748,0.21364,0.50358,-0.85021755,0.49816767,0.08007792
1764505253.5538776,-4.54748,0.21364,0.50358,-0.85021755,0.49816767,0.08007792
1764505253.5538776,-4.54748,0.21364,0.50358,-0.85021755,0.49816767,0.08007792
1764505253.5538776,-3.95234,1.4039199999999998,0.42728,-0.84850857,0.497740425,0.08142069
1764505253.5548885,-3.95234,1.4039199999999998,0.42728,-0.84850857,0.497740425,0.08142069
1764505253.5967586,-3.95234,1.4039199999999998,0.42728,-0.84850857,0.497740425,0.08142069
1764505253.5967586,-3.95234,1.4039199999999998,0.42728,-0.84850857,0.497740425,0.08142069
1764505253.5967586,-3.95234,1.4039199999999998,0.42728,-0.84850857,0.497740425,0.08142069
1764505253.5967586,-3.95234,1.4039199999999998,0.42728,-0.84850857,0.497740425,0.08142069
1764505253.598659,-3.95234,1.4039199999999998,0.42728,-0.84850857,0.497740425,0.08142069
1764505253.598659,-3.95234,1.4039199999999998,0.42728,-0.84850857,0.497740425,0.08142069
1764505253.598659,-3.95234,1.4039199999999998,0.42728,-0.84850857,0.497740425,0.08142069
1764505253.598659,-3.95234,1.4039199999999998,0.42728,-0.84850857,0.497740425,0.08142069
1764505253.598659,-2.57894,1.34288,1.03768,-0.847959255,0.496397655,0.0830076
1764505253.598659,-2.57894,1.34288,1.03768,-0.847959255,0.496397655,0.0830076
1764505253.598659,-2.57894,1.34288,1.03768,-0.847959255,0.496397655,0.0830076
1764505253.598659,-2.57894,1.34288,1.03768,-0.847959255,0.496397655,0.0830076
1764505253.599278,-2.57894,1.34288,1.03768,-0.847959255,0.496397655,0.0830076
1764505253.599278,-2.57894,1.34288,1.03768,-0.847959255,0.496397655,0.0830076
1764505253.599278,-2.57894,1.34288,1.03768,-0.847959255,0.496397655,0.0830076
1764505253.599278,-2.57894,1.34288,1.03768,-0.847959255,0.496397655,0.0830076
1764505253.599278,-2.57894,1.34288,1.03768,-0.847959255,0.496397655,0.0830076
1764505253.599278,-2.57894,1.34288,1.03768,-0.847959255,0.496397655,0.0830076
1764505253.599278,-2.94518,1.35814,0.82404,-0.84692166,0.497374215,0.08374002
1764505253.599278,-2.94518,1.35814,0.82404,-0.84692166,0.497374215,0.08374002
1764505253.599278,-2.94518,1.35814,0.82404,-0.84692166,0.497374215,0.08374002
1764505253.599278,-2.94518,1.35814,0.82404,-0.84692166,0.497374215,0.08374002
1764505253.599278,-2.94518,1.35814,0.82404,-0.84692166,0.497374215,0.08374002
1764505253.599278,-2.94518,1.35814,0.82404,-0.84692166,0.497374215,0.08374002
1764505253.643115,-2.94518,1.35814,0.82404,-0.84692166,0.497374215,0.08374002
1764505253.643115,-2.94518,1.35814,0.82404,-0.84692166,0.497374215,0.08374002
1764505253.6458485,-2.94518,1.35814,0.82404,-0.84692166,0.497374215,0.08374002
1764505253.6458485,-2.94518,1.35814,0.82404,-0.84692166,0.497374215,0.08374002
1764505253.6458485,-4.18124,1.2971,0.51884,-0.84631131,0.49877802,0.08483865
1764505253.6458485,-4.18124,1.2971,0.51884,-0.84631131,0.49877802,0.08483865
1764505253.6458485,-4.18124,1.2971,0.51884,-0.84631131,0.49877802,0.08483865
1764505253.6458485,-4.18124,1.2971,0.51884,-0.84631131,0.49877802,0.08483865
1764505253.6458485,-4.18124,1.2971,0.51884,-0.84631131,0.49877802,0.08483865
1764505253.6458485,-4.18124,1.2971,0.51884,-0.84631131,0.49877802,0.08483865
1764505253.6458485,-4.18124,1.2971,0.51884,-0.84631131,0.49877802,0.08483865
1764505253.6458485,-4.18124,1.2971,0.51884,-0.84631131,0.49877802,0.08483865
1764505253.6458485,-4.18124,1.2971,0.51884,-0.84631131,0.49877802,0.08483865
1764505253.6458485,-4.18124,1.2971,0.51884,-0.84631131,0.49877802,0.08483865
1764505253.6458485,-4.37962,0.88508,0.4578,-0.84704373,0.50073114,0.08483865
1764505253.6458485,-4.37962,0.88508,0.4578,-0.84704373,0.50073114,0.08483865
1764505253.6458485,-4.37962,0.88508,0.4578,-0.84704373,0.50073114,0.08483865
1764505253.6458485,-4.37962,0.88508,0.4578,-0.84704373,0.50073114,0.08483865
1764505253.6458485,-4.37962,0.88508,0.4578,-0.84704373,0.50073114,0.08483865
1764505253.6458485,-4.37962,0.88508,0.4578,-0.84704373,0.50073114,0.08483865
1764505253.6458485,-4.37962,0.88508,0.4578,-0.84704373,0.50073114,0.08483865
1764505253.6458485,-4.37962,0.88508,0.4578,-0.84704373,0.50073114,0.08483865
1764505253.6458485,-4.37962,0.88508,0.4578,-0.84704373,0.50073114,0.08483865
1764505253.6458485,-4.37962,0.88508,0.4578,-0.84704373,0.50073114,0.08483865
1764505253.6915638,-3.49454,0.36624,0.85456,-0.8483865,0.5007921750000001,0.084655545
1764505253.6915638,-3.49454,0.36624,0.85456,-0.8483865,0.5007921750000001,0.084655545
1764505253.6915638,-3.49454,0.36624,0.85456,-0.8483865,0.5007921750000001,0.084655545
1764505253.6915638,-3.49454,0.36624,0.85456,-0.8483865,0.5007921750000001,0.084655545
1764505253.6915638,-3.49454,0.36624,0.85456,-0.8483865,0.5007921750000001,0.084655545
1764505253.6915638,-3.49454,0.36624,0.85456,-0.8483865,0.5007921750000001,0.084655545
1764505253.6925707,-3.49454,0.36624,0.85456,-0.8483865,0.5007921750000001,0.084655545
1764505253.6925707,-3.49454,0.36624,0.85456,-0.8483865,0.5007921750000001,0.084655545
1764505253.6925707,-3.49454,0.36624,0.85456,-0.8483865,0.5007921750000001,0.084655545
1764505253.6925707,-3.49454,0.36624,0.85456,-0.8483865,0.5007921750000001,0.084655545
1764505253.6925707,-4.37962,0.62566,0.24416,-0.847593045,0.5013414900000001,0.08459451
1764505253.6925707,-4.37962,0.62566,0.24416,-0.847593045,0.5013414900000001,0.08459451
1764505253.6925707,-4.37962,0.62566,0.24416,-0.847593045,0.5013414900000001,0.08459451
1764505253.6925707,-4.37962,0.62566,0.24416,-0.847593045,0.5013414900000001,0.08459451
1764505253.6925707,-4.37962,0.62566,0.24416,-0.847593045,0.5013414900000001,0.08459451
1764505253.6925707,-4.37962,0.62566,0.24416,-0.847593045,0.5013414900000001,0.08459451
1764505253.6940768,-4.37962,0.62566,0.24416,-0.847593045,0.5013414900000001,0.08459451
1764505253.6940768,-4.37962,0.62566,0.24416,-0.847593045,0.5013414900000001,0.08459451
1764505253.6940768,-4.37962,0.62566,0.24416,-0.847593045,0.5013414900000001,0.08459451
1764505253.6950896,-4.37962,0.62566,0.24416,-0.847593045,0.5013414900000001,0.08459451
1764505253.6950896,-4.28806,1.38866,-0.54936,-0.845273715,0.501890805,0.084777615
1764505253.6950896,-4.28806,1.38866,-0.54936,-0.845273715,0.501890805,0.084777615
1764505253.7357793,-4.28806,1.38866,-0.54936,-0.845273715,0.501890805,0.084777615
1764505253.7357793,-4.28806,1.38866,-0.54936,-0.845273715,0.501890805,0.084777615
1764505253.7357793,-4.28806,1.38866,-0.54936,-0.845273715,0.501890805,0.084777615
1764505253.7357793,-4.28806,1.38866,-0.54936,-0.845273715,0.501890805,0.084777615
1764505253.7357793,-4.28806,1.38866,-0.54936,-0.845273715,0.501890805,0.084777615
1764505253.7357793,-4.28806,1.38866,-0.54936,-0.845273715,0.501890805,0.084777615
1764505253.7373812,-4.28806,1.38866,-0.54936,-0.845273715,0.501890805,0.084777615
1764505253.7373812,-4.28806,1.38866,-0.54936,-0.845273715,0.501890805,0.084777615
1764505253.7373812,-5.05106,1.49548,-0.57988,-0.84386991,0.50195184,0.085449
1764505253.7373812,-5.05106,1.49548,-0.57988,-0.84386991,0.50195184,0.085449
1764505253.7373812,-5.05106,1.49548,-0.57988,-0.84386991,0.50195184,0.085449
1764505253.7373812,-5.05106,1.49548,-0.57988,-0.84386991,0.50195184,0.085449
1764505253.7373812,-5.05106,1.49548,-0.57988,-0.84386991,0.50195184,0.085449
1764505253.7373812,-5.05106,1.49548,-0.57988,-0.84386991,0.50195184,0.085449
1764505253.7373812,-5.05106,1.49548,-0.57988,-0.84386991,0.50195184,0.085449
1764505253.7373812,-5.05106,1.49548,-0.57988,-0.84386991,0.50195184,0.085449
1764505253.7373812,-5.05106,1.49548,-0.57988,-0.84386991,0.50195184,0.085449
1764505253.7373812,-5.05106,1.49548,-0.57988,-0.84386991,0.50195184,0.085449
1764505253.7373812,-5.753019999999999,1.1445,-0.2289,-0.8447244,0.50231805,0.085998315
1764505253.7373812,-5.753019999999999,1.1445,-0.2289,-0.8447244,0.50231805,0.085998315
1764505253.7383957,-5.753019999999999,1.1445,-0.2289,-0.8447244,0.50231805,0.085998315
1764505253.7393954,-5.753019999999999,1.1445,-0.2289,-0.8447244,0.50231805,0.085998315
1764505253.7393954,-5.753019999999999,1.1445,-0.2289,-0.8447244,0.50231805,0.085998315
1764505253.7393954,-5.753019999999999,1.1445,-0.2289,-0.8447244,0.50231805,0.085998315
1764505253.7844496,-5.753019999999999,1.1445,-0.2289,-0.8447244,0.50231805,0.085998315
1764505253.7844496,-5.753019999999999,1.1445,-0.2289,-0.8447244,0.50231805,0.085998315
1764505253.7854614,-5.753019999999999,1.1445,-0.2289,-0.8447244,0.50231805,0.085998315
1764505253.7854614,-5.753019999999999,1.1445,-0.2289,-0.8447244,0.50231805,0.085998315
1764505253.7854614,-5.63094,0.50358,0.65618,-0.846372345,0.503233575,0.084533475
1764505253.7854614,-5.63094,0.50358,0.65618,-0.846372345,0.503233575,0.084533475
1764505253.7854614,-5.63094,0.50358,0.65618,-0.846372345,0.503233575,0.084533475
1764505253.7854614,-5.63094,0.50358,0.65618,-0.846372345,0.503233575,0.084533475
1764505253.7854614,-5.63094,0.50358,0.65618,-0.846372345,0.503233575,0.084533475
1764505253.7854614,-5.63094,0.50358,0.65618,-0.846372345,0.503233575,0.084533475
1764505253.7854614,-5.63094,0.50358,0.65618,-0.846372345,0.503233575,0.084533475
1764505253.7854614,-5.63094,0.50358,0.65618,-0.846372345,0.503233575,0.084533475
1764505253.7854614,-5.63094,0.50358,0.65618,-0.846372345,0.503233575,0.084533475
1764505253.7854614,-5.63094,0.50358,0.65618,-0.846372345,0.503233575,0.084533475
1764505253.7864833,-6.01244,0.42728,0.06104,-0.84704373,0.50317254,0.08386209
1764505253.7864833,-6.01244,0.42728,0.06104,-0.84704373,0.50317254,0.08386209
1764505253.7864833,-6.01244,0.42728,0.06104,-0.84704373,0.50317254,0.08386209
1764505253.7864833,-6.01244,0.42728,0.06104,-0.84704373,0.50317254,0.08386209
1764505253.7864833,-6.01244,0.42728,0.06104,-0.84704373,0.50317254,0.08386209
1764505253.7864833,-6.01244,0.42728,0.06104,-0.84704373,0.50317254,0.08386209
1764505253.7864833,-6.01244,0.42728,0.06104,-0.84704373,0.50317254,0.08386209
1764505253.7864833,-6.01244,0.42728,0.06104,-0.84704373,0.50317254,0.08386209
1764505253.7864833,-6.01244,0.42728,0.06104,-0.84704373,0.50317254,0.08386209
1764505253.7864833,-6.01244,0.42728,0.06104,-0.84704373,0.50317254,0.08386209
1764505253.8351648,-5.15788,2.0601,-1.15976,-0.84740994,0.501524595,0.08410623
1764505253.8351648,-5.15788,2.0601,-1.15976,-0.84740994,0.501524595,0.08410623
1764505253.8351648,-5.15788,2.0601,-1.15976,-0.84740994,0.501524595,0.08410623
1764505253.8351648,-5.15788,2.0601,-1.15976,-0.84740994,0.501524595,0.08410623
1764505253.8351648,-5.15788,2.0601,-1.15976,-0.84740994,0.501524595,0.08410623
1764505253.8351648,-5.15788,2.0601,-1.15976,-0.84740994,0.501524595,0.08410623
1764505253.8361692,-5.15788,2.0601,-1.15976,-0.84740994,0.501524595,0.08410623
1764505253.8361692,-5.15788,2.0601,-1.15976,-0.84740994,0.501524595,0.08410623
1764505253.8361692,-5.15788,2.0601,-1.15976,-0.84740994,0.501524595,0.08410623
1764505253.8361692,-5.15788,2.0601,-1.15976,-0.84740994,0.501524595,0.08410623
1764505253.8361692,-4.6543,2.41108,-0.62566,-0.847470975,0.499205265,0.08374002
1764505253.8361692,-4.6543,2.41108,-0.62566,-0.847470975,0.499205265,0.08374002
1764505253.8361692,-4.6543,2.41108,-0.62566,-0.847470975,0.499205265,0.08374002
1764505253.8361692,-4.6543,2.41108,-0.62566,-0.847470975,0.499205265,0.08374002
1764505253.8361692,-4.6543,2.41108,-0.62566,-0.847470975,0.499205265,0.08374002
1764505253.8361692,-4.6543,2.41108,-0.62566,-0.847470975,0.499205265,0.08374002
1764505253.8361692,-4.6543,2.41108,-0.62566,-0.847470975,0.499205265,0.08374002
1764505253.8361692,-4.6543,2.41108,-0.62566,-0.847470975,0.499205265,0.08374002
1764505253.8361692,-4.6543,2.41108,-0.62566,-0.847470975,0.499205265,0.08374002
1764505253.8361692,-4.6543,2.41108,-0.62566,-0.847470975,0.499205265,0.08374002
1764505253.8361692,-5.0358,1.78542,0.18312,-0.84802029,0.4968249,0.083556915
1764505253.8361692,-5.0358,1.78542,0.18312,-0.84802029,0.4968249,0.083556915
1764505253.8361692,-5.0358,1.78542,0.18312,-0.84802029,0.4968249,0.083556915
1764505253.8361692,-5.0358,1.78542,0.18312,-0.84802029,0.4968249,0.083556915
1764505253.879484,-5.0358,1.78542,0.18312,-0.84802029,0.4968249,0.083556915
1764505253.879484,-5.0358,1.78542,0.18312,-0.84802029,0.4968249,0.083556915
1764505253.879484,-5.0358,1.78542,0.18312,-0.84802029,0.4968249,0.083556915
1764505253.879484,-5.0358,1.78542,0.18312,-0.84802029,0.4968249,0.083556915
1764505253.879484,-5.0358,1.78542,0.18312,-0.84802029,0.4968249,0.083556915
1764505253.879484,-5.0358,1.78542,0.18312,-0.84802029,0.4968249,0.083556915
1764505253.879484,-5.05106,1.12924,0.41202,-0.849179955,0.494078325,0.082946565
1764505253.879484,-5.05106,1.12924,0.41202,-0.849179955,0.494078325,0.082946565
1764505253.879484,-5.05106,1.12924,0.41202,-0.849179955,0.494078325,0.082946565
1764505253.879484,-5.05106,1.12924,0.41202,-0.849179955,0.494078325,0.082946565
1764505253.879484,-5.05106,1.12924,0.41202,-0.849179955,0.494078325,0.082946565
1764505253.879484,-5.05106,1.12924,0.41202,-0.849179955,0.494078325,0.082946565
1764505253.879484,-5.05106,1.12924,0.41202,-0.849179955,0.494078325,0.082946565
1764505253.8804932,-5.05106,1.12924,0.41202,-0.849179955,0.494078325,0.082946565
1764505253.8804932,-5.05106,1.12924,0.41202,-0.849179955,0.494078325,0.082946565
1764505253.8804932,-5.05106,1.12924,0.41202,-0.849179955,0.494078325,0.082946565
1764505253.8804932,-4.1965,0.94612,0.85456,-0.849179955,0.49328487,0.08325174
1764505253.8810391,-4.1965,0.94612,0.85456,-0.849179955,0.49328487,0.08325174
1764505253.8810391,-4.1965,0.94612,0.85456,-0.849179955,0.49328487,0.08325174
1764505253.8810391,-4.1965,0.94612,0.85456,-0.849179955,0.49328487,0.08325174
1764505253.8810391,-4.1965,0.94612,0.85456,-0.849179955,0.49328487,0.08325174
1764505253.8810391,-4.1965,0.94612,0.85456,-0.849179955,0.49328487,0.08325174
1764505253.9272826,-4.1965,0.94612,0.85456,-0.849179955,0.49328487,0.08325174
1764505253.9272826,-4.1965,0.94612,0.85456,-0.849179955,0.49328487,0.08325174
1764505253.9272826,-4.1965,0.94612,0.85456,-0.849179955,0.49328487,0.08325174
1764505253.9278612,-4.1965,0.94612,0.85456,-0.849179955,0.49328487,0.08325174
1764505253.9278612,-2.9757,0.77826,0.73248,-0.849546165,0.49340694,0.083801055
1764505253.9278612,-2.9757,0.77826,0.73248,-0.849546165,0.49340694,0.083801055
1764505253.9278612,-2.9757,0.77826,0.73248,-0.849546165,0.49340694,0.083801055
1764505253.9278612,-2.9757,0.77826,0.73248,-0.849546165,0.49340694,0.083801055
1764505253.9278612,-2.9757,0.77826,0.73248,-0.849546165,0.49340694,0.083801055
1764505253.9278612,-2.9757,0.77826,0.73248,-0.849546165,0.49340694,0.083801055
1764505253.9278612,-2.9757,0.77826,0.73248,-0.849546165,0.49340694,0.083801055
1764505253.9278612,-2.9757,0.77826,0.73248,-0.849546165,0.49340694,0.083801055
1764505253.9278612,-2.9757,0.77826,0.73248,-0.849546165,0.49340694,0.083801055
1764505253.9278612,-2.9757,0.77826,0.73248,-0.849546165,0.49340694,0.083801055
1764505253.9278612,-2.68576,0.19838,0.39676,-0.849546165,0.494810745,0.08398416
1764505253.9278612,-2.68576,0.19838,0.39676,-0.849546165,0.494810745,0.08398416
1764505253.9278612,-2.68576,0.19838,0.39676,-0.849546165,0.494810745,0.08398416
1764505253.9278612,-2.68576,0.19838,0.39676,-0.849546165,0.494810745,0.08398416
1764505253.9278612,-2.68576,0.19838,0.39676,-0.849546165,0.494810745,0.08398416
1764505253.9278612,-2.68576,0.19838,0.39676,-0.849546165,0.494810745,0.08398416
1764505253.9278612,-2.68576,0.19838,0.39676,-0.849546165,0.494810745,0.08398416
1764505253.9278612,-2.68576,0.19838,0.39676,-0.849546165,0.494810745,0.08398416
1764505253.9278612,-2.68576,0.19838,0.39676,-0.849546165,0.494810745,0.08398416
1764505253.9278612,-2.68576,0.19838,0.39676,-0.849546165,0.494810745,0.08398416
1764505253.9723763,-3.25038,0.77826,0.44254,-0.849546165,0.49706904,0.08374002
1764505253.9723763,-3.25038,0.77826,0.44254,-0.849546165,0.49706904,0.08374002
1764505253.9723763,-3.25038,0.77826,0.44254,-0.849546165,0.49706904,0.08374002
1764505253.9723763,-3.25038,0.77826,0.44254,-0.849546165,0.49706904,0.08374002
1764505253.9723763,-3.25038,0.77826,0.44254,-0.849546165,0.49706904,0.08374002
1764505253.9723763,-3.25038,0.77826,0.44254,-0.849546165,0.49706904,0.08374002
1764505253.9723763,-3.25038,0.77826,0.44254,-0.849546165,0.49706904,0.08374002
1764505253.9723763,-3.25038,0.77826,0.44254,-0.849546165,0.49706904,0.08374002
1764505253.9723763,-3.25038,0.77826,0.44254,-0.849546165,0.49706904,0.08374002
1764505253.9723763,-3.25038,0.77826,0.44254,-0.849546165,0.49706904,0.08374002
1764505253.9723763,-3.64714,1.26658,0.21364,-0.8477761500000001,0.500425965,0.083678985
1764505253.9723763,-3.64714,1.26658,0.21364,-0.8477761500000001,0.500425965,0.083678985
1764505253.9723763,-3.64714,1.26658,0.21364,-0.8477761500000001,0.500425965,0.083678985
1764505253.9723763,-3.64714,1.26658,0.21364,-0.8477761500000001,0.500425965,0.083678985
1764505253.9723763,-3.64714,1.26658,0.21364,-0.8477761500000001,0.500425965,0.083678985
1764505253.9723763,-3.64714,1.26658,0.21364,-0.8477761500000001,0.500425965,0.083678985
1764505253.9723763,-3.64714,1.26658,0.21364,-0.8477761500000001,0.500425965,0.083678985
1764505253.9723763,-3.64714,1.26658,0.21364,-0.8477761500000001,0.500425965,0.083678985
1764505253.9723763,-3.64714,1.26658,0.21364,-0.8477761500000001,0.500425965,0.083678985
1764505253.9723763,-3.64714,1.26658,0.21364,-0.8477761500000001,0.500425965,0.083678985
1764505253.9723763,-3.7387,1.78542,0.27468,-0.84643338,0.502257015,0.08288553
1764505253.9739249,-3.7387,1.78542,0.27468,-0.84643338,0.502257015,0.08288553
1764505254.0201204,-3.7387,1.78542,0.27468,-0.84643338,0.502257015,0.08288553
1764505254.0201204,-3.7387,1.78542,0.27468,-0.84643338,0.502257015,0.08288553
1764505254.0201204,-3.7387,1.78542,0.27468,-0.84643338,0.502257015,0.08288553
1764505254.0201204,-3.7387,1.78542,0.27468,-0.84643338,0.502257015,0.08288553
1764505254.0201204,-3.7387,1.78542,0.27468,-0.84643338,0.502257015,0.08288553
1764505254.0201204,-3.7387,1.78542,0.27468,-0.84643338,0.502257015,0.08288553
1764505254.0201204,-3.7387,1.78542,0.27468,-0.84643338,0.502257015,0.08288553
1764505254.0201204,-3.7387,1.78542,0.27468,-0.84643338,0.502257015,0.08288553
1764505254.0201204,-4.3491,1.48022,0.13734,-0.845884065,0.50268426,0.082702425
1764505254.0201204,-4.3491,1.48022,0.13734,-0.845884065,0.50268426,0.082702425
1764505254.0201204,-4.3491,1.48022,0.13734,-0.845884065,0.50268426,0.082702425
1764505254.0201204,-4.3491,1.48022,0.13734,-0.845884065,0.50268426,0.082702425
1764505254.0201204,-4.3491,1.48022,0.13734,-0.845884065,0.50268426,0.082702425
1764505254.0201204,-4.3491,1.48022,0.13734,-0.845884065,0.50268426,0.082702425
1764505254.0211174,-4.3491,1.48022,0.13734,-0.845884065,0.50268426,0.082702425
1764505254.0211174,-4.3491,1.48022,0.13734,-0.845884065,0.50268426,0.082702425
1764505254.0211174,-4.3491,1.48022,0.13734,-0.845884065,0.50268426,0.082702425
1764505254.0211174,-4.3491,1.48022,0.13734,-0.845884065,0.50268426,0.082702425
1764505254.0211174,-4.1965,0.93086,0.57988,-0.8459451,0.501890805,0.082580355
1764505254.0211174,-4.1965,0.93086,0.57988,-0.8459451,0.501890805,0.082580355
1764505254.0211174,-4.1965,0.93086,0.57988,-0.8459451,0.501890805,0.082580355
1764505254.0211174,-4.1965,0.93086,0.57988,-0.8459451,0.501890805,0.082580355
1764505254.0211174,-4.1965,0.93086,0.57988,-0.8459451,0.501890805,0.082580355
1764505254.0211174,-4.1965,0.93086,0.57988,-0.8459451,0.501890805,0.082580355
1764505254.0627382,-4.1965,0.93086,0.57988,-0.8459451,0.501890805,0.082580355
1764505254.0627382,-4.1965,0.93086,0.57988,-0.8459451,0.501890805,0.082580355
1764505254.0627382,-4.1965,0.93086,0.57988,-0.8459451,0.501890805,0.082580355
1764505254.0627382,-4.1965,0.93086,0.57988,-0.8459451,0.501890805,0.082580355
1764505254.0627382,-4.16598,0.54936,0.36624,-0.8467385550000001,0.500670105,0.0830076
1764505254.0627382,-4.16598,0.54936,0.36624,-0.8467385550000001,0.500670105,0.0830076
1764505254.0627382,-4.16598,0.54936,0.36624,-0.8467385550000001,0.500670105,0.0830076
1764505254.0627382,-4.16598,0.54936,0.36624,-0.8467385550000001,0.500670105,0.0830076
1764505254.0627382,-4.16598,0.54936,0.36624,-0.8467385550000001,0.500670105,0.0830076
1764505254.0627382,-4.16598,0.54936,0.36624,-0.8467385550000001,0.500670105,0.0830076
1764505254.0627382,-4.16598,0.54936,0.36624,-0.8467385550000001,0.500670105,0.0830076
1764505254.0627382,-4.16598,0.54936,0.36624,-0.8467385550000001,0.500670105,0.0830076
1764505254.0627382,-4.16598,0.54936,0.36624,-0.8467385550000001,0.500670105,0.0830076
1764505254.0627382,-4.16598,0.54936,0.36624,-0.8467385550000001,0.500670105,0.0830076
1764505254.0627382,-3.34194,0.73248,0.0762999999999999,-0.8472268350000001,0.49890009,0.08361795
1764505254.063733,-3.34194,0.73248,0.0762999999999999,-0.8472268350000001,0.49890009,0.08361795
1764505254.063733,-3.34194,0.73248,0.0762999999999999,-0.8472268350000001,0.49890009,0.08361795
1764505254.063733,-3.34194,0.73248,0.0762999999999999,-0.8472268350000001,0.49890009,0.08361795
1764505254.065307,-3.34194,0.73248,0.0762999999999999,-0.8472268350000001,0.49890009,0.08361795
1764505254.065307,-3.34194,0.73248,0.0762999999999999,-0.8472268350000001,0.49890009,0.08361795
1764505254.065307,-3.34194,0.73248,0.0762999999999999,-0.8472268350000001,0.49890009,0.08361795
1764505254.065307,-3.34194,0.73248,0.0762999999999999,-0.8472268350000001,0.49890009,0.08361795
1764505254.065307,-3.34194,0.73248,0.0762999999999999,-0.8472268350000001,0.49890009,0.08361795
1764505254.065307,-3.34194,0.73248,0.0762999999999999,-0.8472268350000001,0.49890009,0.08361795
1764505254.1143022,-3.1283,1.35814,-0.25942,-0.846982695,0.49865595,0.083434845
1764505254.1143022,-3.1283,1.35814,-0.25942,-0.846982695,0.49865595,0.083434845
1764505254.1143022,-3.1283,1.35814,-0.25942,-0.846982695,0.49865595,0.083434845
1764505254.1143022,-3.1283,1.35814,-0.25942,-0.846982695,0.49865595,0.083434845
1764505254.1143022,-3.1283,1.35814,-0.25942,-0.846982695,0.49865595,0.083434845
1764505254.1143022,-3.1283,1.35814,-0.25942,-0.846982695,0.49865595,0.083434845
1764505254.1143022,-3.1283,1.35814,-0.25942,-0.846982695,0.49865595,0.083434845
1764505254.114813,-3.1283,1.35814,-0.25942,-0.846982695,0.49865595,0.083434845
1764505254.114813,-3.1283,1.35814,-0.25942,-0.846982695,0.49865595,0.083434845
1764505254.114813,-3.1283,1.35814,-0.25942,-0.846982695,0.49865595,0.083434845
1764505254.114813,-3.15882,0.9003399999999999,-0.12208,-0.846982695,0.500303895,0.08251932
1764505254.114813,-3.15882,0.9003399999999999,-0.12208,-0.846982695,0.500303895,0.08251932
1764505254.114813,-3.15882,0.9003399999999999,-0.12208,-0.846982695,0.500303895,0.08251932
1764505254.114813,-3.15882,0.9003399999999999,-0.12208,-0.846982695,0.500303895,0.08251932
1764505254.114813,-3.15882,0.9003399999999999,-0.12208,-0.846982695,0.500303895,0.08251932
1764505254.114813,-3.15882,0.9003399999999999,-0.12208,-0.846982695,0.500303895,0.08251932
1764505254.114813,-3.15882,0.9003399999999999,-0.12208,-0.846982695,0.500303895,0.08251932
1764505254.114813,-3.15882,0.9003399999999999,-0.12208,-0.846982695,0.500303895,0.08251932
1764505254.114813,-3.15882,0.9003399999999999,-0.12208,-0.846982695,0.500303895,0.08251932
1764505254.114813,-3.15882,0.9003399999999999,-0.12208,-0.846982695,0.500303895,0.08251932
1764505254.114813,-2.7468,0.27468,0.44254,-0.846616485,0.50085321,0.083923125
1764505254.114813,-2.7468,0.27468,0.44254,-0.846616485,0.50085321,0.083923125
1764505254.1619012,-2.7468,0.27468,0.44254,-0.846616485,0.50085321,0.083923125
1764505254.1629026,-2.7468,0.27468,0.44254,-0.846616485,0.50085321,0.083923125
1764505254.1629026,-2.7468,0.27468,0.44254,-0.846616485,0.50085321,0.083923125
1764505254.1629026,-2.7468,0.27468,0.44254,-0.846616485,0.50085321,0.083923125
1764505254.1629026,-2.7468,0.27468,0.44254,-0.846616485,0.50085321,0.083923125
1764505254.1639009,-2.7468,0.27468,0.44254,-0.846616485,0.50085321,0.083923125
1764505254.1639009,-2.7468,0.27468,0.44254,-0.846616485,0.50085321,0.083923125
1764505254.1639009,-2.7468,0.27468,0.44254,-0.846616485,0.50085321,0.083923125
1764505254.1639009,-3.40298,0.6409199999999999,0.3815,-0.84582303,0.50085321,0.08386209
1764505254.1639009,-3.40298,0.6409199999999999,0.3815,-0.84582303,0.50085321,0.08386209
1764505254.1644535,-3.40298,0.6409199999999999,0.3815,-0.84582303,0.50085321,0.08386209
1764505254.1644535,-3.40298,0.6409199999999999,0.3815,-0.84582303,0.50085321,0.08386209
1764505254.1644535,-3.40298,0.6409199999999999,0.3815,-0.84582303,0.50085321,0.08386209
1764505254.1644535,-3.40298,0.6409199999999999,0.3815,-0.84582303,0.50085321,0.08386209
1764505254.1644535,-3.40298,0.6409199999999999,0.3815,-0.84582303,0.50085321,0.08386209
1764505254.1644535,-3.40298,0.6409199999999999,0.3815,-0.84582303,0.50085321,0.08386209
1764505254.1644535,-3.40298,0.6409199999999999,0.3815,-0.84582303,0.50085321,0.08386209
1764505254.1644535,-3.40298,0.6409199999999999,0.3815,-0.84582303,0.50085321,0.08386209
1764505254.1644535,-4.2728,1.61756,0.04578,-0.845761995,0.499083195,0.08288553
1764505254.1644535,-4.2728,1.61756,0.04578,-0.845761995,0.499083195,0.08288553
1764505254.1659737,-4.2728,1.61756,0.04578,-0.845761995,0.499083195,0.08288553
1764505254.1659737,-4.2728,1.61756,0.04578,-0.845761995,0.499083195,0.08288553
1764505254.1659737,-4.2728,1.61756,0.04578,-0.845761995,0.499083195,0.08288553
1764505254.1659737,-4.2728,1.61756,0.04578,-0.845761995,0.499083195,0.08288553
1764505254.207198,-4.2728,1.61756,0.04578,-0.845761995,0.499083195,0.08288553
1764505254.207198,-4.2728,1.61756,0.04578,-0.845761995,0.499083195,0.08288553
1764505254.207198,-4.2728,1.61756,0.04578,-0.845761995,0.499083195,0.08288553
1764505254.207198,-4.2728,1.61756,0.04578,-0.845761995,0.499083195,0.08288553
1764505254.207198,-3.78448,1.51074,0.27468,-0.848691675,0.49914423,0.08190897
1764505254.207198,-3.78448,1.51074,0.27468,-0.848691675,0.49914423,0.08190897
1764505254.207198,-3.78448,1.51074,0.27468,-0.848691675,0.49914423,0.08190897
1764505254.207198,-3.78448,1.51074,0.27468,-0.848691675,0.49914423,0.08190897
1764505254.207198,-3.78448,1.51074,0.27468,-0.848691675,0.49914423,0.08190897
1764505254.207198,-3.78448,1.51074,0.27468,-0.848691675,0.49914423,0.08190897
1764505254.207198,-3.78448,1.51074,0.27468,-0.848691675,0.49914423,0.08190897
1764505254.2078905,-3.78448,1.51074,0.27468,-0.848691675,0.49914423,0.08190897
1764505254.2078905,-3.78448,1.51074,0.27468,-0.848691675,0.49914423,0.08190897
1764505254.2078905,-3.78448,1.51074,0.27468,-0.848691675,0.49914423,0.08190897
1764505254.2078905,-4.68482,-0.13734,0.27468,-0.8508889350000001,0.49975458,0.082946565
1764505254.2078905,-4.68482,-0.13734,0.27468,-0.8508889350000001,0.49975458,0.082946565
1764505254.2078905,-4.68482,-0.13734,0.27468,-0.8508889350000001,0.49975458,0.082946565
1764505254.2078905,-4.68482,-0.13734,0.27468,-0.8508889350000001,0.49975458,0.082946565
1764505254.2078905,-4.68482,-0.13734,0.27468,-0.8508889350000001,0.49975458,0.082946565
1764505254.2078905,-4.68482,-0.13734,0.27468,-0.8508889350000001,0.49975458,0.082946565
1764505254.2078905,-4.68482,-0.13734,0.27468,-0.8508889350000001,0.49975458,0.082946565
1764505254.2078905,-4.68482,-0.13734,0.27468,-0.8508889350000001,0.49975458,0.082946565
1764505254.251851,-4.68482,-0.13734,0.27468,-0.8508889350000001,0.49975458,0.082946565
1764505254.251851,-4.68482,-0.13734,0.27468,-0.8508889350000001,0.49975458,0.082946565
1764505254.251851,-5.20366,0.4578,-0.10682,-0.850522725,0.500425965,0.085387965
1764505254.251851,-5.20366,0.4578,-0.10682,-0.850522725,0.500425965,0.085387965
1764505254.251851,-5.20366,0.4578,-0.10682,-0.850522725,0.500425965,0.085387965
1764505254.251851,-5.20366,0.4578,-0.10682,-0.850522725,0.500425965,0.085387965
1764505254.251851,-5.20366,0.4578,-0.10682,-0.850522725,0.500425965,0.085387965
1764505254.251851,-5.20366,0.4578,-0.10682,-0.850522725,0.500425965,0.085387965
1764505254.251851,-5.20366,0.4578,-0.10682,-0.850522725,0.500425965,0.085387965
1764505254.251851,-5.20366,0.4578,-0.10682,-0.850522725,0.500425965,0.085387965
1764505254.251851,-5.20366,0.4578,-0.10682,-0.850522725,0.500425965,0.085387965
1764505254.251851,-5.20366,0.4578,-0.10682,-0.850522725,0.500425965,0.085387965
1764505254.251851,-4.54748,1.64808,-0.10682,-0.848569605,0.49841181,0.086486595
1764505254.251851,-4.54748,1.64808,-0.10682,-0.848569605,0.49841181,0.086486595
1764505254.251851,-4.54748,1.64808,-0.10682,-0.848569605,0.49841181,0.086486595
1764505254.251851,-4.54748,1.64808,-0.10682,-0.848569605,0.49841181,0.086486595
1764505254.251851,-4.54748,1.64808,-0.10682,-0.848569605,0.49841181,0.086486595
1764505254.251851,-4.54748,1.64808,-0.10682,-0.848569605,0.49841181,0.086486595
1764505254.251851,-4.54748,1.64808,-0.10682,-0.848569605,0.49841181,0.086486595
1764505254.251851,-4.54748,1.64808,-0.10682,-0.848569605,0.49841181,0.086486595
1764505254.251851,-4.54748,1.64808,-0.10682,-0.848569605,0.49841181,0.086486595
1764505254.251851,-4.54748,1.64808,-0.10682,-0.848569605,0.49841181,0.086486595
1764505254.251851,-3.79974,1.77016,0.3815,-0.848203395,0.496397655,0.08496072
1764505254.251851,-3.79974,1.77016,0.3815,-0.848203395,0.496397655,0.08496072
1764505254.2987669,-3.79974,1.77016,0.3815,-0.848203395,0.496397655,0.08496072
1764505254.2987669,-3.79974,1.77016,0.3815,-0.848203395,0.496397655,0.08496072
1764505254.2987669,-3.79974,1.77016,0.3815,-0.848203395,0.496397655,0.08496072
1764505254.2987669,-3.79974,1.77016,0.3815,-0.848203395,0.496397655,0.08496072
1764505254.2987669,-3.79974,1.77016,0.3815,-0.848203395,0.496397655,0.08496072
1764505254.2987669,-3.79974,1.77016,0.3815,-0.848203395,0.496397655,0.08496072
1764505254.2987669,-3.79974,1.77016,0.3815,-0.848203395,0.496397655,0.08496072
1764505254.2987669,-3.79974,1.77016,0.3815,-0.848203395,0.496397655,0.08496072
1764505254.2987669,-3.61662,1.41918,0.7019599999999999,-0.847104765,0.49621455,0.08276346
1764505254.2987669,-3.61662,1.41918,0.7019599999999999,-0.847104765,0.49621455,0.08276346
1764505254.2987669,-3.61662,1.41918,0.7019599999999999,-0.847104765,0.49621455,0.08276346
1764505254.2987669,-3.61662,1.41918,0.7019599999999999,-0.847104765,0.49621455,0.08276346
1764505254.2987669,-3.61662,1.41918,0.7019599999999999,-0.847104765,0.49621455,0.08276346
1764505254.2987669,-3.61662,1.41918,0.7019599999999999,-0.847104765,0.49621455,0.08276346
1764505254.2997737,-3.61662,1.41918,0.7019599999999999,-0.847104765,0.49621455,0.08276346
1764505254.2997737,-3.61662,1.41918,0.7019599999999999,-0.847104765,0.49621455,0.08276346
1764505254.3000803,-3.61662,1.41918,0.7019599999999999,-0.847104765,0.49621455,0.08276346
1764505254.3000803,-3.61662,1.41918,0.7019599999999999,-0.847104765,0.49621455,0.08276346
1764505254.3000803,-4.1965,1.03768,0.77826,-0.846494415,0.49780146,0.08288553
1764505254.3000803,-4.1965,1.03768,0.77826,-0.846494415,0.49780146,0.08288553
1764505254.3000803,-4.1965,1.03768,0.77826,-0.846494415,0.49780146,0.08288553
1764505254.3000803,-4.1965,1.03768,0.77826,-0.846494415,0.49780146,0.08288553
1764505254.3020947,-4.1965,1.03768,0.77826,-0.846494415,0.49780146,0.08288553
1764505254.3020947,-4.1965,1.03768,0.77826,-0.846494415,0.49780146,0.08288553
1764505254.348226,-4.1965,1.03768,0.77826,-0.846494415,0.49780146,0.08288553
1764505254.348226,-4.1965,1.03768,0.77826,-0.846494415,0.49780146,0.08288553
1764505254.348226,-4.1965,1.03768,0.77826,-0.846494415,0.49780146,0.08288553
1764505254.348226,-4.1965,1.03768,0.77826,-0.846494415,0.49780146,0.08288553
1764505254.3491688,-4.28806,0.6409199999999999,0.5341,-0.8477761500000001,0.4992663,0.08398416
1764505254.3491688,-4.28806,0.6409199999999999,0.5341,-0.8477761500000001,0.4992663,0.08398416
1764505254.3491688,-4.28806,0.6409199999999999,0.5341,-0.8477761500000001,0.4992663,0.08398416
1764505254.3491688,-4.28806,0.6409199999999999,0.5341,-0.8477761500000001,0.4992663,0.08398416
1764505254.3491688,-4.28806,0.6409199999999999,0.5341,-0.8477761500000001,0.4992663,0.08398416
1764505254.3491688,-4.28806,0.6409199999999999,0.5341,-0.8477761500000001,0.4992663,0.08398416
1764505254.3491688,-4.28806,0.6409199999999999,0.5341,-0.8477761500000001,0.4992663,0.08398416
1764505254.3491688,-4.28806,0.6409199999999999,0.5341,-0.8477761500000001,0.4992663,0.08398416
1764505254.3491688,-4.28806,0.6409199999999999,0.5341,-0.8477761500000001,0.4992663,0.08398416
1764505254.3491688,-4.28806,0.6409199999999999,0.5341,-0.8477761500000001,0.4992663,0.08398416
1764505254.3491688,-3.815,1.05294,0.97664,-0.84802029,0.49975458,0.08532693
1764505254.3491688,-3.815,1.05294,0.97664,-0.84802029,0.49975458,0.08532693
1764505254.3491688,-3.815,1.05294,0.97664,-0.84802029,0.49975458,0.08532693
1764505254.3491688,-3.815,1.05294,0.97664,-0.84802029,0.49975458,0.08532693
1764505254.3491688,-3.815,1.05294,0.97664,-0.84802029,0.49975458,0.08532693
1764505254.3491688,-3.815,1.05294,0.97664,-0.84802029,0.49975458,0.08532693
1764505254.3491688,-3.815,1.05294,0.97664,-0.84802029,0.49975458,0.08532693
1764505254.3491688,-3.815,1.05294,0.97664,-0.84802029,0.49975458,0.08532693
1764505254.3491688,-3.815,1.05294,0.97664,-0.84802029,0.49975458,0.08532693
1764505254.3491688,-3.815,1.05294,0.97664,-0.84802029,0.49975458,0.08532693
1764505254.3937137,-2.92992,1.08346,0.42728,-0.84765408,0.49963251,0.084899685
1764505254.394246,-2.92992,1.08346,0.42728,-0.84765408,0.49963251,0.084899685
1764505254.394246,-2.92992,1.08346,0.42728,-0.84765408,0.49963251,0.084899685
1764505254.394246,-2.92992,1.08346,0.42728,-0.84765408,0.49963251,0.084899685
1764505254.394246,-2.92992,1.08346,0.42728,-0.84765408,0.49963251,0.084899685
1764505254.394246,-2.92992,1.08346,0.42728,-0.84765408,0.49963251,0.084899685
1764505254.394246,-2.92992,1.08346,0.42728,-0.84765408,0.49963251,0.084899685
1764505254.394246,-2.92992,1.08346,0.42728,-0.84765408,0.49963251,0.084899685
1764505254.394246,-2.92992,1.08346,0.42728,-0.84765408,0.49963251,0.084899685
1764505254.394246,-2.92992,1.08346,0.42728,-0.84765408,0.49963251,0.084899685
1764505254.394246,-3.29616,1.3734,-0.09156,-0.846616485,0.50244012,0.084045195
1764505254.394246,-3.29616,1.3734,-0.09156,-0.846616485,0.50244012,0.084045195
1764505254.394246,-3.29616,1.3734,-0.09156,-0.846616485,0.50244012,0.084045195
1764505254.394246,-3.29616,1.3734,-0.09156,-0.846616485,0.50244012,0.084045195
1764505254.394246,-3.29616,1.3734,-0.09156,-0.846616485,0.50244012,0.084045195
1764505254.394246,-3.29616,1.3734,-0.09156,-0.846616485,0.50244012,0.084045195
1764505254.394246,-3.29616,1.3734,-0.09156,-0.846616485,0.50244012,0.084045195
1764505254.394246,-3.29616,1.3734,-0.09156,-0.846616485,0.50244012,0.084045195
1764505254.394246,-3.29616,1.3734,-0.09156,-0.846616485,0.50244012,0.084045195
1764505254.394246,-3.29616,1.3734,-0.09156,-0.846616485,0.50244012,0.084045195
1764505254.394246,-4.68482,1.77016,-0.57988,-0.8446023300000001,0.50366082,0.08374002
1764505254.394246,-4.68482,1.77016,-0.57988,-0.8446023300000001,0.50366082,0.08374002
1764505254.394246,-4.68482,1.77016,-0.57988,-0.8446023300000001,0.50366082,0.08374002
1764505254.394246,-4.68482,1.77016,-0.57988,-0.8446023300000001,0.50366082,0.08374002
1764505254.4397566,-4.68482,1.77016,-0.57988,-0.8446023300000001,0.50366082,0.08374002
1764505254.4397566,-4.68482,1.77016,-0.57988,-0.8446023300000001,0.50366082,0.08374002
1764505254.4397566,-4.68482,1.77016,-0.57988,-0.8446023300000001,0.50366082,0.08374002
1764505254.4397566,-4.68482,1.77016,-0.57988,-0.8446023300000001,0.50366082,0.08374002
1764505254.4397566,-4.68482,1.77016,-0.57988,-0.8446023300000001,0.50366082,0.08374002
1764505254.4397566,-4.68482,1.77016,-0.57988,-0.8446023300000001,0.50366082,0.08374002
1764505254.4397566,-5.66146,1.99906,0.27468,-0.8441140500000001,0.504332205,0.08325174
1764505254.4397566,-5.66146,1.99906,0.27468,-0.8441140500000001,0.504332205,0.08325174
1764505254.4397566,-5.66146,1.99906,0.27468,-0.8441140500000001,0.504332205,0.08325174
1764505254.4397566,-5.66146,1.99906,0.27468,-0.8441140500000001,0.504332205,0.08325174
1764505254.4397566,-5.66146,1.99906,0.27468,-0.8441140500000001,0.504332205,0.08325174
1764505254.4397566,-5.66146,1.99906,0.27468,-0.8441140500000001,0.504332205,0.08325174
1764505254.4397566,-5.66146,1.99906,0.27468,-0.8441140500000001,0.504332205,0.08325174
1764505254.4397566,-5.66146,1.99906,0.27468,-0.8441140500000001,0.504332205,0.08325174
1764505254.4397566,-5.66146,1.99906,0.27468,-0.8441140500000001,0.504332205,0.08325174
1764505254.4397566,-5.66146,1.99906,0.27468,-0.8441140500000001,0.504332205,0.08325174
1764505254.4397566,-6.11926,1.11398,0.82404,-0.84545682,0.50378289,0.0830076
1764505254.4397566,-6.11926,1.11398,0.82404,-0.84545682,0.50378289,0.0830076
1764505254.4397566,-6.11926,1.11398,0.82404,-0.84545682,0.50378289,0.0830076
1764505254.4397566,-6.11926,1.11398,0.82404,-0.84545682,0.50378289,0.0830076
1764505254.4407442,-6.11926,1.11398,0.82404,-0.84545682,0.50378289,0.0830076
1764505254.4407442,-6.11926,1.11398,0.82404,-0.84545682,0.50378289,0.0830076
